"x"
-1.11852227675899
-1.02516571690446
-1.03032737086356
-1.03120125295858
-0.919815039555444
-1.01664557507281
-0.900325915155063
-0.967176360614355
-1.07669746069983
-1.08817905736567
-1.01655457997983
-0.960194554816636
-0.915504176454748
-1.05053203418857
-0.890530559766266
-0.968243708765776
-0.898124625769811
-1.0123348748484
-1.04256706904265
-0.917647907013896
-1.08637430815161
-0.997510919907982
-0.895366532390665
-0.861267450392104
-1.01490207141794
-0.906042692187856
-0.894685282630733
-1.00339358788904
-1.00147940871377
-0.92254030483493
-1.06043677155341
-0.873880795979232
-0.89764099378469
-0.814080660783028
-0.858286489043013
-0.901585984136216
-0.775700262822824
-0.926017358851918
-0.885841479169692
-0.972090954716581
-0.87791014543168
-1.0478571055838
-1.07628596213385
-0.953804213805679
-0.853326018134495
-0.952132517019515
-1.01984237575239
-0.86162490857284
-0.797715928227806
-0.916135886976824
-0.880321112792761
-0.873588768554282
-0.841281353069151
-0.841637617578985
-0.868588923543716
-0.843227359282429
-0.890591683093326
-0.8255210533537
-0.969651767371219
-0.958310308907935
-0.846670212040213
-0.880304977765227
-0.904269441323721
-0.843949449352437
-0.900126019545082
-0.944917985452607
-0.913081523244016
-0.807398857923255
-0.896934170411598
-1.03376675064628
-0.957257429693211
-0.889791200183214
-0.973612964130051
-0.788186357194938
-0.836437312253765
-0.872767192283237
-0.892486148532802
-0.906688888736461
-0.873348786646068
-0.659419883408933
-0.884288691083727
-0.835552594936055
-0.826649634630103
-0.848597998621985
-0.915081242329542
-0.837318389578527
-0.771610359622512
-0.88694101739006
-0.81157964831214
-0.914133307501976
-0.804964359728253
-0.735231976849269
-0.847264101048076
-0.85233228664634
-0.771937716246314
-0.840204616670092
-0.83683398003764
-0.726045421812478
-0.775418759972607
-0.714382142760378
-0.82930546718564
-0.74942806479184
-0.756641377287216
-0.712392470334123
-0.735411165899667
-0.906188142266459
-0.619579795806666
-0.697402978404146
-0.733949017641562
-0.790387233163059
-0.842451380218859
-0.876059979208177
-0.77148950398728
-0.793473837281222
-0.867783622532433
-0.84181979578669
-0.890253100244378
-0.605541663853919
-0.78247746752324
-0.732058416795435
-0.754728918032949
-0.894997173313425
-0.846472831643857
-0.595790571266029
-0.488003810395845
-0.660393574344828
-0.734038891353568
-0.733120282974246
-0.746149147135853
-0.820327248239744
-0.746709490290769
-0.744393220830758
-0.730944625507172
-0.698480746650928
-0.647994391708392
-0.800525495447031
-0.82220996251094
-0.8251680436873
-0.564828003610717
-0.678217860145223
-0.664155156378106
-0.720872512480294
-0.686966282090163
-0.69863072556084
-0.622949909328588
-0.734854519334565
-0.808397638086569
-0.778991984579967
-0.629693444479002
-0.570504126966269
-0.558042642650652
-0.64645594523419
-0.68655887743838
-0.597248762088606
-0.737398436410884
-0.692672271696325
-0.85046142354491
-0.767898998671831
-0.587431231538626
-0.653974873550774
-0.683748714058987
-0.685913944028297
-0.807963847605641
-0.789103362964077
-0.687223810062132
-0.818292014569293
-0.609133927967571
-0.539886475297747
-0.671777401549314
-0.527781355010479
-0.664085424696292
-0.616710829365347
-0.628501059078407
-0.605081787041752
-0.635078249203946
-0.669021280145468
-0.529940355924499
-0.592982686882219
-0.552194736597505
-0.748330492553904
-0.672913335150881
-0.687553669849824
-0.647758489304288
-0.609532128458818
-0.565580390826455
-0.59940277457084
-0.641070241353021
-0.696320669772068
-0.556770379165671
-0.704994951283412
-0.63863199057007
-0.603175365353439
-0.614563979133524
-0.468460474990061
-0.577715197236105
-0.635941322697231
-0.615923391724859
-0.640445615785251
-0.680430616329775
-0.529431585816585
-0.546332373747632
-0.603788544954665
-0.667203408597126
-0.631813253165509
-0.493950314120854
-0.650240458604497
-0.552261610707602
-0.568847896429034
-0.434974711056129
-0.545177998734829
-0.609586060981648
-0.537844570541933
-0.434663984229746
-0.511662804013207
-0.555842372029474
-0.50218589313847
-0.363745559725391
-0.542139628804597
-0.573196175598172
-0.484907291765204
-0.572654397854465
-0.569706787558699
-0.715505937542413
-0.55919534891123
-0.57135053021097
-0.433369149933502
-0.48164521488332
-0.698012098487956
-0.4265901774428
-0.560104125691739
-0.534513565466263
-0.594021521499866
-0.439960631648131
-0.556108886958197
-0.545284081649186
-0.530161498501853
-0.353340808223527
-0.42975120325978
-0.524770319524729
-0.533901180755723
-0.505431372295017
-0.5560209535586
-0.662935943613749
-0.552756102520826
-0.438678631254007
-0.687625029392668
-0.33150339779497
-0.586466409618415
-0.503278047428246
-0.547472131888118
-0.407934694769382
-0.635337597994653
-0.32890960025501
-0.689182476580369
-0.604003549231112
-0.449672980307202
-0.474046116309739
-0.513369292783434
-0.487054317502783
-0.499242141295743
-0.403486858723197
-0.502917039679765
-0.480278265116387
-0.30094182142964
-0.529082851179909
-0.620408534794224
-0.460324140803039
-0.411158518178177
-0.486926529452925
-0.462786101937463
-0.314511258073266
-0.389135915782974
-0.54532357704753
-0.571455259012857
-0.348778619128766
-0.370985290025917
-0.374054727171152
-0.420220708024522
-0.605325729414807
-0.497244664739743
-0.549587766443714
-0.304622295043354
-0.55132160664085
-0.370653063375605
-0.351115077796484
-0.326649727451363
-0.321074625080223
-0.630849038009188
-0.373596811276585
-0.538674783709505
-0.65404671082299
-0.328517482108554
-0.573116242265226
-0.448022012688529
-0.445397960843247
-0.405554606513918
-0.420590095520079
-0.446511660820177
-0.412215446173692
-0.30838252054489
-0.324872583732027
-0.54425642384822
-0.417125291742075
-0.470220088857316
-0.493464626241224
-0.391925128239406
-0.362983536690236
-0.308809024867546
-0.452156964497127
-0.305446175446155
-0.460375769302167
-0.416027446237285
-0.363750577233159
-0.420119830228961
-0.302971691011891
-0.464049747491951
-0.221046742990905
-0.237263907638658
-0.323496901566306
-0.457949681221852
-0.331867617119546
-0.449667982310151
-0.414834888401701
-0.358016477158954
-0.461322410652961
-0.320313255919351
-0.236770094785198
-0.313939570035439
-0.404721035291554
-0.325346318478028
-0.333256930731814
-0.360624406512101
-0.302009692171077
-0.14052339185223
-0.409452626015713
-0.28790902730322
-0.315725010243465
-0.421231824586262
-0.565419035345108
-0.367434318141591
-0.422102485146467
-0.16637869849429
-0.322849463660716
-0.328459165884909
-0.197219773278757
-0.146242652588364
-0.333097825979717
-0.155886052479093
-0.390866131962765
-0.277071476332229
-0.294352226105891
-0.388540103827686
-0.0949284535571499
-0.222141559250478
-0.342917394210131
-0.306348627641182
-0.323230031253544
-0.344902842005086
-0.328913151698878
-0.332240311050129
-0.263382197038811
-0.403696030345245
-0.00232432248880094
-0.425693882061375
-0.181689898489188
-0.33843373911696
-0.313539625060492
-0.11627478014556
-0.359190444525101
-0.301941685993949
-0.314451949765179
-0.118611132980629
-0.207055488179839
-0.148963844569587
-0.206386120665035
-0.16910753183284
-0.209633181254752
-0.253952447974087
-0.239550457296595
-0.429033051166909
-0.261556904778347
-0.288901210793661
-0.206666129200625
-0.0657788599200557
-0.3324136360769
-0.199653147051642
-0.35206525721291
-0.253463191340685
-0.300658416256227
-0.308115085207005
-0.26953163844203
-0.0739285177348447
-0.103573343754476
-0.167871056386593
-0.261442753172944
-0.191078128537906
-0.251852459510149
-0.323368188925922
-0.1803527989455
-0.283809493443241
-0.183581844754331
-0.277578457530827
-0.133030702325348
-0.36387110108173
-0.205841905227021
-0.217368515575704
-0.266501617681387
-0.153716854648774
-0.206146295255591
-0.149927562335738
-0.167123280841507
-0.095335284343852
-0.0217278804022275
-0.176203844779825
-0.150466706040291
-0.0195477081632103
-0.226363579639754
-0.240913719302238
-0.175483066242963
-0.200013539645768
-0.0781179489008028
-0.24671215182301
-0.154900762311858
-0.0864024560034497
-0.245866307184591
-0.202832515849769
-0.0807320745418969
-0.0275503379338633
-0.143488693516395
-0.152443929157316
-0.132791263606334
-0.16433882911673
-0.257931590297703
-0.106811110272078
-0.0954628054865263
-0.178285254513614
-0.216670609690471
0.00231851050699773
-0.178476252475164
-0.174324026548823
-0.0926882864381124
-0.086741477902393
-0.0349253241670089
-0.0135372762627587
-0.169572378602916
-0.185023523823814
0.187136451857457
0.00175447120332321
-0.0460920088541208
-0.28895459519895
-0.206607468987094
-0.234447280447228
-0.138551206313345
-0.166534682904949
-0.0872849836849564
-0.144306483018282
-0.0493705111294158
-0.101310055228482
-0.118639756221123
-0.119158373750809
-0.0694111677238309
-0.0204800286130942
-0.110817020361879
-0.1426709102683
-0.130639683928871
-0.0232607704232285
-0.0221506939320679
-0.0714758172204748
0.00858942799750035
-0.101992685380835
-0.0202862521291629
-0.0730751919808882
-0.145919859339552
0.0532661771895477
-0.071199280878651
-0.114989349180739
-0.050379267498208
-0.0418027414839336
0.0366232675589945
-0.116693349349953
0.0928408682944649
0.137147978681806
-0.0953781897166941
0.0893420249643644
-0.0771388625132098
-0.009746738577485
-0.0646355426859748
0.0173045183029225
-0.0572486594740583
-0.141945232701163
-0.0247482539997813
-0.0593902885118428
-0.0294526099934566
-0.00716759138755149
0.102890358235199
0.0751563381024451
0.0159776015481866
-0.0863766103341467
-0.0481673957867291
-0.131375631275741
0.0160325120816761
0.141509329399744
-0.00237902716619817
-0.000968277920336137
-0.108320147210632
0.214521179162248
-0.105838039428136
-0.183093091153115
0.0863642797600699
-0.0109207392103244
0.0590040196876962
0.0997664939049466
0.0626170512511816
-0.00857301823512378
0.0391734919067885
0.0479705402732403
0.0768852773140187
0.122438235846567
0.0861493526213892
0.0375521424763734
0.074131441084475
0.0821934683486819
-0.120227767687238
0.164351826964888
0.0620485243503652
0.0189576699955372
0.147478926983789
0.0976025743365095
0.0601498304878136
0.00117590723133945
0.105663302206233
0.109098700611821
0.110853367374171
0.0940488078801116
0.176191750095605
0.019446032961993
0.0434971143757018
0.0372809170698358
0.136334916181136
0.146099613732386
0.0942905842866061
0.240717983452619
0.145262361018579
0.03784719223828
0.0766085915427466
0.170131609294972
0.0982182076603961
0.059048530011186
0.0216929108955132
0.0526521186512013
0.12220884850724
-0.00441299588249427
0.0631459906521331
0.00762946772760157
0.192654959621782
-0.0449202530384446
0.153105714559995
0.169050495612815
0.135232264579659
0.251870849945072
0.313467728097357
0.222811191116735
0.136214663763156
0.124846391184566
0.0595627037956493
0.206287244847446
0.0521307805637503
0.0492769440763092
0.178569504620189
0.0488526220413238
0.169065124464242
0.126491547506871
0.0506060605647505
0.129113103873718
0.180313051924657
0.0782330217316364
0.270576608240581
0.267088732333976
0.122802988102046
0.116946606072247
0.103186469934082
0.0879235221429995
0.217211632187288
0.189759874449464
0.145790221548774
0.245357837841397
0.0698096383470835
0.322153498707039
0.234481658636171
0.149202481974656
0.205271921437534
0.109660039717019
0.202857722713374
0.275125091997719
0.0751703040172501
0.241310103583986
0.185988739939801
0.0567336222208257
0.173853364417737
0.120716945031751
0.242030873984024
0.138454062903408
0.268680106271205
0.270942468480832
0.133688249121496
0.406396587995764
0.278754327758431
0.073852510911753
0.166766977650919
0.122567379659839
0.244510427283743
0.271986208605667
0.247530623318676
0.318372175942894
0.314544245387382
0.255712107551178
0.260550815953777
0.303803065165454
0.286331117151564
0.13497880169051
0.18430283772012
0.241731873819574
0.18968213829695
0.29677683393683
0.277576655748096
0.329187032502834
0.28021303740035
0.268415567850078
0.252283631588276
0.321363994995908
0.297981168105217
0.319199427185241
0.284523153139615
0.3017495860812
0.295223556783007
0.225395951169785
0.322115472400311
0.33434326745334
0.258472595493221
0.198114959904403
0.270885197940242
0.321427460064796
0.381697986312717
0.450052155992545
0.283280864320098
0.261767877976558
0.296950159282846
0.377033666677588
0.304037059793645
0.159666057134414
0.355442951394842
0.191868335091273
0.279530067622276
0.281074949178744
0.249177465678873
0.373663007264993
0.386017851952313
0.446773215974019
0.221347404614218
0.322600383047147
0.292048111709504
0.304183760352931
0.267760104738261
0.269631054241845
0.225309444431163
0.390583084354032
0.432118785038537
0.211690656348224
0.317800561753113
0.233789953837294
0.241605352674668
0.201772427485179
0.26745555684013
0.409261329542554
0.372140316181809
0.362591038840959
0.315896717542276
0.256122394937271
0.472436463484614
0.429146709615243
0.565006304736601
0.516844141348722
0.301733212391091
0.38846205304886
0.453029401921123
0.348228354997115
0.437694572066746
0.523471942751885
0.294962629028016
0.334875502598917
0.443460202597385
0.362711370526104
0.331919055273103
0.518756502354768
0.405262347306938
0.289708900935795
0.230779572116475
0.448458875480284
0.277505062275726
0.29519270715607
0.37257510654646
0.313697337489439
0.419431195597471
0.434343570718007
0.319578848141957
0.422254649267051
0.255125609881591
0.412527933282984
0.346566372727256
0.528523450372205
0.447732052812029
0.505595362551567
0.392476105854599
0.383496534937832
0.266582569743485
0.42432564471491
0.538703001783091
0.394922737252429
0.37813087667199
0.468436063505633
0.455326445388581
0.454859725207031
0.375778680573218
0.482492879528425
0.500574579156424
0.472718030810175
0.274478226851952
0.437014105541845
0.415497961091364
0.57196186667571
0.537532903366956
0.398231087116523
0.414898607689816
0.471489289974303
0.444302203198022
0.480498758994261
0.37437316328813
0.460359810411722
0.481853807775737
0.607336788427019
0.507566017935079
0.589132644088747
0.416092684653189
0.571436418028246
0.518892853547892
0.548089250561303
0.513482458818702
0.61911780172951
0.572254873079608
0.507692199474012
0.364713359854697
0.336372849359374
0.458709376643206
0.414358392032597
0.582171297849568
0.431621530223205
0.589266730032957
0.531014165324191
0.486986038813927
0.707654975644788
0.629574750725486
0.630347893247317
0.47332032882027
0.529845918731971
0.427966934934166
0.557107516712528
0.52980424973807
0.52389740852519
0.626961907762968
0.59053776311739
0.54587860023786
0.525584045459535
0.655980689182818
0.61313163772425
0.520364667750334
0.49821801548769
0.622831979195229
0.59550591448734
0.632307746661947
0.379197079756002
0.507702859026127
0.691216712441649
0.541004941804554
0.653726936151218
0.580409135182597
0.640770752068416
0.608067625071248
0.717046201571169
0.604219078946647
0.650758340735838
0.691920305717198
0.551544643142435
0.537076342552632
0.574352047721068
0.468723289701979
0.540502098511025
0.557621301639375
0.613842783346506
0.652300969862923
0.50329344634831
0.616196785620271
0.509179267041491
0.683921141557836
0.655803990931826
0.53278488838825
0.569233528867997
0.491326137649009
0.530052396232436
0.646430625484615
0.630671658176464
0.575294883424518
0.646294847399611
0.548023508595685
0.698230005718206
0.796722106678194
0.414297258733976
0.498816447125207
0.532474193634056
0.643158925078937
0.634910089736513
0.587598688799759
0.568954515369408
0.624072388341516
0.643125384771849
0.668989807703874
0.749789023715541
0.593105171430932
0.762461774182926
0.487975299023782
0.633469189195588
0.716150150561494
0.697944238689824
0.608971551128211
0.55795586943165
0.739075898492448
0.816078474584599
0.601338294764711
0.817853795136667
0.754251152442228
0.642970254108357
0.687737205894109
0.830682153576936
0.759794314965292
0.631081374364895
0.655711753966008
0.666748064085099
0.675983823978269
0.642967901176941
0.599043873986577
0.735048973168427
0.53773528817076
0.775417223552063
0.83275207204242
0.659649033663518
0.602124586552118
0.649942136595794
0.707586595336682
0.652570216760925
0.636802805295401
0.623114073712926
0.675957361602952
0.613186290452472
0.7797334919668
0.719458189526428
0.672192387478427
0.704078403303315
0.597690580223024
0.568037627505476
0.720188672514873
0.836892818673562
0.799472395327327
0.763116591825707
0.638752074848366
0.776454378450862
0.538396446037221
0.866187638719769
0.742834853519059
0.786497850069879
0.655535905059179
0.646717427458478
0.628671999925345
0.860365627587635
0.667068924424013
0.868181791875042
0.776534656629648
0.735939290205835
0.776283057165761
0.674935420745014
0.748406436992552
0.780044576833259
0.714214253436895
0.693472720170436
0.794868139646235
0.750191125372818
0.725679791913945
0.787638398532612
0.816709011876811
0.800828928753707
0.902470135246472
0.816094832102655
0.853518007500285
0.870944596345592
0.819047127063129
0.788116703411433
0.73150372010692
0.619084083537622
0.924760129314597
0.873711232207358
0.901311636497512
1.0633979098864
0.921427614652325
0.84919775282344
0.779143443297428
0.836967462582218
0.926533683569338
0.759416270331867
0.784681764773567
0.860639675562942
0.968017466350939
0.849384705032862
0.845622314517764
0.734983398326757
0.863688510889669
0.88213745950251
0.869451066030918
0.892859481299432
0.711068573810715
0.746657344120312
0.878132429059429
0.869490550229731
0.947605091221289
0.818118536648241
0.938404995880741
0.879286976904265
0.921690000737409
0.791163643349108
0.991753507600981
0.849119831857639
1.0325048550567
0.762772073475393
0.829079262337822
1.03456985733114
0.837501819060939
0.987602596720006
0.912086108205244
0.842611276095693
0.783713569743059
0.978108856984445
1.07178965273224
0.770326395785055
0.938388008883544
0.870796700670829
0.834812476698396
0.981809298887964
0.987373096010182
0.920981710780493
0.834316070019683
0.899396500287616
0.995337535555411
0.859828920216215
0.831713931246076
0.913735756330597
0.930957162346545
0.854539192770321
0.938682580118052
1.03199403931171
0.956894353661647
1.02603208681412
0.869923305443977
0.829491968078963
0.834172680814076
1.02576102636452
0.988191934899843
0.835129827159398
0.934214162542798
0.931541741279548
0.903387605699413
0.926328082727187
0.934276430609339
0.9184822214975
1.08287791168509
1.07056025435287
0.903691047733263
0.99258378436078
1.03283094402204
0.923794970063434
1.10310012242505
1.00364168845402
1.09329177958592
0.99040228948871
1.06983221925675
1.05250723884257
0.93174593210493
0.945929266113007
1.0436051186119
1.01751453580199
0.962682106895704
1.07057982086439
0.949471301089359
0.909704249854361
