"x"
-0.960189614107999
-1.03558918491075
-1.12852823562423
-1.12156533638504
-1.04121901762478
-1.01524048105053
-0.936279570849866
-0.892116506237675
-1.05747135314465
-0.942012840531537
-0.934933075779279
-1.11268427741276
-0.920912040265355
-0.848746378248132
-0.815655318527125
-1.03635082376677
-1.06460792410789
-0.910812429764156
-1.0178704219647
-0.813761754278498
-0.82356072129604
-0.886880174228594
-0.938038793476179
-0.980985943110569
-0.848507561672858
-1.10737356742738
-0.957995453967554
-1.11441765884564
-0.925991218453235
-1.03057703618831
-0.920015651538378
-0.884713582396149
-0.942952314459689
-0.9757114520677
-0.873939459893419
-1.00212260434193
-0.887869901903382
-1.07414005364301
-0.851887127911241
-0.928952135178775
-0.972015069231311
-1.05886623110173
-0.964679768455782
-0.954334255258326
-0.908509490280894
-0.954165731323139
-0.89333039936386
-0.673107222016003
-0.878136736080431
-0.948459317404612
-1.00832556240115
-0.920792454468123
-0.812552212404424
-0.817353482279491
-0.9273836654273
-0.912414397288934
-0.828657703720413
-0.894843644376207
-0.887207586250374
-0.801718903775941
-0.879937602099526
-1.01255245642996
-0.896561084045265
-0.855090236903414
-0.900196654274392
-0.864121318289778
-0.799738487311801
-0.872598710707468
-0.840325764784724
-0.957057267106933
-0.697749799112879
-0.732928018282417
-0.997026132497112
-0.905064474269954
-0.788777322255697
-0.863255052364049
-0.963417833381234
-0.727296524523878
-0.888919165747377
-0.774117714963485
-0.824417755656349
-0.784775298586126
-0.981918939510027
-0.759867055802478
-1.0252717226763
-0.815547951408595
-1.01185626584542
-0.824375580756447
-0.775593389043368
-0.731382684111891
-0.780865663504068
-0.830969220298931
-0.811626847759894
-0.830211558216613
-0.789313087691777
-0.785317240525076
-0.773527701302327
-0.674693069774774
-0.906557979588298
-0.722976360606182
-0.758249244023264
-0.824277911529813
-0.606469982999836
-0.674585964894128
-0.756584264990689
-0.782145426132899
-0.690492494876649
-0.673070392687009
-0.831942709071445
-0.744411253540473
-0.615320242388311
-0.84114122273234
-0.828633545816754
-0.76172836798704
-0.858878138525164
-0.852015952931486
-0.755363146540765
-0.779144461655678
-0.612061651922433
-0.748614454720747
-0.638433082412623
-0.891981798648292
-0.810353790492783
-0.85733157817418
-0.859544173384281
-0.708899517842364
-0.874196894509414
-0.748729606914147
-0.819595797978864
-0.690799638405103
-0.673373867572108
-0.735377768954727
-0.680736396537054
-0.844242414363217
-0.737171971680768
-0.755517797271399
-0.667548338535638
-0.801354974123415
-0.662790597799926
-0.657820658114495
-0.639497624655016
-0.587114465389302
-0.877435972918677
-0.557792239957774
-0.659958208771673
-0.78348912314839
-0.766993291257608
-0.706493923918235
-0.661762438512497
-0.641494107697684
-0.573296782863885
-0.584814015779196
-0.64701801631906
-0.756709815935047
-0.738385410754036
-0.63398689969408
-0.690939189877569
-0.60396482007725
-0.686189675209301
-0.638189613433733
-0.761799958474563
-0.618885156175927
-0.66619602474905
-0.536171478696366
-0.594468509711022
-0.731045355578796
-0.739203287289872
-0.612245585192288
-0.738302236499065
-0.730500282585816
-0.586926494261402
-0.634065705779704
-0.538904036596749
-0.660261646283972
-0.70848894354103
-0.628279742971155
-0.711046721121285
-0.63470102860956
-0.79896602951515
-0.664476852278898
-0.754860519136314
-0.612063354057282
-0.632764335035301
-0.689155148639448
-0.677752378627767
-0.61623166370787
-0.616418715598369
-0.570021178592018
-0.616607611891489
-0.722559639747706
-0.6526027764056
-0.738687130785756
-0.51620217054163
-0.616921335994952
-0.654451583282598
-0.595712854605888
-0.693492066884303
-0.588394045685852
-0.637606589552153
-0.683114298381552
-0.717476057765404
-0.51862403364802
-0.558688864240921
-0.511324366281461
-0.664123087653866
-0.643942575102702
-0.395022252244904
-0.573671721324078
-0.46163620461038
-0.290312594263312
-0.50856484472047
-0.521838909129367
-0.635786443174793
-0.505773449842024
-0.643023922063409
-0.510689059382746
-0.362639457160452
-0.5124885114346
-0.69633579365054
-0.701783692222226
-0.622503990050091
-0.594259915679344
-0.395195880139125
-0.804521233884067
-0.689983587480753
-0.621299235132784
-0.453081569472248
-0.520226106928215
-0.380673012451189
-0.579057753680057
-0.649534785210721
-0.665643304498831
-0.597928048884487
-0.583797264558556
-0.551226543544758
-0.450395269471075
-0.707485838763398
-0.467111464956386
-0.529569744311
-0.477568023228153
-0.526184296651382
-0.591848231119114
-0.500757063698593
-0.584080020647519
-0.577682827588452
-0.364830487881327
-0.545154557306859
-0.434412798793129
-0.448490706270585
-0.643731792558645
-0.390070145831558
-0.469672901643431
-0.434665218500022
-0.381383143839082
-0.638197270396889
-0.470768614764194
-0.489379743158769
-0.477530765034032
-0.461367803200116
-0.378853500805183
-0.589845361257428
-0.545833125230547
-0.248964360552348
-0.53924614929707
-0.629850474308643
-0.567117098703613
-0.420307909857557
-0.539093397628321
-0.576681409479732
-0.461883635776622
-0.489828625536651
-0.357452377079212
-0.433761623269015
-0.421623946480446
-0.425263202258243
-0.650297880674264
-0.433253710338996
-0.47837494803577
-0.448619573249899
-0.459837497629971
-0.435897756913329
-0.437183775597794
-0.502413351089522
-0.429472158795596
-0.487278921260797
-0.488130153484387
-0.383705797971001
-0.409071063172477
-0.334800906114036
-0.636644240346128
-0.466614816026806
-0.40008585940348
-0.60082464765817
-0.442695582841632
-0.368330171826058
-0.445007090597106
-0.448731279314306
-0.448023490670753
-0.334422909252852
-0.53836994071176
-0.456655944974544
-0.443366387891212
-0.313762441034518
-0.38446471570839
-0.251245499996413
-0.400683696405165
-0.53885099009129
-0.178566966101309
-0.331975951445422
-0.306698390225118
-0.341507334702763
-0.326551113617835
-0.398237702348445
-0.205157303854577
-0.413189742280727
-0.367000007468459
-0.330107003672275
-0.164830422034488
-0.464270105242569
-0.415955138559675
-0.299361919274575
-0.362103661137065
-0.330060641339057
-0.432978310818843
-0.433346098207879
-0.419784480378821
-0.203248959788238
-0.277077125947281
-0.371516742350332
-0.462287736135222
-0.184884091675244
-0.216886881226905
-0.279859197654337
-0.289292502470029
-0.278493621493224
-0.356429816684969
-0.262831446711527
-0.266890149866531
-0.325456540731288
-0.222757213483217
-0.289823124183285
-0.271667498407161
-0.347061377274368
-0.221851662963495
-0.347826038282081
-0.344567819283041
-0.285863259459056
-0.383509859879207
-0.259979346933274
-0.407862584346654
-0.201790587987525
-0.300082165840497
-0.31100642782413
-0.161086447642052
-0.416598452772819
-0.307249222169772
-0.260635093509367
-0.305225092652156
-0.225362754141624
-0.266947326949128
-0.283780565313269
-0.366719263543657
-0.30116252173209
-0.138720217707252
-0.186722906816851
-0.291911472467543
-0.314362171199577
-0.225136861239558
-0.205954426312462
-0.281794632884569
-0.218429863970754
-0.276899730933638
-0.148643116247659
-0.154009564666929
-0.284098328332037
-0.292383503726881
-0.173562991200744
-0.348271120547859
-0.152281621760816
-0.241137276122622
-0.242730993759736
-0.315283268300292
-0.159244335049574
-0.199222719316529
-0.189058156496781
-0.254714822129335
-0.293405951752221
-0.236300894402036
-0.271872985657436
-0.149789856085476
-0.301075628859385
-0.138648239183994
-0.209230827171024
-0.270343146493536
-0.259166156963846
-0.230014067031078
-0.0506376987809141
-0.326526515887602
-0.229293877976842
-0.00535418827894375
-0.144168568792858
-0.334889343989957
-0.0734060588813447
-0.152137734858953
-0.277558138290516
-0.275109485306671
0.0130629736746972
-0.326504331822489
-0.229049586442304
-0.0964967831158261
-0.190621033395901
-0.111878450835046
-0.198208400300769
-0.20096021637307
-0.131936436124597
-0.133257503827979
0.13321514459286
-0.0374969704406294
-0.08053857166356
-0.169565330852393
-0.13401164082394
-0.146195918500377
-0.144644333993992
-0.122310186206335
-0.120918610419464
-0.210822456610544
0.000452856423100619
-0.0412802143266183
-0.0411773789975688
-0.188848957888379
-0.236070353481487
-0.174958000387209
-0.0786631420507739
-0.0646866612070844
-0.118016100380261
-0.124329651164329
0.0447818581701719
-0.0649092791475788
-0.113261907970579
-0.112132862562681
-0.0995344926601685
-0.222867151383375
-0.259766045062056
-0.194204616793434
-0.162865879401197
-0.208321667764467
-0.152304176893468
-0.283850568378511
-0.212276155747011
-0.142116350625465
0.0472520428450159
-0.0435351788290743
-0.0264652423291334
-0.127523942745929
-0.0453438858298128
-0.105194641106566
-0.00181036324109406
-0.124361300710085
-0.138507716427915
-0.175213355480174
-0.0886364578155331
-0.0190388484147497
-0.0953397179360868
-0.073093425393612
-0.150874337291317
-0.184443290632962
-0.130478771229078
-0.00946676003448479
-0.0185475061669848
0.0152262174963378
-0.0978585207857441
-0.118154566180498
-0.0211987066226091
-0.0115282039532442
-0.313504637807938
-0.132500722396044
-0.249558598203948
0.0161495110433725
-0.0632467866208356
-0.0159286569349801
-0.0147312183104431
-0.0871751376132895
0.0605112159842941
0.00343482561923508
-0.0400244287110308
0.011263044887056
-0.175702023197502
-0.0250209276680347
-0.0914807602605587
-0.183189035502584
0.00214718372290357
0.127734344878164
0.00650248661402849
-0.135593254129937
0.0692090605852776
-0.131005777328027
-0.17003006007341
0.0373071491093629
0.0134368831849968
0.026399154040606
-0.0390843761254854
-0.0341446518729791
0.0165627360667383
-0.0416083809379685
-0.0773137962375086
0.210442997066889
-0.171078631513981
-0.0501346783497857
-0.0245311052237605
0.047720938913786
0.0369906975744123
-0.0742539342692795
0.0141786557785237
-0.124131282749271
-0.0145720544466309
-0.0280021339571331
0.0586140417852257
-0.0238279746369339
0.00398369908030396
0.18503151184405
-0.0846306410858116
-0.0166753096256535
0.0323305296244634
-0.0897558199028539
0.00160434984676259
-0.0477140880516925
0.186481485568113
0.0821821023447618
0.0754837438650209
0.180534224601027
0.0769404397210572
0.0267713282530724
0.157565570382496
0.136690077015651
0.112242090669281
0.191627421621727
0.107838417566138
0.0639441375890779
0.1599429806066
0.122835386059521
-0.0628774525253487
0.132516556583927
0.0860681788207761
0.0430274160094348
-0.00969490589066931
0.100296936003282
0.0937617691161411
0.121152990157416
-0.000290484894517227
0.081567898162477
0.00125402638223176
0.195815824210284
0.117794746372327
0.139586478027893
0.187304879599483
0.0559103431389826
0.127312194959486
0.160984729580519
0.135887608334127
0.208429159538382
-0.0162490715519443
0.00506495502583624
0.0674375342801063
0.0405509350227332
0.368341831906349
0.247334110765034
0.211606199551542
0.0309078138056544
0.162974812256158
0.0373339398199834
0.146806732316127
0.259998085769546
-0.0215143049914923
-0.00230680614003128
0.0899815081307995
0.196032760476893
0.142041122591458
0.141779957832871
0.205954924059466
0.234395740518149
0.189251262095809
0.208691761991268
0.0720745829436883
0.196168983069554
0.0782600694074921
-0.00629436900222306
0.137633581689925
0.0833068480898155
0.198750394807165
0.258413952904888
0.222689314757459
0.186443438886213
0.27115776083026
0.186736844848062
0.163624655138803
0.194356307261652
0.21864379501971
0.214891470175078
0.15140230909365
0.108307490239061
0.215339996294943
0.228604710072307
0.217283160028434
0.363094764669277
0.253264850612996
0.0349503080176205
0.222104250286409
0.22409214069615
0.370283960020243
0.140103671480068
0.247804770965708
0.276333982957112
0.155462714048108
0.380433572907816
0.28874837518475
0.231869905245131
0.246103278511015
0.130709891698384
0.297002705957027
0.430817023243712
0.368010218652912
0.16473024739975
0.278351956516302
0.24290129037721
0.3172824388218
0.30892001094974
0.386631486316945
0.187480729412077
0.317593950072818
0.332619874098534
0.193030475000258
0.206206727009194
0.259219490118537
0.350753168934513
0.237648964512246
0.415177751945424
0.307836148072916
0.447185991401676
0.263243701587314
0.262547434697079
0.297520625038326
0.278661890110366
0.218927730229787
0.250793393104123
0.201921320528817
0.372840771882335
0.41176459605282
0.357348892104138
0.236355951459438
0.456562551562993
0.513643469274372
0.400558590440369
0.353768105854139
0.336475239690861
0.0670881819541021
0.346518649040598
0.390053848644434
0.173015416599777
0.440601493493001
0.329430473949753
0.362409871848772
0.372389462884205
0.325992355231274
0.431929958572412
0.280545360788399
0.369321793348346
0.291150997023106
0.273274310411122
0.387967350458646
0.316821750631486
0.371713485801154
0.369793781443043
0.266856713719243
0.434358364171727
0.339906480121497
0.266304804034525
0.326356996039638
0.362689253294838
0.37739099977141
0.462454470282077
0.303441659878167
0.380961777375279
0.36698348892736
0.501661129777569
0.435637860373495
0.395851079328611
0.367662157181089
0.414141281837861
0.350447180552883
0.397482247392516
0.464024297138987
0.297153071822982
0.491507148900776
0.37797023770471
0.376213528994026
0.354909713314461
0.386768294300253
0.471395643432847
0.419651724590575
0.494898974672666
0.342526301157831
0.280286681498882
0.367315577095241
0.618612895569445
0.376388501039589
0.566346780647391
0.360484829971455
0.297168376294692
0.339603212583744
0.44590720176489
0.412399664210637
0.388792195610587
0.358684721143237
0.477260913212493
0.444299203778514
0.642018440365606
0.466507705502708
0.503601681928439
0.487177453615216
0.379436274770038
0.508958369033507
0.427818537647818
0.349830721451224
0.552677668430885
0.61444807011046
0.264607522760305
0.525808661845969
0.469961461986531
0.611666084558648
0.30718740590785
0.420288420347095
0.528779783466153
0.437300809956032
0.486529968843216
0.505021228349221
0.385044588673613
0.553135928815723
0.521570088626238
0.518413910689336
0.263590576775112
0.450215137529397
0.417974043813563
0.335981995611915
0.562930641537764
0.415011452050971
0.470117799325326
0.56000021316217
0.406030492168638
0.359550771466818
0.582002454814456
0.452211346115936
0.404335827895859
0.570825453952597
0.493934105097948
0.480680023229225
0.340449018847789
0.484360184466186
0.558494844321409
0.484941748006932
0.556271188717719
0.526979439109408
0.442602870259375
0.459726809228583
0.583916556021336
0.427257039023488
0.536759959822491
0.545963306231032
0.575766100529755
0.517423879236623
0.488465167813552
0.487539832868746
0.403112299519879
0.520925281715019
0.548423036836386
0.665940344411884
0.636693399885824
0.589147671700279
0.367362095357811
0.548593709830399
0.507229771585907
0.603929930239942
0.484667013678772
0.477617521475363
0.591200051055838
0.585226298787988
0.434674091895129
0.55940312983842
0.512672553006455
0.641123748102212
0.545730004286063
0.463325730434936
0.741254592090655
0.613272313964031
0.62355142662383
0.573319775632724
0.64304124705807
0.519016597827617
0.608623301256967
0.449314384031503
0.643968379012085
0.54403865009246
0.560411852384558
0.6409748928472
0.771196703280036
0.613467368117205
0.71940850934609
0.560138236641403
0.539247943804948
0.681936611772736
0.661456431945678
0.764470229915254
0.721443871487588
0.576223856614529
0.648646245262362
0.708298109446135
0.51331539409557
0.658707926455379
0.541804528041313
0.58513956064945
0.533669347870067
0.532798407765061
0.60771889021653
0.513994962500405
0.648711793328293
0.809256332750105
0.566273285849812
0.741297488505876
0.743986183974641
0.687872696165734
0.671976449306675
0.602487453257359
0.610940404547721
0.678690561843724
0.806896567165429
0.66386151314227
0.561175162910944
0.702042122027349
0.59701783899029
0.513390547350478
0.64146024287358
0.606642601673569
0.768270461410577
0.682319200092793
0.588504787425156
0.542750345424527
0.619476052235197
0.723244805229629
0.660346976513153
0.753396701470506
0.682766668290487
0.720123841165762
0.874283337771682
0.830558956679031
0.554330896416872
0.791535641696219
0.727583227839897
0.791696561832846
0.646569202007908
0.705906123551381
0.787022375251825
0.745564980700053
0.749836255283412
0.746127539962247
0.693195442533653
0.70793663727087
0.77813096748298
0.711204396710462
0.689931548732279
0.7269103741829
0.645386611530695
0.711127624213883
0.739740907529906
0.690822865377915
0.682691784806033
0.664996902212251
0.822841900423702
0.682141773849985
0.657037655261943
0.735978949558376
0.60578234049651
0.658785508358191
0.757658034921241
0.732253002883261
0.776357268031625
0.621712723546689
0.649608581277871
0.637724456856105
0.761427625445281
0.738657812706192
0.869177425156526
0.768345871716472
0.736355640717033
0.89204713519617
0.696117547723614
0.73826762618386
0.779342449172667
0.787511835370132
0.774406807775044
0.885224447625098
0.762872255001156
0.842303992438781
0.767804187350398
0.808890102416171
1.00584455800079
0.926518322160722
0.817854408477428
0.833143445900262
0.914277209659593
0.769680091120075
0.812232583961418
0.807106944654386
0.831242374650505
0.940613599077412
0.791920454759009
0.806229150050392
0.842244614555825
0.999606086734497
0.658096948186097
0.813337025844051
0.793521017915082
0.87571121854675
0.831166812145698
0.832311691362718
0.796134493136473
0.932400630101846
0.623812703186007
0.936117795578801
0.829433959624396
0.666060742598359
0.916586497692375
0.918686620854064
0.954056821623137
0.863690695950395
0.973069413221798
0.777657503473524
0.813313982468531
0.896145555169508
0.978768147658326
0.919298136872376
0.842045014026521
0.995423433004147
0.841892992268931
0.78107583161487
0.964151189475848
0.942367051102011
0.807756958366123
0.831365873276167
0.887624884334192
0.961290705795506
0.937981222178082
0.979969290525092
0.997525789437564
1.02691650930097
0.938981983826608
0.839485778689877
0.914104267701984
0.964005662278794
1.06406734288187
0.92252595680141
0.94394255140216
0.995362310726947
0.936353161433401
0.987603794455644
1.06517640930738
0.925273630081619
0.922247147744941
0.830844698847507
1.02862712969475
0.974618607879713
0.93058113399303
0.89615976474069
1.08015353536216
0.970999951876205
0.967029370696172
0.924619192491703
0.948468379289076
0.874011973597092
0.920613452594733
1.03912467970729
1.05656638552856
0.837609040883721
1.0679746669581
0.991266347852549
0.827281744693417
0.919007666481571
0.924083509383167
1.10816409463026
0.959337020217377
1.08532792188448
1.02268128847917
0.890122048180876
0.789965970359109
0.999881515323998
1.10528926205681
1.12195108893432
1.06774103513451
0.947293795165922
1.08244022211762
1.03301109057631
1.00747261600557
