"x"
-0.961195735551162
-1.01884065964861
-1.13997170152294
-1.10242802039692
-1.04711102834449
-1.02355996299438
-0.938594815406058
-0.901145229232199
-1.05451729647049
-0.951798645333528
-0.944466582991949
-1.09696467401462
-0.911746070194381
-0.849052720584239
-0.811027252723126
-1.04115971530725
-1.08778714148162
-0.914201340335144
-0.99343000663135
-0.824458649078985
-0.83883786815806
-0.891917793658871
-0.976966443096099
-0.981795032898778
-0.831444534715467
-1.09323801137717
-0.96712697728584
-1.12745063791516
-0.956525127611263
-1.0311806969816
-0.910828358285665
-0.883349914813806
-0.942729318936588
-1.01225834550083
-0.872193712026482
-0.993943222630654
-0.860205511334917
-1.08454709079709
-0.86034817590337
-0.911687487842086
-0.961816879211806
-1.05585101689197
-0.958542410915984
-0.963971275646473
-0.896567481347194
-0.937729860633687
-0.898262310673631
-0.684909510691744
-0.881463491227639
-0.950891042546729
-0.998138012163437
-0.901263440091674
-0.817932222502423
-0.822431560979609
-0.895002894349686
-0.922094151202721
-0.823798318743648
-0.87513551305017
-0.904643794948034
-0.788768371704651
-0.891725377469392
-1.03691513513382
-0.907983239909927
-0.849750071669122
-0.913632354412466
-0.867217659708721
-0.802918070320551
-0.878011544238421
-0.85011801141099
-0.960406327694701
-0.692590063836867
-0.765932847133105
-1.00036095206503
-0.901939313523821
-0.790001892856261
-0.877851210726646
-0.960481133622968
-0.759111718454265
-0.904421355328915
-0.783686966040164
-0.8309130848568
-0.776147784136645
-0.965889917434491
-0.758683249452489
-1.0323616452848
-0.80198374787984
-1.00239612998342
-0.821402995167021
-0.739605262785384
-0.735959698885021
-0.773398265718675
-0.826445242245628
-0.829954758047651
-0.809031951325789
-0.80230342514428
-0.792152090170587
-0.750295107480231
-0.6922070824302
-0.897992526205149
-0.723566762169336
-0.769629867859298
-0.817877066632703
-0.591703479706249
-0.666551732778294
-0.782788147481303
-0.793414422182906
-0.737026488002557
-0.688883579844483
-0.823129826599193
-0.754072959761533
-0.596013088557286
-0.849914688766848
-0.845504205848094
-0.773522577620949
-0.862265563486821
-0.852801418056295
-0.7415620187726
-0.750251576417139
-0.611626081721358
-0.771717078474674
-0.637888725405348
-0.888678869019338
-0.818644191024742
-0.846663345571521
-0.858421785468398
-0.684505125392529
-0.880140190169831
-0.763240953051253
-0.798170139684525
-0.66851932989722
-0.669832789824724
-0.72611109198301
-0.649831318575042
-0.840461205673297
-0.742511429763186
-0.742364793901018
-0.680571867858724
-0.803824434043646
-0.661070303309249
-0.650807294422017
-0.634643008347921
-0.567896350110232
-0.874261462862587
-0.564240598681081
-0.658047715310349
-0.750389742443151
-0.749640337016318
-0.708129210426617
-0.665837537880689
-0.672785112727214
-0.584369356809993
-0.596960704703327
-0.66193213063652
-0.759074753348565
-0.732581682896945
-0.643847923729696
-0.695880571617133
-0.605425565818185
-0.687325384549138
-0.654524831970688
-0.793953793561545
-0.617396695471528
-0.667034748549173
-0.56074156722768
-0.578227651963005
-0.744005524834511
-0.770057773512696
-0.612327959560185
-0.771848633700846
-0.715773986651412
-0.557856440888802
-0.633963508946109
-0.535550277947911
-0.687906079619085
-0.711421585179839
-0.636788893180989
-0.71544022810776
-0.626975504229497
-0.790146838793662
-0.650683677964751
-0.722748847578997
-0.604463459717956
-0.647343401697819
-0.685019505556115
-0.676179392811498
-0.626251548671599
-0.616650080288761
-0.586213720054035
-0.603849779245986
-0.736696880854425
-0.632478915752126
-0.74397775579072
-0.511178539247436
-0.630201975658978
-0.663167036986045
-0.59340509232386
-0.661303493800725
-0.562808304570421
-0.628475919843032
-0.695413209236529
-0.702983167014049
-0.516318836402462
-0.55619461759847
-0.544540482420014
-0.670250415504109
-0.655320257425194
-0.391515684576556
-0.600584050061671
-0.456008416996265
-0.317728160660565
-0.511042700759697
-0.529256633840829
-0.650973669719969
-0.512616969298516
-0.637552880769097
-0.544894518912986
-0.335514966959609
-0.514202319398239
-0.707669422632937
-0.718079089196494
-0.619512837167342
-0.598624424724081
-0.411589258021678
-0.800834330426579
-0.685003755748258
-0.621137796722728
-0.452627420624345
-0.517273536237765
-0.384381110341569
-0.554025593433181
-0.635325323780623
-0.667380478308167
-0.611867460209342
-0.592534329378236
-0.527873591184261
-0.444548094172864
-0.720365736491774
-0.462542255462176
-0.553493774865789
-0.469845752871292
-0.539056608738747
-0.569646841429816
-0.510059186741789
-0.589557971445073
-0.574232345724906
-0.375855627822374
-0.545546122257456
-0.436086652884831
-0.426532745621544
-0.655212396240669
-0.398849948040349
-0.479899257315031
-0.417178633319
-0.382709906307875
-0.628569224941802
-0.477028877553375
-0.507333697842442
-0.48549032531773
-0.454423088945507
-0.380679014370494
-0.568506763978161
-0.531364814009479
-0.257605061995854
-0.5086403804093
-0.622885923955895
-0.56183165935477
-0.421310896296357
-0.536248610395903
-0.55351034427218
-0.46398681865291
-0.483874746154558
-0.331233459281577
-0.426296421059968
-0.401468609274361
-0.446907799440298
-0.671925005486725
-0.445086728595172
-0.473353704985395
-0.45138876426357
-0.464451531131572
-0.430976531671107
-0.46048564114986
-0.503890602483339
-0.435776091076481
-0.467862108812249
-0.492858005940291
-0.373394530699651
-0.440906615344124
-0.353424742529814
-0.638250193818638
-0.458666364695196
-0.396380380922166
-0.607871417592943
-0.454664158614774
-0.383127560485071
-0.44333896984381
-0.445606609307405
-0.470141761924034
-0.337478834201165
-0.51877972325125
-0.455991321054975
-0.447426614114339
-0.344135489983796
-0.412302569358153
-0.249817517867825
-0.371055560700134
-0.548249665113532
-0.197521982220334
-0.336452293718055
-0.29813109310386
-0.323349325508406
-0.337352511684402
-0.381681692881024
-0.23742371379332
-0.394817870354306
-0.349342978320169
-0.340204201838136
-0.162407823852817
-0.460853978415967
-0.401497087859834
-0.296257196946053
-0.379436715244287
-0.295710366272002
-0.413758865206027
-0.406307309505738
-0.413211831473351
-0.195255843035281
-0.299383682927421
-0.381714531748548
-0.489264771683175
-0.187819281318164
-0.22896162119419
-0.296502015190389
-0.29108699813127
-0.301228075497936
-0.356643484057406
-0.287427271890889
-0.273344927680224
-0.333231654616299
-0.219536164402814
-0.278138608519683
-0.25948877269234
-0.359369972682447
-0.208835503586651
-0.344996618637794
-0.360565558555363
-0.296491626163699
-0.395055914617666
-0.278407799808028
-0.420620696538622
-0.199379660360027
-0.30412764430028
-0.3033044897417
-0.156078907576132
-0.399503665201149
-0.295583536709787
-0.251469536239567
-0.341407569971816
-0.258595531379098
-0.264279007590058
-0.27111782989002
-0.358636838294075
-0.260214294139363
-0.13652153462863
-0.187137239717437
-0.279591992702384
-0.289802442095531
-0.222571507400549
-0.203661250454528
-0.277146598222842
-0.212347115976919
-0.267939374863638
-0.168525040812886
-0.151191192080489
-0.280128220940032
-0.27355140606158
-0.167885644489271
-0.348370396489062
-0.175467544132668
-0.248947454657512
-0.239087133170392
-0.33118941333765
-0.15568673704726
-0.197424358810822
-0.183562352947035
-0.261905893257042
-0.274420140829954
-0.245767072698457
-0.276389829983281
-0.166765172387626
-0.27836639306099
-0.129970635949001
-0.218644795499976
-0.27757474380819
-0.279117280899664
-0.245908634262055
-0.0383742130481334
-0.303758141563537
-0.239619327346646
-0.0464326378007927
-0.140315545750769
-0.327588047530027
-0.0577957314148739
-0.181847561264454
-0.279637477931668
-0.268835339282668
0.0104474397933465
-0.341033416461958
-0.240044531279428
-0.0925339025646033
-0.196844153838269
-0.107045233853987
-0.166529690231025
-0.192872677228134
-0.14641979053259
-0.122360393331058
0.127702059333254
-0.0504192147034023
-0.0816773604822447
-0.193386203784319
-0.13584019987672
-0.137206547910692
-0.143691807542154
-0.1516770018966
-0.118899533611753
-0.193227924281358
0.00505261987090532
-0.0492573582061193
-0.0601992842597404
-0.183218421184539
-0.231346046845467
-0.167482648469349
-0.103662986297995
-0.0720965247887054
-0.123929862981324
-0.105102522674763
0.0328515515498536
-0.0820811725233135
-0.137517455274873
-0.112727454857961
-0.122855353560139
-0.208289705386266
-0.245001641719158
-0.195161839372358
-0.171897116753964
-0.191513521456627
-0.141113637700974
-0.280162429103463
-0.216188478148003
-0.120532368349139
0.0697828335564928
-0.0789719452519148
-0.0306798372149773
-0.126067260243011
-0.0206929657226357
-0.120461745192325
-0.012553197411257
-0.131867970095034
-0.130513591491669
-0.154001789066451
-0.100601419061824
-0.0173066410280166
-0.08660797500209
-0.0594012939549544
-0.154539318363607
-0.166149103478169
-0.141714467983833
-0.0305515611055324
-0.0280630987247278
0.0256271229418167
-0.100676044411783
-0.115698126738525
-0.0210584084727478
-0.00497671528233344
-0.321038828084211
-0.123048129020788
-0.258126562926652
0.00974829943526603
-0.0363982514730577
-0.0358218227792303
-0.00656455179720513
-0.0991000337893653
0.0508212215362011
0.0281567624734357
-0.0433748786411018
0.00866520226131054
-0.182033808565538
-0.0380079214695034
-0.0570690356873927
-0.189564667492057
0.0114243727487814
0.115064389107997
-0.0137488217446434
-0.159464428546253
0.0595161105405918
-0.128521270367398
-0.162110594110384
0.00714913211442564
0.000652938768407357
0.0269669491501278
-0.0418243714304723
-0.0160797346234527
0.0386553898863579
-0.0353635368439727
-0.0576528408147779
0.227608949696969
-0.154957208781947
-0.0381792224033606
-0.0488307746074216
0.0455487093152158
0.0445650224469641
-0.0683059782031567
0.00958165738796616
-0.108908135532179
-0.0155297418323619
-0.0244775415882046
0.0532278464293293
-0.00408683324911029
-0.013440343840448
0.177408905910888
-0.0951306792713193
-0.0118072354499887
0.0439503984271414
-0.0746873764940705
0.0108427636604739
-0.038029019460175
0.199189962246434
0.103841816690709
0.0777228375816741
0.199448268812362
0.0445741151733406
0.0267210821178017
0.152704616612678
0.150588270782553
0.115514791751999
0.185308594579692
0.107344914972678
0.0542244966804757
0.201885648527422
0.108789180162776
-0.0723833882381484
0.141090273839307
0.0937968969825651
0.038583899419804
0.0435260069632778
0.0985432225304461
0.0838144910679125
0.129952130937156
-0.0108720693401317
0.0744259022091449
-0.010973886673977
0.183548709914872
0.103032664887961
0.109623433568926
0.186979310653846
0.0486001943293029
0.12407845587012
0.148070105904503
0.126973400138447
0.222556795417928
-0.00380542019069114
0.0215296719574985
0.052588081827816
0.0584473190303963
0.375522116895506
0.233981637015487
0.218288182559111
0.0368370102562577
0.165773015567987
0.0228325246420812
0.128059435998897
0.250643713885833
0.00679202367860219
-0.00763390731392175
0.115306537845169
0.196834373889415
0.160892801104456
0.123844546276176
0.212181657251167
0.215134095375267
0.181344753259738
0.227732495355865
0.0745504158080093
0.184338541172245
0.100300258828198
0.00224878308207443
0.122339694122819
0.0814917037530259
0.181034438526172
0.28330422535301
0.21795807492293
0.171732057865947
0.261444618204251
0.179067174051291
0.187031537555483
0.20006535331786
0.237088468149209
0.223017945944639
0.151270871201213
0.112801607323812
0.219354898661596
0.234762231929977
0.219016571627916
0.360397008652963
0.260143973989554
0.0153762483624453
0.217725642673784
0.210673503001982
0.379351960988855
0.147220814560928
0.242860472682447
0.269323550122691
0.166852156555612
0.3933238361858
0.276170965073216
0.216968857508202
0.244396293840126
0.148956346134695
0.307160761007133
0.454214896976221
0.357360276192379
0.16674182091174
0.274266929820279
0.238248476547318
0.310167391261937
0.297727777725591
0.399452043714251
0.149790358740542
0.315567963245155
0.331823777780895
0.204559384566279
0.185246568807391
0.244191404057605
0.350177092001874
0.242698592283532
0.417059758909665
0.286370572841909
0.45265213335665
0.26664680781343
0.271277551123445
0.274864223302003
0.277900288714105
0.213653250572656
0.236747035337107
0.209355733362563
0.369033229474395
0.421692632502724
0.352434851333451
0.229922205963033
0.44337034139527
0.529571232458055
0.388063163349218
0.355857310707316
0.358633096561239
0.0776574674562704
0.349791710095047
0.397799815260995
0.195534560734304
0.439629173674369
0.339257670262571
0.367565874588221
0.370309277834717
0.319137451097031
0.436220082176282
0.292822478641337
0.344349391871921
0.317864540338277
0.320077362005299
0.400264441286869
0.336388891550737
0.380627272520189
0.348157901120131
0.2656928319964
0.427980486382825
0.33441718624308
0.259736522246634
0.322048366265809
0.343996957787219
0.380151384237794
0.469095168137911
0.325070491363774
0.376386934950038
0.385474655790781
0.500046672362776
0.432438349339609
0.397810331577513
0.376375572979535
0.431552880158486
0.368599794844145
0.371059058442957
0.488059082189423
0.290306824980414
0.487611761276011
0.395745294185883
0.379845494535178
0.358189195406757
0.370496075471576
0.463211537032684
0.429256856750153
0.494503429044853
0.349597310779639
0.279297949494306
0.376068215934594
0.607557822557629
0.367638331076988
0.568290364191177
0.33557465400722
0.301110740300746
0.333536165533055
0.445721559648562
0.405954476261381
0.391568422909746
0.358296346350286
0.468813452072768
0.461802157150822
0.642590644111242
0.473347863406401
0.494117889812545
0.464383026196687
0.399856615388538
0.498260432279171
0.436174829446442
0.385392065758028
0.548950243080353
0.610894813516725
0.263074651762346
0.522055225084892
0.444503602062061
0.622390697213765
0.333616248218005
0.432371976481843
0.525389379982891
0.434187111043193
0.506524022093614
0.51156865195088
0.384769840160533
0.565371061773602
0.536652310534629
0.537066370400145
0.282363339493094
0.429162119951629
0.406903877908751
0.347270909661352
0.56938954519492
0.417444573796441
0.48858070380415
0.556819204912945
0.426399766240231
0.347891909105406
0.569357387882493
0.44928085133911
0.387900324971363
0.568387755704937
0.475969184441989
0.479702819923306
0.359739720224316
0.474862842971256
0.572466918479811
0.496501036640796
0.547056947829784
0.537745877861917
0.463346909183979
0.436063052611455
0.569366972347091
0.431730640991489
0.529975918237487
0.534901808718048
0.568771358045136
0.489319196262232
0.487343446669872
0.468881956383876
0.400240185085851
0.539335342884076
0.518723363811374
0.658733862274395
0.627191051590208
0.579946248021834
0.371532842031493
0.546796224992643
0.517000070294236
0.59097883839293
0.500466833633472
0.474893255137452
0.604569450040736
0.553760666606446
0.440167165654206
0.565794216089993
0.508601480944153
0.618148130399106
0.548482263912064
0.452072001236235
0.728350956932448
0.606504084795391
0.596102808863913
0.576566192698442
0.612415685334292
0.510452113837293
0.588980663068895
0.454330630299116
0.657698725085935
0.566641612099592
0.552069578554979
0.630408631880876
0.778701854283345
0.618566341851687
0.719870104375849
0.559394642173534
0.562868208410541
0.671488662517535
0.66182980994045
0.759081110707606
0.704540228967835
0.59024835370414
0.643614384120138
0.702903607105291
0.51008356117499
0.653935650097983
0.52572534376856
0.596185718915153
0.53687068708752
0.519410510435694
0.629391970827267
0.516429452552719
0.647998871294216
0.770765334824854
0.563164918432014
0.723120020956142
0.752723113845453
0.674921368772838
0.671431109254766
0.625514535295072
0.604228570832215
0.66044392376098
0.810864893610655
0.643399514564872
0.565441957989787
0.704493550074523
0.590252917484978
0.517119940711343
0.63266785983509
0.609584946806033
0.747778775704105
0.705215859887361
0.602685844965173
0.553239402097327
0.619320601448386
0.713783221865508
0.663677695983675
0.744601626294934
0.670299814791839
0.743337811546403
0.873660219939309
0.839376700616498
0.562879862880942
0.796446474186428
0.72126940917513
0.791223998385418
0.638986600647823
0.728065226294078
0.768849047858017
0.724547339707781
0.781180715364493
0.754112542439916
0.687024806505698
0.716706525798596
0.775569952812359
0.702868063275519
0.698339497725329
0.736127852462857
0.629100269906818
0.73961993989084
0.755404863972545
0.680916414321516
0.688561775476633
0.651845844918561
0.842577816220953
0.687091725880454
0.647418158407726
0.728724185035696
0.607892207036034
0.668875423728093
0.749701896954257
0.7307163674267
0.782051201217915
0.6149998635265
0.638543670352496
0.634703332775501
0.776484131275358
0.740205717347585
0.867710359347738
0.783456363625248
0.756270391745114
0.878183542163625
0.703697198063281
0.74355930023102
0.761343026662577
0.795625047899223
0.764984861826512
0.892478394854441
0.75599445337583
0.823064277830969
0.745281670997641
0.827427875790489
1.00155086411392
0.910023605534432
0.872370291767147
0.831550979508785
0.930861313712855
0.761194698728192
0.803146213293355
0.816148765545425
0.827723658960217
0.922578010033968
0.793113186944086
0.786531723489686
0.838447885541305
1.00227806112566
0.640600955074829
0.830347110480644
0.789212010738004
0.836931196724202
0.835509131855274
0.852012562503936
0.779229824584833
0.917215153789022
0.61208067625138
0.939180317086226
0.853180118806759
0.662395179093249
0.908520457499056
0.917875455870294
0.952935483284424
0.861465899535076
0.950427179840644
0.795532139446497
0.797231965479399
0.881046724797158
0.981606087572081
0.909439458957955
0.850933873311899
0.993513241969559
0.824257639693244
0.785459499568346
0.953936339263822
0.96555759322519
0.801919809825518
0.847115919910953
0.891234286916584
0.946999677842416
0.936903072314129
1.01558623782748
0.999541281925073
1.00121538965962
0.935372851353256
0.832783949772902
0.911786749358784
0.94712755385343
1.05267566712171
0.922225787933483
0.94702150544849
0.982653732470144
0.948902168757844
1.02098368177157
1.0830359826037
0.918775041749362
0.898744744832138
0.832871880298626
0.990018669522654
0.963677138063776
0.927279032200369
0.897255627343329
1.06104463651188
0.965399016715519
0.957488884744327
0.922800891952691
0.944118420046019
0.86269232793836
0.924421109947546
1.06378645721504
1.04041093136196
0.852631292941969
1.08583979351701
0.995892667769175
0.819387771196137
0.925887428769392
0.928376362559091
1.11218816187122
0.954118613997515
1.08394638048665
1.03811319236965
0.894495475115962
0.781359448343859
1.01272764564906
1.11103980047198
1.11272039820281
1.08944471771858
0.934887267181737
1.07922717341195
1.04813786831229
0.998220166744493
