"x"
-1.18967583259187
-1.09882042974798
-1.11191694556946
-0.900648070920271
-0.940793093095984
-0.935509608394423
-0.995214409386443
-0.918830822106507
-1.12252958372973
-1.01703330935914
-0.990265760338612
-0.991857045426151
-0.909821096641472
-0.857848894681926
-0.938736506973694
-0.972530316981374
-1.00768275926034
-0.97483462218317
-0.950568016960485
-0.900376950940167
-0.921240199135842
-0.970464875606232
-0.844884713005186
-0.909737305719134
-0.989570803686321
-0.821122578036457
-0.942928200422092
-0.891007078463452
-0.958761041285482
-0.981445960867174
-0.949468296833907
-1.02012339718165
-0.923410872538867
-0.923977699553409
-1.04214009176516
-0.940090462279411
-0.905803737813896
-0.904082467728058
-0.821605909279215
-0.817538711839185
-0.880639435542556
-0.798320742787479
-0.776415460348814
-0.799435226354087
-1.01611639339521
-0.884078983469777
-0.874569055517396
-0.93600878606517
-0.884470671011124
-0.856585897541833
-0.787692525458922
-0.991255316128006
-0.85977049978925
-0.885768545172075
-0.902274470689659
-1.04266666827041
-0.91026634211074
-0.91099461404393
-0.948835879071363
-0.919941543808817
-0.703820500913773
-0.934100136969498
-0.906468287339314
-0.776056545518575
-0.799298616672844
-0.696736015041043
-0.880247302756858
-0.83280728392879
-0.811837401695317
-0.814594785785753
-0.860573856164349
-0.826071752471501
-1.06837978392381
-0.948490939024575
-0.941229794430517
-0.923504958903914
-0.838811807241694
-0.726378623487395
-0.770869509824091
-0.83276201317332
-0.837831690119724
-0.826572114143028
-0.873714784149074
-0.829168941297486
-0.805750615455535
-0.740399765090911
-0.812238436619299
-0.891414006670244
-0.874456432554169
-0.788996199470777
-0.745985600777335
-0.731692818411223
-0.758547381695669
-0.631359637156616
-0.795988988665144
-0.903479828184247
-0.834245434623063
-0.715300186121679
-0.793475593963759
-0.739993244551695
-0.865349616372686
-0.792205886813413
-0.822576741416686
-0.860256052768214
-0.844126402846588
-0.85506531691764
-0.784543199769237
-0.806819631887044
-0.791763978637224
-0.773755760604155
-0.804685801308318
-0.786416084578622
-0.778500251720376
-0.618957904560681
-0.784741025013096
-0.904274645791427
-0.626903287745539
-0.696581745005199
-0.639811617247713
-0.66015985098729
-0.671911405406599
-0.783777462192901
-0.708355506183671
-0.791609132531979
-0.707879121974674
-0.685883386942991
-0.698446345867975
-0.593296571686626
-0.686948105812946
-0.788356861409832
-0.656677281191508
-0.872073534018084
-0.620566841782097
-0.637458488798642
-0.753300537284091
-0.782640580365515
-0.744760520095749
-0.717691871941451
-0.648272162953525
-0.768859509830759
-0.669542567695147
-0.75706562830226
-0.77656070321243
-0.85795683924589
-0.62234954890046
-0.765091375653056
-0.634127748622474
-0.745438166615424
-0.740631389558058
-0.735824412999078
-0.556651600472173
-0.651659012004279
-0.764494717982189
-0.601973995514733
-0.770210785108754
-0.724777122880285
-0.603886311765809
-0.718018001600842
-0.767989509201779
-0.747001204634739
-0.706759699642486
-0.775833243726684
-0.609149714336567
-0.597329955514765
-0.714728673364914
-0.578348599545414
-0.564898040868548
-0.711644952792878
-0.53706024048635
-0.761958092133195
-0.722407974965561
-0.657077463185122
-0.72651701158989
-0.566114560177945
-0.718222993387505
-0.67507586653645
-0.695807860390027
-0.600633961018654
-0.693338699542586
-0.665437945383051
-0.698337561757076
-0.635915048431694
-0.602042927278573
-0.558727036676622
-0.687338934588851
-0.624197508247914
-0.607183987379997
-0.652265073125853
-0.669758202946492
-0.848626680345435
-0.531261956802094
-0.676441644318014
-0.65085965370094
-0.659068404411596
-0.628595281522687
-0.653576709612481
-0.542491371716414
-0.728182543834452
-0.563118510489674
-0.565987211341775
-0.597238786113535
-0.705460540611311
-0.646756881602265
-0.648992977816835
-0.614815666027436
-0.66590924445385
-0.418185044822096
-0.512374545898313
-0.749779901776961
-0.665061841780082
-0.544388928726142
-0.480741826607544
-0.505710916659147
-0.519939630585131
-0.691911303537791
-0.427421129515773
-0.430623798077876
-0.702962895089851
-0.595853366490243
-0.553342731336693
-0.519287290338965
-0.498229148275231
-0.659848936897436
-0.413489609041097
-0.507045325702833
-0.655829611341776
-0.67025944074233
-0.468404504369985
-0.403924944177219
-0.439197535467847
-0.639637077276482
-0.560035679073893
-0.393986286749289
-0.599983656344921
-0.506215725522322
-0.563987646068881
-0.598752396244573
-0.43666867856853
-0.591737753712705
-0.530133495932794
-0.562149395506241
-0.400275062411469
-0.580203918378559
-0.488272054532256
-0.394235679578177
-0.531969089072475
-0.569701208330719
-0.544643807613661
-0.446795429210028
-0.473721320205946
-0.573950503568199
-0.526542835674061
-0.521061473732162
-0.536827828980443
-0.668225526898732
-0.486777111280333
-0.435150034543307
-0.373314709480312
-0.479781584333236
-0.548242660300738
-0.485071093400853
-0.408445304106752
-0.544879446010176
-0.391757915788952
-0.483639083738097
-0.43616225376114
-0.47377678952546
-0.496221655292507
-0.345216391630656
-0.35138626004953
-0.455508208784605
-0.544363893176397
-0.472734896119693
-0.294169052200226
-0.457165489390302
-0.43087214757716
-0.393427743107457
-0.515291460129986
-0.555521120993846
-0.447240370206958
-0.330188368123437
-0.374872891501478
-0.532281411844533
-0.404009396055195
-0.374604204387966
-0.365537572825243
-0.446082029995648
-0.494894908876872
-0.311749174489957
-0.349958162618725
-0.388166910486067
-0.560345043715534
-0.395002795342947
-0.406599142912438
-0.427064296389178
-0.298375723357748
-0.545673928393431
-0.355288915528767
-0.491553036546521
-0.48856953201762
-0.340434352168697
-0.407808614302245
-0.353697906406461
-0.408545989106429
-0.198045667016497
-0.225016178988356
-0.38412653141288
-0.420168069051308
-0.297562934091306
-0.49289748443825
-0.312021680158046
-0.564518574776865
-0.482154173818383
-0.274203248356825
-0.412775815761077
-0.284522098626334
-0.381554256470315
-0.523469484848142
-0.254428931765069
-0.291456445959938
-0.295180127142968
-0.334149276029395
-0.234221178340345
-0.208833790976619
-0.332977278118334
-0.33383752719173
-0.351370160217031
-0.301398172762001
-0.47101455391507
-0.335273485625409
-0.335899618860025
-0.321336984764737
-0.143242501568026
-0.407844336675723
-0.448314465107614
-0.438875768012832
-0.332880771954546
-0.390784429875889
-0.294821113139114
-0.394984673547714
-0.29248928846438
-0.41504254496786
-0.318275191586838
-0.254654870801727
-0.324936178658385
-0.263812119985143
-0.419597024513589
-0.30430138597807
-0.253528081728569
-0.28459220456209
-0.482542012541665
-0.350688249896721
-0.246523903174703
-0.2093084580993
-0.315967584234124
-0.337290455577236
-0.284638342169375
-0.366787059174664
-0.196729151330554
-0.320397741293288
-0.242729500977567
-0.390863712028939
-0.35351040983557
-0.341800963205992
-0.257613623382806
-0.390564645422992
-0.277147661332994
-0.247693194423854
-0.12488923410361
-0.125142759731995
-0.160311344393208
-0.320691783745273
-0.329135264571964
-0.213205139325263
-0.315732483591046
-0.170744251605361
-0.265513797721679
-0.0562485704359371
-0.265603469571887
-0.452681590380355
-0.317454074750333
-0.232048722060533
-0.176217037435545
-0.386977894084194
-0.384628998308876
-0.251904071903615
-0.162089475825431
-0.15343463253394
-0.250654006649997
-0.181274909822418
-0.250987225420456
-0.12770522940201
-0.142934575580312
-0.373051132630879
-0.146594281808224
-0.290189667406459
-0.189485128842879
-0.172399438220906
-0.192031998154069
-0.214177652070153
-0.0972905742120787
-0.206667605762709
-0.339889583057486
-0.225759739212041
-0.0628629891784459
-0.32441988044611
-0.191057948147879
-0.183722638046307
-0.0190005485130325
-0.169652005177899
-0.167016362930791
-0.0793278994875908
-0.237665651712122
-0.207709329680246
-0.15297807333541
-0.379150746613172
-0.105436766709869
-0.32017955101767
-0.15714872502703
-0.0761529961400823
-0.230861098111887
-0.161142210132235
-0.200789706804867
-0.251559305682456
-0.262279593629831
-0.116001701289907
-0.134749377317344
-0.0104937824394713
-0.168381302055565
-0.039645016605108
-0.230529082464394
-0.289607728902319
-0.242143575356264
-0.155290767386712
-0.241999079542446
-0.0769914844696297
-0.161380989223804
-0.0103872725063739
-0.0680989701830999
0.0470823218253671
-0.0136940033131309
-0.103975720923597
0.0353707576275311
-0.189293078450921
-0.194671253156763
-0.132702804138366
-0.113488424834353
-0.0289767167331461
-0.180392618775679
-0.0735810136974223
-0.116411527767563
-0.026965466446297
-0.174689039291738
-0.181282508474501
-0.148835863592222
-0.0602177417734589
-0.0788897211780695
-0.00778158522409587
-0.204969085990451
-0.189449441991946
-0.114200085507778
-0.0353062383511167
-0.180062118438812
-0.19047367219099
-0.153926328674437
0.0295259535338708
-0.0802958586845205
-0.0666858332806935
-0.143145014575528
-0.180845439305266
-0.15732692723632
-0.142712317991737
-0.214458993367418
-0.117589814382125
-0.0739639091745818
-0.121620772647059
0.103614200893195
0.0331199941591051
-0.159606872330705
-0.101076480268007
-0.151033263736756
-0.0158145618853034
-0.116288791529285
-0.186381220673207
0.0853649009662186
0.122661030902015
0.0426669375728945
0.0455919218991302
-0.17708242631298
-0.0661002832916874
-0.0212860458431814
-0.0317952128586054
-0.0405508648669995
0.0608357694898403
0.0323987354294746
-0.150170202099177
-0.175169936208961
0.107439987724562
-0.0902663179157327
-0.0184426565837782
0.0392297705039019
-0.0995699353942298
0.0565218350832596
0.0599903067397281
0.0339549127432332
0.026760549165401
-0.0930943373223549
-0.178836576503899
0.0980855852168201
-0.109425629718914
-0.026420862896612
0.00334413337610672
0.0687420386161957
-0.101822442117137
0.017447308661579
0.189349086109645
-0.0483729649188748
0.0397954339899573
0.11098291794624
0.0463676657485331
-0.00541178542422034
0.120574554897152
0.00212526581389367
0.0276009765168875
0.00949887128535823
0.198612622368667
0.143898966337108
0.145777906413289
0.0439776621143657
0.0779483897641809
0.0953825038151466
0.0579488836699995
0.0320529272812391
0.0871763370436592
0.0486312848572132
0.133897080344464
0.0247223973066589
0.0148718645781251
0.0996962325484847
-0.00449783848416451
-0.0225790049357302
0.143428047406693
0.0811415782379707
0.0212359747624881
-0.0585724909296015
-0.0133968591218859
0.194019285256569
0.00494615178687979
0.153064944339651
4.28721177738964e-05
0.0349840379182462
0.100198792948317
0.0169087366568206
0.162217462385961
0.101926844665093
0.239132063926404
0.0466569574582172
0.164596371843837
0.0183260149815195
0.160598182512737
0.0339854261572458
-0.0927572081620564
0.109260969749231
0.0733844545175559
0.216033976358972
0.254885605676722
0.243468236642714
0.0197836413199442
0.12293559536071
0.238572910508173
0.134776175097315
0.107407618363433
0.120391208295984
0.0793032983232593
0.137555329428449
0.145072766274585
0.0419018806340682
0.109527778293713
0.193126392723759
0.0744694717244412
0.32653616166802
0.0353514491325568
0.210611549881152
0.215545061825959
0.183302832592699
0.11479051275342
0.216019776309462
0.117412765341971
0.14578107720312
0.315295288297168
0.30484669676717
0.257510252182242
0.118422631648149
0.102171627382496
0.108257692535229
0.192774121788072
0.132025814096949
0.193095138157872
0.141253232775862
0.280559220583135
0.098092660875943
0.0928649837516769
0.206383586673539
0.186687324122838
0.368566403623496
0.307297078008574
0.188443440748622
0.354904756266663
0.238928567512738
0.238119384705944
0.239796500300115
0.245410784314698
0.208327948681145
0.126029429053075
0.265232603043628
0.299019492398846
0.287336525493487
0.238523540391402
0.361758963723587
0.264665924778946
0.358531294523022
0.214441870727327
0.141986585755282
0.240001315892188
0.267496947784065
0.285205414395217
0.178942464580316
0.367620409582756
0.21948876216365
0.277767144423138
0.280987998305045
0.129961091718827
0.0884757460657573
0.199465020798532
0.39664624236625
0.274432881424029
0.251037666789006
0.304929010054963
0.349490337192652
0.220348623419887
0.0983174155042145
0.378333194640552
0.300539037768998
0.227718422731461
0.358592446893283
0.0676579716501617
0.331168577505852
0.183329015367324
0.243541212149642
0.268945760040477
0.266578746716473
0.274473452130481
0.377426930963113
0.302390091255012
0.389709068339642
0.397158802602075
0.437790264568914
0.206883253584779
0.376697655168849
0.31485752615719
0.34044406003975
0.22284270896013
0.377673626511782
0.221556855209262
0.53116332748102
0.439899874715907
0.288422828755117
0.320449820608357
0.365918015848232
0.362950895816422
0.248624748019626
0.26126385497898
0.314429832426764
0.348195464838308
0.40668372064054
0.392347532162535
0.284941657058215
0.468339962166059
0.452917522495722
0.423849352608565
0.486557008676381
0.476761229735442
0.338660976825299
0.402152444986596
0.541722292450711
0.180698929501673
0.358973910943177
0.430700033338477
0.257909329631159
0.287676550469084
0.244619345533483
0.518023537499354
0.400122598138504
0.304737986490457
0.484675452010388
0.393530956098524
0.403119134898142
0.371283659866295
0.427904087252069
0.360003942952066
0.482028936684458
0.404273903163938
0.448715903042267
0.382358469405705
0.431975633363245
0.365365333650905
0.393344358206605
0.451768014812329
0.370072382129803
0.386286983483869
0.421018945422145
0.278157369059762
0.378637314073592
0.416035620785342
0.486157374212872
0.388524083678102
0.44608665883531
0.369796328369808
0.441735409736313
0.444033043117526
0.296112066092315
0.408507798357394
0.557709214152927
0.488009042100078
0.567486648656857
0.625309623601865
0.432130756359321
0.488654731545624
0.34485596681825
0.530299573173728
0.49507003428562
0.335090098880297
0.570334124532083
0.502679023087548
0.4692592205222
0.59395805297506
0.436468245924547
0.528398851360365
0.52925668631842
0.573757242787094
0.461673429634345
0.570544031541775
0.414833017278257
0.53441421648172
0.403296848074853
0.381332289884351
0.449348270626382
0.738048640255833
0.509281581201805
0.507787129258737
0.42467050561925
0.510149592673742
0.566239518651452
0.546536272327474
0.404550066684289
0.575355127714167
0.683534403742724
0.46431336004597
0.434510657229245
0.429466085242196
0.372184703783497
0.5283102120362
0.549575981019424
0.474803152989937
0.520262939404481
0.496503714674898
0.441535254831509
0.447477229429124
0.53797813140631
0.533140821157301
0.60162423640856
0.64536872681552
0.627430988838238
0.37063520563655
0.501642941331448
0.565707716551244
0.58250276138365
0.586230949066743
0.444677809430569
0.566611813979526
0.620888597552511
0.627248602239335
0.559423364170084
0.662727084921949
0.566728089699967
0.526381432571741
0.637610805787526
0.576500090086925
0.667322921809413
0.555981550349493
0.621216894994268
0.37214314911132
0.466227020409316
0.609500486202511
0.546628123923796
0.615050496564382
0.535105475775225
0.570758307862479
0.547209105124224
0.549622545362847
0.598944427781965
0.580283632444863
0.439895064435778
0.82695196709638
0.669975713271048
0.578322147396476
0.599473879515114
0.709630021007796
0.50800809611897
0.694447821062202
0.617163693252686
0.611427780762972
0.591165631432768
0.629552170737429
0.606855844747819
0.631920784987551
0.735085587541183
0.565441589377738
0.713829845696448
0.537346839957002
0.614253217449596
0.670803300798461
0.601071008350199
0.579449584497063
0.774017888434495
0.73857044422638
0.612566470814693
0.647586347434274
0.675171364210302
0.700036936043383
0.713468039469169
0.660510258853837
0.76259173288104
0.757115566535606
0.730089378732678
0.569628936689632
0.592297888238152
0.697753349880453
0.745283108743942
0.737260391268769
0.677467622381442
0.527171410776505
0.62651212319239
0.780834146805473
0.631160028660887
0.711940582754465
0.717815129846094
0.817355299273964
0.653160857985777
0.64021533962363
0.585532662962909
0.763652022322715
0.760748335922925
0.622109847111464
0.684328940602733
0.682838105097627
0.701629142260879
0.723973029497992
0.682648397249616
0.747586841997786
0.587984851076023
0.883657441626366
0.635743046020423
0.545658348151625
0.770201981013164
0.715359950553189
0.772691051279364
0.683047220443996
0.8568906910046
0.704482186630514
0.74336542534168
0.704609164555576
0.741040126753804
0.721776425891215
0.83899808931315
0.895498312667506
0.892730235074291
0.75585141953528
0.694323714454135
0.540541538787577
0.74021375495135
0.728870033126172
0.830029057493309
0.755133567763441
0.675305746999136
0.887623075515897
0.708673987142583
0.852289491650686
0.763419438952441
0.678560399970364
0.841967238411266
0.72793820486598
0.953845500388281
0.747225628911929
0.659699040424376
0.833671140872731
0.848210159395193
0.695081048328213
0.765257158693613
0.749002868359898
0.843272791467365
0.756280318736844
0.821849608910127
0.675757593305642
0.674401003678992
0.865695146786972
0.839113074349448
0.788212577140457
0.851794145859499
0.846736971641388
0.929713887630023
0.832470020055171
0.787612340428826
0.879024233905408
0.964424611164421
0.779068513369563
0.908176518051603
0.680522034361511
0.762510203132255
0.838854400357906
1.03731613840883
0.745315839564851
0.871489564024227
0.806927725236481
0.693149974137782
0.843816686844587
0.927195053333143
0.781469765611715
0.781817393633033
0.889661319882127
0.870010683463447
1.02901637420108
0.884417100271734
0.891347263428762
0.883609236249964
0.995987428731929
0.825311569357301
0.845538634076006
0.944699663704258
0.777388461447601
0.956074987525469
0.935995694616845
0.688046027832024
0.883327124922995
1.02289489345886
0.906614318438734
0.744048773812276
0.950094369814714
0.792674769317134
0.906154175774572
0.888248983721314
0.756877922521192
0.864699215588182
1.06382442227792
0.847239053988637
0.827230781228644
0.992361556325889
0.924427564677538
0.877575988796244
0.948629083612331
0.880137729498602
0.882846880100874
0.915497426318557
1.04648789960159
1.03586218084664
0.843872294667025
0.910155452381595
1.08362937175593
1.07378740464092
0.995391618441613
0.988484005944412
0.949285128638798
0.847495938014452
1.03048882959563
0.968233761085547
0.909399420184233
0.812871310075404
1.02425260139827
0.993279467627887
0.779189059926363
0.767713588303732
0.83216882818059
0.983007870976451
0.838482894972259
0.978400879026392
0.827732766565461
0.96982885744957
1.00953493646509
1.07900899281894
0.98922409835794
1.00352369177592
0.985435084370441
0.978774352955468
1.04325610892172
1.03277189491015
0.969418267356299
1.05422512912261
1.26591654755419
1.13474121253837
0.992432763894496
