"x"
-0.921833022123254
-0.84748391851923
-1.07200513911209
-0.881286611123293
-0.889498872609434
-1.0494144928528
-1.09904438661893
-0.947396442985898
-0.945206727350084
-0.91028347910497
-0.972897929158324
-0.966795745127126
-0.94917386431801
-1.18953251886894
-1.03165028456134
-0.978723484658365
-0.993508496005027
-1.00019913142854
-1.05167668541922
-1.0421161225549
-0.971579498440711
-0.853074796643796
-0.989296327031824
-0.844212143182581
-1.00166157740333
-0.935776720046924
-1.08751069896672
-1.02087660020309
-0.974702024659715
-0.91086734768946
-0.965000914626443
-0.813357194929383
-0.863438076400227
-0.885375931150234
-0.795520313892039
-0.855411284061419
-0.74053736286321
-0.983022937096376
-0.875958264686639
-0.89776105735483
-0.890703515308247
-0.854145289307804
-0.886178246543668
-0.888921079332172
-0.839304713147703
-0.82810130679454
-0.9136958962384
-0.958981030673006
-0.981237038663692
-0.786357582396661
-0.872499485957217
-0.880266661214168
-0.738493306315854
-0.863526315292216
-0.844041600971184
-1.00786341831619
-0.87497521024693
-0.984149222632513
-0.831063806380409
-0.895055725393201
-0.785455252807507
-0.919060429443916
-0.820193369646481
-0.931792455182646
-0.958471018462858
-0.934849468666953
-0.81240336780277
-0.905912397779177
-0.910716255095235
-0.878056826604163
-0.798519902711534
-0.845790144789168
-0.967750455297868
-0.800484907736696
-0.728746419799675
-0.853370641498784
-0.827146670093716
-0.778408440070145
-0.732776261412412
-0.860523566723904
-0.819589900766574
-0.682684438503258
-0.908966811589179
-0.800823113894059
-0.825932427435494
-0.870745328567896
-0.87793604652509
-0.851884443620682
-0.830345171991538
-0.839769761194269
-0.72059605412803
-0.896470656094422
-0.905502343425808
-0.720503847306994
-0.887873102191556
-0.774831061601859
-0.743380981891887
-0.666904175942515
-0.74922284006154
-0.871836438142738
-0.834149610877858
-1.05903642034534
-0.734385944439859
-0.776028421580946
-0.54601310622016
-0.749623188276986
-0.848447103423763
-0.815012749178294
-0.753993160509105
-0.798132216032889
-0.723641454153625
-0.786052236615125
-0.776953422891616
-0.697215008703367
-0.807557702847151
-0.822303368566767
-0.729325692918126
-0.782497504385779
-0.621782223459908
-0.832762383327563
-0.632804040871176
-0.83578215012644
-0.892443924091913
-0.680251591047647
-0.872432753870992
-0.770015524136274
-0.783318836781784
-0.592985624867653
-0.878617420917591
-0.660070938113873
-0.697981223947953
-0.704852854539735
-0.690543981972669
-0.676602708196965
-0.706699452246167
-0.661185933496976
-0.726789909421404
-0.801355439146562
-0.682694528412977
-0.850067723041296
-0.805866536372998
-0.756762506712242
-0.691212583700896
-0.803831298880044
-0.692728481152698
-0.439899888969641
-0.666308867352632
-0.748053075128234
-0.77948830852547
-0.685768626289474
-0.739047836056014
-0.645260318920412
-0.751558464503346
-0.688767989023378
-0.74440270536134
-0.673240550375503
-0.742870615663499
-0.711337809285336
-0.771223632492071
-0.762837194714408
-0.752432499772019
-0.72427927773813
-0.58177630950479
-0.639971543915765
-0.553329803112703
-0.779179889622934
-0.609290513083999
-0.666783744167381
-0.649649642084374
-0.647577639918078
-0.654249052123828
-0.700073194808171
-0.676607551922935
-0.742903795662215
-0.737888622213319
-0.625188798251964
-0.674094834745825
-0.582000033570209
-0.739853206877364
-0.667313913843417
-0.782400763835809
-0.643970341297048
-0.685990588007573
-0.532447688299276
-0.708556177209093
-0.65411128866047
-0.600032440185403
-0.515473169083422
-0.644117581887348
-0.581393774767288
-0.569300913454287
-0.482733966073499
-0.594857576342001
-0.453278757289907
-0.717234873235308
-0.565822633369379
-0.631996719454415
-0.70565292367272
-0.524505278713383
-0.542682391220684
-0.577189551874731
-0.564233994658286
-0.678083108838526
-0.629483022221613
-0.615878172725907
-0.687649773046619
-0.535713489528673
-0.681529426937118
-0.698373508042227
-0.54967036511632
-0.565530796163398
-0.572560355821512
-0.467390155994287
-0.52174501134363
-0.593350097869702
-0.441592652570239
-0.619513797655793
-0.528542721363044
-0.594390718536138
-0.485680152409189
-0.681231332010411
-0.56955334356218
-0.686551078740992
-0.444659968922912
-0.517677274071695
-0.584554540811232
-0.575203483282096
-0.505071476192164
-0.593324236995459
-0.550553167168616
-0.560907176037802
-0.510076117228566
-0.391703904821534
-0.530634014807171
-0.524458550778071
-0.518118089700045
-0.429340349525408
-0.507460916584035
-0.514394697485674
-0.460963212424349
-0.492304665532019
-0.564545494031703
-0.498417901078397
-0.641764046090326
-0.544934546310064
-0.484196980306993
-0.564872435614655
-0.460887959184173
-0.543483708129947
-0.416209403899587
-0.529953419715092
-0.467975709186844
-0.398128735698921
-0.337721643127624
-0.594705991600151
-0.401090337532101
-0.508063871891909
-0.556947197628955
-0.447494735700564
-0.436486969755178
-0.505693393063635
-0.484744401416847
-0.344538531109009
-0.652605613259826
-0.541908844748064
-0.471758029039869
-0.537692725796716
-0.41171897001363
-0.491891714072907
-0.383736589797137
-0.389575998522264
-0.548921782914584
-0.567078014313594
-0.350495113144793
-0.394290892090742
-0.538595688816092
-0.44547960290834
-0.395879705622796
-0.342874701933138
-0.496300523902978
-0.414713087826347
-0.288073852623414
-0.412773313440018
-0.410819804400105
-0.451344585707022
-0.424581418549825
-0.497652908272894
-0.494843124692165
-0.496577794096003
-0.40174518709747
-0.533238256991662
-0.415999738022245
-0.29426996566707
-0.520659907386608
-0.451906086763173
-0.415723311358377
-0.50574354993364
-0.300318270329356
-0.470035724704021
-0.439447381137354
-0.427396884582152
-0.476942123887415
-0.486628944847973
-0.338002654043358
-0.431176096421789
-0.409523227839737
-0.483997373964992
-0.447644502796473
-0.394414569915631
-0.514039011201223
-0.416647873080348
-0.370830339654287
-0.476230346465075
-0.388537326810527
-0.611691595406513
-0.325483269568347
-0.245452953311562
-0.292278144282428
-0.360581886045029
-0.473970751776589
-0.335727023297434
-0.325145961256763
-0.429492198246263
-0.248807005910326
-0.406278164276438
-0.338815946082351
-0.426111016417727
-0.359685419200902
-0.214147476865381
-0.27636659508249
-0.316392384623804
-0.354875207559175
-0.336506381930746
-0.425222148305504
-0.266876835569951
-0.381152967466565
-0.32947063589674
-0.281426852357294
-0.33260708325596
-0.328086291880251
-0.289575012272868
-0.349095488945417
-0.237550000967445
-0.202735515446503
-0.274244505026085
-0.372752377923739
-0.176759375734769
-0.257262403443475
-0.422978825647919
-0.318201866813744
-0.27361966554317
-0.333295811813224
-0.352004604024786
-0.3473175791864
-0.161913446995801
-0.197881810418904
-0.169189503207116
-0.152626201069549
-0.218383727423594
-0.482370982769538
-0.316274358815476
-0.17314031463909
-0.290992535409263
-0.288026316544221
-0.315350657047264
-0.283637744378646
-0.284933196932674
-0.120358799508936
-0.183589798555416
-0.208051416703868
-0.414693329362529
-0.251218755793721
-0.125396528511341
-0.263915007781315
-0.381273350791787
-0.24156554348936
-0.422364822118838
-0.170649411642577
-0.249768086302479
-0.0836729257466453
-0.124122578045021
-0.175748783872849
-0.226253533851338
-0.223280330440178
-0.246549977708921
-0.327997344473337
-0.204846543031061
-0.139557598408132
-0.128281582593873
-0.261235861999619
-0.172672283579719
-0.201914378910243
-0.00516021724276149
-0.305281722184314
-0.112452088675989
-0.236921903514068
-0.0842784870697359
-0.101452298799122
-0.207980935375497
-0.0678616543558222
-0.223989860276115
-0.309121433574692
-0.280490867813172
-0.115017307779525
-0.150728575827534
-0.108145181977962
-0.119974486544659
-0.112801726695474
-0.330081775881514
-0.213986422856414
-0.242343532368138
-0.239203337708331
-0.0561892949743647
-0.109807069532859
-0.234516660861122
-0.078525377314944
-0.115271991219432
-0.0903487915747157
-0.204825231836933
-0.167357590368977
-0.190337574823541
-0.29727834292517
-0.255017153466876
-0.17062988042935
-0.291095174469722
-0.135260033389672
-0.0884675328847615
-0.123936110948182
-0.0527330738268473
-0.127185589110855
-0.206532340105642
-0.0997811475993293
-0.163326389963187
-0.0630848251874628
-0.172099594733367
-0.114231073196174
-0.0421549054501398
-0.201505844285391
-0.157683650979132
-0.0692105270859789
-0.149993090154707
-0.119534868168199
-0.120422996333589
-0.0345769869952527
-0.0382328732704708
-0.0893361978332182
-0.221587806070422
-0.0337066851021392
-0.0393015739773901
0.01264019985354
-0.120359726735958
-0.0404202097113726
-0.0617006391975327
-0.0907405991665675
-0.137475789661589
-0.123370083993114
-0.21745035171221
0.0547103683717171
-0.0468900160680605
-0.0224719454318528
-0.137262053444556
-0.00547252952917233
0.073808800710171
-0.0239552020542578
-0.0701451467250115
0.0112783699044702
0.0798684659617001
-0.136716574506256
-0.167665217624625
-0.0550149763378252
-0.201570908443484
-0.0197212490733229
-0.1052370681405
-0.0273960640294827
-0.00545222056605996
-0.0658427665628781
-0.0302845181421812
0.132776835053267
0.0416036579285313
-0.0812515896223906
-0.0410423311573673
-0.042251644342104
-0.120991962850809
0.0121722161401756
-0.0837472261909121
-0.106489284355374
-0.0373487028546056
-0.134776995370071
-0.0860738511422832
-0.173854490954546
0.022180991352016
-0.0673565644650339
-0.0305334312917276
0.00749616325499868
0.0813968437847415
-0.0528197166921148
0.00781308522302031
0.00759749552068688
-0.0235578131012962
0.0372819956904256
-0.100575178348533
-0.0724338630697556
0.047507165322453
-0.0289099594783074
0.00876807357983632
0.0443183026400312
-0.0334205777450131
0.0340510309471657
0.227712116473953
0.0459088389579101
0.00851696879857959
0.0621750069264916
0.0493258982229231
0.0520945505050537
-0.0603836039791386
0.101955702441089
-0.0190628005161473
0.0575942471159665
-0.0494294936580206
-0.0806769930259245
-0.014151806844145
0.0787954155411449
0.291037335265369
0.00799227693765039
0.0878814785566061
0.0148625146275787
0.039328274899426
0.165350282356772
0.0879989506986809
0.0626303707626415
0.000329397027779551
0.195857301385523
-0.00128261588115062
0.198193876173272
0.0675547293823331
0.227510676489378
0.189890756448198
0.0678793947315991
0.044316163336206
0.0875385851447637
0.0936309177199499
0.0119477848372058
0.155422470878777
0.174510122114868
0.165911193057736
0.0635594764854602
0.11062311864107
0.0131285445837285
-0.0627881772643088
0.0935802484352418
0.137796641893905
0.0824150509122387
0.0994821106251114
0.209798846414362
0.17347258226681
0.0961967194981368
0.120671078486082
0.0793983644079913
-0.0308067394673507
0.161364482695616
0.113463767619484
0.198907619415497
0.0213243860010958
0.170126350391402
0.31655105280123
0.0867013913253178
0.139270448971501
-0.0175206415948724
0.104339890119513
0.14176912907047
0.136172521555459
0.134788326295799
0.254372894475857
0.0689842378730536
0.15347808602244
0.186658196602635
0.227258415244441
0.148265779527646
0.101134257426354
0.301220033753271
0.0659334943859432
0.226559219290608
0.200274978450061
0.124600707255773
0.152108185948264
0.303966525587976
0.249717774519832
0.199771404489806
0.129078975401064
0.137684173239985
0.0768725943804445
0.148994448197583
0.110043839139874
0.202129837440351
0.231827834479782
0.210474018876357
0.152989684940828
0.23445254291023
0.253157207874743
0.200642231429797
0.28168995223616
0.206060119023684
0.193363171585844
0.163975961625999
0.240769036735023
0.208379472554621
0.226484806511556
0.27736845834379
0.184783172284565
0.122944609370648
0.213734168952426
0.151765871767759
0.200991443622627
0.204685727796616
0.280242285217949
0.178542900743695
0.235091781620278
0.137116273328762
0.169178809294888
0.238113219009075
0.16594078392624
0.24521019461252
0.283684688386533
0.375900340199018
0.483621472425733
0.269592449173681
0.206999719967978
0.209464600833871
0.210695111976121
0.20672997971789
0.221182994757534
0.177302570476235
0.316961757809384
0.129911936185308
0.368002957026928
0.39991533056135
0.181564312919319
0.250904404566757
0.175610283616024
0.384230003673679
0.264634293554546
0.187661016644862
0.311859270876048
0.321340577408557
0.144669888889603
0.289544597593248
0.334006201523183
0.396384982221533
0.16397495310114
0.329644927679898
0.422486075726502
0.293239950495987
0.259347361634825
0.363878055098837
0.162747490216406
0.420107963721179
0.366314663033339
0.330638878783049
0.471957092911282
0.403242003685599
0.266023282238531
0.322633781323081
0.343455000600612
0.195848285670962
0.381414814995704
0.21529262023396
0.265129410851872
0.365966273509323
0.311033547721843
0.262189056456897
0.400998273421852
0.553564951444791
0.474670048724329
0.284683877598731
0.232183829093196
0.444378294089895
0.374128336563287
0.360331201190649
0.324947878884996
0.39698885695719
0.400351278248265
0.409119812300771
0.339163371857669
0.25323325264215
0.37282557752225
0.366618569297632
0.347169614975906
0.324446457686592
0.420509781886855
0.38148100294761
0.419794200504016
0.330954058763288
0.458615292814049
0.289720065914159
0.331168406192608
0.251178829946521
0.220070763966741
0.439975845672411
0.44443193423585
0.407875972918087
0.31762661706227
0.413734619462161
0.434450171392773
0.507482810044128
0.400243479814971
0.355631167959185
0.407093814976632
0.419197093887568
0.469524756850232
0.432811786501689
0.342425465626536
0.595833878190021
0.435013996861299
0.577736792351385
0.514759634987607
0.50644767957312
0.507416949211858
0.434445594874611
0.453867716737308
0.552038267238923
0.500365083727156
0.41180577800505
0.517438897229041
0.465919714953931
0.48779682529226
0.428889268196398
0.389453088742777
0.315836405478363
0.324121273046181
0.426357949603705
0.403910006712822
0.438273173265303
0.428803436432362
0.512675521771022
0.442613549078175
0.458735873769046
0.455206071837209
0.484136849077706
0.506248639430189
0.527195871998556
0.363953134288302
0.570200410285944
0.515707986767045
0.364332051504786
0.400341127667533
0.387305751826578
0.519450776469486
0.333600220965744
0.597171719973497
0.561314916559979
0.430347761053657
0.509242396257161
0.61332226526316
0.528779643123139
0.553755537391656
0.562264260386981
0.401243406138499
0.411695071606524
0.537434327456228
0.548958344145061
0.427141357654033
0.363446722934718
0.641173465288465
0.562608599028206
0.545699281329418
0.570342871853398
0.561135615491559
0.534014134975874
0.499104423031666
0.592991933830004
0.449767345062489
0.57817653517674
0.544038422577186
0.447410681179766
0.653197892877644
0.567112483360976
0.627981369028021
0.480487425933923
0.491794795915483
0.478864454587134
0.665806108493028
0.497956835537458
0.586786390574095
0.616792538771295
0.53251464583918
0.63356225362266
0.624597614763399
0.609598070152205
0.68328542824654
0.628152545850598
0.70050559059826
0.522423006774779
0.590450850773081
0.359406808729862
0.52271557944676
0.515353440542679
0.548128564605858
0.62850214184259
0.596588884756809
0.67504483129245
0.504524127071935
0.480075819289371
0.623787327484059
0.767534779987769
0.665404425107542
0.650272860078498
0.462284468065244
0.598085609407226
0.638298252574417
0.578594380389149
0.703174910335309
0.643664042008342
0.474036863938823
0.626375025797581
0.679409421109511
0.575438919607611
0.691972812709971
0.757502644894421
0.434277097648024
0.768362315259056
0.555541011400466
0.751686861015996
0.453082234867096
0.574149308536094
0.689837933866881
0.624437107602589
0.495975011145136
0.635002695333982
0.559668341451688
0.705942945169509
0.71854128264324
0.682270114050204
0.59372793124329
0.784400542957668
0.739994893516846
0.532934607798786
0.68228819618116
0.807384638584156
0.788205140586774
0.637974142551981
0.813997800272167
0.577533755504184
0.668988958260301
0.737425844138647
0.61541007762271
0.65851638962423
0.749742571872024
0.690513907070831
0.75666656599567
0.649536889968831
0.659882874718801
0.743046553535408
0.617961862252022
0.731878807769067
0.619743724202363
0.777432367848586
0.678324083771351
0.762331610013398
0.543809244121809
0.859810332916484
0.746188340562078
0.770546281100016
0.710626790300597
0.741857316320167
0.660803140297572
0.691897372007563
0.817612408422876
0.797316692440884
0.765180499075499
0.671048915669838
0.55219196185822
0.574025090725106
0.8063886174562
0.769871822245365
0.692622414670011
0.7889095859286
0.724335314874168
0.691021745285142
0.835607201408712
0.870644801940956
0.697772500896853
0.779324277308017
0.780347051798937
0.707755554029257
0.775047132995117
0.807495043169834
0.844439701736582
0.857682275005854
0.808594051805478
0.747952308095209
0.620357864904969
0.813663791202878
0.547043388816849
0.879817423111265
0.840509372426447
0.884703993575938
0.791411284978789
0.70479295570731
0.788608306603955
0.771117229866909
0.737806358262498
0.759049043757979
0.850433063789606
0.798537413519216
0.74634446109114
0.657194417328034
0.968068483240118
0.727294571995391
0.819117365937957
0.724321355463827
0.801124091196893
0.822871214374014
0.966850001086264
0.875244208761634
0.745461573963209
0.88466673604354
0.753280986461557
0.742718258988112
0.825849271107909
0.819137644313795
0.766989055289242
0.870802956194117
0.797169041010651
0.912907390183936
0.777402646612822
0.955233540048197
0.891216631578085
0.719361888779403
1.03378132006623
0.795814053744111
0.885617209513398
0.782085592621748
0.83354750461249
0.926583104521446
0.815044010952883
0.833235262087205
0.901448664533365
0.857226311421518
0.926365101025454
0.905048931852172
0.895609014332511
0.941333468658137
0.8616982225158
0.881748626966628
0.849186516864281
0.919103591030612
0.821037608242918
0.741542155788035
0.874963653620593
0.894303872843473
0.969227427766774
0.716647999917778
0.869721588992992
0.925773507809031
0.805614224601114
0.744349316437224
0.761122733471005
0.801795297340216
0.862035288795514
0.795986247770621
0.862206092792022
0.902214346767805
0.986535675975863
1.006983827007
0.991764054834589
0.772918412112165
1.02703624385423
1.02754594997941
0.974606937192907
0.922777920459851
1.06108692804378
0.941605945560838
0.88349720494823
0.991011758603954
0.91291554860697
1.10916106024525
1.0259566174636
1.0319766955825
0.803848830852912
0.93433354328402
0.981663957450023
1.06609020590461
0.97537330508618
0.973389645245548
0.909648541920924
0.947313823161568
1.05463995766627
1.05918335404166
0.987481517991586
1.0020615751075
1.05490014768018
1.1031208045049
1.05796707535061
1.03358450648758
0.943349097131094
1.01350585797396
1.05056659591001
0.998689523264079
0.904287846120979
1.01101488509108
