"x"
-0.94546551287341
-1.0137622707212
-1.14850765410532
-1.10565523031374
-1.04237837126407
-1.01314813977916
-0.926439550727543
-0.907591475344988
-1.05068357813503
-0.925504583062681
-0.931171497061666
-1.07913926775591
-0.928668904003201
-0.85419632549821
-0.818652968487811
-1.0523500086462
-1.06120181922332
-0.924750573550027
-1.00786898922876
-0.813659963646429
-0.825688045403346
-0.889375465901458
-0.966792996481808
-0.975204433255423
-0.860366353649407
-1.09206104370834
-0.972166985497347
-1.14454893121603
-0.94506016046797
-1.02501094186028
-0.927248621670153
-0.869556836159526
-0.950606262551885
-0.986678904526576
-0.879337137550139
-1.01053746137035
-0.871502397774778
-1.07490869304765
-0.85029122503908
-0.900531654755818
-0.953738840678817
-1.06320268969882
-0.969240463720021
-0.959937338290453
-0.888522913339456
-0.931357010901335
-0.905648911488629
-0.657964939322589
-0.881924499315356
-0.957473815640816
-1.0040472980419
-0.893207249538108
-0.848945972544093
-0.825547105943235
-0.903935412696132
-0.920919404097056
-0.840526026674829
-0.882566204559071
-0.876655737650559
-0.810535732918894
-0.874304892695714
-1.01173124732324
-0.891856344500806
-0.839261419136126
-0.896680565446548
-0.857633579457771
-0.801090266345004
-0.862195328045962
-0.872891165674554
-0.958892580788978
-0.697296091307013
-0.722500319595875
-0.999176089435199
-0.904379037120303
-0.792940620946876
-0.862702844491484
-0.961866338344855
-0.739256697716498
-0.89175900177288
-0.789974717274617
-0.811611512644208
-0.775316413397826
-0.960367479041297
-0.767968163146071
-1.02771281429918
-0.809044702747643
-0.996208968036586
-0.81701071985536
-0.764701123439618
-0.743689660402244
-0.779190093602476
-0.818743747767896
-0.823707822933334
-0.805930452665265
-0.792119984865568
-0.795597274582599
-0.77527659990907
-0.668505497059854
-0.899563112681614
-0.730484856782903
-0.750678773025211
-0.83432949967653
-0.597390188160578
-0.686236508796275
-0.775543984948785
-0.78696385093292
-0.74511376089872
-0.702719228255503
-0.83661044609353
-0.749353852674549
-0.591608569134295
-0.827675769417473
-0.829066294208445
-0.756515078561477
-0.845859060534741
-0.841322014548507
-0.75737154481109
-0.770729817033182
-0.611699086555128
-0.749625569308
-0.641189660186538
-0.892406195167615
-0.814243089521811
-0.854615901054553
-0.849100822351309
-0.667934563494259
-0.872862038025557
-0.737242574789531
-0.822847570464252
-0.652691323134602
-0.709736766762164
-0.721240360425639
-0.664845266658715
-0.836218104571868
-0.749180029518399
-0.749532849358657
-0.645452580637276
-0.791834407673619
-0.644227646616598
-0.648122165697379
-0.637192277270932
-0.582139308502723
-0.895917199024267
-0.547877616795284
-0.67045987068752
-0.766406584017202
-0.783255111547584
-0.697701519420973
-0.670601986152627
-0.649515108194256
-0.583210948786162
-0.584967312742165
-0.64169195093672
-0.76659866527709
-0.752461108784006
-0.649989572969158
-0.697654106278921
-0.615540578238802
-0.683864163006912
-0.658307529207548
-0.765868859231409
-0.636293460375037
-0.65217790401872
-0.563442664100015
-0.591306341881611
-0.747594531666856
-0.74050894692053
-0.627477864527927
-0.724571942234945
-0.715906178766317
-0.591169338933403
-0.637688823418889
-0.532775712098524
-0.674103857743041
-0.702929518928844
-0.625756908161332
-0.713311690284091
-0.625861093789031
-0.818949191216202
-0.650792665390396
-0.737675994775203
-0.596992880253906
-0.633537011394121
-0.697750279127745
-0.685254801499115
-0.599849354021171
-0.615396598511193
-0.556042325362294
-0.618545397735373
-0.755750593885611
-0.64814557481903
-0.742177517315182
-0.501923707343121
-0.621413674904158
-0.64382929661647
-0.594409959037931
-0.672285670273587
-0.586050402232912
-0.614192785567796
-0.69013028709645
-0.707257667993777
-0.52435133829594
-0.567899788310389
-0.512250279114858
-0.663265887727814
-0.6285253648005
-0.3945533180273
-0.608035897031542
-0.468916580525906
-0.316653304805775
-0.500266800800093
-0.530435169583689
-0.625548040082284
-0.502517369747703
-0.635215746933822
-0.551944130490091
-0.355931308500026
-0.512270956950542
-0.710155729922736
-0.71711775486474
-0.630157058027386
-0.580199061381024
-0.375240805035808
-0.810186353096558
-0.698122970383033
-0.635428744080583
-0.434725643580872
-0.505323282941433
-0.387322344851763
-0.58298129867481
-0.641737207129852
-0.639247633387286
-0.603958208362656
-0.571542485665488
-0.53833840986459
-0.439319419803893
-0.707158715325059
-0.444301014435881
-0.530619224146461
-0.471670177327872
-0.52791406277019
-0.589856994038425
-0.497673173051029
-0.587473372028159
-0.582621359542984
-0.37763851437525
-0.542679271463518
-0.435976248957223
-0.448657508372105
-0.642300862593285
-0.388153848727854
-0.480651740051052
-0.429430374993424
-0.393846596191481
-0.628957270991454
-0.475423133800529
-0.49657930580529
-0.47845742254129
-0.452459466206844
-0.385855196804645
-0.604560187663194
-0.523392660218733
-0.263465447200202
-0.531587274665115
-0.623744653179898
-0.559528949235019
-0.415312089029429
-0.547730664343041
-0.560916353854754
-0.461815324725456
-0.483654363005913
-0.354527297905189
-0.391856707492209
-0.407324700194938
-0.4294832416556
-0.663065712027354
-0.456624087061068
-0.466835115579802
-0.456011710758356
-0.460277814347795
-0.423677826091469
-0.438022412567512
-0.503872435078319
-0.41875668212301
-0.471616908089382
-0.496115457809494
-0.371652736963701
-0.421740716381188
-0.357564938027689
-0.634920563340118
-0.476699358144685
-0.386894425682151
-0.600033717197708
-0.448135118571198
-0.392379730065023
-0.442795519169302
-0.451689338031731
-0.468516804372312
-0.326796662047815
-0.542970696462414
-0.485745459425153
-0.44116499445075
-0.343077412259277
-0.410211123237466
-0.25867367536846
-0.356623823792449
-0.5556114325924
-0.1971548774135
-0.321166446150465
-0.324618711062897
-0.350598559202863
-0.333686474306357
-0.3941712161527
-0.233248921457359
-0.403064536071358
-0.342131930560674
-0.338807839153195
-0.182585463175443
-0.466991903632659
-0.398220278082979
-0.317099104090776
-0.359660961332544
-0.328266926043672
-0.407596648714817
-0.430023266027792
-0.404631370605095
-0.19873413716481
-0.266314166141884
-0.372246996206209
-0.470362396168584
-0.192846576571178
-0.218089140481282
-0.290077691885878
-0.291560466133537
-0.311073339059558
-0.366702667916074
-0.274763183472089
-0.261819507581365
-0.329693565503162
-0.222975142376268
-0.292485935744394
-0.269214631477205
-0.358075866941
-0.221562103085787
-0.339546978174293
-0.358523155216791
-0.288843636968519
-0.371859860229401
-0.286655165617802
-0.414213790715065
-0.197442931040922
-0.2826119047037
-0.307136544873677
-0.172559225243279
-0.430765271738948
-0.300682157856474
-0.246714732605998
-0.306621992939426
-0.256319160190397
-0.27305723280162
-0.268071164780908
-0.362064042748817
-0.300417276653275
-0.135756958252359
-0.1729818072486
-0.289555054970663
-0.320311462347293
-0.228009410675498
-0.205269075162997
-0.280784394940082
-0.21804740466608
-0.271316971213745
-0.150513612416454
-0.142773043409257
-0.261630945667818
-0.2837322931703
-0.166697999614271
-0.336929349473242
-0.160901144687115
-0.231911920806782
-0.237230540633672
-0.317791094060952
-0.164583912032471
-0.201564369733013
-0.181933475236315
-0.258180406570777
-0.288914786449341
-0.246085324938558
-0.255198669165668
-0.173216424599593
-0.309421535436539
-0.155065397605977
-0.240813942579458
-0.25760614225616
-0.263688945208573
-0.244508259527744
-0.0416876493803666
-0.328782913944336
-0.260800574367319
-0.000150703535170943
-0.136361247004817
-0.319716155040809
-0.066627977863773
-0.160217355058884
-0.278554938676762
-0.283941698110701
0.00993827965095167
-0.309022076855256
-0.217070215159417
-0.119217405023469
-0.186073124606552
-0.1099197585782
-0.18020976710418
-0.173280790118686
-0.115724495783299
-0.14551586151717
0.127809471074772
-0.0477706052606498
-0.0629659231291679
-0.166780392535059
-0.14431010031548
-0.145922181684738
-0.149222616971981
-0.139483580735466
-0.121228030402374
-0.207234509940021
0.00152902282438793
-0.0555772918738505
-0.0466506472613778
-0.195282796759934
-0.244773929273717
-0.174441738512605
-0.0840254177241484
-0.0683787279124518
-0.131179898544037
-0.122070815709183
0.0491028900811248
-0.0774233400595103
-0.114426970758836
-0.114020489835034
-0.106434840504563
-0.221325281619731
-0.230098990208726
-0.198789222363924
-0.175475489217494
-0.211157631314136
-0.150585028661083
-0.275546313450578
-0.187210676492109
-0.125771741114064
0.0561879031892604
-0.0656567238622009
-0.0167904277156707
-0.122241623544639
-0.0388458144112206
-0.129844442467419
0.0092861165178991
-0.110411463279968
-0.159394620232174
-0.16110213562607
-0.0872184375332583
-0.0217125509306613
-0.105255254465893
-0.0536166587353652
-0.148662533604154
-0.169605120732442
-0.133753123124702
-0.00157769007063811
-0.0284488677573942
-7.98041820925617e-05
-0.0957952777290386
-0.11481898015539
-0.0126436164328604
0.0101658205470587
-0.322388352226735
-0.118519721552679
-0.247723084793025
0.0332669018630369
-0.0479357358408212
-0.0321160670853868
-0.00328943091478197
-0.0951096807837441
0.0340789003877642
0.00816761859475453
-0.0295628597875411
0.0129186570283099
-0.174868168211234
-0.0407121948017549
-0.0711631339513303
-0.176052798346666
0.00839771461630677
0.113128471121795
-0.00831528510163168
-0.141155553034964
0.0613272378350204
-0.143148322595302
-0.169235627901174
0.0318320290271369
0.0100415950864194
0.0165884985506396
-0.0241183126408462
-0.0283902980068477
0.0249909278173482
-0.0206709239329656
-0.0657984889266022
0.24291105649137
-0.163204331080162
-0.0445932088577088
-0.0442051247859979
0.0504986488359969
0.0403794113162445
-0.0563760601642157
0.0191585345142736
-0.126188752854733
-0.0110326761145461
-0.0072678340651156
0.0613734138562388
-0.0141597642893399
-0.00863686033509651
0.18891507974001
-0.0716868039238043
-0.0296404180658301
0.0313456000041228
-0.0780144729424394
0.00824168104139631
-0.0434253081802582
0.176969312103838
0.0864280428596801
0.0580045645103761
0.18721356302948
0.0392306429162686
0.0245408114565041
0.152339690364724
0.143279456660647
0.0998033555612095
0.213928598656599
0.11424414613771
0.0558803990960451
0.174992031290326
0.11446471098393
-0.0738491969967952
0.138887281398983
0.0813587619447809
0.0444667285392379
0.0135424850218793
0.0974014656687987
0.0957938446345132
0.13003895698356
-0.0223061630071425
0.0853856729072586
-0.01573974928168
0.175066272293447
0.106903793342106
0.131515803571974
0.179928485099831
0.0498672209559909
0.140790647288995
0.139731568326812
0.132917409796187
0.204133831279098
-0.0227357510318649
0.0084752228853223
0.0574182548684067
0.0554758290866995
0.375386001002175
0.247202159712231
0.244402363973142
0.0368757163213538
0.188574158718375
0.0134631164416865
0.144275567771662
0.265825189335234
-0.00501874590965541
0.0065341828583272
0.0933141656213405
0.187526998082217
0.143258786690601
0.140088821606226
0.187865112943069
0.251778775102818
0.177624626757053
0.215432054191541
0.0699025775626213
0.184401684576001
0.100469288815393
0.00859794984175015
0.13606917834528
0.0670353047672184
0.196734446661796
0.290892709230199
0.179708960306524
0.191139477120674
0.261104975155347
0.187312703660628
0.164772809983139
0.190250555350287
0.248289928936809
0.199932824706025
0.146806928418462
0.109031517757875
0.217979968981485
0.218641868498521
0.219862598410269
0.354059063480284
0.24322587757014
0.0184457219616311
0.208518114055606
0.223600923859367
0.374496218096487
0.145573682889287
0.231248555196875
0.265036879832393
0.176739632923382
0.370187669620166
0.2737791586253
0.226274686628865
0.26016665347821
0.143837422456669
0.293289561493327
0.446048360830437
0.350659025526859
0.165956216097896
0.261303962076255
0.231914367637177
0.314267210156885
0.294896009357178
0.38528321610451
0.179110595778682
0.323432607876945
0.324111666674095
0.219321892586733
0.211325773364378
0.257694985477904
0.344174263032026
0.249840972527201
0.420958836313658
0.297113011966347
0.427113667040026
0.249635884965505
0.262339703057301
0.282338408176059
0.271285339160282
0.223107399022759
0.241420747955127
0.202095346572972
0.34924420978055
0.414053085185276
0.355366633532246
0.252198771997917
0.464178142595704
0.508936038622133
0.41438500020105
0.35427140232002
0.362489971151951
0.068727757162591
0.357371328517091
0.391110885384562
0.181204818135154
0.452962466904212
0.343461747222462
0.354390449096555
0.386369305352182
0.310993542367708
0.426361411319736
0.276973818496257
0.354598033843288
0.283922434373207
0.298995325281517
0.400350092957483
0.299135394224622
0.372534088144907
0.356943141746938
0.248389039860049
0.422284883877493
0.327970187083511
0.279600237170877
0.340150051203533
0.368678095661523
0.393103192457367
0.458520201047288
0.320551516117737
0.371994738786343
0.386800721106752
0.496895129939895
0.438615019045595
0.403224060729523
0.362457490882139
0.430448666331473
0.343723480950244
0.406154863393123
0.495315892187153
0.27760217271017
0.476703539006385
0.386761298835782
0.40195619882507
0.369210209966636
0.381878222356958
0.477438588708671
0.430030625617436
0.493329315114574
0.32425548299414
0.264381473263506
0.381796283567728
0.599106022797307
0.364813987638423
0.571408876694123
0.346597612771372
0.287066780901276
0.329105973256548
0.456563805187931
0.403535003164596
0.377223276569795
0.337418124014745
0.449709064015453
0.440585899677658
0.649240924887373
0.464649142765983
0.497437173776788
0.465440263626943
0.376036515023062
0.508011731435814
0.419861132837724
0.359738406077042
0.551311872999711
0.630065505123347
0.280660729162921
0.519386788642866
0.471428279491384
0.613977685217995
0.327656138899982
0.420074321513039
0.542396971971621
0.442452042710629
0.50399497839872
0.507390306696695
0.375761442290194
0.563659327895066
0.53319250679547
0.561203312558044
0.274814389923559
0.454670802376255
0.414750759062739
0.350930885806104
0.575566868097733
0.426728411272353
0.476866604587776
0.529535272137149
0.408718035179701
0.343807484213177
0.573976327204459
0.453982984238163
0.405668134788604
0.554615186915393
0.483660130684921
0.49767438945158
0.343351979843232
0.490400090753543
0.577895449349395
0.4662756041402
0.545054985908647
0.524617170371965
0.450043249693438
0.45088956705955
0.585524380848807
0.432416415244187
0.536157063661083
0.548065235236628
0.564760420740631
0.504652859412115
0.48049756264145
0.499179257361267
0.408236434709987
0.542201500908984
0.550615297662709
0.635041833996633
0.648429152065467
0.585782551954397
0.358203311563213
0.550983437721601
0.493243845508438
0.606523351987808
0.505939160667357
0.493120940444946
0.59806136278852
0.585326485423003
0.44483672622734
0.565926116008446
0.508401836563055
0.616467185302688
0.561280901034303
0.462674140300283
0.71859867733138
0.611394797379581
0.601341590505703
0.581150788734029
0.63409483926679
0.497758715514027
0.592257408253131
0.456356127003726
0.656596110983981
0.550165132922627
0.556268539164932
0.653483299691522
0.783578317420665
0.634794661850711
0.728071575118335
0.566871071120819
0.542138349952041
0.690204805807237
0.660331765121511
0.763596642043744
0.724179563851554
0.583721117385693
0.63530075827371
0.684043788861061
0.504068049507681
0.656512982992115
0.56150772979961
0.583051299688267
0.555912011295071
0.541653824913779
0.617892289368118
0.509482467464824
0.634299602735061
0.787200454467437
0.550434642051535
0.720910131007971
0.759759866285965
0.678483807416883
0.672722077208297
0.607764438741691
0.608406944386832
0.668096104641914
0.801957448621901
0.659551221369134
0.56231089672933
0.712924709986891
0.589523130231417
0.525428606109657
0.617580862818767
0.607596358589332
0.749733536566611
0.691850949024693
0.614090061110242
0.551062119544488
0.612943556556899
0.703124932759055
0.66895239094138
0.748744410651913
0.683596791483485
0.742679115711732
0.872846371585753
0.83659974431011
0.536847601045072
0.801275079934765
0.720372162570026
0.799733452102576
0.629503930392207
0.720426099443159
0.781370504788104
0.738290678473039
0.759802767126441
0.73789072112072
0.711635609882452
0.70534277833454
0.77001984371526
0.714164663353853
0.683725435513848
0.734599691445948
0.653322592809233
0.725538504725988
0.732150764089843
0.684058225392962
0.688854890984016
0.65739534600273
0.844523284512386
0.697368368073455
0.646034642159744
0.732576830546757
0.610708130367618
0.655788317913168
0.742492080780105
0.722198668205673
0.750314999703739
0.62063160889154
0.652875622932155
0.634502710877145
0.789349219088832
0.725776911729887
0.870498847042159
0.776759358982887
0.743547356931205
0.894748305516277
0.665455428087166
0.735648983584045
0.78251482627228
0.774538061681869
0.759813077081915
0.879309029224958
0.79022579131866
0.801075923573895
0.760051960479035
0.829895238952483
0.986068765576834
0.907185319611284
0.849706330106915
0.831352289467532
0.906718534372773
0.760957829814408
0.802495204730482
0.799088063047572
0.822269164834722
0.949190826538383
0.776663973167972
0.805419437529344
0.835457013229696
1.01161161110654
0.654739642798812
0.840319825873109
0.792834970986961
0.879462584806418
0.81609216332889
0.836428069083231
0.790087010524164
0.911248721088072
0.618333825488601
0.943666618511639
0.874155846768598
0.66596987085348
0.898565544108906
0.935141187332275
0.952605669133643
0.868283103145553
0.947184130752114
0.783457323440409
0.772233860441183
0.865651242266524
0.977132086086791
0.899799692149438
0.858279144402802
1.00910861483806
0.849642740128711
0.761942483955124
0.968846014567405
0.954695304805699
0.827029573564004
0.820103585409716
0.888355618112114
0.970363680303826
0.941133001356934
0.998928357586242
0.994970657681188
1.02115154382203
0.91100270605515
0.840205095105652
0.894395062279046
0.958887031393296
1.05073421313049
0.913462260578047
0.948411274979581
0.989178818931616
0.938802287958519
1.00178960657018
1.0725692964129
0.913357874991209
0.897432265230168
0.814228776631046
1.01362344795593
0.95390064352129
0.937518476912234
0.888558017493209
1.08093158416473
0.967894540637277
0.966647473075029
0.916720886837474
0.949142889323854
0.871794808630533
0.909999945882884
1.02746169046674
1.02436584423656
0.831536050932769
1.07886318075247
0.987540446708204
0.832910317611938
0.916925798711494
0.917491901253631
1.11386723148875
0.963052602365207
1.08646163370455
1.00897667681194
0.913836751395471
0.78581729155888
0.995882001940736
1.10508733369946
1.11641514032103
1.0621396458707
0.92618763949212
1.09560492829284
1.04212812342772
1.0132744261217
