"x"
-0.963648345974052
-1.03678942609739
-1.12217653973214
-1.10169830658111
-1.06417975135546
-1.00916581921618
-0.939189889422363
-0.887914515060009
-1.05335971482046
-0.964815241668435
-0.939487727007753
-1.10559764736237
-0.931412944009231
-0.857563367886946
-0.808761449814871
-1.03969842179509
-1.08348453125681
-0.886094110558553
-0.988905512482523
-0.799111012623201
-0.843775746303773
-0.89277267811543
-0.966970183504251
-0.984467706091676
-0.836559037437645
-1.08800220770163
-0.980092370420442
-1.12370715559778
-0.947194111030837
-1.0365954316103
-0.930692586917307
-0.869700438663684
-0.959241967184469
-0.982693517182355
-0.896138200032513
-1.00963382554712
-0.868723334345468
-1.09473681362331
-0.850346427200039
-0.917919143360637
-0.959796067103618
-1.03873789188424
-0.970447539107947
-0.97203147813366
-0.904668934523526
-0.934479071614092
-0.88820189917199
-0.67708645745185
-0.883357806382151
-0.972387492133435
-0.997071158521372
-0.892436173693342
-0.814712561832448
-0.824042125538904
-0.912789775024971
-0.935859510217695
-0.813675313689808
-0.88701738144195
-0.883203440093405
-0.791667105246404
-0.859056106725202
-1.03134681054873
-0.903706693659314
-0.831268174143798
-0.888238830842595
-0.88885971790885
-0.817828346388718
-0.881285359122154
-0.853342130560422
-0.973813149592783
-0.70528478969145
-0.732922358086894
-0.999384183550839
-0.890988079724971
-0.79478389481327
-0.861643711757379
-0.956963240811751
-0.747238743735007
-0.889588064139616
-0.78630424730091
-0.847947962134657
-0.765741002241781
-0.968260735267589
-0.759917246361649
-1.0123517872993
-0.82522479405297
-1.00731831716379
-0.865427706397792
-0.751637863791385
-0.719703069958526
-0.770375750221753
-0.802402053037338
-0.828903554509737
-0.826414585323797
-0.801256884425476
-0.796559228070905
-0.752445296431395
-0.683806839275297
-0.928000281351856
-0.731245723274563
-0.744287327010638
-0.819116038110908
-0.599617746663796
-0.669925700757934
-0.777705979739226
-0.806636776172777
-0.731921859421245
-0.689589391784248
-0.83389941085415
-0.736725043526193
-0.593901227035142
-0.817295438350864
-0.847430174728753
-0.764519832241343
-0.855833966149182
-0.832328644765944
-0.762856721802653
-0.775118246051569
-0.614261910690471
-0.778296978608559
-0.650229009775175
-0.888424998588168
-0.838121780162494
-0.842668857649836
-0.848371758470822
-0.695420867902813
-0.862773745698805
-0.711304328446472
-0.803405609107016
-0.676332668104451
-0.673457420106601
-0.734243551330945
-0.662148283565949
-0.841165429796449
-0.732624933006247
-0.738485881377949
-0.679572308810039
-0.800519765492162
-0.67013408161549
-0.645998516954032
-0.650495882517163
-0.572602045863843
-0.881805908878029
-0.55396274709469
-0.668384176509871
-0.758619285252034
-0.757025370461093
-0.6999991156299
-0.67528990187419
-0.642014650688002
-0.587919392940235
-0.572374103912006
-0.647978563241189
-0.776215637721683
-0.722010451110784
-0.631084033057254
-0.676620228035719
-0.595103740586601
-0.67397156839119
-0.649167178611447
-0.788380965237489
-0.646304317696919
-0.663582376095005
-0.576974052232964
-0.584399639422467
-0.736610545666344
-0.743557427752366
-0.618237676235748
-0.745900695743122
-0.723979046676822
-0.585944367722642
-0.628167525907245
-0.561250430989821
-0.68629382536936
-0.710180077960705
-0.630851940612871
-0.710176744677556
-0.621851300304179
-0.816935519687625
-0.657182586528755
-0.735354140556623
-0.605520285905382
-0.627805026067491
-0.691585268557018
-0.681961803322544
-0.618331013726913
-0.644726726652694
-0.592117464433308
-0.617416107139559
-0.735777943258775
-0.644197737787272
-0.736616909102172
-0.498047322699772
-0.631882565708201
-0.666261456437748
-0.599412146251499
-0.669743981526606
-0.580872176216069
-0.622655582310921
-0.689195276672935
-0.694893010055572
-0.516516748306121
-0.559270424356616
-0.520106378020342
-0.662325206783965
-0.643347122972169
-0.392790843786136
-0.595774157278204
-0.470891434212939
-0.318275322621617
-0.506083039755347
-0.522948576255979
-0.653042920925677
-0.516220307249584
-0.62319212473947
-0.522771120744888
-0.3354982525532
-0.519107252482008
-0.710132552634947
-0.737207461783155
-0.629407016003373
-0.590576799344533
-0.400428004085325
-0.819168802383784
-0.692142252145704
-0.631357127695077
-0.453350338007866
-0.497331440151756
-0.387438099739588
-0.558216187213801
-0.648086634593719
-0.681887763915113
-0.603109108779011
-0.587039624409051
-0.538137925003209
-0.440300764860343
-0.707047334581368
-0.466204402359438
-0.565214519816906
-0.472293875620931
-0.541834651738201
-0.587661549026591
-0.505699901187816
-0.581051904762393
-0.593606237983864
-0.347762993677726
-0.515179090682949
-0.437848191898084
-0.444626590689218
-0.654854684716466
-0.400086947402135
-0.481758197289426
-0.428639360271742
-0.386067204525647
-0.632209890324133
-0.47449652173388
-0.484456629206533
-0.479750979655517
-0.465795010667753
-0.385771234106614
-0.594471389873332
-0.513876357940483
-0.245462884415908
-0.5336592984281
-0.629072838278187
-0.568728651211627
-0.397997423233002
-0.534842161364751
-0.562066075753688
-0.457422073001449
-0.491508269856257
-0.352514339349286
-0.415876716599505
-0.402470060132151
-0.437060803660217
-0.653352036323522
-0.436017866003372
-0.480944024282224
-0.431586109595439
-0.447007144619473
-0.428001798519423
-0.427009589099042
-0.492490776594678
-0.421672600907231
-0.467649262743007
-0.486635400826849
-0.383273996430994
-0.402979901757613
-0.346258651278326
-0.631447844656758
-0.463310297249566
-0.406755775249589
-0.60802460369372
-0.457416867267512
-0.3898696622473
-0.438461610455209
-0.447054144821804
-0.462208669343692
-0.307919756008686
-0.54340972153493
-0.452614456039801
-0.447480883635766
-0.334960763615887
-0.405628295139023
-0.238026297768304
-0.364662845082524
-0.536353903158402
-0.17928891651867
-0.33651462141106
-0.320275655728231
-0.351859257078896
-0.33042649639571
-0.378357431108213
-0.224450645358035
-0.410935066923574
-0.359956990599152
-0.342345696068036
-0.175755327335626
-0.43866390561959
-0.40834496869516
-0.319988081956221
-0.364945836053747
-0.330526195636781
-0.438635234647163
-0.430918939195577
-0.419844498710176
-0.185842474861286
-0.286986139086477
-0.392731990265385
-0.487609701427289
-0.202060256214104
-0.200003652870793
-0.294874747279901
-0.303205536487825
-0.287678881127773
-0.365227447925197
-0.265895021114384
-0.259295539960181
-0.314154681841651
-0.231018605357445
-0.301412621528416
-0.262985331336256
-0.33818830166771
-0.207514445223625
-0.325492956343583
-0.362110877059289
-0.286544190813405
-0.39413635097611
-0.277245432053803
-0.419039965588673
-0.196085328644789
-0.305179834067772
-0.309582872342544
-0.180846054824022
-0.41687247629129
-0.279749709925893
-0.245975226885643
-0.326487589389343
-0.235991486982234
-0.257973990026443
-0.251151717839787
-0.353476113667435
-0.290683101278161
-0.137528970751185
-0.184691880108248
-0.283207741492062
-0.292825724581106
-0.219581583268768
-0.198338972913798
-0.292792200653559
-0.217366517540813
-0.278500715476741
-0.135136293316566
-0.144976139570317
-0.268243640912014
-0.282115460130006
-0.16860549118259
-0.347406921211752
-0.164720300396457
-0.228312352620811
-0.224156805051655
-0.311828501082573
-0.165629782182751
-0.200591196937762
-0.186246631554859
-0.253871640888534
-0.28829569067004
-0.244638500241185
-0.26999499671484
-0.188150979761798
-0.287316497176872
-0.150516545453786
-0.220525888009408
-0.261410015192047
-0.260838350673448
-0.235437000118132
-0.0296598954817143
-0.330388599943093
-0.253315289841913
-0.0396565686717068
-0.137662025783762
-0.322428021390588
-0.0615518032813431
-0.150907493532761
-0.274529121139912
-0.262429672481236
0.00253145612117921
-0.311557342781282
-0.222435642345237
-0.0954639393287228
-0.197175314446994
-0.10303433885268
-0.195340002915645
-0.176010985478764
-0.133444083015987
-0.103373996472507
0.111339508835617
-0.0161918681684559
-0.098246053492675
-0.169070373391144
-0.129414055555926
-0.157302761368431
-0.148284200372837
-0.131483698672662
-0.123935743582839
-0.202625693850916
-0.00401039848541331
-0.0428705687302374
-0.0637547996107557
-0.197457562407624
-0.236393749755923
-0.177786171019392
-0.107011151031528
-0.0905335410906136
-0.125564896276502
-0.128834283146915
0.0323419697643387
-0.0591825591583592
-0.131248046058329
-0.120996991859832
-0.123296332599991
-0.198525885544758
-0.257649081452334
-0.18448138465153
-0.167642040899373
-0.205129688864242
-0.164761498644868
-0.296671162380535
-0.190659721128202
-0.139883273456262
0.0651100110888544
-0.072104885287972
-0.0353377470886629
-0.139107674339864
-0.0334210512461233
-0.121501672226088
0.00568199375388296
-0.111313608875621
-0.145620027842349
-0.160821395164532
-0.0672854015923921
-0.0313284442628533
-0.0956062766923014
-0.0538861066537462
-0.153484912999341
-0.185686177398422
-0.131009106056694
-0.03040561796772
-0.0341751434298607
0.0220210351718855
-0.0916286422719176
-0.113187800631207
-0.00250402524971001
0.0077258713341795
-0.329136337409246
-0.131796380235047
-0.244341496701587
0.0249464285155978
-0.0584117998671281
-0.0459548512866295
-0.0257167295737556
-0.0827956313459
0.070033369967728
0.0296535344221054
-0.0548369789017305
-0.00696922806745139
-0.168017811698785
-0.0322121954401208
-0.0895937576190677
-0.179817505968406
0.0130911960443089
0.126849893270213
-0.0233571353094046
-0.148652400631732
0.0653462618574492
-0.120150081105972
-0.171479577243635
0.0323096900729689
0.00672350012019949
0.0394737190000433
-0.0575911132217414
-0.0249218102081026
0.0444331743703085
-0.0377097682408634
-0.0687559466379238
0.202113849941067
-0.159052695423037
-0.0398869051968092
-0.031671917646469
0.0359242425029467
0.0505568894111681
-0.0656442497308741
0.0168169605391205
-0.115496588011358
-0.0366787449982196
-0.0172088390829043
0.057974673780726
-0.0288009319395892
-0.0196523216586002
0.186682480591201
-0.108775514838511
-0.0338096589041922
0.0342330576967334
-0.0824895455923507
0.0107919090528853
-0.0493932076950224
0.176422363815464
0.0899752190928534
0.0707491540560381
0.211306771399957
0.0383749598875515
0.0151600484501597
0.140071139273157
0.141449422603785
0.106325843859918
0.195431139982281
0.0946555104204729
0.0512101783063435
0.174459583355954
0.126718057922041
-0.067855725499011
0.121545727219848
0.101606386979206
0.0493261591080414
0.00178438330406938
0.116025368501929
0.0795791325517807
0.128582809870047
0.0144570956225607
0.0756640367902026
-0.0165225318180267
0.218385371827684
0.121044232499492
0.1114196282863
0.181491119765847
0.0459867115897866
0.14736123661382
0.144854881979507
0.137147123655106
0.212454862145085
-0.00081880210680349
0.0211517556266409
0.055836201666634
0.0666663845612301
0.376227557405578
0.260345199660113
0.222188883116386
0.0432364061171335
0.158637642942158
0.00215853915983778
0.141933670969943
0.264958930268743
-0.0191789965995794
-0.00267730794256872
0.112402485579987
0.204530665888982
0.154739403435502
0.13829782036326
0.217501890046322
0.241190433695503
0.191469105825369
0.225171166197361
0.0757457916888731
0.191666652148598
0.0899846011641113
-0.0134414262493002
0.122639957489885
0.0875771362808348
0.173229152954078
0.262466504807556
0.202303880483179
0.179107862834045
0.250466389064667
0.164156684494656
0.192983089099283
0.191104809673207
0.232616606427801
0.204112468457803
0.147791934590877
0.0937538668519907
0.195874802014376
0.234666500523429
0.217666366255189
0.357055324206302
0.235095130336095
0.0227643499359633
0.234253361919808
0.212084142360204
0.365883690452075
0.152506533958031
0.229255427909179
0.259357740634815
0.146615633038143
0.406702508733015
0.286949428466627
0.217877780590351
0.271801740541146
0.151189174774505
0.299775014941965
0.45306660502583
0.333277282797533
0.152927712808756
0.263930842845237
0.238824934877879
0.299800506988223
0.268803925312158
0.370739341153116
0.156677545455846
0.328196129174221
0.336827469053371
0.201534496274729
0.185566239415483
0.270339282469359
0.33640446780424
0.243295773830117
0.431376052492192
0.294307901171476
0.445157222538096
0.240088557451383
0.259373515964692
0.284462625386
0.280759430158144
0.213620809592175
0.237236973881889
0.199412363319065
0.370778755844894
0.406387525653488
0.358508499633131
0.233200680996891
0.45876760434946
0.515712253973064
0.396395449036994
0.385213569376598
0.341013350073669
0.0861962101969319
0.346821102383766
0.389696708278303
0.191723174250615
0.420443220859618
0.336265319595951
0.329954686764335
0.385622874720016
0.324490364104288
0.419513334475114
0.286484714782177
0.356185698704604
0.296257733778546
0.305461578253352
0.399075645896767
0.321508584316511
0.386192638959382
0.369757905694569
0.258242389431966
0.441376453837867
0.33936404421681
0.250121500608474
0.329126205233746
0.355368338950561
0.374716246058502
0.475814522891666
0.319256341943972
0.374918870903038
0.374641907178956
0.494737472544917
0.44023964602718
0.374684535824427
0.369569640929235
0.426555378957224
0.356579075261747
0.366371076103723
0.493387893899089
0.302358338125376
0.488696561287367
0.385203154696476
0.380196029275031
0.378261259662784
0.360714906957014
0.445144569636303
0.440951732971558
0.497945833598996
0.32787095824447
0.269227525134682
0.364842592604205
0.610682693154685
0.389122435385907
0.566775917043103
0.356361870191976
0.309430917149839
0.335661489767187
0.450420146569003
0.426706499795913
0.379714706332525
0.364624918265746
0.468296868923001
0.464157769944957
0.654843818704009
0.465592454581688
0.490807731259227
0.466517996917405
0.377915364387101
0.510796434858433
0.434529401721398
0.35895446761342
0.549424549710432
0.616680553838669
0.281920435153344
0.514827908224697
0.448284445755955
0.59228204107535
0.335394224849447
0.431308252551984
0.531986896836676
0.434745025062862
0.502326626525011
0.493785927908964
0.393752528501286
0.572513714837296
0.532924968866028
0.531001208222244
0.259036525172539
0.436610318541712
0.42295152090909
0.335621467154781
0.563521243568921
0.429112505374132
0.502329189489553
0.537312015060139
0.438869713770296
0.344106328846168
0.606134188507017
0.479665115302892
0.390932843062846
0.540549998891947
0.491521092526087
0.486693163082239
0.324836980737382
0.489792794919805
0.565235720176559
0.481715986612201
0.527851713156729
0.528128790291055
0.450939045066525
0.448326241080496
0.55194130986137
0.42497594899782
0.542737112822433
0.554388384925342
0.578116865578804
0.500222602668839
0.489542738587502
0.499925557073337
0.413963381712816
0.530783028229606
0.551975420339538
0.659168131465015
0.639594378261885
0.59749208584618
0.3577172571614
0.58066978082126
0.508053105974052
0.603910763427416
0.496701062355905
0.492120017512733
0.584536650382968
0.5863865124874
0.43828943315313
0.572323145006809
0.504111685343281
0.605000239221697
0.554720920998561
0.481986206536362
0.727472853484011
0.607568594894837
0.616847234796953
0.592482016010922
0.641553558512999
0.516159039439453
0.609740046808271
0.437980007013497
0.65510676690689
0.541080545401435
0.55846754935288
0.650759482487579
0.797857111329877
0.611998804146091
0.737840902863547
0.559762889994823
0.562449477198014
0.676893877376477
0.646554865093495
0.754089691513647
0.738648162824797
0.591658930444578
0.639250456524782
0.705840675282788
0.501007735754219
0.65381400767763
0.540324289953998
0.603587093597139
0.544986888628255
0.525932904780316
0.607613091993723
0.507877614024838
0.645084642618276
0.79623997131736
0.588691406182742
0.725130127526429
0.762573316843717
0.679945448456829
0.683037982961525
0.620287899692002
0.608797463034333
0.660314221146882
0.786606740241609
0.665688557593153
0.554725440920732
0.71157367989665
0.576053961633901
0.525007708483347
0.625193793624918
0.604366066448722
0.76758546514711
0.696051513671431
0.620160464339471
0.543967243252866
0.625755711968891
0.729762515040772
0.664761726148012
0.73170866562125
0.696317321002397
0.719989261806354
0.852183807762125
0.834057409484376
0.559718370811421
0.803437955303816
0.71577004620603
0.802210329037296
0.644881313247423
0.721189050624926
0.774449880901286
0.750155147481352
0.75885553902559
0.741640787167707
0.675201393506941
0.713695150416601
0.780693168903116
0.70588195362153
0.694826184077401
0.734600797150141
0.630605704699565
0.725145535149848
0.745748438130284
0.683779523456116
0.685672237214107
0.656757550137802
0.831804753436958
0.693429686583476
0.650458031916701
0.732162226940087
0.611474619431503
0.653937485258946
0.749422766719449
0.719520203901698
0.777464463175944
0.614710588339013
0.64365489090557
0.65228095021181
0.775012063488408
0.738065129452139
0.873567792436006
0.776251531100021
0.746796982427006
0.874664901464614
0.678537627857535
0.730131015978384
0.776525913924984
0.791245493424742
0.801602631470003
0.882882188425611
0.783222537886895
0.821705108012495
0.736785154445062
0.816835568536188
0.981742116778956
0.910151981616745
0.854316164169033
0.854311842876878
0.936322415934494
0.790543059715697
0.808345837824398
0.818414868336486
0.818190818691638
0.95328046236075
0.788973059496726
0.806969378465693
0.827023968760303
1.03406404715053
0.635255690359056
0.847946264151581
0.781988792286065
0.874925291726369
0.830421257739311
0.834425064815696
0.792196974892825
0.914813324679921
0.631647064818869
0.929882128422758
0.864069858014526
0.654376681976147
0.907867451877581
0.929182076920804
0.949242221329231
0.857759807447392
0.971077056706976
0.776966995326272
0.788630711828164
0.870836739509309
0.997162505456756
0.904380440616413
0.853269981803701
0.993461535395234
0.829821349433913
0.76917900094736
0.955883992806148
0.948244328431184
0.828326890309498
0.844745526950395
0.888825557245404
0.965616516290293
0.955110397897369
1.00275922541423
1.00044694024842
1.02181338018404
0.910081685478822
0.844934962153124
0.900326703417357
0.976582021055606
1.05358521960051
0.923740114720618
0.951217145558083
0.980037570861801
0.944039314975303
1.01319426945769
1.09324535550507
0.915637114190185
0.88597887713376
0.828939164040301
1.00785112440869
0.947104619025952
0.937880365552903
0.892339366196143
1.0636725993801
0.961797609459347
0.957171984964914
0.926406907240428
0.939759355854688
0.861811492902846
0.928564184700193
1.04802796115556
1.04015707883369
0.841262495295041
1.06717978668484
0.991970333467374
0.851886975335178
0.915112472566171
0.923901642904355
1.10996392288699
0.9637787756411
1.0852003106016
1.00423224992582
0.909216039868002
0.791640199444795
1.00489522794656
1.13023099722846
1.11525151655763
1.08388353493295
0.938090981976332
1.08597335160484
1.02773347923223
0.98860056480079
