"x"
-1.05741733438251
-1.13572237589957
-1.01928645316417
-0.95251769550146
-1.04852739860957
-1.00631764762701
-1.10308945830236
-0.972926232990852
-1.15366543764213
-1.02905240474887
-0.971990619659583
-1.01086326652132
-1.01847490392059
-1.1396997840575
-1.1290671673467
-0.994792207211233
-1.0744426216698
-1.11305321419765
-0.846445324832984
-1.04294497066767
-1.00173528456963
-0.88896906824551
-0.897965324119984
-0.966947120858646
-0.902707735183552
-0.857948373964938
-1.01369505716058
-0.86485896283223
-0.92764006817948
-0.874849345360651
-0.934536285342881
-0.929386663588865
-0.99973063409387
-0.826689894432004
-0.87718931415424
-1.04494449821365
-1.03183936230816
-0.94866068295499
-0.895037608127992
-0.971508322069449
-1.03187303883356
-0.782721278222581
-0.992096990375776
-0.960198605235141
-0.957190531151081
-0.923348831164622
-0.985297945376368
-0.929621161483521
-0.868504159908733
-0.967802979447353
-0.898011605654804
-0.95393878587604
-0.879238355781587
-1.07334353686241
-0.887918886057393
-1.02689644114488
-0.932139185072276
-0.720357802474641
-0.796024853703373
-0.881021995792423
-0.879171103550046
-0.870379345857562
-0.711705378975618
-0.886180972728112
-0.935402061210308
-0.861363228830098
-0.925116025409778
-0.975266416297042
-0.976059569797187
-0.815978702578879
-0.759923371399064
-0.878210997352876
-0.80941256084111
-0.811865247123033
-0.941789296376792
-0.854689883661675
-0.900047924710789
-0.640472222554205
-0.84689295483206
-0.765728307537205
-0.714983419637928
-0.753232808968796
-0.876979416852845
-0.876728502617951
-0.990701647329104
-0.814677656774391
-0.815911019013524
-0.86571844220581
-0.767106272194774
-0.878828823151483
-0.762975259948601
-0.85476808141446
-0.933711588083598
-0.77801660773573
-0.783619098862849
-0.713041583365931
-0.726621358489808
-0.724171970488795
-0.707509659048284
-0.708316202510036
-0.865510099987465
-0.731980744875739
-0.63275166184343
-0.872096596538344
-0.829253105291954
-0.813370859104829
-0.873849128103123
-0.787991163445116
-0.776694676316788
-0.698241844780081
-0.70075610056687
-0.797000158493581
-0.727064157286526
-0.863570542257679
-0.721676432031475
-0.907713953149785
-0.721067550188564
-0.90723959071233
-0.674833467883424
-0.871153119090561
-0.737459702893165
-0.795225931029822
-0.825242795722963
-0.959283277083681
-0.761106844092934
-0.838334882218307
-0.736052571286302
-0.671650116498457
-0.712238463984954
-0.685402697726359
-0.699851460447866
-0.7792137061142
-0.81139004254307
-0.888285261015886
-0.917442620330869
-0.781651393496513
-0.633422485403392
-0.623343281520228
-0.756629960181229
-0.684423196512412
-0.786749792204533
-0.471686048809058
-0.677090868620675
-0.757131886666805
-0.646608199098741
-0.521643549756219
-0.891660453971414
-0.56125382663084
-0.680555363704136
-0.603681832840198
-0.821807158673627
-0.690599190600312
-0.797579599192832
-0.734498236690574
-0.60132454106921
-0.643852516507945
-0.596657048491067
-0.644229703139723
-0.606317308444492
-0.679449515801574
-0.604191551768643
-0.709509991804718
-0.622648045024909
-0.523422016247023
-0.632963352086346
-0.619636017661256
-0.707816780815271
-0.611987833241021
-0.568231026774579
-0.705884421254026
-0.754400718478825
-0.618223475206679
-0.662458372244797
-0.652946264480032
-0.59813487991651
-0.507719832580009
-0.573044683094897
-0.592429483164046
-0.637280568436144
-0.695896019976313
-0.745076239177696
-0.704616878601183
-0.440210110133167
-0.609202352600593
-0.637610554510046
-0.700039810541181
-0.596403378597839
-0.582854394658437
-0.736992918819109
-0.626282356471552
-0.685914784304524
-0.612471923968438
-0.731338476101685
-0.69636535210785
-0.510144418907286
-0.640479434373781
-0.656826646981406
-0.678882836455878
-0.721375731826625
-0.516080023988069
-0.664951306548176
-0.629445120571028
-0.65682933507893
-0.610702904988741
-0.601812608497357
-0.522839040671284
-0.626618831804088
-0.587365387476015
-0.62522617758871
-0.498788668431471
-0.492752054284323
-0.488316498854801
-0.560701454136205
-0.512080233872333
-0.517514360542092
-0.52047548834327
-0.476308236664764
-0.516182164514788
-0.594939630870195
-0.581946163856261
-0.563633933796822
-0.578796203827907
-0.613175754714068
-0.526084268365549
-0.427541964459831
-0.575261899947417
-0.490043858262234
-0.607712008501121
-0.520377853568794
-0.465743908913818
-0.441515282074192
-0.599213968370963
-0.50879028563755
-0.534979889957488
-0.540309854554125
-0.488786751701504
-0.528697565764179
-0.525581708019973
-0.602178770595183
-0.531292416254479
-0.591996943903697
-0.577979923531178
-0.487690818879995
-0.633591866849302
-0.532932136681688
-0.541658332989775
-0.521846014583271
-0.543458373119175
-0.483192657231075
-0.540982854253673
-0.532314902707788
-0.591241686064652
-0.382303755783312
-0.624685937510055
-0.469217628652187
-0.571598181452316
-0.507091005624122
-0.507883803331334
-0.440834296054789
-0.484079179490749
-0.598918940805843
-0.601891028785265
-0.335311725183647
-0.558563693431642
-0.409368655697536
-0.488216083828099
-0.40480882422232
-0.512919483453352
-0.425759819734638
-0.404499032296304
-0.335236856794512
-0.434601665622803
-0.568561196013168
-0.446674078545
-0.412304964871418
-0.349374993463758
-0.454386920544479
-0.50121941851426
-0.525102062249246
-0.414134671560531
-0.480843047179278
-0.517279110259593
-0.31511175891641
-0.419408955998128
-0.437088777204623
-0.373157017425676
-0.368355347202288
-0.319975491885158
-0.31212446166386
-0.350026964610713
-0.443489802850144
-0.273734217809225
-0.296885791172118
-0.524334279088527
-0.371582774607758
-0.383530092741354
-0.456654226341794
-0.245645707351615
-0.454528856916324
-0.416520284529009
-0.41854421819535
-0.368570684098937
-0.382476801729746
-0.472503057938447
-0.313092894511209
-0.384691575284813
-0.372874251374728
-0.478253773461619
-0.452313579759169
-0.366763910163995
-0.421028574728762
-0.314762716069241
-0.298066934523243
-0.406002452111172
-0.323929393151801
-0.311154187740325
-0.424945089230075
-0.186468697373244
-0.450009458143582
-0.242235519544459
-0.368236039574896
-0.422982184643052
-0.392935144590458
-0.398138623853696
-0.372730395763875
-0.455744508255026
-0.135651217295995
-0.345880364801695
-0.345549372845417
-0.17323157761343
-0.332890857806312
-0.268983266897057
-0.358674018753333
-0.309617410138343
-0.353191285122959
-0.44972586726655
-0.344139920244599
-0.39844726464056
-0.403208771310313
-0.226173301055352
-0.32702940414158
-0.380707707357966
-0.245863726529826
-0.425591078332457
-0.364074404975512
-0.220673868102264
-0.354123737706918
-0.479116836541167
-0.421431798665053
-0.219000174458022
-0.302203489029013
-0.27416058939999
-0.222537736041137
-0.26360407744195
-0.214815175182957
-0.256127182814979
-0.317719387485084
-0.287159820476283
-0.420087298127703
-0.213175771194211
-0.386355778676724
-0.387525199469567
-0.306194253810027
-0.27871989381885
-0.18138652732374
-0.397705268765062
-0.272214989065182
-0.310025874889942
-0.183970637844899
-0.18783647260251
-0.252156796643615
-0.284993060115491
-0.260495920425904
-0.390224725140207
-0.253934271726427
-0.216477087073294
-0.312777011807408
-0.278134737334628
-0.325636914520955
-0.381019535456174
-0.281708356060954
-0.243983413365475
-0.382460357264315
-0.235543254774986
-0.352549397064277
-0.332591282053916
-0.363794362900647
-0.198710666106666
-0.214216230836598
-0.19408524981858
-0.193504283538979
-0.147658897632768
-0.263303893456184
-0.0448572653137004
-0.343434789271746
-0.228166276316378
-0.216291429773343
-0.136624122291045
-0.2837658325661
-0.317320630231529
-0.245073808231118
-0.111781428289313
-0.18538785782405
-0.297168658670223
-0.333832504541106
-0.0454425984332908
-0.0847874100999085
-0.353954395063458
-0.221361619362137
-0.222661846959025
-0.258743867686356
-0.0418597803563124
-0.159248575689602
-0.259063516422434
-0.208711557190293
-0.146812569434223
-0.226599724204081
-0.181088833007495
-0.0866629642431318
-0.167784534123627
-0.09724144627773
-0.199158411908573
-0.151428342043829
-0.193443642117744
-0.229736765796962
-0.0649434158983185
-0.0808864554786456
-0.180845672137358
-0.101729419184269
-0.0083197328475846
-0.096007675304392
-0.0605660907703257
-0.274379527761834
-0.163570956421045
-0.0644867318658123
-0.0539107754024628
-0.0773465513962116
-0.0581091064185937
0.0814558773132146
0.00963532097320987
-0.214788574502881
-0.135089796467052
-0.0524293018438693
0.0735515498445871
-0.148223907991318
-0.0649338269748482
-0.154410063147905
-0.0712842631200858
-0.0766343002573533
-0.257459554442545
-0.113852217240713
-0.128316435374231
-0.131555934569606
-0.201435184694007
-0.00519160928942223
-0.102577986705375
-0.0466301183087939
-0.0532985547512302
-0.0466493763691708
-0.106291781311967
-0.0888895428202533
-0.0349166228101978
-0.0293670283563513
-0.057689904475514
-0.195620154913251
-0.117472084889228
-0.0513455320230056
-0.160373640550186
-0.163675261649258
-0.150257059094266
-0.0875765430543398
0.172733548717789
0.0742908573558211
-0.101774925918512
-0.0259021894115937
-0.04542167417985
0.0590525698309691
0.104298339729655
-0.0322827661798361
-0.0554170263076652
0.0290133886825855
0.0810384647146598
-0.0136062198605937
-0.0035112232107049
-0.0352353886817514
0.0309626078759323
0.0428845070706093
-0.104943457813084
-0.0661920175746522
-0.0177303378265396
-0.00632349786781543
0.0332059271130618
-0.145024604877313
0.10424596707496
-0.0590081569325179
0.0621583332616294
-0.00178526701810422
0.0322010841981686
-0.0775349023818723
-0.0245859289265336
0.00531644385027749
0.12916113285275
0.0611365310723449
-0.0378291703286241
-0.117746231308469
0.19575175055918
-0.00207493303380098
-0.0373391290030007
0.0998809759033603
0.126475317163101
-0.00618272268104827
-0.0212890366018019
-0.0931368529441971
-0.0115321624328851
0.131182968048981
0.0468968221452576
0.149656426392262
0.0496065047830331
-0.0368621219670698
0.216605121482674
0.124669673173992
-0.0514691848199352
-0.0898736849092534
-0.0556260899931121
-0.0739123442422078
0.0368134350308409
0.0828593020554762
0.194688249585776
0.152555505727753
0.0535672178957288
0.0572709365957496
0.0425513876275288
0.0405895772836283
0.111779421924663
0.355515918232715
0.115333321742377
0.0825451217050593
-0.0289637519853471
0.0598228215685361
0.0718564560878488
0.104342977313169
0.166040772256348
-0.0319165424742314
0.0842877266895807
0.199810065719233
0.0666350156309707
0.018485463871253
0.122755912717989
0.0413408849653823
0.105390302634922
0.0959819510657756
0.116149564950476
0.161484625714235
0.0691616929235526
0.0594307667479556
0.0844323202446404
0.0443635672863301
0.120433106678062
0.135250762622938
0.121371661298457
0.213405202294729
-0.0584694083879987
0.104267595585808
0.159274398978901
0.238137890261184
0.0443947803602848
0.0467264190595753
0.197592460559893
-0.00966065892133648
0.195903137394555
0.0222225237856901
0.24431597748608
0.18889926633865
0.133236350028708
0.108899876861311
0.0827232055553338
0.26111497963516
0.0548974657167159
0.218373831062552
0.00337341449040266
0.242009892709488
0.21361463490483
0.113268781587153
0.0732087491586738
0.337315507474292
0.237491162153887
0.237171478174739
0.18832802702949
0.0734832139467987
0.0631212395863726
0.107137676552887
0.0334660763657594
0.271270753822964
0.269604317917498
-0.0272642096073038
0.260013961873918
0.30947416251079
0.245227882629476
0.244845544237602
0.198371722159428
0.139504980134617
0.175949918648022
0.284639110609323
0.0934821746466289
0.33252176713534
0.293422756345324
0.165469198703297
0.233809845136545
0.231312624142969
0.269089386409329
0.291284449203636
0.0862527689532096
0.203787867477085
0.271063872743767
0.270218789542865
0.383876036912356
0.271237243882471
0.230112222575434
0.25386095856653
0.233673444732596
0.149625407337352
0.240211761335891
0.317508195446902
0.0453535385204799
0.212975016036389
0.246103257949357
0.373497399464477
0.151028682781536
0.37339087669436
0.359489214174106
0.265507287459174
0.154206209809937
0.290946368333702
0.249836213153269
0.339676117165475
0.197600040722543
0.372343408102663
0.431910239701388
0.266566471267099
0.258910539160497
0.249731193902325
0.218731086905321
0.392995307523487
0.454524576634272
0.340966117371723
0.195803805724384
0.136211022412657
0.459541294677355
0.297589290003213
0.226945823063996
0.332465981571891
0.268618628861931
0.392826775755855
0.283443652388584
0.289276750786975
0.265002111768769
0.236332252225896
0.384636915805946
0.293535723826944
0.473552721212817
0.28272953689498
0.36723864370523
0.354904840433411
0.372613667937513
0.311555356211267
0.253809785763695
0.397358298570452
0.329966832347349
0.441214789046007
0.324704821632323
0.439708790313358
0.337181087233794
0.2834123182561
0.347604709607523
0.460531461427163
0.455065573389908
0.418823041292796
0.369871801790463
0.346092149989244
0.311126815084505
0.164162992709272
0.439144268940454
0.19049062845492
0.227944701252077
0.4194476893555
0.44867133755778
0.436839499345637
0.341674083875184
0.341765906249547
0.357503212232946
0.39023979960479
0.375595830846402
0.346408361352013
0.345448169015756
0.368660951882114
0.318913542607512
0.305148470657945
0.366306084144657
0.444139073908812
0.361544198123018
0.429533073629987
0.329783630413035
0.371108557942622
0.303147207698608
0.235763112894141
0.548483723661523
0.466396409403845
0.349734393441115
0.433839222486756
0.51033815065801
0.424396055467271
0.470089962248346
0.335322124588241
0.341266107455097
0.414872996577152
0.352407752750966
0.316019860457655
0.411079899718691
0.279659839692314
0.439489888709651
0.531282956913633
0.479441054296912
0.47776958141438
0.459563137106133
0.532754058810608
0.442252459051528
0.497389219108083
0.410752377039391
0.644327773263011
0.350862289903192
0.560461738405826
0.410735468769363
0.416773867164295
0.525612536757316
0.423520923707859
0.557234042819329
0.513237312094231
0.340533718470165
0.382608885798182
0.408044738919842
0.390739326541934
0.594178771885058
0.624479676900947
0.675214708615519
0.443499510283643
0.479686517072017
0.58086801282137
0.512126759492369
0.431308880576893
0.497298090488606
0.464208896924905
0.520803868602745
0.497992158184682
0.631630750667708
0.358405013212275
0.600798874134231
0.567519867109374
0.45858384943143
0.628416265968685
0.564160603277246
0.602106211818823
0.641283733917889
0.521343786528989
0.448718382985546
0.462806892934403
0.614053111182862
0.491223253735698
0.469374407886208
0.602712261175594
0.589950368899044
0.498932876346519
0.585464130454634
0.501025481457533
0.714161132695858
0.700431586083474
0.397003508325432
0.460983203473454
0.583108991234572
0.571125406363157
0.497349776495802
0.364238712618774
0.475040430988137
0.557124593230009
0.59088544854845
0.608451843529433
0.429151860439573
0.707048978135833
0.648517057247791
0.575608620336186
0.560774684018553
0.683230935174344
0.417446052719801
0.357546824055506
0.524856452200552
0.541460093786877
0.528802547604153
0.484499744280285
0.434454900702452
0.579911519545404
0.571876130140363
0.854894307329592
0.676398371998889
0.566872621508058
0.636294175877267
0.697714765325444
0.629706625665781
0.667946321519229
0.631992105052234
0.586678968783562
0.57598329601121
0.556451971173912
0.692353779658487
0.517436551206702
0.677266344441435
0.680439915863273
0.672321552341367
0.744739292037439
0.565885472650532
0.670799620074469
0.621730307991716
0.673171390968239
0.578579146584656
0.737408733661502
0.839482024270908
0.819200506444281
0.650692833372836
0.604015258867738
0.678212247537411
0.796212178538051
0.650197869065686
0.726417234872084
0.706938541576742
0.653693515023478
0.578278079483266
0.601549689047221
0.639663104611823
0.56362021118431
0.817990314055151
0.566855447512505
0.618424543444824
0.494153315288726
0.612731561540462
0.646544484713003
0.528179078796606
0.65318483467102
0.643694417441026
0.738277373491104
0.593492447023886
0.73346813111187
0.653032606962509
0.538929766716485
0.605409127855561
0.747178140154101
0.788811859929742
0.812068841099502
0.735723699029413
0.715394841125397
0.785742433979129
0.648567648894218
0.616050320917465
0.755190280215061
0.739092413516503
0.740052655230129
0.74269563274097
0.815060009784836
0.696187926630057
0.805545988174281
0.811068814218248
0.676575563531699
0.666503204344886
0.665190936191687
0.713955988926622
0.835494037554089
0.861802309760934
0.603990817264808
0.697425493150935
0.857050774460951
0.803767201505532
0.81135379954071
0.671318489208683
0.86600374654069
0.790589145075891
0.810577950668964
0.765920415787909
0.810005823588009
0.914351918112724
0.659352556016013
0.827245274561839
0.796212831762332
0.775055674513768
0.720358674086963
0.769573120019197
0.880307591165063
0.789102339626695
0.816174975392706
0.785587736662341
0.772694783098104
0.776896379933
0.768640577508343
0.842493440976798
0.704492495531668
0.592367025755848
0.976739001064831
0.709924537790282
0.917356183703539
0.871187594064408
0.864579198935938
0.707171018423639
0.831171534295684
0.891964958514919
0.748028715505707
0.796990733718523
0.81676239326653
0.898481552455554
1.04488180377167
0.858338394064805
0.665634418635426
0.750838897063797
0.79383465921763
0.910785379853277
0.792593520742125
0.83292619165744
0.831006742584764
0.817896430578022
0.71826078978273
0.896702789825278
0.845214732393144
0.942805917941466
0.886103520750193
0.726841274770942
0.955374018720781
0.851730782994991
0.81322500806572
0.748194029451523
0.8339899870704
0.80236835834823
0.844286709803985
0.929647235824055
0.860604945982903
1.03204655226636
0.873298410125944
0.875187597364183
0.681749354436029
0.969803146033573
0.944569175928652
0.95230586939132
0.828869916921248
0.92459407592599
0.85403837493439
0.826720955712575
0.837836268588413
1.0342985432921
0.9550588208248
0.855322795608003
0.897178104024155
0.873939060531445
0.916791057051875
0.95269640043221
0.945240359263871
1.01213791159445
0.993915367928587
0.910494933369128
0.815996953720952
0.839850261847722
0.884609071527819
1.02596747668022
0.917124053539111
1.02745252222582
1.03630022649237
1.01004500394783
0.892316884007825
0.833436289046455
0.888153004156585
1.00247749702704
0.849265508502989
0.932257559594913
0.960671287385095
0.915710158152048
0.861696055391557
1.07225509601068
0.917827693657871
0.791029512790861
0.885695929589113
0.858602840373785
1.00542773188468
1.01856148933745
1.05862503731626
0.949564304733731
1.06890483470981
1.10242317312533
0.973815114577432
1.047720191626
0.968487607390403
1.08449071197261
0.980784546893081
1.01713265039168
1.01647717991523
0.924632372705208
0.943184625598485
1.11782870016813
