"x"
-0.935605738829066
-0.843281095180373
-1.07473075505795
-0.868301503568509
-0.879093018132706
-1.05564724742628
-1.11145967798808
-0.941945553747298
-0.952760984996148
-0.883355417635778
-0.978277945899965
-0.981689325104315
-0.934207074586191
-1.17836991637277
-1.02695927372536
-0.999781140337921
-0.987769487759485
-1.02505243420962
-1.03824867029271
-1.04956577760289
-0.989258286864951
-0.873101221570502
-0.992088251128427
-0.850944799360141
-1.03618233819325
-0.950945758434855
-1.07054730336631
-1.01440140539066
-0.975244628707026
-0.917064433442471
-0.939186335302352
-0.82312322217194
-0.855685773925277
-0.879478087675792
-0.78647297172733
-0.865041450539201
-0.723894602204921
-1.0139148664259
-0.886992197654824
-0.894221670707127
-0.907303726333496
-0.875196812216442
-0.887806346279439
-0.896286315269464
-0.845938049370102
-0.818845428497425
-0.929833221402171
-0.950548409440249
-1.01064554836385
-0.783562511831796
-0.878814639755557
-0.89648686668088
-0.746894970107357
-0.843676612118575
-0.802163080161057
-1.00303002030225
-0.875163757722567
-1.0125087240982
-0.828109220229741
-0.889530577436358
-0.784184382753167
-0.93181631160412
-0.803253563033189
-0.918540478749839
-0.966262618255372
-0.918950626418235
-0.818975831568309
-0.907581934302034
-0.895434820657812
-0.901383050854029
-0.788510880891222
-0.813391679054598
-0.956989269916645
-0.801871778014651
-0.754660941414709
-0.847195698244387
-0.818190328133628
-0.759141566935726
-0.715564878647167
-0.866420267811684
-0.83829826192863
-0.712529754140247
-0.919922234925408
-0.777911145053014
-0.814704360933422
-0.865604760866186
-0.860146105487468
-0.85217832466651
-0.821400751069024
-0.843160260591143
-0.715325922480621
-0.886003805744086
-0.887653069990568
-0.737082700067905
-0.867964741953976
-0.765839916193719
-0.739396805806553
-0.671485518374738
-0.747677740279931
-0.863469970675439
-0.821593943431622
-1.05163690792536
-0.727035826550142
-0.794546067030237
-0.530110653728376
-0.737120811148251
-0.825071948519569
-0.810444639075919
-0.746581180815374
-0.811845846896172
-0.721840458167125
-0.788641958415499
-0.787976267594983
-0.669042719421497
-0.81277631948572
-0.82752545312404
-0.728980227103831
-0.774399256977615
-0.663286231379626
-0.834690224593542
-0.613649067870761
-0.856205914834866
-0.877535242755566
-0.671571765743934
-0.880575633547086
-0.767924847204677
-0.805250664413158
-0.599260760673542
-0.863064417815235
-0.679252446999785
-0.681078867744876
-0.698812207997915
-0.697267773598732
-0.678858350453006
-0.707175276131344
-0.685066852884991
-0.717189612574008
-0.786262578015758
-0.696852557702805
-0.861582206245391
-0.787747731021412
-0.767986065802563
-0.689247806084583
-0.795411703400152
-0.689908168995055
-0.42177949589255
-0.676247788986406
-0.746751599581513
-0.778442168576549
-0.688294699614184
-0.745202049210549
-0.633624849108297
-0.761360650117367
-0.694447705684229
-0.741494653633375
-0.689574557271876
-0.741192915288026
-0.69841622913804
-0.795477006647383
-0.764543186358028
-0.769037669394736
-0.744741971255009
-0.602507829545208
-0.645845511998408
-0.583945114195946
-0.772420144975916
-0.60446534355403
-0.662730056925595
-0.635681524911169
-0.646618507536918
-0.63877974099814
-0.705228587949399
-0.690803325722378
-0.741553699908805
-0.718556375770973
-0.635547209019794
-0.658725362055913
-0.609707512290447
-0.741808503415176
-0.685994617261166
-0.793425114630222
-0.638621113712207
-0.697431718314004
-0.559113229090904
-0.687526479913942
-0.666388568643751
-0.607740789478033
-0.514833880484174
-0.650289659700938
-0.560809448512845
-0.570902033087236
-0.499166975242211
-0.596053073164814
-0.458761286980754
-0.682688265789908
-0.536776789133823
-0.645512563975474
-0.719655661185052
-0.530345234335869
-0.526072660696316
-0.569228135720231
-0.521858346717892
-0.683367774210734
-0.601102267175875
-0.626809435254375
-0.648105981081389
-0.516475025368542
-0.690037754729552
-0.693962376652013
-0.560035642825559
-0.541400109420332
-0.572567044300138
-0.452480368682622
-0.520958235897432
-0.585299031554951
-0.459479830927798
-0.631560225254628
-0.509680444585579
-0.607793984489254
-0.48489949411627
-0.675048667041252
-0.573879659960786
-0.662743401552477
-0.463722553060242
-0.523717816741008
-0.58282276550596
-0.586314774536039
-0.501579360172779
-0.616922409426151
-0.546596880203816
-0.556811852913307
-0.491491278696463
-0.40136241306474
-0.509216314041542
-0.532723440661379
-0.527373344730079
-0.421235561318976
-0.478010038668861
-0.523170445610883
-0.46368935026941
-0.49126184321808
-0.564720188848462
-0.506024393342665
-0.631308899713608
-0.526754439538169
-0.4659830107063
-0.563962794676933
-0.461413978013761
-0.552272747310862
-0.43739505795713
-0.543757534678552
-0.453019229636568
-0.42141405269624
-0.330330849125913
-0.574143385653606
-0.393496031909392
-0.520455356598357
-0.554235507694547
-0.466770713375362
-0.440977449371245
-0.508747015036318
-0.476280009827778
-0.33753323990152
-0.678525420606559
-0.544791711893816
-0.480316198263758
-0.536740232562173
-0.403618198970227
-0.486520267955856
-0.377302739837205
-0.40142403467619
-0.526312813054353
-0.564788620737219
-0.361677550430231
-0.381673945594444
-0.536791996042772
-0.472828308085243
-0.393369758006319
-0.346730990735591
-0.500688931516989
-0.435889870768575
-0.289497747955327
-0.416586067000301
-0.409693500182323
-0.436260553648461
-0.423747641009906
-0.469008641582062
-0.484398217817278
-0.514865910948148
-0.388481498516628
-0.551003724039066
-0.407793652608605
-0.274717085707346
-0.504762701617074
-0.46115657558255
-0.410997473226538
-0.501794763980714
-0.296932058800658
-0.479342194257797
-0.4093129620851
-0.415231134271426
-0.476542427947603
-0.484965070024095
-0.330386608430222
-0.432913082515031
-0.399128654536882
-0.494523052859264
-0.460839991234932
-0.384223257614951
-0.515661121232088
-0.432601316489958
-0.391650799391025
-0.466763710560985
-0.41071998283919
-0.619619265707009
-0.336715084482061
-0.278416362654077
-0.301514935468472
-0.346995145661203
-0.477488163765696
-0.334388860434997
-0.309028920527235
-0.44947258914799
-0.244846787504669
-0.420096954312265
-0.334481269693421
-0.441699425036343
-0.348416233011774
-0.223316499015637
-0.274360910781953
-0.313575802514151
-0.363497326477952
-0.341836690204096
-0.414029694186752
-0.278524051859807
-0.387058233995126
-0.321557694500143
-0.280535317064243
-0.34070637378781
-0.337437015222177
-0.274723534070189
-0.367220154866186
-0.236186362060836
-0.19056787157928
-0.260920769830332
-0.373138855694456
-0.189116755653743
-0.250457496809562
-0.413488558438039
-0.3510585866565
-0.244978398908237
-0.324886827063308
-0.364667629677232
-0.320266058353038
-0.170966007084829
-0.208683639398727
-0.159255292030931
-0.156933328869028
-0.216190462053696
-0.486894042929335
-0.312555728215948
-0.190693841637895
-0.275865220560787
-0.304950296514094
-0.289959605961006
-0.274441891233137
-0.27005597331754
-0.119195971740592
-0.189914673564717
-0.215431666450832
-0.402056304288256
-0.245859569381067
-0.108312985177564
-0.248429148696114
-0.361608118001271
-0.244946209109864
-0.42389368074934
-0.19100278533703
-0.258145783509543
-0.0831809319412366
-0.111379267322218
-0.181324995339402
-0.225935942393997
-0.221206295719617
-0.235903433890181
-0.334152691724442
-0.21031137010149
-0.131682908650598
-0.116187287420395
-0.257887645117145
-0.149678042418416
-0.20306387542076
0.0113704292382997
-0.328527295795003
-0.137723688570358
-0.260478259020436
-0.0940790101383087
-0.099482326415749
-0.202257011421693
-0.0502003678653432
-0.230075500082422
-0.283841834924243
-0.271567914376112
-0.0860212876772223
-0.138969843551879
-0.147531242170544
-0.113458498216693
-0.113817627855737
-0.357725195451923
-0.232317783263942
-0.245461343980559
-0.243837784573127
-0.0519636358786962
-0.0967490789146206
-0.237115711971169
-0.0863385582917745
-0.123058374799516
-0.0915969287825124
-0.188398548890861
-0.171016553403714
-0.203344154430291
-0.326363982681948
-0.215159598683099
-0.167806456303046
-0.298418746183392
-0.0991413056221504
-0.0910498006675897
-0.120983465309957
-0.0471997961687071
-0.114740119780459
-0.16607106895914
-0.0835975837446377
-0.15106123221046
-0.0559293520053039
-0.184868032055844
-0.107942256586148
-0.0487843807373549
-0.205650509096624
-0.14423666288817
-0.0705100075342293
-0.124630947473642
-0.11706739076423
-0.132854617111813
-0.0217679431083619
-0.0318242604868643
-0.0921690747319754
-0.21963595626356
-0.03625596579441
-0.0538881895686867
0.014197738302932
-0.115954755031324
-0.0436957546870644
-0.0767596535374152
-0.0896564437288698
-0.136028997164212
-0.141916723378626
-0.203239510763345
0.0810061675145559
-0.0378007166024231
-0.0247838248624699
-0.140044162890543
-0.0139911524501453
0.0904603053638195
-0.0177508628958963
-0.0731252808823782
0.0231256186814803
0.0506066795050165
-0.127541790568799
-0.154448186878271
-0.0399023316215785
-0.190889298037225
-0.0285301256296683
-0.0915666717431222
-0.0452075432316672
-0.00199051003036201
-0.0545929264236748
-0.0193502770852091
0.117040544364735
0.0371459583674674
-0.0871850255084938
-0.0553612334617455
-0.0229267764161142
-0.111387483560591
-3.06611723426606e-05
-0.08537215462409
-0.0821935913105969
-0.0358407917399153
-0.115466369281532
-0.0667328040990488
-0.188341027119875
0.00674637462176925
-0.0641215353391829
-0.0448724550525924
-0.000298119787978335
0.0861630657916065
-0.0488841843176049
-0.00218234502673995
0.0110440896011391
-0.0451787401174312
0.0543494541439876
-0.110822504254391
-0.0584672257620075
0.0415202456841151
-0.0320050465537072
-0.00318919263762977
0.0393219296764883
-0.0614850019377791
0.0201028194843027
0.24518007969464
0.0369445257992575
0.0150201963668215
0.0830423341272371
0.0492416906203135
0.0552414623795729
-0.0855644260819882
0.0844447040115706
-0.0271396708057107
0.0560863154169556
-0.0587343581681601
-0.0815496664809089
-0.017151273215206
0.122681520290492
0.277375629427104
0.0101278541609407
0.0967133893507476
0.0337223099669887
0.0501922303862685
0.184094175167678
0.097872493047775
0.0449264208070667
-0.0151640077631885
0.157236382617923
0.00961938460283385
0.198476976603931
0.0762498748052065
0.214544798255762
0.208143767851923
0.0552760154846706
0.0409468594567981
0.0965788996762271
0.0737200162570554
0.0348578526243058
0.138585565105822
0.152000317512581
0.15402649196149
0.057422803395281
0.117167185660529
0.0254797772968551
-0.073933670518139
0.093527407427719
0.158868463279299
0.074984380292703
0.110629053589216
0.219085327763207
0.146427859628008
0.0920803479793704
0.11340556457961
0.0692235483224755
-0.0179254037957255
0.158431946057984
0.146235611936743
0.191692007090131
0.01900028168399
0.166964214285017
0.324143422531329
0.0535444395761335
0.132507695957295
-0.018334770959899
0.090438304244098
0.150775430258109
0.14193537474994
0.134900763898347
0.269004308897239
0.0555188252846078
0.166297406645392
0.191742899048066
0.210382449931392
0.160418899975908
0.111565951893897
0.283232969837548
0.0437938624276597
0.236571324741043
0.193876492272636
0.106361603150314
0.186550160964974
0.306837357863288
0.218415985688071
0.221277866841757
0.13699867561989
0.153180488319265
0.0563851937938062
0.133844409215781
0.123780145383154
0.202491158596873
0.221205148518418
0.213426536291189
0.150208239570271
0.250835457583119
0.240826411131803
0.216642058028082
0.281115685624998
0.197784583647998
0.189702256179859
0.146647513094268
0.224452077564847
0.200208846707264
0.228806725777332
0.282799328747703
0.17794440221347
0.129295393352588
0.22330985092195
0.176832648993721
0.214589831957492
0.206967478131272
0.27088205715158
0.172369087139996
0.204926920437549
0.141516409332372
0.17602698125078
0.252085921353218
0.200307111103808
0.231416508225407
0.259654341600042
0.381053465348522
0.463781960598985
0.262908257173603
0.203306569900001
0.208715945004442
0.237142155723876
0.230268553015912
0.213483918474868
0.173404437273779
0.308453190043639
0.11802042745735
0.35493199743028
0.430952158318999
0.181359334348958
0.22733701906502
0.174972248752768
0.386371742901988
0.257152558636331
0.184165798061722
0.310825824344677
0.317871902351295
0.14525566223044
0.289775136214678
0.327544502501917
0.411353572618735
0.174789139324316
0.329876647316018
0.424042413079677
0.28723109647445
0.250807968524767
0.36744353925546
0.155230408436439
0.404735406298873
0.381398105724182
0.328016784075593
0.470818359958315
0.42155769201497
0.269524320116993
0.315209212268286
0.335034526529941
0.206935202806132
0.376074253716482
0.250796603177081
0.269494983245769
0.369008656604829
0.312148984320075
0.270569303208063
0.410328029305215
0.542126769994928
0.470183406834185
0.281433260955993
0.234255284011375
0.442022847049796
0.371712835575523
0.362862639530638
0.31297351268679
0.396378523414413
0.412522996634541
0.409879150167508
0.342289544468476
0.248533627480142
0.375007784381368
0.387941677295905
0.349720025078063
0.328736906242856
0.432198255886674
0.358708802297005
0.41542080001472
0.360476236759959
0.467984417453777
0.276047870166492
0.350808163187319
0.274617616269867
0.196596069836792
0.473082508585002
0.449666518718196
0.408231827960066
0.328713979964437
0.438015057118765
0.459157791873116
0.51161972555943
0.423415896125503
0.35880231248838
0.440767315081192
0.406189112045747
0.467777784296694
0.442025819304925
0.33164151548189
0.615937852156584
0.430474442677954
0.581974945535316
0.521935859943612
0.501606187722796
0.517204584725763
0.437754481160741
0.468380713184446
0.53669697561415
0.503507743727976
0.430994402819758
0.547152823887644
0.464369393310106
0.493327518524035
0.432148067177281
0.38717530156511
0.318915789729752
0.325932332868205
0.408403960378737
0.413858175884945
0.419897971863588
0.397031340069296
0.509019473410712
0.434225622496946
0.470264498622163
0.46429389852117
0.473322555450054
0.525239887421751
0.531017072147214
0.372248547132989
0.584559836127864
0.530273860227405
0.395286597064748
0.400121530415496
0.37429541063829
0.527613837434131
0.357200563239527
0.581144756084378
0.566079849240632
0.434953930588025
0.505889359001309
0.610125996850895
0.540994421338669
0.566185376310318
0.589566164182283
0.398930879814655
0.394024927068482
0.553787203228504
0.543884573795187
0.412193782544724
0.377821701820178
0.632417803214521
0.550410969335553
0.529319317408127
0.571556826636639
0.558097391067324
0.528651178445703
0.502196635977327
0.578647170945019
0.459907883374651
0.622188096599377
0.545640094022688
0.421848065067335
0.635274775589488
0.57523869269332
0.64570139215035
0.459008654643503
0.487243609253185
0.472912543870889
0.666547993067633
0.52305633548002
0.608326671389938
0.616596988548581
0.512293830831913
0.629621896830695
0.62589388049896
0.597621505584137
0.691391649083863
0.619832331327549
0.697664649354894
0.530821507372048
0.58415929992236
0.35376322956776
0.548178435400936
0.519256412636933
0.515841774032913
0.654863419969313
0.576614729737731
0.696768108960925
0.505847212289584
0.487191588595824
0.61399601610253
0.767665561046726
0.665412799830208
0.652510604448481
0.461511631994739
0.598054911842428
0.619622208952445
0.598459313372398
0.698113705918195
0.659589684595887
0.469488080976609
0.623554171228849
0.672579803398018
0.567007977326226
0.706412352241074
0.780805014387337
0.445616030958655
0.761265740115021
0.536846857916413
0.739453026698895
0.454964742484589
0.596457360415193
0.702316914583828
0.654027313863411
0.498010172099054
0.636875603899356
0.560966360899043
0.718587497279378
0.728459622787216
0.699108276898854
0.566628446964663
0.798731608566276
0.750735768895797
0.505914366715793
0.653898401963686
0.805598433987285
0.763189446140959
0.642684806892389
0.808503686986276
0.577134537672057
0.657325177991018
0.72203516377184
0.614063861276806
0.663313945243702
0.744851997828006
0.701208114396303
0.751623884335991
0.650649375268285
0.669500324420216
0.730703805162394
0.618273095103506
0.726159753657088
0.640626264696942
0.795629043042145
0.68874426236141
0.779784028430281
0.538079472330507
0.853824313225237
0.737261917467835
0.758830558519153
0.715667919448806
0.749748287370778
0.640307992606546
0.691865242528631
0.812057451854447
0.78837259080737
0.749677886394883
0.676808034900708
0.581890358407525
0.585247973628561
0.803045192665175
0.787796401478911
0.678549041753134
0.7679786198469
0.710253600562585
0.673963244372387
0.848369613902955
0.898254379750571
0.708108672724862
0.790579361497162
0.767545239206818
0.698624871889263
0.799538955238023
0.811015831586507
0.824956505176693
0.862266542647656
0.809522558365491
0.760344951888375
0.595541859137299
0.842162790566447
0.551320665528057
0.881097864274258
0.821725204736917
0.864723811972149
0.79063774493423
0.692694841287398
0.791476952570653
0.787372766160898
0.734004125534377
0.801272106566258
0.826111217940196
0.790580663163738
0.748494591831902
0.624351630354352
0.98268160772419
0.731111147435414
0.822245476661305
0.736331605599631
0.799336264812042
0.83927784136222
0.955126840828419
0.860008626188754
0.732082803191546
0.891350136322604
0.734418487674193
0.743839902646645
0.828741448908367
0.83527018582218
0.77598691935712
0.860226097352294
0.80059974259273
0.943576613998718
0.760713485992123
0.952381274862773
0.895476822544157
0.712346355032446
1.00492528884193
0.804406152638244
0.884111353834263
0.791039579966492
0.828853261977727
0.944978578693371
0.818483755354735
0.83988893980905
0.91146103008166
0.864836837548619
0.913634830900356
0.934675950796902
0.924191789249001
0.93366338644261
0.826479982951163
0.866976200914423
0.85070568803176
0.892223507541474
0.83674179580913
0.733483147017444
0.881792923790707
0.901750957004224
0.981430535508973
0.717317302352044
0.84571880566012
0.907944948965153
0.817292775245416
0.758355522946747
0.742642974483692
0.792200992773637
0.866066321312236
0.823905457376244
0.880995394868779
0.899065657756572
0.977723500544133
1.01189934201173
0.974223472425138
0.769233493949172
1.03092743869691
1.01947732630747
0.978399383402372
0.922685464135189
1.05513268490772
0.953600954228595
0.876834521382699
0.994586131142813
0.92609708519028
1.10885722655283
1.02607610122598
1.03518607058151
0.801865314551575
0.926918201892873
1.00480921062625
1.04830194338529
0.966573450586476
0.975870598837419
0.901359050338153
0.940240304731731
1.06211384964504
1.06424083581976
0.996113030513135
0.988028168307708
1.04700360630412
1.1162256318977
1.04689413900688
1.06390306525677
0.943472670471357
1.02215943919854
1.01213982583859
0.996615933295884
0.911691092675703
1.01693032200345
