"x"
-1.07066818178704
-1.10130047302658
-1.0339032285543
-0.949490510760848
-1.05154736803406
-0.981940626148542
-1.08008104830401
-0.952443368023041
-1.17652800195191
-1.03665207511236
-0.95563099241628
-1.02194422304375
-1.00266227329929
-1.12872582658745
-1.11867360099272
-0.971881553640072
-1.06125488168901
-1.11120899263084
-0.853600496509987
-1.03482970619741
-1.01057134782174
-0.875981926591775
-0.926801045286884
-0.958530528518451
-0.897017259033278
-0.864176269743932
-0.996938856419445
-0.851777240563039
-0.917326308636884
-0.878989676377838
-0.927886976487376
-0.917707945981406
-1.00256325075312
-0.849532267080613
-0.885712181189637
-1.04781914437968
-1.02822382793911
-0.96029955239911
-0.888596238472311
-0.969860802451391
-1.0564858512032
-0.780367352979836
-0.966475516401916
-0.982366074633032
-0.939351464735919
-0.918484154600392
-0.971568329968004
-0.945140075946873
-0.864891145439093
-0.965958869827555
-0.887011521630792
-0.945233564496169
-0.879733432921068
-1.05826038563749
-0.90446517837557
-1.01479681946173
-0.941129401676681
-0.722622264427484
-0.799016781920737
-0.887114764007465
-0.866233141555157
-0.90099103825418
-0.717203480246729
-0.872934865683321
-0.94298764547917
-0.857644844770156
-0.932843423282981
-0.980001069849255
-0.986118493220176
-0.835514617321118
-0.780666820221712
-0.862887909722927
-0.806522131995873
-0.832594256382404
-0.97791514729375
-0.865751097035333
-0.892357835269146
-0.654822427788421
-0.851612213743698
-0.742609167556625
-0.720570190452191
-0.772436391118053
-0.871566634206888
-0.90147236648973
-1.00829179910599
-0.78812569859033
-0.801849775919609
-0.89226436206328
-0.778074262032265
-0.89741622081335
-0.767961618803815
-0.850459515332123
-0.931304979342891
-0.795531685990978
-0.784220802557391
-0.734058846221152
-0.715828829675478
-0.723811274198879
-0.719064454990065
-0.731952232955714
-0.857272189285158
-0.733680130874042
-0.599864894839658
-0.868036298851519
-0.81808330518254
-0.780462102646993
-0.884288216215043
-0.80780658962146
-0.776831078087321
-0.715021670814381
-0.70960257327136
-0.81392951513322
-0.69992851178797
-0.85915192110609
-0.703347049430291
-0.911096760242545
-0.728965213578665
-0.884797295213026
-0.67807403350237
-0.865705599729245
-0.736826304138886
-0.828708377869895
-0.812541022194217
-0.953715676473416
-0.757149309289594
-0.854657389772794
-0.730525014075873
-0.6359237170964
-0.701845195742503
-0.691061302883087
-0.700404170901391
-0.800068269140904
-0.813786254611258
-0.882385497721136
-0.898133523028696
-0.792962488363447
-0.622370249580041
-0.641055014939156
-0.737427507765171
-0.683385833823479
-0.798979114162434
-0.463667680284028
-0.695392641705569
-0.747926601846839
-0.644377683360026
-0.530388591623568
-0.87601725330889
-0.554997428171275
-0.703077181159217
-0.627743790246193
-0.81663558810336
-0.67942860845926
-0.825529602765994
-0.744886570705647
-0.598636572495163
-0.649570378861756
-0.583554724002661
-0.626240379409773
-0.60999977516496
-0.680941700755837
-0.61817553432498
-0.722088960341803
-0.612710103072882
-0.528684312940261
-0.660029265528821
-0.62435978683987
-0.701757381208732
-0.61934886213116
-0.583923116248975
-0.688161937168031
-0.752492719135275
-0.594097725859382
-0.65260637224088
-0.642543317317597
-0.582858839460683
-0.532726125389363
-0.567036537365127
-0.591583552883047
-0.652423407130602
-0.662161111167276
-0.73811341469406
-0.693490085828611
-0.429360788289482
-0.588920472251174
-0.627508341921983
-0.69820030814545
-0.582576105059746
-0.579901843100245
-0.75000611154523
-0.601923968375008
-0.685325666544364
-0.625694985014174
-0.7221063166707
-0.712553761281728
-0.523886085197595
-0.644873703061464
-0.632435337863237
-0.680143385755666
-0.720559695777666
-0.509837360073215
-0.660494694772806
-0.624765820698475
-0.656243949016693
-0.619977363465267
-0.586847103547481
-0.524621609746117
-0.667397281082117
-0.602659803081825
-0.624516856567345
-0.493340425405793
-0.477179271313388
-0.487175311250482
-0.570944270512907
-0.497249070201215
-0.511810404867289
-0.540628764625193
-0.4504239094567
-0.500737702553899
-0.59652570670252
-0.582874506045745
-0.564159638111873
-0.56615771013165
-0.612393975283288
-0.516572676170723
-0.421643303078861
-0.589606752659244
-0.492996359362754
-0.590476523342816
-0.538590071501978
-0.462492157100408
-0.418665951674762
-0.604356685888613
-0.493126204568399
-0.516825255293627
-0.545904314596711
-0.485822437387338
-0.531045011202456
-0.547352394530002
-0.58060183515134
-0.510018535978229
-0.571810189031257
-0.559486398523814
-0.487756812226048
-0.629861225324667
-0.532636920321772
-0.528955551315719
-0.503344670957861
-0.570542987416507
-0.471908990578115
-0.548755404262393
-0.513641096434356
-0.593763642372075
-0.393504172559157
-0.617815227554912
-0.482199976669461
-0.564553967523747
-0.500002667783731
-0.540806516031881
-0.451343450842301
-0.508306805600804
-0.611003651655532
-0.625889549337681
-0.365865578775774
-0.565981351466735
-0.413001206096174
-0.484639401608656
-0.41923463743394
-0.540997315494259
-0.399622820572769
-0.397757027301252
-0.321299615454613
-0.439195703389848
-0.578171739695541
-0.463145768071866
-0.42428655782558
-0.339002161467733
-0.452994915905834
-0.48662560663683
-0.53907014381823
-0.429423950769653
-0.460591046587156
-0.532967248929601
-0.317546500738374
-0.430250779436712
-0.420776843618097
-0.383769651838012
-0.389219132185161
-0.327872406319112
-0.322471262714971
-0.343234108005971
-0.453027291730008
-0.270601856416869
-0.318613436382075
-0.521076029693145
-0.382307411381075
-0.387889707305561
-0.464402256623223
-0.232676554454842
-0.441254110233157
-0.427068273771058
-0.447809611411463
-0.379988199434708
-0.360733226412081
-0.460462144340769
-0.319167307698069
-0.372827408470253
-0.384817944280786
-0.478532240535815
-0.451446270190912
-0.345820676832122
-0.41906280923348
-0.310488128147198
-0.300512583803571
-0.41690011601088
-0.329554934895221
-0.321869199361943
-0.423696818032297
-0.18184457106739
-0.425995898927835
-0.250548619148773
-0.372100123799352
-0.406307194402309
-0.407472225348027
-0.407450009775721
-0.341127903194167
-0.466291627200882
-0.159701109272308
-0.33731677993869
-0.361271728084414
-0.170346307264388
-0.328102437826244
-0.265089934051611
-0.371882818159015
-0.334932533912356
-0.346938580170028
-0.440319917073945
-0.332762042871679
-0.410363908856987
-0.422953853038948
-0.22642978754967
-0.339137241818623
-0.367285899937078
-0.228439104715964
-0.443961227906131
-0.373774648166238
-0.236494844760044
-0.368592859747216
-0.482475033475832
-0.414710820069578
-0.192319154812537
-0.305362796379424
-0.283590428150389
-0.206076601163958
-0.285032625230683
-0.216654133721359
-0.258188068273782
-0.326686350336039
-0.278038193089795
-0.43197339757504
-0.225767175213898
-0.368470623486704
-0.384459224081021
-0.312653257720672
-0.280840993368858
-0.169795595159756
-0.419278658579979
-0.296720094069641
-0.312443508222652
-0.152258267553073
-0.202719197613602
-0.226289832463291
-0.313606673103273
-0.292190407230956
-0.398020733503677
-0.242794250706974
-0.206941739641715
-0.308223139946286
-0.268354277493161
-0.339725088546411
-0.377280016697985
-0.273141493646483
-0.253732719964215
-0.369491792103907
-0.238956720436224
-0.34338578528577
-0.348118338901047
-0.373615079997896
-0.171034365686089
-0.210936865010012
-0.218201917677302
-0.16476644764311
-0.144825834907958
-0.261921566370233
-0.0747522865509182
-0.35880533406841
-0.23173755390002
-0.216632952744267
-0.134794045253517
-0.307005024978546
-0.33654927947983
-0.239044316472109
-0.118352235650901
-0.195743202926518
-0.296148052503831
-0.326726146628348
-0.0235002436549756
-0.0659026988393444
-0.359573329807388
-0.206696084804365
-0.246199107064779
-0.279395120525388
-0.0266499262827419
-0.19027871030075
-0.245377394833708
-0.207810282276205
-0.165778808875695
-0.248757864932964
-0.197234755025462
-0.0742889715522956
-0.165192447833183
-0.0838568370669938
-0.196699730756556
-0.129672052106215
-0.188164038731257
-0.186521498866239
-0.0445293760212102
-0.0791619144294471
-0.15017030016489
-0.0679453246879664
-0.0199748165532528
-0.0919139967204217
-0.079057881624689
-0.247245548746276
-0.150073661219326
-0.072080073588794
-0.0584105012077618
-0.0919688167326609
-0.0693621045692219
0.0562050461190987
-0.00284725018374436
-0.24162711934503
-0.1263618508408
-0.0542565359232008
0.102467135321669
-0.147468096133652
-0.065816973583534
-0.179975343626925
-0.0645620399062122
-0.0709092137439148
-0.272651275401504
-0.13570890817916
-0.126923706029749
-0.127032802563641
-0.213524514272658
-0.0217710697673891
-0.0968566424435231
-0.0284678362558944
-0.0267537425389308
-0.0530153872482354
-0.122107007083295
-0.0749408149406466
-0.00601958780392167
-0.0380434334720255
-0.0456063689220351
-0.189011721843957
-0.092685707878855
-0.0646215447208476
-0.118786662150115
-0.13658240341939
-0.157527692067045
-0.0690542228885748
0.161380263140687
0.0822564129024312
-0.101633312205768
-0.0116590428950017
-0.0309636159642844
0.0530220145411369
0.103770358686362
-0.0112586077513288
-0.0675795159430604
0.0116124025176094
0.0904508738654762
-0.0246025176862571
-0.00920033040216893
-0.032849692127087
0.0104872174855672
0.0540965678095472
-0.102900908073334
-0.0693327827929097
0.0014850678752611
0.00348375271488611
0.01571117140086
-0.144772478341155
0.118683208384205
-0.0585190560584634
0.0641056626424964
-0.000889533462499538
0.0386098396072648
-0.0678599699889789
-0.0374138403307102
0.013141642579912
0.142882880097075
0.0480006083050133
-0.0388579854962028
-0.122798666279211
0.169832166701425
-0.0180613976501016
-0.0414984704148831
0.0917628574754232
0.162457971060449
-0.0195310398752004
-0.0272421785087067
-0.0707096864553416
-0.0182576576774819
0.161508068980621
0.0542747759753443
0.149867456398228
0.0436491661774823
-0.0133824148661519
0.234638254323053
0.142443853947687
-0.0527224177450515
-0.0906175529198465
-0.0379725557223439
-0.0547868534189826
0.0683238728792074
0.102949435285307
0.184160645075694
0.138120316557881
0.0379307570188274
0.0811081653118006
0.0667097864217855
0.0404556538782162
0.11745955039527
0.352895486565679
0.119686603608462
0.0707602301406485
-0.0182786070126726
0.0742971163451435
0.099676540699673
0.11094000089637
0.147645398417194
-0.00302366683678926
0.0708874087086599
0.219577309186762
0.0965041154761834
-0.000693153497088476
0.124308491616947
0.041511491399066
0.0915445953061776
0.100480426482987
0.102367948782396
0.167315101880502
0.0710526551356818
0.08416546609053
0.0850527420394427
0.0437109570901065
0.131145712705662
0.147337095047984
0.133465616157979
0.208384307848964
-0.0502000213718207
0.0845573829932702
0.164285141856974
0.231889705158259
0.031481093821738
0.03926275190853
0.189203531221292
-0.0193458165910369
0.196559708138823
-0.00402856622572851
0.258332224066081
0.179136174872858
0.124447124127205
0.133444987367363
0.081277703524707
0.253337881837203
0.0929102072030409
0.232001839283923
0.0207361070908596
0.249757731532913
0.212494441636859
0.13311104720417
0.080567334600519
0.352096537757185
0.226685186906157
0.261066489456765
0.182199453221171
0.0970742763801886
0.0545491508111762
0.102100363341317
0.0374437424282752
0.271473668627211
0.271300304182102
-0.0455653640944832
0.256452354038578
0.297264548022133
0.248602053364557
0.243845613325022
0.198853385594481
0.113590999604955
0.180921323645501
0.271202734149573
0.0754193781213257
0.325095902662427
0.292814847231855
0.180772386843741
0.22053062255634
0.215960025896972
0.251830099226566
0.308067599350015
0.0914013718904499
0.209684141260717
0.266931056846856
0.250310362582326
0.38916665355613
0.257735173027866
0.220698721668312
0.276692502478075
0.246141149998034
0.136903927291053
0.266671661263386
0.318376531470748
0.0600482700932647
0.215802595075576
0.234273246105481
0.389987005979703
0.164012174402398
0.393816291449378
0.377700062501221
0.262020528472422
0.140180704551064
0.267073211345885
0.260979023581282
0.351271159305954
0.179242081064615
0.386101503852133
0.438356378436979
0.280596510492072
0.261626868235967
0.254884750236909
0.242714882223234
0.386970614991158
0.445500655135598
0.333042946246215
0.214136397167194
0.125177041004652
0.460153903941078
0.298631259807229
0.243636899027813
0.336964617788523
0.259783081824274
0.390196163850476
0.256624162740257
0.284610864219945
0.247322054798728
0.226514820134016
0.388913774593182
0.300819168525632
0.468368912705178
0.284528614098853
0.364078550169049
0.352707489947532
0.368769002849299
0.290638780168642
0.283342199927471
0.401961332272936
0.318488037048927
0.443223771733965
0.318287771554375
0.442758018449799
0.330253062221506
0.288944687773278
0.359502327200721
0.493511784873567
0.437755244574821
0.404867910303955
0.378382170240655
0.338668616861693
0.308175172791433
0.181457211244477
0.447044207114806
0.195019176891555
0.200047587189085
0.425483452749997
0.438458104115118
0.423394605800033
0.348000248804849
0.341167278552825
0.350279798892533
0.374200178919223
0.370329786254897
0.328743716095283
0.332860367353269
0.392290356659728
0.303561956118443
0.277079648114326
0.365299412863335
0.439807604301858
0.353066615915327
0.410354109828967
0.316934406964394
0.354303375042235
0.301690746930078
0.231191468392489
0.553517979749258
0.468124966114057
0.318371873103569
0.417822841901224
0.523490818352866
0.428770976022021
0.463534368429975
0.333013437674284
0.356874696619413
0.403614096548151
0.338332783441837
0.310379699434459
0.402539690843321
0.302755567459314
0.442833171631252
0.507753394988624
0.473112241315396
0.475954672040615
0.475063146050958
0.531406284061333
0.452378642392232
0.496609653344418
0.403812603322822
0.624486854169213
0.363733137845539
0.539070185501367
0.423231044643783
0.421167206726659
0.49672811417038
0.428331505752977
0.53864890850345
0.514464687850201
0.340344757336068
0.375017902831162
0.413602175632596
0.389945457555466
0.586520042999423
0.632815451369989
0.660757367106024
0.454818670066952
0.478475654374707
0.57960872850882
0.492880571263836
0.422402556339244
0.478231188771864
0.456241159122864
0.551330355702893
0.4846083486247
0.64271215682417
0.36663895163299
0.601799677421035
0.565356448374134
0.47198870865396
0.619314779429757
0.562917625400286
0.594637023106518
0.648580145229999
0.521197612639649
0.451480841361805
0.45829464280453
0.595537685677456
0.489455654195492
0.485622748228508
0.58733475981063
0.574316514533826
0.505013875877264
0.577125443217823
0.50671739620457
0.716013996659984
0.693609421173473
0.381284817108159
0.444866833990945
0.568055505792942
0.560169208278396
0.485185622941412
0.352177262181213
0.4558393953199
0.543340044134924
0.58377245660867
0.598194690666408
0.447333013713235
0.69112608860365
0.652169676513408
0.584046508259378
0.571814557587228
0.702292655517578
0.417024125892411
0.35511910482267
0.544731287027534
0.533655531077964
0.550865216619319
0.470354582276505
0.445350268057169
0.584622276155359
0.579992534107484
0.84483375063886
0.680320333333877
0.560030948338658
0.639103485398407
0.708023311122659
0.642927306743357
0.662054601674489
0.640412152418969
0.589194817899744
0.595772782271331
0.553109048774955
0.676424703393692
0.523753000212612
0.684507758069214
0.691176880761584
0.692069513709215
0.746172023108904
0.598160720147677
0.693226805981553
0.643410207927014
0.67725214351748
0.603654789828597
0.743653465027481
0.83344556989933
0.825707289114507
0.636790400311272
0.609681110821845
0.669284302265346
0.790552138536153
0.644412511298849
0.714956380174376
0.694381042745381
0.67521802182548
0.566504126375131
0.606601907974323
0.634609950939393
0.556099458368022
0.792473051344857
0.599896413928765
0.608446570015062
0.480658544274365
0.582735654326704
0.64530946143739
0.537569540935148
0.695500608815317
0.647413067002857
0.729605171502587
0.598196681042517
0.730023213564767
0.639859722270524
0.53696709217972
0.603167388996402
0.739930782011867
0.805239510779592
0.814540600427992
0.717906852778011
0.723531067825189
0.786152492442417
0.637905649803509
0.59141909375184
0.765791795796912
0.743919672577755
0.728549805045771
0.759360783361504
0.817274310636726
0.673769988963106
0.814660987456181
0.820602628543701
0.652421469983417
0.637673549097552
0.666311082323488
0.716778393153893
0.845467257508493
0.851280561715633
0.579332310119338
0.697973783546412
0.879931207868278
0.766065004348984
0.822856376314427
0.663537549983061
0.863852052700776
0.783277629704129
0.794069889113276
0.771088656613154
0.799804139468526
0.915223147969453
0.659250085843163
0.841178626651649
0.793331202369103
0.782351439578735
0.755440162280171
0.779691574985841
0.857503620823389
0.786567688332716
0.796618388401348
0.787173579055252
0.776282948429605
0.741781089857846
0.785908096135953
0.846609513351633
0.703109889339442
0.590167959604727
0.982359849937558
0.677887035177358
0.887586697413417
0.870671955438475
0.875011144612981
0.714057682945484
0.816616435125866
0.913597436356983
0.721982250267697
0.807836259080732
0.828765219636552
0.897435352315948
1.00296350890074
0.88146910773098
0.654898539246426
0.760942009357198
0.773241418115444
0.895483201240002
0.789137337024433
0.843875450236955
0.870615965542874
0.832194108092474
0.722869093838949
0.878592057835132
0.840647288422148
0.974191365617359
0.884755712926208
0.716906788699907
0.963372117523187
0.85590592129253
0.818536340006943
0.743001129005905
0.826730368328493
0.798018520610524
0.86458443225323
0.943707870465757
0.878619940792116
1.02856214325384
0.850467107597317
0.869081396607679
0.668220195052061
0.954202480785987
0.977669907249925
0.953764517321564
0.828793178918942
0.91851096772667
0.869936625081397
0.812113769741427
0.815568083516275
1.03643788384846
0.958266699188156
0.869683494355403
0.90793223353914
0.883422236409539
0.904030638548723
0.948157440374888
0.944997609392575
1.02128637234635
1.01229356782447
0.895400151970603
0.826330196484261
0.830506979550212
0.898463244292351
1.01872109261146
0.940279184370282
1.01897522866894
1.03170705418726
1.01954091551662
0.893233113667425
0.831906261348951
0.908347018568626
1.02746498646601
0.853207519092068
0.920658385990008
0.967257116945792
0.896083431818327
0.842045760400137
1.07814584618352
0.911882968099889
0.761833634386978
0.88426141543755
0.898863395552326
1.01778462518718
1.02474901547679
1.06308487335202
0.951693334591986
1.05183129242215
1.0913928408734
0.981354616340691
1.05453134653552
0.967788403564114
1.09755361469858
0.98717214432114
1.0304569751045
1.01359041712486
0.929831848769762
0.962936867717986
1.13252856638763
