"x"
-0.94335244009286
-0.854739680902664
-1.09039777675235
-0.85545893257886
-0.885448165139024
-1.0522776119668
-1.1118261858737
-0.934971163720679
-0.938373066078726
-0.893357617641162
-0.972756791872883
-0.979758471752468
-0.962736067786478
-1.19221306540696
-1.02213592210119
-1.00440041205586
-0.975509682539655
-0.998469127889296
-1.04440709766393
-1.01774278409516
-0.949786293504231
-0.84305149730952
-0.988616240200639
-0.841992477691264
-1.00320319253515
-0.924701840155026
-1.07260363938761
-1.0244233790152
-0.978198211190995
-0.884062654181258
-0.955258491026577
-0.817763468352868
-0.861859290662928
-0.895655302057409
-0.798616071260047
-0.848451246392149
-0.738719652713137
-1.00862274359349
-0.877763555670478
-0.894821376501119
-0.900297128474481
-0.87544881319544
-0.888689939204961
-0.884023175574045
-0.838581744517708
-0.831150223860594
-0.91889980049624
-0.95941974304419
-0.991405960818403
-0.777484748604911
-0.865289919404279
-0.888747806086702
-0.742201209962438
-0.856344481852513
-0.814799812661199
-0.989062681128686
-0.883088935156976
-0.998333759400863
-0.851079070329
-0.886502759619205
-0.789367881635686
-0.939262753591977
-0.830668281472735
-0.927763626521517
-0.956414036090927
-0.923056572342737
-0.837531660383031
-0.910896266991783
-0.917292647380114
-0.903168011284428
-0.794662107155406
-0.836540599983905
-0.96643625236411
-0.835656045071526
-0.748667223698974
-0.855598274573925
-0.807581033809222
-0.749217949679098
-0.712608423213114
-0.874864652558325
-0.811166134340307
-0.708647083042641
-0.90914188053512
-0.774640824548576
-0.823770360823563
-0.870062753625758
-0.860881087805025
-0.860081938844026
-0.826204108564892
-0.860926954262618
-0.701030434707082
-0.891220036641004
-0.872557437965025
-0.739409074922442
-0.881399683276418
-0.756558500077637
-0.745788874005337
-0.666549872450249
-0.745638156645566
-0.868362802550143
-0.821301056373254
-1.06102273093471
-0.715978189893522
-0.772332227692919
-0.538543348332515
-0.752810909088128
-0.839125406338029
-0.804987402396778
-0.756016092278104
-0.802149299056013
-0.752916516148177
-0.767458517302747
-0.810174827091275
-0.688748592544607
-0.830150806833041
-0.828000946290319
-0.739840958022578
-0.774625293766681
-0.62897298525391
-0.829983511940187
-0.607540795294162
-0.843246760820281
-0.873811780943043
-0.660223774971225
-0.874012444053917
-0.754209666068049
-0.800407778233387
-0.609108866542775
-0.869745779941121
-0.653312685951153
-0.700204239563577
-0.676330093803996
-0.702339474485427
-0.674592860448891
-0.722800521184232
-0.680270888698548
-0.707237679033195
-0.788224191629367
-0.694164975770839
-0.870958356732072
-0.785290436626813
-0.774745146949414
-0.695432264206165
-0.807620422927737
-0.713397222922204
-0.428522805189219
-0.659464688019925
-0.74344098308928
-0.794049725817527
-0.686560577076484
-0.756873568571589
-0.63957032801237
-0.7462582259739
-0.699066985923699
-0.748959893397253
-0.67043003694763
-0.741440645041019
-0.683344101338845
-0.78618678784783
-0.749843080545939
-0.736806374789766
-0.725621951363118
-0.613882436994427
-0.641995798370543
-0.557351893057077
-0.766037971764176
-0.608327527853494
-0.649163337480486
-0.644582165734373
-0.643542544311678
-0.63463074475449
-0.715848187823758
-0.678273510914754
-0.732381829982935
-0.725038264965384
-0.639701117688919
-0.664205709769376
-0.585534405603131
-0.744424817448055
-0.652884157072147
-0.767734772415815
-0.641858356784281
-0.690290160133023
-0.555965282181868
-0.681548789458924
-0.655857963686605
-0.605771069922446
-0.514697567040525
-0.642870132987058
-0.580197064570145
-0.5676344031455
-0.50763090203254
-0.619331859768403
-0.455808173498747
-0.697896391057572
-0.558766529934371
-0.617835995068263
-0.721778070955888
-0.522085518994246
-0.532812508212175
-0.576395352760242
-0.538906434620639
-0.668819995250784
-0.609597431402605
-0.619560525281408
-0.667433417150823
-0.5242593677767
-0.692330707468436
-0.693177433368944
-0.563875384620261
-0.55056331795691
-0.591005526933539
-0.448938242331813
-0.533345125078399
-0.581288954270089
-0.450017380792623
-0.622339303118533
-0.529058999659466
-0.60082988199428
-0.477389778393279
-0.679526667839897
-0.557061056901396
-0.680774536657482
-0.465196361828646
-0.533787153058089
-0.56919365041536
-0.60410382279044
-0.489863453023905
-0.619063132567356
-0.542980566157063
-0.575719723042183
-0.502556668191601
-0.392771303392401
-0.526582557551201
-0.534123697090009
-0.509436065728893
-0.429146774955884
-0.485571018336999
-0.513402500755011
-0.439882280577857
-0.480679156395739
-0.548482778457616
-0.506420674910834
-0.633128327256582
-0.529090929119472
-0.475804009820379
-0.557855557949488
-0.469972906596441
-0.540965625043616
-0.439789562477243
-0.555790886031159
-0.445671508781631
-0.417522067792481
-0.341020602187534
-0.578224107902818
-0.404686113168092
-0.515516773226587
-0.557699626499422
-0.473858943396405
-0.450495383454779
-0.515878602015613
-0.497431164634258
-0.321824235729206
-0.65962226395847
-0.544874289245004
-0.476524809366522
-0.544625341872256
-0.420552694881445
-0.509358595359656
-0.379350684070183
-0.402030166143303
-0.541066025929243
-0.562490455379953
-0.353070353999859
-0.405724729703913
-0.533022907646226
-0.455605692567626
-0.392585979295297
-0.329237373892667
-0.477534893870955
-0.408666537342753
-0.269683744070087
-0.417074135315866
-0.395301389019854
-0.45424782956207
-0.412616420584725
-0.46689365334135
-0.48928452844603
-0.508901426081966
-0.398001436728502
-0.519086875301609
-0.433690018458001
-0.297178568074881
-0.523334303990703
-0.437421575957775
-0.413248380301917
-0.50887412468481
-0.288566271420007
-0.472187179102883
-0.414749764842001
-0.416366393293985
-0.47278010399617
-0.485149368186761
-0.342558838199428
-0.42952669059901
-0.402616692113065
-0.482889640018225
-0.451302854250064
-0.388222402519858
-0.505905579445422
-0.431731114944051
-0.376453454849312
-0.486581144063772
-0.405919237199958
-0.595052747378677
-0.319097442530344
-0.254905399307035
-0.29590527742361
-0.361603710437572
-0.489310814118371
-0.327173705788302
-0.324711898943077
-0.451006548265428
-0.243357040090847
-0.422681846650704
-0.371485769862111
-0.445951723686049
-0.360972214312828
-0.191301759089727
-0.279600121837896
-0.353407901853383
-0.370730126282393
-0.348448445402123
-0.40126008937269
-0.252623567770385
-0.390088137051244
-0.311738877669823
-0.269614824914649
-0.36502987896123
-0.32348543275921
-0.29997302769941
-0.365879264140507
-0.240321477663393
-0.196843017530809
-0.254380002273251
-0.37743288554133
-0.178439754212042
-0.263548624519306
-0.4468052095286
-0.316576037420944
-0.264740223927222
-0.327176087798278
-0.352873996507696
-0.328941013518828
-0.156015547020061
-0.204330450119939
-0.160761645119331
-0.158353513051993
-0.215720917982192
-0.493876820510011
-0.3250697709313
-0.189341527521144
-0.284873895999149
-0.303442915400674
-0.30196390417618
-0.277563495253159
-0.289971291578144
-0.109265532044013
-0.175956594015711
-0.229020140431423
-0.437387925410114
-0.260424977564763
-0.123790229411022
-0.252835985554467
-0.375699323150607
-0.247294462930667
-0.422415136692984
-0.193144184087622
-0.267316957744956
-0.0907892876920149
-0.112364992525053
-0.174277427646578
-0.231661826046031
-0.225710997842227
-0.24675670278381
-0.315182533697895
-0.209769027709612
-0.166413723166122
-0.113577617316415
-0.279015227611428
-0.156076122447289
-0.207019159028495
-0.013732416853185
-0.291789988149203
-0.124611143208305
-0.259700884621339
-0.101407111957308
-0.105820610026622
-0.215714526774901
-0.0572921003440182
-0.225868753493629
-0.295318126254326
-0.279098725608653
-0.103671144844713
-0.162870022800044
-0.112436778757192
-0.131576340381925
-0.120004597857054
-0.317847406320477
-0.220996875510945
-0.244205511612581
-0.233031967164074
-0.0560439397682422
-0.128195042541712
-0.22807579513699
-0.0766093649953585
-0.126998090947034
-0.102759820385085
-0.203731809892287
-0.159688044511161
-0.211373960192724
-0.322637289397871
-0.249126289488384
-0.177193686564607
-0.312205080958071
-0.134049235240052
-0.0785875180559252
-0.129672109865015
-0.0227681827359149
-0.122190896726193
-0.191872292556879
-0.0864722454824789
-0.138835040357387
-0.0799868239012159
-0.193280092481015
-0.116322623721735
-0.0296376445419669
-0.178683450347481
-0.127680681391423
-0.0474724598796324
-0.150178485525272
-0.131567151576289
-0.129950123549579
-0.0352238107952456
-0.0433667751327246
-0.0853325978066718
-0.22572311191973
-0.0399755042669552
-0.0531121614645093
-0.00340170771233949
-0.125218046886687
-0.0412980878829104
-0.0898839493410251
-0.0893580016894671
-0.127472822445977
-0.125121189309887
-0.211600823443068
0.0907329182177071
-0.0309718776271357
-0.0274956481851176
-0.130706443790779
0.00696052203611553
0.0907293348607892
-0.0193354022867779
-0.087195503824762
0.0134495754427516
0.0554150907581578
-0.111349285840128
-0.136438798326572
-0.0538281049419955
-0.20256982409657
-0.0287240527183934
-0.11219748512279
-0.0262736306477426
-0.00880085063122315
-0.0544813989606226
-0.0259838773189585
0.113379003404964
0.0367469317747607
-0.0743733999730781
-0.0294806207235571
-0.0433127040722499
-0.10478390065295
-0.00254332454286416
-0.092139661331013
-0.0854169839506135
-0.0271044882781858
-0.105740388504206
-0.0847888223440509
-0.169742260803825
0.0214412172709737
-0.0568148512270014
-0.0124470923338158
0.0121207521137041
0.0766987034406542
-0.0574696416009757
0.00491521184285303
0.00524451783692399
-0.0340343842334259
0.0598077858718026
-0.0986129562165858
-0.0723083473655605
0.0279944805449674
0.00207209407264374
0.00793540180122269
0.0157923460329363
-0.0602293448400887
0.0389062153987694
0.251096164965726
0.0367263295611784
-0.00834657098491716
0.0790479313758061
0.0454465222680977
0.0614801144715679
-0.0791536692861861
0.0963429907534948
-0.0290183795922648
0.071897517391618
-0.0664747000769896
-0.0671644581424828
-0.027386585706737
0.102658274037931
0.264204311882285
0.000334441376021626
0.116309387455514
0.0212488628623003
0.0434739629542066
0.161956800314329
0.102285866039896
0.0654698142643963
0.00204299117190627
0.156104107353184
0.0228134215903088
0.205569639432645
0.0642062831909514
0.236095128096265
0.209000479789115
0.0639317377211574
0.0589227728654799
0.0829960058698823
0.0857853892346541
0.0321236471340687
0.141681558248862
0.147402624605444
0.146794853738465
0.0479956851865631
0.104543423363871
0.0067538653431139
-0.0642296664372344
0.0927134607633648
0.156397135063005
0.0681869454467162
0.121098026528816
0.197176108357378
0.16896192010134
0.0851031137920359
0.110756626037659
0.0949332430434177
-0.0225123034926574
0.161772611276068
0.138852894716473
0.189155692580033
0.0381040999891211
0.178663073916195
0.331663628173911
0.0622657587748724
0.143225311530586
0.000222722669267781
0.0934975832799577
0.148793578485171
0.153953939716684
0.145871489210508
0.278256573853724
0.0776766274220733
0.145363192510932
0.186152446741066
0.2076570643654
0.142950772666086
0.109461584186242
0.304544977448992
0.056185506005064
0.231492517350166
0.201907347661165
0.090769248509021
0.141634760138216
0.295036325948575
0.245765131041093
0.205485746307414
0.116715238543671
0.159470441547479
0.0742937000174859
0.135188346934005
0.119068544735956
0.227664375311455
0.233080650330725
0.220025353973474
0.137849333492826
0.251672448737781
0.266015324638302
0.221677023812259
0.257309228147417
0.193803211423189
0.177884823856595
0.15997321388134
0.226206837583418
0.199739112166736
0.242026338991837
0.284625190949922
0.172887753447811
0.154205360969827
0.21222023130093
0.166772020340043
0.192234532462645
0.209871526420329
0.26669037337177
0.163679696222497
0.231311661023334
0.145274231863336
0.156471509312212
0.259199979703499
0.174465356495453
0.24669271218458
0.273885947521852
0.38231655940401
0.48296512684138
0.261977852905338
0.214931076158913
0.211928696577085
0.20776679761775
0.229162898303778
0.207021533778508
0.169157018056936
0.32230853752577
0.133673071633111
0.357903776628842
0.433145124349172
0.180043063175617
0.246559559697177
0.177265548189382
0.396761490079926
0.260038957718642
0.184352701432786
0.286844308528605
0.302501478983322
0.138334745772794
0.276290258870319
0.349302274001873
0.403880155659505
0.168702231501576
0.330127470814438
0.434604258075733
0.288121188279311
0.239701108979187
0.364736013466303
0.16494378488847
0.405166298385562
0.376866548547126
0.342437552230781
0.467975115262234
0.425174167646266
0.275204843725043
0.298059817734905
0.338909440824838
0.217801417435237
0.369689400058587
0.223088285283514
0.258054776157529
0.352040464611159
0.298536912642048
0.265616359200277
0.409924251229239
0.571008337061201
0.473870259086188
0.280377914759385
0.233798512584275
0.439918867797574
0.387108580480467
0.357957660413704
0.319856928512398
0.387202938513901
0.381782065097206
0.405656848393847
0.367181773404134
0.265084164350838
0.376944547420153
0.387114878337078
0.347744567091592
0.317458268515082
0.431260354743289
0.373822333411463
0.403380022785389
0.341210488104509
0.442240067988613
0.263032622038858
0.361703185829897
0.273412646565174
0.215480968937962
0.457627226259922
0.440400885718648
0.415639578770597
0.319462022243585
0.393872445196268
0.466694353053794
0.515908095745034
0.414262544531451
0.35504920257246
0.426543040561995
0.443083310382841
0.472167881441698
0.42589867709027
0.339909038939245
0.585816189000176
0.437178328486283
0.577622944858459
0.504523648898779
0.495294715452806
0.517132296775292
0.444150434040894
0.469998867221152
0.549541468040121
0.500209821168513
0.40830558804257
0.514701969177336
0.478133177925182
0.481759368441249
0.447253407965063
0.41674142187794
0.303354525551071
0.318395757413255
0.411890434458535
0.409119419352636
0.435940980833962
0.43783662392585
0.488857719956508
0.437403618633348
0.468508549262309
0.456773457767341
0.487367211529932
0.514207423781998
0.518627182926699
0.370951518167543
0.56430821803379
0.50684686498977
0.39468915941571
0.392646499457778
0.393367171660314
0.508341402347384
0.343699864949283
0.600601826377774
0.566490635120485
0.401478869956475
0.497405169383251
0.607169578432823
0.53757708509446
0.555843506104914
0.57805238627967
0.417826431156699
0.415467726648551
0.52647151402765
0.565031038033558
0.424353118319482
0.38154079429264
0.630607282651774
0.538627486690293
0.53797090246249
0.594834172099081
0.56437667298188
0.529890371756199
0.50445101628828
0.60129433508842
0.463373942902601
0.59362543148006
0.544543427950937
0.448307411048851
0.651814594186162
0.577424249253279
0.646315611321924
0.474340713747527
0.494022168538665
0.482142028999694
0.66163972410404
0.504248862354525
0.60249387059113
0.604877810264195
0.537886005894005
0.630331966423953
0.642929460419943
0.595490456392393
0.688716727194375
0.612103601990142
0.718217238752353
0.512390754189051
0.575292789870055
0.361213938435393
0.534633302361146
0.520363905327468
0.552380753219138
0.645844680843321
0.583843629510666
0.667809154784149
0.515398223761185
0.479779324303514
0.612533389800964
0.76210578527204
0.673839596114352
0.651641544928963
0.469831081786321
0.612865186718935
0.643328201854583
0.582157868998576
0.709780975351575
0.625243648473318
0.480183621239267
0.611226800640347
0.654601934371841
0.568902690714762
0.705706213505264
0.751961453853272
0.442820779522658
0.760029487195195
0.554972708125638
0.736671124640192
0.454088016924395
0.582521089634584
0.700166021185048
0.632977770537704
0.504165832475221
0.625142300076414
0.544689304281145
0.706199269543732
0.73208177247848
0.682634667483664
0.569448344064915
0.793253572086437
0.749597723448274
0.51323929918861
0.648879338647741
0.803941749254773
0.777668680957695
0.617857881489419
0.82478817325301
0.568683294133566
0.638736288088506
0.747863617413097
0.60117549716806
0.678510693790846
0.774124777470783
0.696177452475212
0.746697353288314
0.674066412339484
0.659975288890717
0.736870490749606
0.609423135337768
0.751287111229392
0.647339912292558
0.789505705008809
0.697933494013373
0.765767248797728
0.521044948831116
0.844449888404179
0.747337543817087
0.746279241081899
0.707106909758707
0.744924177250835
0.634856940853949
0.691804945129574
0.795638681961698
0.798500990890946
0.742488930967185
0.683781212310066
0.566452822704537
0.558369162410214
0.810997543885505
0.774241671286911
0.689683965724492
0.78563041406986
0.708867317481744
0.667274117308413
0.826564616425395
0.874898103290775
0.70737933824832
0.778168170041644
0.787734753050421
0.700246505968979
0.793609236155572
0.813867201947092
0.846644188557605
0.852345325961465
0.80348551556845
0.758645550979184
0.604266629961845
0.818219968905027
0.53162436101771
0.879782128967704
0.830722811394138
0.890840475108625
0.805073363314623
0.698500527757178
0.786926675890025
0.788578040803856
0.759347384102327
0.778027072290015
0.826380401866565
0.795751127719177
0.765593721232839
0.656574572199848
0.994841312950347
0.736295037004198
0.82582943205097
0.722327727263944
0.811549988778538
0.855829926266531
0.967641623959464
0.863720928914175
0.755019326532783
0.912337395568329
0.748486246870568
0.726730233032067
0.834615526745092
0.791846615384371
0.786133342527064
0.861607195381939
0.801724520901313
0.928673459544314
0.773165087401405
0.947372005821369
0.912900203904244
0.728139876762997
1.00915670423278
0.804452403175055
0.885016332631653
0.787650509722705
0.839806443637624
0.933890953052631
0.836686323169236
0.821677359358861
0.904214211532682
0.839491119843018
0.919319368311104
0.928479585620646
0.909273559318045
0.941833520595941
0.872281394952985
0.874711717759686
0.855921884470512
0.877543938887973
0.838569010977858
0.739479707053141
0.896077209794558
0.90184169869725
0.960419317307579
0.723239558488873
0.876207800177459
0.920194137692129
0.812335351816564
0.769402122023245
0.752663957265133
0.805648751383974
0.853894991124874
0.816816280316982
0.862762775730126
0.902834322244405
0.96180082382674
1.00124509555749
0.981967558377984
0.774689672784516
1.03591356098434
1.00220797644971
0.969176136967297
0.913729247713859
1.0545241191257
0.967308867415948
0.888687149547074
0.994541750954736
0.933150990658445
1.09845869306875
1.02610292638862
1.01809050429503
0.811261044484807
0.921044504561885
0.992318756046815
1.06435305887646
0.957767230904626
0.983778531313008
0.900924758642022
0.931628465570209
1.05753687153562
1.05171688385277
0.986545179100842
0.995417714877754
1.03966089226859
1.10750036310171
1.05119234526751
1.05986191502023
0.950251734673778
1.02036453071381
1.03914848645448
1.01463480233305
0.902147228382085
1.01394713656036
