"x"
-1.14005972164003
-1.02570516001934
-1.0449253666304
-1.01498366907006
-0.934976401877654
-1.02933984797407
-0.906537540591217
-0.956829358524288
-1.09718980014495
-1.07895967617155
-1.01948403667485
-0.980947516153335
-0.915016787959673
-1.02921128132838
-0.904228399491804
-0.976722462983482
-0.907960730972989
-1.00638419767732
-1.03619825953793
-0.917269638973362
-1.0849740388862
-0.986568577243685
-0.885380274114566
-0.846563766191511
-1.03405885506923
-0.90487319139226
-0.890702064700408
-1.03001842658399
-0.970611362299348
-0.939986874901364
-1.04778304411377
-0.886508200905161
-0.898804289396582
-0.818821840865471
-0.850204384215535
-0.89412710346067
-0.7992925872367
-0.914042518753211
-0.896037202530727
-0.951467023620365
-0.894446537152245
-1.05538878337533
-1.0899720974294
-0.9497618010754
-0.82711819711895
-0.940528887774768
-1.02761300234106
-0.841653019944518
-0.802645196563202
-0.914471848852205
-0.87549154407816
-0.870807946300602
-0.841706548192556
-0.854536953075733
-0.8646816624509
-0.838659402778236
-0.89598962376679
-0.854346831199435
-0.969579020227888
-0.974445401652569
-0.836706861108795
-0.869897398003722
-0.898070003585414
-0.847969323193569
-0.886885467164355
-0.948529483968441
-0.898944105746763
-0.82201420891563
-0.904201970811412
-1.04354029944723
-0.941278457960868
-0.884881937432451
-0.968262413746915
-0.808128189169336
-0.834798667436879
-0.868882210261598
-0.894113308711888
-0.911082137382839
-0.874807793789295
-0.669320333151019
-0.891135584439288
-0.832351065941754
-0.840141505539632
-0.850257185178718
-0.926576895878053
-0.859459470920508
-0.776887160934886
-0.861614948063649
-0.79189210569718
-0.928625039096231
-0.795114861869579
-0.739252897696273
-0.854299357774923
-0.836102896975893
-0.792208560349456
-0.860828949998216
-0.825312796727612
-0.719543618580957
-0.791238102617311
-0.714449967586291
-0.838495802072713
-0.749564058988086
-0.754565871381954
-0.704779387208368
-0.73766539423435
-0.891852701524285
-0.614889107134817
-0.705289568183143
-0.739611692577443
-0.810032705495854
-0.84050521896868
-0.875403323903378
-0.770764529489207
-0.787826303814628
-0.874279785987554
-0.823784705478001
-0.8944183147768
-0.594942702690104
-0.795061237328798
-0.744946730942802
-0.754964125384342
-0.876501768369216
-0.815723801141288
-0.589871367158631
-0.473265118234317
-0.673420068718061
-0.721578756661474
-0.767529574237236
-0.777158718121015
-0.810381273713237
-0.743613754455665
-0.726021711172605
-0.764784613550778
-0.706052368859855
-0.634715563504086
-0.783378499225877
-0.797427841919262
-0.831834445047115
-0.562158883681123
-0.69192372890566
-0.628887851349121
-0.7286336119617
-0.688406907692604
-0.684295103003242
-0.614531179358635
-0.75509302450357
-0.791331960951906
-0.748241410266474
-0.652623605908778
-0.569707708266052
-0.555606532148937
-0.646724347615023
-0.673694510135505
-0.609805496236482
-0.723693394376177
-0.688175808606927
-0.830613734336279
-0.766456118287233
-0.582737736774275
-0.657246909285693
-0.690108215079134
-0.68920706775326
-0.804992039676143
-0.806610680524881
-0.706215150719252
-0.81154400219569
-0.612006073144345
-0.53968786752498
-0.677848968996413
-0.555801143230467
-0.638951280554174
-0.615179631200221
-0.655803326928075
-0.596060085590382
-0.651266908144776
-0.662334529104934
-0.515877588004442
-0.593752233252411
-0.53793820359312
-0.748910002031539
-0.682507495999748
-0.678349930333014
-0.640452267777212
-0.623064098797661
-0.591599971726502
-0.600318087916106
-0.637756261643582
-0.688987172154556
-0.560397430832776
-0.68616952442961
-0.596093347919463
-0.585441723916308
-0.601806671888934
-0.481382736009178
-0.578989440923387
-0.621572995486913
-0.621154252010386
-0.645068257865922
-0.67520542188679
-0.55329521613762
-0.569717414533357
-0.586936401005765
-0.64901830731098
-0.622928512797472
-0.490624898928111
-0.647953306320515
-0.546509547002949
-0.550786553612115
-0.426367306595232
-0.54897536446199
-0.604097365081214
-0.517137733221251
-0.44199881035448
-0.511198802849828
-0.571375913746477
-0.492882657078013
-0.396461002850549
-0.543287898330248
-0.560630564754785
-0.469883315459784
-0.586753794996596
-0.541107890974266
-0.692297896166332
-0.553293745935554
-0.590906669584739
-0.414501315492814
-0.479388688334927
-0.686891884742517
-0.428947736577101
-0.521282952857786
-0.541280627399685
-0.60865400925984
-0.43593366420662
-0.563985691112856
-0.541589982596017
-0.522851149658931
-0.350795504553492
-0.446429655732714
-0.510122577428782
-0.506140155763067
-0.489245366446853
-0.534550991973038
-0.697830844518294
-0.568234823239567
-0.425705368248674
-0.685446951340886
-0.315761911807355
-0.59484024612692
-0.497369431880475
-0.551376052840403
-0.383978426322862
-0.634270358548166
-0.338548760442237
-0.673648650131531
-0.601915974475164
-0.449039283882289
-0.478753540636438
-0.529419654428435
-0.465298711879595
-0.499530691463483
-0.419453398334648
-0.497894538521938
-0.498841699902343
-0.306267703313978
-0.531453617568469
-0.619580970251672
-0.440055530062177
-0.410038229909373
-0.496589431574349
-0.491205826227969
-0.311575488281154
-0.377710752450232
-0.558753346671938
-0.592449881698234
-0.364575553829101
-0.372211955061744
-0.360720063379804
-0.404623882637357
-0.576725899663689
-0.498717962819346
-0.562493468642166
-0.308226842026124
-0.526981504246742
-0.388497107175095
-0.360468385432154
-0.324072062540864
-0.322581068547273
-0.635380638912008
-0.365078176912652
-0.517908576150395
-0.663847966742559
-0.321610278456989
-0.545747375464164
-0.45192812848976
-0.437640438480059
-0.401731707402886
-0.401924377200663
-0.458119559326278
-0.40652236245177
-0.301435033307338
-0.324676409600521
-0.532994695260873
-0.421093630022972
-0.498091664872643
-0.498356849074762
-0.388524433718163
-0.373590829497279
-0.281655468902977
-0.435869446293918
-0.298469777978534
-0.440749567962323
-0.383569927265663
-0.360830078310752
-0.423018232951916
-0.308813597613371
-0.459556773945862
-0.233136460512539
-0.221416108351322
-0.311180609617743
-0.468175801046505
-0.331877512410343
-0.432542261685336
-0.417529280985035
-0.33541861455726
-0.471037351130524
-0.301987073165366
-0.230817356747928
-0.306295489982899
-0.394895946643996
-0.311638425257461
-0.348368089538104
-0.317097717203194
-0.309784161776729
-0.146311922134533
-0.410881142720305
-0.298190748223484
-0.321739938470474
-0.389795927903354
-0.536639568168667
-0.340271463529827
-0.45359554350018
-0.184439901584941
-0.324021040627951
-0.362396305347737
-0.198717593491367
-0.1353366360668
-0.346568656647293
-0.153475508327559
-0.371684836111742
-0.287683091124418
-0.273866209359309
-0.403749866223337
-0.115458691865123
-0.197428980204514
-0.350246087240103
-0.330322881302565
-0.323934299926565
-0.36076706089442
-0.312306842705432
-0.313512839230936
-0.259532563950751
-0.424444672809161
-0.00582250231150077
-0.411123065461187
-0.222103027453892
-0.337965029812454
-0.308313218586463
-0.106079931048788
-0.348852355159591
-0.311216726070933
-0.297425310638022
-0.12308404600707
-0.195493937979152
-0.139884585517766
-0.188225089739615
-0.187463636906141
-0.183726771985928
-0.236589488147778
-0.247842162258642
-0.461077788469345
-0.218798834568671
-0.276194665407978
-0.20646401993095
-0.0704655554807251
-0.341219692549677
-0.198339921221791
-0.350271721563132
-0.266084820565162
-0.30870354561202
-0.305143636672153
-0.267799218315748
-0.0788889353727124
-0.0842449395444045
-0.1983247033895
-0.256697424017312
-0.202074448032591
-0.245770453159749
-0.338210017700522
-0.204036774629892
-0.274554881188614
-0.178389579893135
-0.292311668136721
-0.11583705287393
-0.356275707488639
-0.188767799381881
-0.214649014374623
-0.257022548526345
-0.15940384153901
-0.214287722610329
-0.141516457253952
-0.160880049855701
-0.0706280478241263
-0.0339732593295258
-0.175161545493149
-0.133726959347139
-0.0242479169368425
-0.242341311191986
-0.203580455571898
-0.174734491677722
-0.196065591827575
-0.0541143754116867
-0.225526276388692
-0.152101348175009
-0.0747849195163731
-0.270247728858066
-0.200136744742641
-0.0530985545400566
-0.0578099576638477
-0.156021612547468
-0.134809540688769
-0.118170581686429
-0.15015017071086
-0.27975602968078
-0.0944398934577929
-0.0749356555413013
-0.183451265798993
-0.232160517635963
0.00153600149190958
-0.171744723375186
-0.174980304434371
-0.105620055406189
-0.0884224564727062
-0.0269468882514419
-0.00154561683132031
-0.151696048885047
-0.162949777806476
0.191135717294959
0.0114470004569829
-0.0496025656111288
-0.281188551390061
-0.206531440719399
-0.233848266183356
-0.134300300901899
-0.173735830117734
-0.0784112336527989
-0.152894207234634
-0.0365047660535961
-0.100491190790259
-0.152233789390135
-0.109909607078104
-0.0683591467491908
-0.0147429287972602
-0.13717078576748
-0.141505413394267
-0.129237887832374
-0.0261749974948539
-0.0193801212151946
-0.0835786558029234
-0.0104838655258612
-0.123510482636749
-0.0116258630031728
-0.0581839741719802
-0.159605586018308
0.0617966094653669
-0.0701694944226986
-0.135614031283854
-0.0447788521363044
-0.0267292352089342
0.0417871483392673
-0.129788246137111
0.0800702377765622
0.128913789591613
-0.103532905432067
0.121485493915712
-0.0624804912083513
-0.0164940146013162
-0.079598496883188
-0.000419120112532847
-0.0322336123290389
-0.165039282910142
-0.0102197069947236
-0.0509197601526677
-0.0616881569575154
-0.0182954666175861
0.0778609639111195
0.0802524191926548
0.00215747654521008
-0.0600321697025468
-0.0392373721658629
-0.0933985377855201
0.00951820235155161
0.120595914856923
-0.0267180537211647
-0.0040126033742792
-0.139760859486531
0.199028130948708
-0.0928102960027424
-0.183057443971859
0.109738010535886
0.0073777146630351
0.0499182986448857
0.0854065079235879
0.0405972728388644
-0.0051330834331955
0.0268456436193212
0.0384461704269276
0.110884978535306
0.118078637201985
0.0813943837839898
0.0372943256579248
0.0749532331071917
0.0877202495010317
-0.137002396780923
0.187305429965639
0.0624825770404451
0.0176983271268509
0.140510862394232
0.0915411366071432
0.0410495447138116
-0.00967799956802729
0.094333725525937
0.10617867337523
0.0980387168541989
0.0846502759766272
0.179486020356969
0.0139280097624841
0.0393727587694358
0.0174963494724254
0.134797521509322
0.153529945190949
0.109842850420632
0.236536550723376
0.124396334945992
0.0270806629505258
0.0668045744851509
0.165843793815643
0.0635136807837144
0.0289321080873843
0.0277443518995653
0.0615262480503322
0.137877898249496
-0.0118906371850263
0.0901394206833747
0.0205012103087619
0.18148169110239
-0.0610274618269259
0.162848053632166
0.159843607157828
0.113243324076515
0.261034035623307
0.310818062110482
0.210296484897425
0.155183762709626
0.134697967009395
0.0508452662153429
0.18253489010539
0.0698973582276092
0.0502850581201371
0.174824049955431
0.0492308278568289
0.197026323074799
0.137941062406189
0.0414086527856665
0.119480702698778
0.201810539005271
0.0777188912996139
0.254874745150455
0.268868798407493
0.140453917242573
0.103304834234584
0.0949417103816926
0.0887404249463056
0.2275128954423
0.190418251776051
0.162162115512237
0.258583045161371
0.0610653522324331
0.344825953067807
0.226914039999384
0.144240699316805
0.210460767597731
0.104459672871278
0.190307375774126
0.273018129647458
0.056626211476751
0.252810240396892
0.188189490335816
0.0375416706765125
0.172931276909362
0.101949909916009
0.239917503083812
0.145943402470866
0.280128763461931
0.277716466581248
0.151061219157188
0.41097555406639
0.30893648693372
0.0837913508150211
0.169873730403939
0.106357475932667
0.225727448585512
0.288845060520285
0.23310036373674
0.299143238298107
0.326307234041359
0.252599781149927
0.270363530924078
0.296564830655534
0.256605325538398
0.142912313188522
0.174458654378032
0.249510220432097
0.195516614652499
0.312709284837294
0.282143896463338
0.318412510845473
0.254723194289906
0.260554077568393
0.239227567870661
0.332832089218411
0.30361387834541
0.335506978059045
0.315595988870564
0.312780767051984
0.287863859792767
0.233481146690184
0.313908483512428
0.33363285327143
0.247461768927954
0.227817723419992
0.257353352518419
0.3373439115642
0.384370517418374
0.437925822242857
0.276972657706886
0.273573534604406
0.290872776016042
0.373966476630617
0.304423490475891
0.166541664927335
0.347096348959815
0.177563114329105
0.289900384239133
0.283229666301219
0.238522156622331
0.389770081438223
0.375011065501359
0.441209769930426
0.212013441537951
0.344561333123633
0.284165099133409
0.30013811383966
0.27110682133502
0.261879891312638
0.213188833850218
0.387573812041161
0.425611135854948
0.212192049388657
0.323245382388442
0.226226515237527
0.224871770992526
0.198768791245264
0.267567467106111
0.421402672346016
0.372128638248591
0.362802678569036
0.306097728306814
0.255274158916669
0.46346296978432
0.43193218483122
0.564152395870395
0.518693406609838
0.287918712864958
0.382638207045325
0.475571812275691
0.372575209963608
0.428108577674708
0.531050437059245
0.321511726286958
0.342730951954727
0.448668296527021
0.350371122946082
0.335009074987751
0.505436717108598
0.388522769980325
0.277959432467902
0.225572588164895
0.449639223120352
0.314967992646915
0.304144421992685
0.349329741950942
0.312723943577446
0.42590326192826
0.434017688583659
0.334854142248615
0.404590295885865
0.232624253163466
0.401728157480128
0.354758654420857
0.521528707930671
0.429027565999586
0.500828815915936
0.390546616266804
0.375304460259681
0.291003510491464
0.443132062612266
0.532858438452228
0.392670395665317
0.366071808553475
0.44521512301253
0.466651193473157
0.466983044670038
0.354038054170973
0.490842404289891
0.535615798934383
0.474814174736258
0.265714414636865
0.448282493368005
0.427682334526426
0.577408380471807
0.528123948618266
0.390237507304487
0.410187369759405
0.470484293295524
0.427550525295677
0.46474186158313
0.387061366063663
0.450604020840261
0.467050307515706
0.607340235109503
0.53803092884967
0.602752400801303
0.410506433601494
0.56100104570631
0.522744568055722
0.531178197737028
0.491575337257496
0.615512117941361
0.561590727384913
0.504972426970261
0.367703312014003
0.352783725326482
0.476721123165953
0.397195594193164
0.582477502980517
0.445922432183388
0.595912839778837
0.523823950880916
0.480553006194395
0.716883340434204
0.634511268600884
0.632280444990588
0.476713876226532
0.521997373881463
0.423938761519222
0.561880770581992
0.537900134014981
0.542962637851081
0.632610185794182
0.596826836281086
0.541090915934404
0.502373838490481
0.65151703574254
0.59819629707072
0.528056479928041
0.483393612228289
0.649470327235763
0.583130627011903
0.641670745006335
0.379536649903861
0.508224459025835
0.715649810220299
0.533993189234888
0.64417857709967
0.578737875185555
0.619872058040436
0.604561453168311
0.685828794732102
0.596218157646149
0.644815621865707
0.709100734994446
0.540587536032583
0.528561553305464
0.581980762116688
0.496810729405265
0.531554804967744
0.525376792016141
0.623653948086786
0.648897781793509
0.498107625566883
0.596515074231806
0.486602818464713
0.704368265190907
0.65336008414403
0.535583151668868
0.582317990610036
0.48401151267461
0.557272052026459
0.631844302965171
0.647582880283096
0.5767748407175
0.63193769392392
0.554671548516372
0.7013501474194
0.773024936033879
0.395963755632859
0.508766058746049
0.547361600456962
0.63567667262738
0.64148672863334
0.559491950479908
0.581286601512968
0.629366587266238
0.640805645376775
0.676996626572319
0.728592038247628
0.613694227811942
0.748434879608294
0.504172649468848
0.622618085312393
0.716837422490659
0.707313400623972
0.629484446036053
0.553913658988915
0.738347174774127
0.839269171654222
0.60778096243895
0.812316252557944
0.763116269215871
0.632448823212132
0.686065835828691
0.83209867969171
0.772208187842139
0.640961689387021
0.639522288296232
0.683729881327949
0.660280480648873
0.646452708122026
0.607876400741935
0.721110882754867
0.527684987230947
0.786538062553812
0.841182130733394
0.660894153605634
0.611313443617155
0.668228429450376
0.705172996551368
0.654189910931697
0.655580799670959
0.642341653077581
0.670982151558067
0.610168554323665
0.790638488813804
0.7132976714405
0.672325749588908
0.715188439576532
0.608050566817582
0.560122351149934
0.739314896511413
0.843041921662077
0.770538635013327
0.761623752204865
0.612270877141216
0.794937114322853
0.516400340205187
0.873090879888505
0.773983094006496
0.792469544946062
0.64917901240563
0.630549347935386
0.616677400358968
0.858862828820514
0.647246184322154
0.861818303524379
0.760589412120354
0.703553968204245
0.804990731324708
0.687531048190074
0.734092047620575
0.772736046193358
0.717269472548178
0.690350312025773
0.799455555363187
0.734955961712518
0.743676997391216
0.802509673930086
0.808971706153243
0.816963527173214
0.906345858259465
0.799629438753544
0.872803842035484
0.853362751636357
0.840788177639876
0.797645650898209
0.737816737952047
0.633621291132505
0.919520950333896
0.859405953681597
0.886842106398536
1.04577286135106
0.90003344134567
0.855253190067019
0.753196000759913
0.823302413689913
0.924593691194044
0.751893524892369
0.796112092989536
0.842859586917056
0.96681762396416
0.847596367151193
0.830605100395405
0.732493402490931
0.847799144381471
0.900290398418835
0.867643732143825
0.892189955220847
0.725396432536822
0.730591057467208
0.878193987818305
0.86422289954114
0.947643438711271
0.82376262378751
0.95404648328408
0.85446029988308
0.928298425563075
0.794624508877087
0.982993635294316
0.848437361617033
1.05846491257047
0.762476529327941
0.825256873246265
1.02761341501006
0.864061437804068
0.995194153846359
0.911306691716865
0.832708067825494
0.78622103931385
0.946930395273872
1.06106793630465
0.777892754805867
0.924871983530357
0.884177189888115
0.846092236289288
0.981681679182229
0.985616055852987
0.938120669816552
0.877149062931428
0.887976359851964
0.992777478481894
0.855827127365961
0.834039685120392
0.927704589392571
0.922276508142416
0.830501966903829
0.909425959100935
1.02361156505665
0.955715658116453
1.02035536588592
0.881798509336505
0.828669514452081
0.863173841534335
1.01794095483345
0.98460593631739
0.83383345189578
0.932112250135187
0.944118278811047
0.913060183769395
0.915303595051428
0.931160118141498
0.9268905448443
1.07105887581159
1.09186308496339
0.892367962862242
1.0045064589389
1.04035247597635
0.90688137046343
1.09747337049375
1.01564464422606
1.07323184470488
0.984172099879709
1.06928086106315
1.04349203760872
0.897453360268727
0.959173976055718
1.03458647227094
1.02087203915555
0.952451356204949
1.04859609073987
0.943921166693902
0.901225546888579
