"x"
-1.12100828686566
-1.03285398737468
-1.03680225211187
-1.01596516984089
-0.922714781420806
-1.0237147441437
-0.894093686522358
-0.97237063474621
-1.08509264083018
-1.07752114205058
-1.03031018404423
-0.978606814059787
-0.898692607210491
-1.03800720618974
-0.897724635489783
-0.979554008507466
-0.899967727522723
-1.02240491987843
-1.00277869183675
-0.915792168541078
-1.10791092204537
-0.983576191240378
-0.891039296157961
-0.851496567595825
-1.01534821216208
-0.909467966110332
-0.903269813251909
-1.02401835992203
-0.966318434622367
-0.920529136606212
-1.0485586979422
-0.873663021012598
-0.884568189799615
-0.806479453621277
-0.847441531750361
-0.900220904336763
-0.819389921236254
-0.915029588978041
-0.881387346883397
-0.944997210927781
-0.872801696286261
-1.08646018261033
-1.07773704778047
-0.968880171396221
-0.846962844878032
-0.93556187700322
-0.999269730081103
-0.87335325271878
-0.783894237417508
-0.899857944281963
-0.878536558334092
-0.88715164353416
-0.839614763393922
-0.829907056139573
-0.883107541714382
-0.858925194493562
-0.918323871073872
-0.834527948794148
-0.962112204562785
-0.961470439685129
-0.841544241347661
-0.860903038553346
-0.92529800059927
-0.840977123692741
-0.879482971500815
-0.952018622771798
-0.913279239607851
-0.828833767242565
-0.914072439056152
-1.02886536862621
-0.963830822622066
-0.883893458375809
-0.962840092180919
-0.805861631002514
-0.845257861063457
-0.86736088740475
-0.879818159903562
-0.886633052182911
-0.884005545342451
-0.679828548238688
-0.871218421655974
-0.837425318779605
-0.82744754064955
-0.850264432308423
-0.906018116856711
-0.836804572333253
-0.779725254412903
-0.898571856050123
-0.797432481537608
-0.923738426650488
-0.794884013588141
-0.713473915900584
-0.852376675855617
-0.840346814037418
-0.778248881752453
-0.861682462942038
-0.83814929428215
-0.714166993641876
-0.787661128626666
-0.692437732254968
-0.83490760871959
-0.74766643768173
-0.732559535618521
-0.684655476745677
-0.731802348820522
-0.920549928015539
-0.631198061188705
-0.713074579921514
-0.730424323446839
-0.791870694140142
-0.844431213475008
-0.853406858293443
-0.793087748139723
-0.812851427283011
-0.876471262671131
-0.83763457817044
-0.869311477962534
-0.606430149661134
-0.7607408539389
-0.726683597686319
-0.754159019451157
-0.886870600910935
-0.822888226471417
-0.588265496004434
-0.474311779224169
-0.66229263843645
-0.699451540207413
-0.750090780290677
-0.749946420192133
-0.796017511067503
-0.750875605558497
-0.73193203854146
-0.727546641281356
-0.71690846834813
-0.641988546501279
-0.796230749317306
-0.801865703089951
-0.820490895905562
-0.568770882336933
-0.683089974975659
-0.637144958839738
-0.736414383483588
-0.704710685993837
-0.683149797003401
-0.636311395256254
-0.763585913254303
-0.789556926177754
-0.75955032308376
-0.633029170291725
-0.594338197092694
-0.573239716251555
-0.650941004934121
-0.657051131457382
-0.610874684970263
-0.72532758789912
-0.678941621484786
-0.831258679317052
-0.778438804859625
-0.57527502215589
-0.676104738163868
-0.70461759177494
-0.692433717514412
-0.797477608202395
-0.811494746542913
-0.690837033035817
-0.811964121560296
-0.61125777533444
-0.544805686006649
-0.666182969862727
-0.528837937408378
-0.642425016314579
-0.619370790368264
-0.650371653317619
-0.591131534806395
-0.629127636238382
-0.6493323439961
-0.540339667067813
-0.591361917496262
-0.5559376163279
-0.73238392193698
-0.696997402720326
-0.713334424249795
-0.642205211023634
-0.596975707414096
-0.558544974617934
-0.607847282103342
-0.625158666541665
-0.674111523891237
-0.550211776800928
-0.702436960375448
-0.60420442874451
-0.612773648242297
-0.617673095353532
-0.478476336979174
-0.601455329489496
-0.605723891674334
-0.600161691992861
-0.623780468501331
-0.673687897839882
-0.523707387062406
-0.569742090578449
-0.588803726664267
-0.662338586919185
-0.617873146189766
-0.506412188460413
-0.647834199430859
-0.546548658819864
-0.560812111940648
-0.454194706062675
-0.546638565710009
-0.614917933052081
-0.538306828102186
-0.434581493633105
-0.517573328805173
-0.555197571931576
-0.517679352592181
-0.36894598283331
-0.554024333725262
-0.564602670814255
-0.497624508132369
-0.588323456582586
-0.539527061852493
-0.696765512734577
-0.555486148994648
-0.582597807193359
-0.429971367600941
-0.470214034894839
-0.680583088404439
-0.437889895804021
-0.551331546760641
-0.535327758404129
-0.592028790242735
-0.435192375834183
-0.571459730200362
-0.550147788569183
-0.533703067139596
-0.371590457512921
-0.435160973342898
-0.509969565447732
-0.532343582936309
-0.505391723490704
-0.53362483666465
-0.664485377552409
-0.565297054707046
-0.443613107685459
-0.68541794884808
-0.307692173311969
-0.595656801256731
-0.487097933856497
-0.552308681415694
-0.394240111925003
-0.645766457540198
-0.322522196514993
-0.715977350163432
-0.619543669362604
-0.45140914926915
-0.498606651590139
-0.532982661194511
-0.454421511938753
-0.485952294319743
-0.412797502294905
-0.510147826740173
-0.490464107212537
-0.30225387826134
-0.525075931010156
-0.602763753975243
-0.450047792992953
-0.419738081778472
-0.504236059747387
-0.473340766244105
-0.300817940239555
-0.384445004998118
-0.550542809485122
-0.56732461666027
-0.334537522184095
-0.351933281498993
-0.380919365730485
-0.405535736985021
-0.589265931373894
-0.509331930987323
-0.552846694491746
-0.281327612516064
-0.532968804566577
-0.370696796009784
-0.352223960246973
-0.332335324254112
-0.319781045451519
-0.63341122090754
-0.362979152690179
-0.525952948457924
-0.652046781888025
-0.332811369005335
-0.531141367355785
-0.459214995789185
-0.432065762842632
-0.41857088488726
-0.392469039734804
-0.451251721398922
-0.409801511597159
-0.298818606306799
-0.336955488852737
-0.518392394177786
-0.420687448566872
-0.505558698789158
-0.507477782602816
-0.387393109743842
-0.354311140701212
-0.306049378781828
-0.445342182873058
-0.30068799290979
-0.447505274870855
-0.410590123943411
-0.360301967955518
-0.428547494828325
-0.31041291088514
-0.45986160354785
-0.228009810928181
-0.232442975460668
-0.325246724473215
-0.464893304356002
-0.33362918750212
-0.423135940093696
-0.422408320603947
-0.352271325936377
-0.478837672909665
-0.302210712047992
-0.221218954935339
-0.292270896412195
-0.391679158886379
-0.302974893038807
-0.350391350087721
-0.342381585962349
-0.299633331341524
-0.139733096562933
-0.416274665266614
-0.286782574409647
-0.334244253980595
-0.395543248541906
-0.555578486588358
-0.359217284030858
-0.450316881796069
-0.168338351928651
-0.331668544394636
-0.335770321642621
-0.200979707115205
-0.137551587844905
-0.328275918839652
-0.156687196526576
-0.368252569038634
-0.28267886658315
-0.292867335241376
-0.398486046170468
-0.102889848162339
-0.204204682385795
-0.335767989318531
-0.308267545094557
-0.321361787918627
-0.362455055320894
-0.296760044889794
-0.312790739228812
-0.270571783294221
-0.404270447955847
0.0195738413398841
-0.420201108071461
-0.200980080039779
-0.327910995190088
-0.28688390425556
-0.0898860451341364
-0.34523001750514
-0.326107535646926
-0.282775225033139
-0.135251027856898
-0.210832924684878
-0.133437991467959
-0.203789897276059
-0.185092351483636
-0.226924470450801
-0.252185951186843
-0.255239688135638
-0.441955920586244
-0.237828781068562
-0.298431391731885
-0.22249905020662
-0.0729661635705335
-0.339263888624902
-0.197419412080206
-0.333042317079543
-0.251664875885116
-0.283873678014648
-0.316600959297802
-0.261802194855116
-0.0793450863024169
-0.0969366444242496
-0.181569730957486
-0.248274458605842
-0.180078089182992
-0.228368589270899
-0.32364441505011
-0.188547513329344
-0.250310669758287
-0.19800438850868
-0.301823584282571
-0.123945435529439
-0.351859320535069
-0.180149940185014
-0.204552821551439
-0.2711934484134
-0.166311971673501
-0.19348081451763
-0.138209368448297
-0.182295674466096
-0.0908838747084081
-0.0165271030953499
-0.158629283350883
-0.144098224941921
-0.0397190641197773
-0.225941299661243
-0.244454072580934
-0.18149692966752
-0.196433290828886
-0.067522771979346
-0.244382501643393
-0.158407880281723
-0.070078772046887
-0.252540219633915
-0.206412974559105
-0.0704311757053275
-0.0491768758812808
-0.108957408280933
-0.123658037451961
-0.14284077346722
-0.164315188207544
-0.283972994139334
-0.0751856359673921
-0.0924565130779166
-0.164919678693404
-0.221027055689163
-0.00300248296025331
-0.187303607656668
-0.170398724542687
-0.106297745808721
-0.0739561161954006
-0.0216436935560726
0.00298033701072355
-0.16721914821789
-0.171935595241553
0.175263888514656
0.0319669788510533
-0.0416200067072054
-0.268290104364521
-0.198947080903083
-0.243425009232924
-0.130681123285849
-0.158608856390044
-0.0929143023311811
-0.156621457002738
-0.0431811878620076
-0.10638872935946
-0.138102888242289
-0.0994701057160128
-0.0850076038767911
-0.0292528851656365
-0.140211659325258
-0.136964398346859
-0.136758818433806
-0.0458026885138039
-0.0338356617182549
-0.0946874955088068
0.00848848994444562
-0.0916783294815079
-0.0224545890515685
-0.0669078528076638
-0.158322004629603
0.0293246951682781
-0.0838978452555712
-0.130647307926125
-0.0364240098674396
-0.0484927906101083
0.0211182517353366
-0.115414044899682
0.066423200691094
0.154607516969377
-0.100805343382763
0.100587836846267
-0.0729019993026645
-0.0153311959095802
-0.0692037327564739
0.00386394839809208
-0.0547073445005907
-0.137389353732816
-0.0211467431691496
-0.0552054693747287
-0.0328244420034382
-0.0302348542469335
0.116746791551758
0.0697485245872376
0.00485589010012834
-0.0671182618382339
-0.0318032082082286
-0.108844418348339
0.0211392408910372
0.12888211070323
-0.0227239714997956
-0.0163387899936441
-0.13324763482867
0.18747636833077
-0.110754535238015
-0.182324372677713
0.0929069997815586
0.00455462188433789
0.0628688402533285
0.109698215489668
0.0403430045457194
-0.00580062457652157
0.0362171144272394
0.0365108763219518
0.0842295233566275
0.108621102036084
0.103017098588546
0.056508068917576
0.0775617459075187
0.0774286499245422
-0.109988448717725
0.187449808786871
0.0542837197134034
0.0381596651014386
0.139018492634275
0.112792128614521
0.0540807484478546
0.000447176119524637
0.114075751046246
0.135762067665628
0.115326635175173
0.093441307030816
0.195055588252563
0.0178852202811864
0.0578858910193476
0.0211341489417607
0.129841959158672
0.170951549243332
0.108583826118377
0.245440077704855
0.140813210380316
0.0312756344714113
0.0605777326108483
0.168902049959692
0.0972054434587781
0.0597765465230719
0.0384946242778733
0.0348444926780774
0.106675006980492
-0.0212798822386894
0.0854940014337793
-0.0136568454732227
0.19261319790217
-0.0438728832805078
0.175947122728595
0.162039322662647
0.114064305482536
0.274439505111868
0.277532370499584
0.199616377472654
0.156565292983239
0.142717524139686
0.0584488409335403
0.219354012673341
0.0784694037553076
0.04139560723857
0.192760536414152
0.0355758835739774
0.161194932004878
0.147137907248338
0.055196657354494
0.12966024108238
0.183733874315246
0.0915742462328857
0.272284911503901
0.272586707361886
0.135574994641652
0.122478846874203
0.0967815300484572
0.124166550631822
0.212812972025591
0.169941937626658
0.159469942940126
0.24409062497926
0.0746786972592956
0.328315119959489
0.224833439648768
0.118004476139799
0.183173470846397
0.120510773357074
0.19878092051598
0.282764515455857
0.0703285586689569
0.239921057759531
0.169687319647696
0.0394254589772411
0.178721938955706
0.124437707311201
0.233349232068421
0.149358083744897
0.295852910203022
0.253974952458163
0.133605901409109
0.398104900113761
0.302547495076111
0.0570363653882378
0.159124565905539
0.0965009462279441
0.245995304124955
0.274149273953299
0.245286878020362
0.305108022315961
0.32941836111704
0.255050423929797
0.286243625221012
0.305195423668155
0.271178961487292
0.139122481168865
0.180098600306422
0.252917562400783
0.183100405953142
0.334252099036917
0.28373958805592
0.337890348033885
0.269816986348668
0.25899612548103
0.263345090411894
0.311307505595823
0.30318399716495
0.317328743154549
0.278879287111805
0.307016091199798
0.29808410759818
0.238589784162305
0.308883498957487
0.334094238195293
0.239395989994154
0.208892235657481
0.27876199231322
0.334720427468805
0.370300413843571
0.454262179558007
0.255243137920038
0.247631849911862
0.274379772048112
0.347754639253978
0.311002295280734
0.146224398798135
0.344447290499514
0.160954687961949
0.289403125062862
0.267133429457919
0.247972318502806
0.367649588609792
0.382309285988374
0.434901711249192
0.213149242660607
0.341986090295941
0.291949158135079
0.312660299705503
0.254920384937553
0.2538850605074
0.223072511695243
0.397660725362752
0.428615779598756
0.200467183567515
0.344557015398005
0.207778912815089
0.263665908027002
0.186115224251636
0.280339145459068
0.418359615573327
0.380815502394002
0.365974236587497
0.291610725098015
0.231450836318994
0.479129951596751
0.440670243351337
0.556969018123086
0.514491100806001
0.295790006598355
0.377561263909617
0.45724863988152
0.342994650229159
0.423799426440433
0.529020097942949
0.290429656282117
0.346732368586906
0.427366213285528
0.356314196982062
0.358611436639262
0.529522845889581
0.409249783991771
0.283523199931093
0.237374688821433
0.45301116319995
0.297433652551588
0.310915771538956
0.367996780785093
0.325269747746054
0.427856663513835
0.441236350672341
0.339699476627502
0.40298592138367
0.24981175264298
0.405855360687858
0.321184761070599
0.526920146035709
0.442696815627643
0.512839739502776
0.394843044206379
0.387839562724569
0.256333934240669
0.426643626311781
0.53505146265192
0.409316619269396
0.366388450283455
0.439339531529766
0.482508575459155
0.454395331991538
0.378880947717791
0.49340660763985
0.497549043227846
0.476146262018857
0.27904702642684
0.43655631109833
0.423811648558396
0.588631033934294
0.539469954597849
0.370608779930851
0.426162744913218
0.480993265378935
0.445511366350746
0.49194167055748
0.376293054686746
0.458950468320864
0.473909355108035
0.602533642740474
0.52593820427833
0.604548980332877
0.415813501155617
0.535903329516453
0.532462585888383
0.522775140034956
0.474900885042663
0.603125123926622
0.53260571132744
0.498176491366526
0.369638078567966
0.343732014576364
0.487353339564371
0.404109651287945
0.58947362379953
0.437726328326465
0.628114935272273
0.533311753780858
0.490561446330019
0.71573870444779
0.629820478808625
0.640562567486679
0.468927645232083
0.533475844681509
0.425446383640623
0.560423562696767
0.535640391363446
0.505989480702173
0.619516781248591
0.570988059946045
0.541312159256423
0.49807196097361
0.653329696791722
0.595645214967632
0.530040734367753
0.511754153162373
0.641598600596182
0.593759889840369
0.637862139873122
0.375947040373129
0.497914024495503
0.69822317836454
0.547645583089078
0.642331273744136
0.587928128024948
0.623078535018523
0.622780896453458
0.696538241369172
0.595551568219199
0.629482563237508
0.706311450935426
0.529762386544389
0.538778594218826
0.568560232965345
0.493100902785355
0.546919226914678
0.540504036138966
0.628881288042959
0.661212303859172
0.510419641072935
0.590728109820466
0.50570155398548
0.657549181375853
0.656326244213185
0.520893188516199
0.590135710335177
0.48638117375388
0.532739661683303
0.629675700745962
0.647030938434825
0.574662314523162
0.65358351748019
0.554828017719621
0.678112355824427
0.775378812151583
0.422553257892307
0.488948984137488
0.553736248333997
0.663958288738913
0.624687647580497
0.583621832354944
0.577150986008359
0.630117141355755
0.646264793888402
0.691080228961048
0.743890134871844
0.605030793687213
0.753457425366389
0.495743652702344
0.61596915850265
0.719465719840239
0.697439709182028
0.634217179792159
0.56491985382275
0.745323905340684
0.834299991070542
0.600044139531219
0.818113023282653
0.785279992140064
0.629449587202914
0.693921264320982
0.839703913936626
0.751952207105428
0.634230857339324
0.633399757615533
0.677933099777563
0.662282347050627
0.651129024498293
0.584842964809706
0.720890145380899
0.537998737233622
0.779185469686584
0.834578624380852
0.674531264913957
0.575918822652007
0.654489652310399
0.705314362240616
0.653465314345582
0.650723239279107
0.616277727602547
0.681500518006099
0.59604257261581
0.79155188623398
0.697463520535943
0.680381968080009
0.702211054396679
0.598000299580928
0.57489060976703
0.700393510239731
0.819779100039803
0.789567065608368
0.757485734830805
0.630320861797951
0.772571870897669
0.520154456200001
0.872666430060054
0.750694671158801
0.781221965877201
0.655470457664259
0.63763637637075
0.620219921613451
0.864682130813619
0.66228403737458
0.869312951549272
0.773311991571526
0.721891493470958
0.763344315615196
0.649132258365634
0.760310319583858
0.813942662796172
0.715761305872945
0.690724419903442
0.795648742474706
0.773486505420563
0.743205472631846
0.80505866488012
0.825172661161724
0.810616647145444
0.900941336272419
0.807136965567353
0.855151118895728
0.849275204818986
0.836528366904546
0.787316808612514
0.765596392453021
0.623989928157705
0.920769614919882
0.86645541402217
0.872441637925699
1.04724760886748
0.904565707129735
0.843758360672673
0.796349394204995
0.842695134565245
0.92397601420808
0.76151909317537
0.781256584248274
0.851719519907706
0.977121898999307
0.860843648733975
0.840094529669158
0.729214528500642
0.855688090501066
0.885020686441548
0.863243207209736
0.900604956139996
0.730720112257592
0.74320235993592
0.873062455195584
0.875118550869187
0.963626936151595
0.815535157548009
0.951434384599897
0.857214747406333
0.911900585559875
0.789424124665818
1.00016768519128
0.841387647028789
1.05247760582588
0.769082131435428
0.824628921290363
1.03079640089962
0.832077481249987
1.00348549525809
0.901048929440759
0.85249905283246
0.787679174426577
0.963959026904774
1.05063917207105
0.788822903208145
0.946158434420988
0.884465786566311
0.835612786219
0.986958958851046
1.00137508736489
0.926568681933298
0.880173418341671
0.89654690138406
1.01259791122899
0.850177831290438
0.842219828544672
0.921782041393425
0.947506136540009
0.837534167354454
0.935914177327852
1.00759224707486
0.942561911043213
1.02701659270715
0.879927494935302
0.8414382462065
0.847456269623833
1.01387328574851
0.973281523925075
0.836246757129787
0.938248092299334
0.937855762953707
0.903382664092615
0.903326972677988
0.915947677117366
0.90511221013088
1.06884261218873
1.05332657984642
0.883916267449708
1.00068588067647
1.02778253649612
0.925233545868737
1.10270810661116
1.00640334231528
1.09330072357325
0.979799280154466
1.07343681058929
1.04282808439885
0.91063333990688
0.946675154954825
1.02190831209268
1.00008307085414
0.952830859202414
1.04763646225833
0.95158417431325
0.905261601842771
