"x"
-1.05586578092774
-1.11679762896872
-1.00813876958258
-0.937866873617624
-1.04025913506134
-0.977392181082762
-1.09586947121048
-0.960490371917567
-1.14875125199908
-1.02994432799601
-0.96379711498769
-1.00158035381748
-1.01791590475059
-1.1333085686283
-1.1181226846075
-0.98644377906151
-1.0492111185721
-1.10218316534246
-0.843469511997304
-1.03531593241193
-1.00758462096998
-0.908533617970698
-0.91871365578423
-0.976553210314154
-0.903720008233006
-0.865689491641011
-0.991336336200348
-0.855179960474801
-0.929435273960889
-0.908851151065571
-0.913121196624273
-0.922648091177005
-1.01194891771402
-0.832058769643111
-0.873607237769874
-1.05651444562549
-1.03294296370687
-0.954877739398329
-0.901460605327207
-0.989304573619123
-1.04137540901157
-0.784756486703731
-0.962874601236677
-0.982440647374542
-0.949045777763514
-0.949356955135481
-0.985831003819758
-0.935222577436311
-0.888673002417889
-0.966849749108807
-0.908594781253457
-0.95416013172219
-0.898707886883592
-1.06414199831268
-0.890776163452149
-1.02454532489984
-0.934692716453553
-0.711058294161144
-0.780316270753518
-0.887360765687135
-0.871168359903019
-0.892276267441769
-0.741672670165778
-0.861552596103334
-0.932297862347994
-0.862446244939462
-0.929693996452494
-0.978512588373912
-1.00073514583819
-0.852578891150755
-0.760458872554557
-0.872844079376605
-0.821390215475323
-0.830406721589284
-0.957320361523499
-0.831398515031479
-0.900944607420848
-0.631290161300958
-0.825021957169637
-0.742831025854836
-0.718525231965026
-0.744946410954678
-0.873508922043999
-0.907816959512952
-0.995178757799006
-0.815573146136163
-0.788009592090438
-0.880266697675474
-0.787788883354124
-0.869253827721295
-0.763481872445062
-0.870937251822531
-0.912035568713132
-0.799568778574976
-0.776302212607586
-0.725035751546308
-0.715178609963686
-0.727167588716078
-0.713164615342269
-0.724873029113459
-0.859770149179005
-0.742214906819743
-0.627074840972083
-0.871150380463598
-0.822209808145987
-0.798909870857902
-0.859443522877375
-0.801505547450698
-0.779423860032314
-0.69899012708001
-0.704988887271804
-0.810450663291997
-0.727075375730897
-0.883753539640623
-0.708571573477608
-0.906652246192006
-0.727932544011979
-0.897401823122437
-0.654359228343101
-0.882910635260057
-0.709248368586184
-0.782958774180081
-0.814008298106279
-0.982812157922601
-0.75294499939658
-0.842329742437079
-0.743765429169582
-0.646061462057261
-0.706863998710577
-0.675781712703059
-0.705733384112573
-0.77948582563398
-0.802867401866597
-0.864307209448579
-0.925953000679493
-0.778450719958609
-0.636722427523857
-0.616730830856667
-0.755889061614021
-0.687330939578913
-0.785914354171149
-0.466705439074219
-0.679566275473581
-0.767511808002396
-0.632813251618209
-0.522634947133632
-0.868935788729817
-0.56031279011495
-0.688164335080539
-0.61557400246948
-0.801199754981547
-0.689059585220298
-0.816790075939536
-0.729163539668356
-0.591698982659269
-0.643141679460178
-0.575581307531978
-0.630062396502186
-0.61018585767188
-0.68980476631757
-0.612198196722165
-0.72359112429928
-0.618397485278061
-0.528951396500398
-0.632996322162522
-0.620914853959073
-0.702505021177461
-0.610591696895539
-0.5854551739692
-0.686916355928705
-0.759830439393557
-0.611735372351151
-0.664135562561729
-0.643825702294285
-0.582908361683141
-0.494211069295857
-0.577228188147649
-0.589779224715708
-0.650516652195705
-0.672727006253348
-0.749202119480272
-0.692497083388036
-0.425441939036585
-0.592176767244149
-0.621993555766231
-0.699621622525942
-0.598233207883537
-0.582352942946953
-0.733123426766029
-0.600138102440702
-0.693352627309594
-0.622148310015912
-0.736547995848383
-0.679357344841026
-0.510463355376102
-0.654224152571032
-0.635732493907638
-0.678626974720508
-0.729815913109519
-0.49049040245018
-0.666465296851676
-0.635936696086794
-0.656980666546495
-0.603061597969962
-0.59118645431464
-0.507477631010203
-0.649098230400876
-0.60030088962276
-0.632861459199716
-0.483605867964704
-0.499797730098417
-0.492062518224307
-0.580285733491685
-0.484170681958034
-0.522867606142193
-0.544813527522333
-0.476812850966503
-0.491110244092347
-0.595907779185251
-0.575646949148921
-0.564691406511018
-0.598250484561317
-0.617515778758003
-0.520598425518438
-0.421764926591476
-0.574224579841135
-0.484216118220272
-0.586297387343475
-0.525053635855247
-0.45119515298374
-0.411985157973089
-0.592216966153822
-0.487244874416967
-0.520333524152674
-0.542275055897513
-0.48119079825958
-0.530719863630497
-0.514105692931999
-0.591526677017402
-0.511923048591098
-0.582153262928734
-0.562159197058665
-0.499410928203191
-0.635190812401674
-0.532608467263872
-0.532842638602429
-0.499079451052673
-0.543287277410227
-0.472664996059477
-0.534771839288992
-0.523461663147261
-0.599377084392343
-0.412197402394915
-0.614777897241092
-0.465552721560102
-0.568019047046732
-0.499062537886882
-0.520754313924884
-0.448380337770072
-0.489460122031256
-0.633338045242919
-0.608841184564649
-0.367844444064265
-0.55126069004913
-0.432977501030875
-0.483873598722367
-0.433118019320701
-0.532617950020809
-0.408941878718522
-0.411118580505694
-0.332966657366616
-0.434211514307702
-0.571959130519661
-0.443451305702704
-0.428991530086486
-0.331353356759759
-0.442111028841396
-0.500234367778185
-0.542047698159614
-0.441125214986784
-0.469125428570412
-0.53810558237422
-0.315470926313325
-0.406668347916877
-0.457215910532121
-0.374213786262067
-0.407042058947766
-0.321658258001097
-0.315438481088833
-0.348024737114679
-0.434696899440851
-0.261667230058967
-0.305784828940662
-0.514396799312779
-0.380770566022732
-0.39106258762467
-0.46970031245177
-0.23359338534954
-0.440392251321495
-0.420531587765684
-0.417402126351967
-0.372796607057794
-0.374304244496371
-0.48484022295609
-0.32721833564957
-0.373555887820115
-0.38323800175547
-0.484580878965115
-0.464588736089106
-0.365248531657606
-0.43362479447829
-0.306613748860071
-0.301663762670924
-0.412426444108122
-0.340309657682356
-0.325023509792068
-0.420423548922042
-0.196619154762966
-0.416109656522094
-0.246748397583175
-0.387704167700112
-0.417006323809307
-0.389873442138292
-0.385912205285858
-0.349961094807038
-0.461879444967103
-0.139882710443193
-0.338523505490373
-0.33209383863849
-0.177406572648997
-0.324773501251575
-0.244125732159348
-0.354935729321425
-0.315383179969755
-0.351820090206355
-0.440710141864392
-0.333777335048294
-0.390859553295193
-0.404894311010019
-0.23264925688534
-0.330364914686739
-0.369823272287398
-0.237542326522121
-0.430758739975107
-0.350045102684793
-0.236405595088332
-0.361754724889467
-0.47820984851416
-0.427678288552035
-0.201699782352546
-0.296267256083957
-0.299935535766844
-0.201252077125458
-0.274407184626103
-0.214483042012867
-0.240420769088037
-0.325432806386139
-0.28219937906534
-0.423625464931454
-0.19973143663641
-0.383636910448315
-0.370148318985274
-0.283205717934205
-0.279668392401187
-0.183497531889244
-0.420438370562349
-0.313965890890781
-0.321420325820761
-0.155240616205063
-0.200656189570788
-0.24222986965537
-0.314743038999648
-0.276528137253829
-0.39948093459925
-0.244561496383157
-0.191615141515201
-0.30652229641964
-0.258102657926914
-0.327254643541353
-0.401520657319238
-0.268560919738979
-0.241248653481914
-0.371394817555961
-0.220903966622627
-0.341869254226312
-0.328661047662328
-0.378475450457733
-0.180560531993404
-0.218939374226099
-0.212127072116162
-0.188159856718728
-0.15578887851117
-0.270501469128271
-0.0577132682023664
-0.361934236381968
-0.218264661634401
-0.197883709584825
-0.149796959299464
-0.276586723114428
-0.320073826842974
-0.244851927295394
-0.110520333894499
-0.200632689244283
-0.284165116248342
-0.342627319781716
-0.043401458432203
-0.0703288494628138
-0.350341456080079
-0.219735859746868
-0.238113048161174
-0.27392657249863
-0.056386364639304
-0.180126430560664
-0.241358099741906
-0.235024682908663
-0.161190867335801
-0.242376757279402
-0.182971777797345
-0.0801583155531723
-0.166023976424936
-0.108315008168827
-0.188606396628167
-0.152442110692282
-0.193741472421179
-0.209583755347813
-0.0608894611306283
-0.0817701413230746
-0.184340797518791
-0.0800296795675268
-0.0295293111168784
-0.0965897352202752
-0.0959719890855714
-0.236833441059881
-0.151433749787785
-0.0746140916910094
-0.0565601748332801
-0.0811261479588075
-0.0647445448552628
0.0630870190876556
0.017395849830816
-0.226536063138998
-0.117464402484998
-0.0705258372760622
0.090414277256135
-0.134183142154666
-0.0793313944858272
-0.169838952900557
-0.0625750784078102
-0.0636457132159336
-0.268271981705685
-0.109746497865424
-0.128875510774868
-0.135873640474393
-0.210738095433063
-0.0328498596118251
-0.125519118507024
-0.0246198590160118
-0.0321886654518514
-0.0390103044197939
-0.11423142214608
-0.0832521808161245
-0.0261907526165563
-0.0341458148942198
-0.0660795027203896
-0.1961350366592
-0.109469522406549
-0.0603975506699266
-0.135249101266683
-0.131692024457385
-0.136090507668426
-0.0838229417052213
0.160354947530105
0.0929262526072848
-0.0961868112112878
-0.00888569234629399
-0.0316743719751433
0.0553164533852706
0.10344832686027
-0.0231860868540776
-0.0725026218252441
0.0264943886707641
0.0959389172342299
-0.0034489082891081
-0.0114900585267274
-0.0279719887259911
0.0219302676286467
0.0273673750916069
-0.0963310178199905
-0.0615249474367315
-0.0214271064941276
-0.0121559197913742
0.0284619847638323
-0.146529894646971
0.138330083911413
-0.0260345095799167
0.0563153222356612
0.00594359578014948
0.042835956597549
-0.0749592774188913
-0.0281271477317544
-0.00336210764865605
0.12718457678459
0.0460255389937098
-0.0331025219175603
-0.124564303663998
0.220000477915226
-0.0235395161046448
-0.0487559665425433
0.098996905754865
0.14567329101736
-0.0395700387040758
-0.0144816192973654
-0.100040328229434
-0.009928196742846
0.117229197255658
0.0484136897987349
0.151360113966493
0.0581351650060207
-0.0401262896238218
0.222180314085201
0.115615225279713
-0.0603507353844451
-0.0948032952120454
-0.0360288687571261
-0.0789267137531669
0.0379808171435457
0.108448491162463
0.187421316758045
0.119079714022287
0.024647804321991
0.0602299724701509
0.0584267961145407
0.0490070814783109
0.132855511216246
0.354268769687541
0.120670170779284
0.0675549837797375
-0.0417908154671267
0.0702100168291095
0.0907101179682619
0.107307225837083
0.143721950474806
-0.0298892399296259
0.0908009543233032
0.2049709160945
0.0739927753702316
-0.016084498209709
0.125814460179876
0.0160422153264042
0.0927429475041539
0.0886801213524568
0.104451526001983
0.137921605552566
0.0712694093678526
0.0564235103913425
0.101402494854049
0.0283306185815888
0.118652922556138
0.135731219976378
0.135388949292249
0.200083142817104
-0.0661933788518875
0.0909021263710317
0.175105222227714
0.246524459812506
0.0326027186794656
0.0393461086366285
0.175745335120143
-0.0180752679086493
0.18986289298845
0.0122349024586109
0.252568100817436
0.167883128068802
0.126672535964635
0.11508568935349
0.0904117128988098
0.258377170173784
0.0776895654518081
0.237826508456967
0.00337204289265578
0.270494682280336
0.212720259971315
0.105882882401352
0.0759137598397519
0.350633874074639
0.233248472861939
0.251176353502106
0.179097986399319
0.0811662273419641
0.0603173407863694
0.108437825013217
0.0246441200428481
0.266820638843275
0.285767671380633
-0.0185527250517401
0.26803747864461
0.318000831989413
0.235684928662382
0.228662278635891
0.173462312905784
0.165490009078076
0.170458695275281
0.290517818919387
0.0927460090788775
0.327114925483624
0.298698541017629
0.161580717686407
0.225375474628259
0.233625952575065
0.252119237006893
0.301771676520027
0.087813489228822
0.216783413032304
0.274413336110813
0.278304805052287
0.379222287159677
0.251266650694285
0.218929171579918
0.278616348518156
0.237574419696449
0.141279995973486
0.251158663560151
0.29556105826759
0.073423053655048
0.185994146200858
0.248657004293497
0.382609062223906
0.148373370080745
0.375056877912107
0.362980424624611
0.270607514164304
0.170993636019221
0.283538184935109
0.271631464487985
0.344203881915498
0.213334830383198
0.375266455370625
0.426018733719114
0.280543234928922
0.267110109677021
0.264507630389501
0.234943735569711
0.403521949257989
0.436639166073102
0.324960063524924
0.181542683270143
0.128515105267394
0.443031836280456
0.302493014414341
0.22539267568962
0.321833591481248
0.25308949242028
0.395038191690603
0.271494589609257
0.280340478301775
0.254912148868357
0.232932177489803
0.387313329227826
0.302038341888231
0.474685623797559
0.296841462512532
0.365097083020943
0.356367811557294
0.389872633035353
0.319113306606068
0.237295526949045
0.420840387355309
0.314258289148881
0.451289276784269
0.32654448047031
0.438160522318183
0.334898661971933
0.28683062156989
0.374077642504863
0.474021534093318
0.447167605994992
0.40647848404978
0.368435714704415
0.329911468476116
0.304769484855078
0.175540683027796
0.4469091632226
0.18410608597779
0.205274345968519
0.424764984059871
0.42903394306045
0.422974334089108
0.377960007858773
0.349647410949058
0.374278922783197
0.374759550977072
0.361679570183219
0.341376570259992
0.345565789025781
0.380571432340871
0.326300680226083
0.300778233446349
0.367953528654418
0.4683637655005
0.374216161644786
0.414863420097626
0.316894136339076
0.345721123586027
0.308673453303901
0.222731725255833
0.549151415900675
0.460290764126571
0.339061540138668
0.425926173084568
0.53268082835949
0.45178865022476
0.472511764621372
0.33130793503212
0.360461962953735
0.396618776312685
0.351517546507756
0.309943337068393
0.405971006445274
0.301520289271787
0.43598395408619
0.500236312283697
0.46959780450071
0.447982723809974
0.475504096366784
0.5380968601994
0.444758064211891
0.497890408045428
0.423688788636145
0.639788075140936
0.36314163719894
0.52710528370383
0.42155603335307
0.434694690408559
0.507480094319219
0.417149606654237
0.558290419640347
0.524573840536445
0.325708678709718
0.381992726527364
0.404563617782501
0.386000665048243
0.602707087086957
0.62323521149065
0.6894204704969
0.446788294087468
0.488794932260334
0.589424275171626
0.502978498490897
0.427636589766465
0.462576202059184
0.45471700951515
0.544029285263022
0.501105059172483
0.636125889149237
0.36487295966991
0.604788495801138
0.588509462797972
0.452006905160581
0.648223157132909
0.549819851950366
0.577774304390678
0.656809268454771
0.537439892106792
0.445782130703985
0.473898256434776
0.593276083266474
0.482270446201204
0.490441953992375
0.599083767949936
0.58645993511185
0.50857498590453
0.574329624510747
0.504437238806356
0.725662156052769
0.706427997066486
0.405969897637652
0.452850287755359
0.593486023910558
0.568751484705411
0.497900843428776
0.364664031617245
0.441751723752719
0.55699410810235
0.59612664266522
0.604865303245477
0.448191012225299
0.692094495620138
0.643685298341311
0.580232085536587
0.56789534373626
0.705188521994366
0.431952895901318
0.360028260959183
0.551606209810006
0.542965065772788
0.526704913774069
0.467906774857581
0.421083181025435
0.576967796109235
0.570720307605131
0.843113476346497
0.667003444699657
0.576184924853304
0.615214788010543
0.706830330813638
0.646334590578846
0.667697049312195
0.641461231694997
0.565760051484291
0.592278160976371
0.551929138204391
0.677891548447247
0.509248772171092
0.687087398729707
0.697981190017963
0.693508098024322
0.752461317289805
0.578944638767863
0.68185075402379
0.634872121047134
0.662979981522106
0.604871302842176
0.745578276991745
0.845154267825704
0.825274612243871
0.649286245002439
0.616709471390144
0.675765019421406
0.78114368578662
0.673255307040465
0.729974583686545
0.713701322017516
0.674634768560374
0.566448968770737
0.598458810704885
0.641695443326938
0.551927246597423
0.793193122892411
0.604186742687882
0.639566513247916
0.492860187562878
0.620261643976371
0.663663321187226
0.511693417137055
0.666976547587167
0.653084184492228
0.722943915659375
0.612368582325584
0.722806666675203
0.641069511259656
0.515605705105881
0.601908956040818
0.74270063689823
0.809126026820744
0.817991014608239
0.742482959977896
0.735052390817421
0.781537477013621
0.662783032968439
0.615105888563845
0.765208506389078
0.734086306884388
0.737586170804091
0.756178628687576
0.811563618535182
0.672300029665127
0.782927375995003
0.793285658859548
0.659555054387704
0.652192769518641
0.67766338319768
0.690612213358308
0.840456788264171
0.835343757127868
0.586037334931133
0.684173460871078
0.871680369235482
0.790283221968312
0.81772630908209
0.651541011734641
0.877682423618042
0.778296880693772
0.821182403824228
0.766054052448288
0.804167038154487
0.915530551802152
0.650627177638128
0.827258906637422
0.813726330896763
0.773077185373503
0.736345745415922
0.771072968421038
0.877194868801295
0.805843500231592
0.784074081500488
0.799270513434969
0.763495003899463
0.756769228466666
0.764326262006913
0.842466053777548
0.69891954998871
0.592899398808564
0.985146439502361
0.685140020437524
0.893741171914015
0.865348569766175
0.878537040836065
0.69747798523004
0.834535857305415
0.88436132138729
0.734612228797947
0.818070822424358
0.813528731927268
0.891211395826733
1.012016708347
0.86027212135408
0.642494642686856
0.767040794417233
0.800807939970064
0.897195577350528
0.779825850774299
0.83932080502523
0.852688871991394
0.828071961232017
0.692466572577011
0.907084962998221
0.834749072679528
0.970663599575363
0.911384890402679
0.732628687634503
0.951681779105301
0.851513774035739
0.832886188055012
0.735788447050099
0.848901124141134
0.789201833648473
0.833734047933361
0.938025057696102
0.884465450258345
1.03408785019794
0.874096995809273
0.881857182057597
0.695063234672246
0.95514167620793
0.935902083221838
0.92790770640809
0.858898926284214
0.925559867434854
0.846184027433893
0.803108140231197
0.831957474702055
1.01641119401242
0.940144985133832
0.850116101832878
0.90125597381232
0.859787009054951
0.901535761721581
0.942074175229001
0.926381575326654
1.00165299009941
0.991511372700309
0.886847158041709
0.816703339027066
0.82788387639969
0.885804457904365
1.01619987024258
0.916749954367139
1.02345153738011
1.02660239101414
1.01257556318577
0.890930267057677
0.840691127502824
0.907151884113388
1.00632847189758
0.848681733197303
0.900836369838624
0.962323838963601
0.916259486196787
0.847573560865352
1.06624313806253
0.909596541736121
0.768711481605343
0.890923654295052
0.880885938582191
1.02513374780905
1.01196575084349
1.04658026068049
0.949752072149969
1.0591064157705
1.10031789283204
0.962359408209168
1.07568098294303
0.977667423153843
1.08867032142953
0.966435668035315
1.01387685117297
0.979701194169126
0.919907234810914
0.950244413020699
1.13004572046417
