"x"
-1.19821199342277
-1.09284309193853
-1.10848277334131
-0.904739050720467
-0.932454438718476
-0.948565059265521
-1.01168699151361
-0.902854445228679
-1.14270571692759
-1.01530572237156
-1.01356054334518
-0.994540031532184
-0.895237846784403
-0.86356836500668
-0.916116205428539
-0.959348414178686
-0.992871632082227
-0.970188207533426
-0.949531574103657
-0.882380229028568
-0.916492921497246
-0.968127014977076
-0.842478812670334
-0.912873097418388
-0.971848625473439
-0.819157646224279
-0.916336133466457
-0.893796916014108
-0.921764218620991
-0.96053453768897
-0.962675335989402
-1.02609914669762
-0.891558392839083
-0.90767264108685
-1.01930306080236
-0.946249710667307
-0.92088795803255
-0.91093969201772
-0.816140126600266
-0.826751107719604
-0.911040863393746
-0.792732457776147
-0.80357247132013
-0.79910235851369
-1.01120935457024
-0.90257039574772
-0.907304149773251
-0.937549865653163
-0.873688973798102
-0.879345860481664
-0.791298184195234
-0.977642740753436
-0.868630175631558
-0.874315531919743
-0.893765717314617
-1.03673372723866
-0.908622927918576
-0.898708462883862
-0.96886579364808
-0.907148812478422
-0.699908782452139
-0.935656862658047
-0.893451523556926
-0.770779380689151
-0.810567885752155
-0.706724572228997
-0.888671198271025
-0.853257731536661
-0.821115675366822
-0.837467310568394
-0.853670145129668
-0.836245515200034
-1.05753989424786
-0.951632715998288
-0.946300408779225
-0.929083987955511
-0.844330275582223
-0.708289545569446
-0.776707689780836
-0.83796989339835
-0.841838752074698
-0.827190915311281
-0.842372005377258
-0.834424846148372
-0.773084568814844
-0.73670294990685
-0.80514435840604
-0.859747695814432
-0.872733916633283
-0.783290954312685
-0.748351899931169
-0.717016890379895
-0.76311130461692
-0.615845965453124
-0.811056107482572
-0.912550194142505
-0.842743802507906
-0.730646127715319
-0.7792595789653
-0.72905794640813
-0.851607050297438
-0.783504870392314
-0.835422408176944
-0.879509058270207
-0.820689390167849
-0.871031441408006
-0.763941324527293
-0.798122055404605
-0.832131444330263
-0.786429538607019
-0.811157392062951
-0.795999191144519
-0.782449999590424
-0.611085041563157
-0.77136353188182
-0.877049045122596
-0.646365421435651
-0.700627596806763
-0.628625478933724
-0.666643055342863
-0.662512603023034
-0.78152891501581
-0.717630985785093
-0.804146777109374
-0.714005469635926
-0.693540571705793
-0.696204169955003
-0.583249187326813
-0.671739905526042
-0.773733199487076
-0.675650435809331
-0.871879849354345
-0.610658543802768
-0.623939222952298
-0.729500187072975
-0.783789130358501
-0.733539794952785
-0.730473619128507
-0.65053217664858
-0.771134040792911
-0.676574578247311
-0.777106214494754
-0.778030944906182
-0.850744711157068
-0.640286320358525
-0.749986272905077
-0.650615419255651
-0.75190581719295
-0.757123860871019
-0.757297717547772
-0.531452480916909
-0.645026034237264
-0.77756051964314
-0.576727480452823
-0.773342162851828
-0.708786453681151
-0.594579883805145
-0.707926621020649
-0.762524754188156
-0.760077317741771
-0.682218171623587
-0.776958422232822
-0.587523996086314
-0.608923509382726
-0.678077219175204
-0.567086773177184
-0.568489320855358
-0.703541778335557
-0.539927918427095
-0.782227450423844
-0.734909798353377
-0.642916331195279
-0.734058645629699
-0.549905354074459
-0.706321388518765
-0.67969632391524
-0.694734836764529
-0.595380485792382
-0.684496902514419
-0.679519633101085
-0.682399306284035
-0.619052369643206
-0.605279512414977
-0.574227044660669
-0.672008470398542
-0.623784841039458
-0.584683206596464
-0.654331500873858
-0.66228410743092
-0.831238254679383
-0.527108751883446
-0.667938921888789
-0.630285278563527
-0.621478177640208
-0.652571058666492
-0.673800644337356
-0.556574717834108
-0.726037948150071
-0.543255667540351
-0.573400617301667
-0.584679178802237
-0.69294277236461
-0.628967340636862
-0.657728457807474
-0.621672803779861
-0.642928091876948
-0.430696206172389
-0.523971898622634
-0.754141591818273
-0.655599534822676
-0.544928057148132
-0.468041804384953
-0.53262644250846
-0.508975247386617
-0.692400658058961
-0.439241084644747
-0.388574910646476
-0.709497427829461
-0.617346883770612
-0.556083237914226
-0.527519434436367
-0.487924022884642
-0.636637558504149
-0.412133345194947
-0.494998191272263
-0.645219197377783
-0.684450104153527
-0.466048323602876
-0.389701000365861
-0.449053827860575
-0.620608923888126
-0.55464379668248
-0.367197800579543
-0.57803048863857
-0.517233907882513
-0.55674944682882
-0.60520792107594
-0.408190607556652
-0.573516202641348
-0.503427028508649
-0.573352970646242
-0.409631975566604
-0.582755530375952
-0.478247295340976
-0.391416206473544
-0.515828912239575
-0.570726507056471
-0.553613343724265
-0.435676130842789
-0.464440712605043
-0.562470279268316
-0.541895990687577
-0.550754657797359
-0.538554561731704
-0.663724464828945
-0.477854334628953
-0.423435528528997
-0.36637664940695
-0.475701885504103
-0.562280965424653
-0.476075630677951
-0.43821735344005
-0.524712385368142
-0.389969515298122
-0.500473572283198
-0.416868270132797
-0.480122844806738
-0.489359195241391
-0.355427437739509
-0.349767308606463
-0.492902045670615
-0.547400434660162
-0.479272951294074
-0.322063049306806
-0.466366792142506
-0.426028369896484
-0.379742592590358
-0.493940819029587
-0.565110191932101
-0.444101328493552
-0.328845142231303
-0.377158656083427
-0.509694486708622
-0.418768011777895
-0.377202686756257
-0.335425093209227
-0.480445830233555
-0.460751174783748
-0.317568658643
-0.334142911675933
-0.410250948103893
-0.584619399529023
-0.398939931617617
-0.410671191934774
-0.419057641957062
-0.320136200904962
-0.538059952359805
-0.363453396650675
-0.478604235596687
-0.485954473952238
-0.34666599640382
-0.39555566126955
-0.346868656696151
-0.379007541312372
-0.233005865874642
-0.225727302167502
-0.380517332203243
-0.431796402947297
-0.312331057125039
-0.4885874048517
-0.316424800661551
-0.577302510696591
-0.484404184479268
-0.245050074082451
-0.397855962953864
-0.289736216142276
-0.40512884010517
-0.527396861919587
-0.275673433183585
-0.298121540191738
-0.291652590665464
-0.341131459481445
-0.236671957489208
-0.213815952231384
-0.342263109661791
-0.319145969183004
-0.359371584230485
-0.308655257570247
-0.486324879028675
-0.327516770406413
-0.34947878639975
-0.32469819254241
-0.160097633535307
-0.425119934137286
-0.451784549954631
-0.430749006908678
-0.34264281669516
-0.378417536326875
-0.280250853961455
-0.399406649611449
-0.314616050865503
-0.414510051117186
-0.327188023399899
-0.260949347704621
-0.322095571267657
-0.257026344296462
-0.421499944182607
-0.285843507215398
-0.246126096205941
-0.268010728964657
-0.473119421784431
-0.338479481462023
-0.247021938561448
-0.208173888590813
-0.300507682134187
-0.322620853179309
-0.293066864478658
-0.35504541345845
-0.183030937904017
-0.325806404373755
-0.225449801179866
-0.389729070311683
-0.355939972768982
-0.340703424644882
-0.269538362565275
-0.39248565517639
-0.264009098400679
-0.249989754386314
-0.150211505400543
-0.127368757975891
-0.15295353094614
-0.289371489809027
-0.307490364989236
-0.219666375734661
-0.298620581786914
-0.158050427362287
-0.28832774038546
-0.0700731641511053
-0.279883508656695
-0.467166979747672
-0.335213103531849
-0.216747034585149
-0.160374432674373
-0.394340227644679
-0.353725002975203
-0.233763591427459
-0.162828758782871
-0.150884179181168
-0.246796831296739
-0.189440054092104
-0.275907187196018
-0.15921560040261
-0.147853485154812
-0.370740908606896
-0.1827555844011
-0.304778989526322
-0.187913047979566
-0.15129940693334
-0.188286633189168
-0.221467631238975
-0.119263100021274
-0.186446213500337
-0.328475336867872
-0.216528397117238
-0.0652908419371495
-0.347143241177266
-0.176488583894919
-0.206876292073277
-0.0119177529980875
-0.177996175871008
-0.149355007796654
-0.0732836890258317
-0.240197442237652
-0.21073110793614
-0.141701881385176
-0.33755551751019
-0.106693665813477
-0.317783302055607
-0.137953427186317
-0.0962867277025886
-0.266053817499392
-0.146070877984223
-0.218450279725675
-0.245159930005281
-0.271851488731106
-0.109855483471189
-0.125672783786422
-0.0461080143635883
-0.173323223648605
-0.053807480852437
-0.229458707186113
-0.291761771487887
-0.244546241511293
-0.179508301506941
-0.239009623313848
-0.0616309946838557
-0.174187848630019
-0.0155007850615246
-0.0830000187919096
0.0500582008724826
-0.0186734045573216
-0.104015304973445
0.0324321023457409
-0.16053193407208
-0.178629462948447
-0.140409580260382
-0.0823300339170173
-0.0281468232392894
-0.190148656178139
-0.0806499374699532
-0.145024998433338
-0.00919314066580919
-0.187340009635734
-0.198689342444677
-0.148337612608118
-0.0715335803478738
-0.0582383595878398
-0.0210226026131502
-0.186965688888972
-0.191287762643642
-0.117549484045164
-0.0257761958063
-0.172130811339318
-0.198389694808432
-0.174107334842783
0.0347475053305712
-0.0694568483242228
-0.0434574274701868
-0.172178784295251
-0.181652014374113
-0.152985294143079
-0.141036165971969
-0.207271204825499
-0.130704228727713
-0.0741128582251639
-0.106177743572579
0.106815519521825
0.0127617185936576
-0.143981541899483
-0.109511085586796
-0.136461463083212
-0.0225022733339435
-0.110174114630732
-0.200348172206223
0.0941825985406515
0.10482935883355
0.0619975543269903
0.0379979386197468
-0.186975117069509
-0.0374278628942186
-0.0280692899169014
-0.0477481401269563
-0.0145395455405468
0.0512331944091473
0.0430505771322706
-0.153207907400639
-0.174560394939086
0.103669449930709
-0.0892488975332758
0.0100736690311146
0.0523979452224308
-0.102264009232879
0.0462773009523165
0.053858934578834
0.0188146688009944
0.0369713461486882
-0.0993887115866098
-0.172533604519942
0.099171237694117
-0.0993145171468482
-0.0263539713005738
-0.0155814087327091
0.0766221494105657
-0.0964996933497874
0.0446160881143609
0.183568915379812
-0.0476174509836621
0.0502597805961425
0.12680475379194
0.0792527517015423
-0.0157851911601581
0.119430532230116
0.0112394147061648
0.0420833842343887
0.00352106860842984
0.205167629197566
0.127446562241096
0.134734878038922
0.0620974759724406
0.0777260239197105
0.106961367272891
0.0680236793543651
0.0506887757350877
0.128803624421392
0.051396528130733
0.128703748325114
0.0376150344433663
0.0109772884544834
0.102624684795006
0.0126289790608562
-0.0193767813721456
0.150777962881684
0.0842458097050228
-0.00920234135611566
-0.0500909884478158
-0.00343695985162492
0.204392269740243
-0.0258809646617572
0.146830940352636
0.0168060930834909
0.0360310382515434
0.114696291936424
0.0485171718463354
0.181495416375865
0.0990606800347671
0.256856963368443
0.0390909479163793
0.181848973508845
0.028789435738754
0.145870122054444
0.0404084341201899
-0.0982102420259581
0.100905515780614
0.0895860979353437
0.208075089483705
0.252425793503193
0.239467219190992
0.0208300998983816
0.136065781866784
0.214113278580977
0.124963099858636
0.110197814522792
0.122829161269025
0.081361701678596
0.138267586399
0.137589529802746
0.0361277470111324
0.125753711824366
0.206637205476904
0.0952299882036232
0.334916350258767
0.0401113994884833
0.187839609554257
0.203141067369126
0.167277124879889
0.113044415405118
0.240698762081476
0.122590156342127
0.136706654546914
0.307757672195939
0.301392207217245
0.267414114418947
0.126992001435981
0.0799582652169206
0.115863748567221
0.177192708334792
0.14023282335488
0.204228721096159
0.140008185728798
0.309550808753844
0.105816416252083
0.0804504601708293
0.200378130184519
0.17417613371379
0.375116632343453
0.338208421058243
0.211936924218866
0.342513634974295
0.238284275498555
0.222004747851605
0.261777480779612
0.240422353613236
0.216121180150666
0.127457428711768
0.255429109282606
0.327827642751399
0.271992625603257
0.240094297726585
0.350691359078556
0.259367348881612
0.366714931469848
0.205506947709804
0.158130879068762
0.235171298470396
0.2845717915375
0.280021510154463
0.16303010693137
0.345283408337159
0.238408013091038
0.301100118535028
0.291617196685136
0.126269029121054
0.106060133047218
0.183483186076371
0.404371142226592
0.266642898137039
0.268676735516558
0.301288555354631
0.332212986603038
0.224997584384064
0.0865739480107287
0.375909669759273
0.313515211851878
0.220249103912447
0.343639628428801
0.0691695505089708
0.32339004878309
0.190623422453216
0.228528819070043
0.276422701789787
0.274151481510175
0.267799384337522
0.375000645057181
0.315918501846868
0.411918889966938
0.389061717843122
0.435413040828215
0.227439750873996
0.385581058822602
0.272855830075101
0.33126888837725
0.209395869851793
0.374255025126874
0.215816789897114
0.517147024312611
0.461165095579004
0.269290438998286
0.329541623306613
0.372626718596026
0.35954443486753
0.257932788937615
0.256018995704815
0.319101619580265
0.345757583062263
0.400147855012192
0.384637854903298
0.263806892993066
0.473785942856368
0.454573474312936
0.419204254813636
0.493175034151049
0.486811666573292
0.346994419048236
0.3866623174486
0.544929717042339
0.165940809092659
0.367600616596334
0.424453290379111
0.25562190347426
0.282498270488983
0.235475522450258
0.550561540245508
0.388431174715131
0.304626575007884
0.501669394023569
0.405486385492986
0.374701832126273
0.396406159185407
0.440329302605315
0.358681461590249
0.481081192062959
0.428105225233234
0.441327063023483
0.392553176041348
0.43022382949481
0.355801828386921
0.39354079670048
0.446715587322756
0.395116573248966
0.389864999383694
0.405730882366662
0.282998404052795
0.3668080518441
0.419174161534898
0.475276499032938
0.416455429238932
0.487637630000695
0.361795444498803
0.416308106125799
0.417383825232381
0.269440089226291
0.386806955313817
0.550559719380268
0.479745902019955
0.562159403792931
0.630273277677844
0.443951074060461
0.478728588685903
0.32864269152569
0.540054544330226
0.467551238238273
0.351559825428511
0.568984463701886
0.51328559245813
0.462310546194089
0.595440351068677
0.439851394029348
0.527981435036974
0.534056597599875
0.571835752585349
0.453843541294023
0.559966441002592
0.427601159784239
0.552811627641385
0.396136505352373
0.386798079897983
0.446920243296058
0.73863217979788
0.505566505180776
0.498049571037745
0.430326610255471
0.492147434448062
0.577241911109375
0.551083562625808
0.378256641802976
0.587981514790179
0.678390696519846
0.430635736960563
0.458767861681681
0.441493643139865
0.376225391332815
0.51905187095064
0.571580528113015
0.47098381726328
0.550612897762513
0.507904376607245
0.449845808472232
0.422860447757557
0.516521167329772
0.529989655464484
0.615700494842204
0.647545816790256
0.609769862391691
0.370143108551101
0.497782086478774
0.58790042824058
0.614178331433968
0.578275729995291
0.43458724697786
0.548019406749025
0.625360204746235
0.61056534065913
0.558797944117105
0.656694887626948
0.575920706050965
0.530329986308775
0.634423061084815
0.556351052234159
0.6694042371746
0.566586142619858
0.603343681479418
0.372595336083709
0.468033304856257
0.602164799493602
0.558264772248626
0.620463638107313
0.548245438861458
0.560490537239779
0.542940792844615
0.570099047210068
0.619560691237231
0.572784801092858
0.443581270963487
0.834663327596318
0.666485505656017
0.58500762096537
0.59206439430524
0.713211668774875
0.515168741547414
0.712525752178023
0.611125931337566
0.579250220916101
0.609682979958016
0.637605849079369
0.606132104021562
0.625202591249704
0.7213738400933
0.579778609401525
0.733699893793311
0.547978973572745
0.604391110167921
0.698501343992873
0.600947552475074
0.591708267830039
0.759750030907543
0.751326130084318
0.606314335101097
0.654379530334163
0.679836589427907
0.725614268519531
0.717892121346584
0.656277459007759
0.758595839704384
0.784470146287844
0.739734757536803
0.589381025078234
0.606986931141674
0.725548431860304
0.729138504446823
0.738563131958012
0.659541480999378
0.527056265980632
0.618598883331858
0.773671447509284
0.612596222824507
0.729544757465767
0.700488974312219
0.807813428355609
0.661944461180059
0.608157340769674
0.604448607085581
0.765536567989869
0.753607369929579
0.617452608261377
0.682846794486953
0.693385193773687
0.701551150114177
0.700684715531451
0.670435241993099
0.723878862883106
0.603862248548744
0.873113782052693
0.632495785020132
0.540615594266861
0.754839588678361
0.72951092846254
0.772486976539349
0.688229729425337
0.845117023230659
0.702553129862534
0.740408006029246
0.702194526558991
0.734524775884908
0.705969733820358
0.84819931642829
0.867512285334328
0.875885910264
0.740661647606459
0.668528080507392
0.558441491900755
0.727768186502648
0.724057881347598
0.842516346334578
0.763127472874829
0.688610314158353
0.880392551982797
0.674309774601804
0.863644381521281
0.777255407247514
0.674689467246036
0.850043966858331
0.713169054923849
0.94463612304507
0.742718329684773
0.669004813299297
0.79862851606332
0.830140512247516
0.698880137901711
0.771420434519015
0.744626202899291
0.837813605949672
0.763803981595621
0.802142033912951
0.662234989738415
0.648449386184622
0.852610317785438
0.834843022936122
0.794945713917427
0.850099004529073
0.843237592897352
0.917424822550811
0.827701616385204
0.811448699564962
0.893497320329139
0.965582716232073
0.774535347927852
0.89541301147724
0.674274906590655
0.76676597790981
0.848333113851094
1.0261897576356
0.767514800764654
0.866747111486216
0.814691816416303
0.691987293161291
0.827406956126099
0.931212823336246
0.795765363513964
0.775221204100949
0.886248530488147
0.872425752768587
1.02034065970205
0.869331419829685
0.87714374917611
0.872231020817595
1.02727702091629
0.817986779230251
0.844615371532504
0.969083310637954
0.754583290705476
0.975568900258307
0.940097763179563
0.680433799962386
0.89353054067628
1.04772731663095
0.913787439710196
0.729174794689205
0.953516400111087
0.785934805725615
0.927126796151807
0.876948783759515
0.756490473905809
0.876655772797672
1.08330368867107
0.841908229286812
0.824889506061006
0.998263752904058
0.943845747569347
0.866920904502831
0.938513876347198
0.893604957421864
0.890847513166321
0.924915950296617
1.04592970263048
1.05884402462867
0.837653127553323
0.922877128258225
1.07098793270091
1.07928527579829
1.01999927420668
0.977270420218193
0.932785871331204
0.827547204749402
1.03926149177421
0.962261492485027
0.900162475806553
0.80526396315163
1.02433709439266
1.00996944850052
0.803019734408253
0.745412483611459
0.832296817555709
0.953370047930238
0.838314430743621
0.976992159453323
0.818001219151801
0.975905627129719
1.00482845264679
1.06744723348571
1.01244869253655
1.00545838026759
1.00457020597383
0.968116983707313
1.03013878400556
1.04466604405739
0.96543876944584
1.04865615983287
1.27485336841303
1.12475795680948
1.00737440150266
