"x"
-0.930320852119072
-0.851809234302394
-1.06008506420308
-0.85962661802848
-0.873822014964253
-1.04147587746081
-1.10134758739701
-0.935580456456642
-0.955906541912766
-0.918970930709991
-0.980576449580448
-0.985924672245074
-0.95430753364072
-1.17071060088836
-1.00724925197431
-1.00472435933564
-1.00662985356168
-1.02010533765111
-1.03288993284603
-1.04222802163072
-0.951558152325787
-0.845809335922672
-0.981690403843669
-0.860401854460757
-1.01636177804247
-0.938991810652077
-1.07041814400883
-1.00611647931298
-0.978818728423185
-0.902584480077123
-0.966183696577226
-0.793833314164099
-0.856384831607528
-0.899522754910789
-0.799864872045776
-0.865609727901756
-0.730281014070234
-1.01053300819396
-0.877256466711291
-0.882416588908159
-0.899031060246914
-0.884092992664775
-0.881702592738483
-0.893526494843133
-0.862530383260874
-0.814689678032928
-0.928988090900554
-0.955337396819562
-1.00432966307756
-0.794185445917357
-0.88793215479086
-0.88754682903018
-0.722464508445327
-0.851413757711049
-0.842958758584283
-1.0085155878835
-0.882149510466169
-0.980704925328561
-0.846957428803184
-0.892837494192958
-0.787771437382518
-0.903415129750008
-0.817718624635847
-0.944012547737015
-0.959312244058476
-0.928956795477981
-0.844023562113314
-0.88458871716827
-0.909414289846993
-0.893400714911321
-0.772985783103449
-0.822588059814454
-0.960815648209155
-0.806073773954877
-0.75186176490626
-0.868696867962092
-0.810452939730162
-0.768336081362714
-0.721425617669029
-0.881918831908579
-0.847306639715416
-0.699628526367873
-0.936089384405034
-0.779267077991437
-0.818595202561997
-0.891706016003003
-0.866878848816987
-0.859393615057353
-0.839263164054781
-0.84776262835288
-0.721115031645879
-0.875970674698014
-0.901250569294433
-0.728071068224633
-0.878158747090597
-0.767712249560314
-0.763554296717661
-0.660811781139556
-0.745481299192253
-0.871618524611422
-0.821987085333317
-1.05457420667272
-0.746484498174054
-0.782918291301431
-0.545973703946444
-0.749581082313604
-0.850189447511367
-0.823788296869312
-0.737845276765229
-0.801459701207317
-0.722587656848541
-0.779212024990629
-0.764431038990582
-0.695910853787438
-0.801981278140071
-0.817590424843277
-0.746948019172427
-0.759227461442848
-0.660452388362625
-0.839073466250685
-0.633314375181562
-0.852459971017264
-0.871819975118225
-0.676712081098574
-0.88663791815147
-0.74906413593187
-0.789087341554334
-0.602868531046028
-0.858977125738727
-0.66830747898476
-0.698865014602159
-0.679812784148987
-0.687777540925093
-0.665976367762232
-0.718253172294503
-0.698648099319962
-0.737000238863057
-0.789217449127855
-0.692965502535811
-0.845787045053832
-0.766299149885777
-0.754066801988901
-0.692732232766225
-0.794227233417785
-0.699114017584695
-0.460464088012643
-0.683786150694767
-0.76175351679919
-0.763338120567135
-0.68980405037118
-0.743849079555625
-0.629404202209202
-0.773182947676837
-0.70357360271251
-0.739668372526216
-0.681990038555695
-0.745772323567196
-0.703285461357951
-0.798552736893364
-0.757997660932533
-0.766592328610811
-0.730488549182627
-0.583108687510779
-0.642500767004935
-0.565015266523
-0.757188347937197
-0.596693724069666
-0.67559565279476
-0.656745272946936
-0.630729180137507
-0.637631334360771
-0.721591500373841
-0.672090314499395
-0.737313747831285
-0.744548556257376
-0.619063398503161
-0.66429957251885
-0.586478909685925
-0.725054998987062
-0.672202308525884
-0.790365914971136
-0.661810042225507
-0.705294790890502
-0.549422719141635
-0.706956164607603
-0.651616361242558
-0.597590198724265
-0.530662213523045
-0.652930541156802
-0.58152841106617
-0.588569506039822
-0.481748348217114
-0.618539513472843
-0.460522821928054
-0.701758410998439
-0.561307883712403
-0.629238870896265
-0.717044219884588
-0.515833749478201
-0.539063918184676
-0.580963354126211
-0.534937711911109
-0.694638242082596
-0.604668678543782
-0.615157572961578
-0.663705823149064
-0.523782647892204
-0.69670811152215
-0.695659171265096
-0.550106567757065
-0.558735726380397
-0.568040358814585
-0.452584019085985
-0.533659675287241
-0.572020314619595
-0.449886428982546
-0.62107030849378
-0.529291431846779
-0.593434834657349
-0.490058463173218
-0.679077907626364
-0.572653407067273
-0.664559609516157
-0.460186825506268
-0.51501304932767
-0.585803233651945
-0.592996610164543
-0.489216317139571
-0.601735158968484
-0.56977082209784
-0.580324372285547
-0.51034214499625
-0.407064008552903
-0.537038289284461
-0.514119029667857
-0.517657188907017
-0.404660242022165
-0.509492734988758
-0.51763753929512
-0.449290949013891
-0.483496960377245
-0.540392319898224
-0.520339268176311
-0.64229581807863
-0.529049436315741
-0.481786113650792
-0.557704370427878
-0.477333613011776
-0.569749553950216
-0.418333020262226
-0.555356100974154
-0.449527919402886
-0.400402709156767
-0.354353231957982
-0.568974762309841
-0.412132224755124
-0.533344373620027
-0.553558513255456
-0.465556090015975
-0.443271731933787
-0.494752003846541
-0.499071831143002
-0.318644522495914
-0.64403363395918
-0.557303620860212
-0.487817083219464
-0.551454405013662
-0.404806427579079
-0.506464768098916
-0.376017039345109
-0.385433649378365
-0.535018084804862
-0.552386140865157
-0.373470841246669
-0.42176568200252
-0.503306333204393
-0.460473864983722
-0.409747343299502
-0.311227818628196
-0.486322061351508
-0.437373166219069
-0.307251684137968
-0.424464418331872
-0.386775207420281
-0.447157646451027
-0.415806231374518
-0.487328628713483
-0.492503108867845
-0.500458558934089
-0.394856038862813
-0.534701793568462
-0.429105247128777
-0.284681904015641
-0.523034902450184
-0.440694701064283
-0.424330228869504
-0.485446578486179
-0.266366842792711
-0.474539059836326
-0.417086447183179
-0.409800392710439
-0.470028583980747
-0.488455176855084
-0.322035613591053
-0.440915839533942
-0.407007044537836
-0.486674240483057
-0.438201689240774
-0.391265575971215
-0.504075192888233
-0.409483433570389
-0.372552488396199
-0.465892633066386
-0.406179177891439
-0.596114572047201
-0.324906339844356
-0.260744210329377
-0.308976801247332
-0.364376549961883
-0.480197079704553
-0.329760089582965
-0.324859529459201
-0.420004466875863
-0.25187816287761
-0.42532213781942
-0.364069779049617
-0.432626648224446
-0.344042248448493
-0.219783390600134
-0.297660897083426
-0.333788811874881
-0.371265539833052
-0.339296484522952
-0.431084476024208
-0.268384754017059
-0.358687405375733
-0.331308259741933
-0.290547745571333
-0.365553375912658
-0.324217686187388
-0.282336433236326
-0.365774000557307
-0.249508726755418
-0.197879608313567
-0.277448846682005
-0.373913031133379
-0.182281350946252
-0.251956589819739
-0.420226533146539
-0.33904463322379
-0.261070017019434
-0.333446387015967
-0.353909401568478
-0.346060837182942
-0.165610254149175
-0.209586479165038
-0.190741095895194
-0.151038860870392
-0.220538501483674
-0.483327021307498
-0.341348734976024
-0.172282996160851
-0.28915752413674
-0.298825035277697
-0.320467104292274
-0.274169680226271
-0.281841974827216
-0.12277909744013
-0.173911250733934
-0.220866408868591
-0.409054482469348
-0.272231456841176
-0.106171681853988
-0.239558103650748
-0.365738614328833
-0.252434795685591
-0.432977074376256
-0.179516737404123
-0.257052298969146
-0.0931761108131084
-0.121053268889285
-0.170446340346069
-0.228211718344889
-0.219126271546995
-0.263038466986763
-0.333367033812629
-0.207001418086008
-0.117286478165584
-0.0866128924140164
-0.283133300657306
-0.159334855657318
-0.210923895599484
0.0139270470418205
-0.326205554647529
-0.108784477029771
-0.258252040609007
-0.0972335370050704
-0.0909623137056862
-0.194949451935461
-0.0446473867961892
-0.20731958403898
-0.30740940614576
-0.259396847300817
-0.106849475050828
-0.148587486904231
-0.100791539631165
-0.13142255922687
-0.100932125373315
-0.335686677572803
-0.229361995775171
-0.253712352266495
-0.242884833021076
-0.0727590563796214
-0.110037365419881
-0.235463474296054
-0.0792395848422805
-0.132764196318868
-0.0935004301939097
-0.220298729823897
-0.157498707250692
-0.201954401306739
-0.300130538152514
-0.244162062129207
-0.171208791942289
-0.312347648163092
-0.120705598396563
-0.0796523609857095
-0.114015038814986
-0.0415114406935463
-0.110226501087492
-0.197875432262692
-0.0932629938954885
-0.135945198191624
-0.0654797025914212
-0.191746539225369
-0.122757245739217
-0.03630228299912
-0.192628142892037
-0.16777261288978
-0.0728546704101153
-0.129754430980045
-0.114700057070482
-0.134940313543239
-0.0430665972365698
-0.0378982800956323
-0.0864227965250533
-0.215416342301367
-0.0331917695608876
-0.0585632556213409
0.0123213182923866
-0.110971057271961
-0.0347289939595648
-0.0742760039294253
-0.0896845214139903
-0.133196703651117
-0.111110821035799
-0.20447781398118
0.0686007572523848
-0.043813158277795
-0.018854586883681
-0.131623452084459
-0.0135613661965547
0.0682662078282143
-0.00478526786444664
-0.0762645048937964
0.0335634547110035
0.0594259481567606
-0.107818171007938
-0.17194891205825
-0.0541758521889062
-0.200183980178052
-0.0173998981464139
-0.134220005124785
-0.0200301110072641
-0.00519512265667555
-0.0433234725107918
-0.0312863528332909
0.10749196892902
0.0375153518414455
-0.0861231278556403
-0.0370914722929775
-0.0223821825989561
-0.102833607353153
-0.00236634356550809
-0.0922038362295735
-0.0885117007313254
-0.0230066329364746
-0.109325861115919
-0.0587027225197622
-0.188295528229609
0.0135941336657019
-0.068711182106589
-0.0340042810844845
-0.00486196221208788
0.0956592558218771
-0.0517486322093506
0.00815105354704681
0.0056216366325488
-0.0305426241637137
0.0647177680602574
-0.0944795285296994
-0.0617007559126718
0.0431987592377604
-0.00804740331509857
0.00570893068019538
0.0454668412410789
-0.0530136430771726
0.0142312382571032
0.240524265980354
0.037109898390844
0.0111971338428717
0.0677948228631636
0.0413814576647488
0.0592762540570247
-0.0712697938386937
0.103095647692542
-0.0344118898006987
0.0409007536819563
-0.0668143109089637
-0.0792886497696871
-0.0364039669190133
0.112156782439703
0.29352506171535
0.029582338006713
0.106051118219188
0.0395640282370585
0.0412463202988344
0.159586934534818
0.113301706746408
0.0556821726604611
-0.0127830686521834
0.170623817561026
0.00569549850199311
0.199858716485884
0.0545704175112371
0.215825437265914
0.19581349217533
0.0818911979293438
0.0552967207216418
0.110381874963288
0.0787357589256228
0.0327805834099581
0.153156703679658
0.164720478580198
0.144062563706781
0.0836008865176854
0.113923362272267
0.00950628905407371
-0.0703391865959506
0.0947086427651709
0.134999503730244
0.0794898304089913
0.108942661233053
0.215522424441689
0.157281783107266
0.0790456917671156
0.0876032766253432
0.0830550151111829
-0.014125277644318
0.161741020534263
0.127639735309502
0.181043710444136
0.0249708151550577
0.159753374786223
0.326727178546056
0.0796599595333266
0.13261433165476
-0.0102030797632334
0.0963315687831207
0.147410234320066
0.119873001595348
0.133709023813399
0.290060515919141
0.0756340046331451
0.159355207516696
0.215082203422998
0.209506322353612
0.150715796334577
0.106081959407313
0.293151436264899
0.0651991548877873
0.20837784058954
0.215952962280788
0.113392626774842
0.160545975933547
0.303772136490707
0.237738928135633
0.22490884405868
0.126806803796827
0.167770607997449
0.0479078263851514
0.145914255248751
0.122156138368671
0.198842162676783
0.231173386720278
0.227985085473846
0.127789107766347
0.256729557077459
0.262840079848212
0.20927040588609
0.264389375842389
0.213808853613041
0.167709099709459
0.145571978258671
0.225185116483675
0.186813980205155
0.231482994274272
0.285915747903984
0.185329571768379
0.128037987719488
0.22097874427617
0.175891276878135
0.213228295251738
0.215636796740226
0.256747133915322
0.163398080049512
0.208527736309939
0.1508228447709
0.16422020881431
0.265417306644978
0.195433378105955
0.240201554581133
0.267267101019504
0.402488472869948
0.494298868179694
0.27200401813152
0.203738473881813
0.203151522270488
0.227649129745334
0.228078787439415
0.206158349071361
0.188925620058956
0.31736168767368
0.128369890687776
0.368646520753543
0.416611517000936
0.18984389150634
0.23883340000234
0.159788844377196
0.403264029845121
0.253104361335706
0.189660707324403
0.289490113312339
0.310840194247208
0.156144568782792
0.280548819373863
0.312003987689224
0.40363455611726
0.186985224875701
0.318500632850081
0.424629252037529
0.287220965690467
0.241037326094018
0.361300914928171
0.169158497937431
0.405083658368036
0.37033504203483
0.316507549288722
0.468946905854496
0.411478739031611
0.289617211166507
0.298867999194283
0.332913555429158
0.192012227924179
0.384002046143059
0.224565488767511
0.282508510295594
0.382521590056855
0.313057390484089
0.263476490019207
0.413656678408889
0.556224587564319
0.471756532255092
0.262754131631235
0.21727830935316
0.459108211503716
0.392109361628163
0.372347544236264
0.320337377603742
0.406260059253024
0.401165979697572
0.408423286776805
0.347552767672663
0.244217785139304
0.376275385822499
0.39602183524
0.348336931731919
0.317019487821579
0.429362007644367
0.384363257737543
0.41856275621365
0.329962793904821
0.444091310282508
0.281153006973697
0.364248456262101
0.26162769637538
0.202527219936743
0.438716187627568
0.421291311408336
0.418881550126678
0.324579845336348
0.426428083871467
0.458596674337223
0.514900492378289
0.431995205840906
0.364897764324048
0.43522749670364
0.406115018809542
0.48451830152314
0.440624292658803
0.359291667880316
0.619664856808237
0.445154735670329
0.557949188098712
0.528709774828821
0.520896647142315
0.52292668686692
0.425809670363023
0.478192376078021
0.54414540167466
0.498049614752189
0.417477798572781
0.539669009711477
0.470727436001227
0.491407496226443
0.450216047096637
0.402283484964927
0.293372500345918
0.317098167732757
0.421374202793141
0.404023624258819
0.437502819145906
0.41784585647278
0.49345580826007
0.424814325973542
0.489346173356679
0.45933932102506
0.488677647249111
0.503424147205938
0.534339048784993
0.367499791602794
0.561324409321999
0.53265225461767
0.373853722236514
0.402965168528215
0.396611886658853
0.506853787862192
0.335804110783214
0.576944902612035
0.545488259173003
0.437345187236641
0.512536882058223
0.600198019156282
0.545174049825583
0.574671461604035
0.582773483249524
0.417640770629027
0.408072929784259
0.546973448892488
0.557985918791996
0.429899163803709
0.40553723934077
0.652975982468614
0.563688249052098
0.532670750624787
0.577857945937666
0.557756534089963
0.529279204749762
0.503523751556404
0.587853613391794
0.472029011060527
0.589493629873521
0.548023983738575
0.429023330800827
0.653248343784585
0.565440154449888
0.645536108517143
0.469043233507391
0.512012028798123
0.477316113968226
0.654670062545534
0.543146822750685
0.593232578386628
0.610276336870821
0.542854152710598
0.623135520030427
0.617267372237954
0.61234511619986
0.697852480760384
0.614794764292098
0.725704128201067
0.518524314984211
0.576188076865905
0.357068816539394
0.542097608605843
0.511529496277719
0.516388952568566
0.651837088721804
0.577334094752705
0.670956201166325
0.516547239400329
0.473209554285938
0.59862931373877
0.750689644105814
0.678917474054129
0.642133377997982
0.46287645571793
0.597003890345483
0.624547249249442
0.595422744453654
0.698291590960094
0.647955799401647
0.469384027470413
0.624626430949258
0.647921384413609
0.566872538768127
0.709771397266409
0.791309696116467
0.441701860075092
0.759407178049181
0.551232708821881
0.744082842330498
0.446026395892823
0.601335585467852
0.681924083525591
0.6407233222327
0.499783638063582
0.646283392602252
0.558543100850033
0.701610969592687
0.70907677003845
0.670685366575452
0.556896864070397
0.800319156762895
0.74101846382791
0.525884429643535
0.652538728924839
0.793235835683983
0.802523425850167
0.647273023463055
0.823272127074811
0.561774558639502
0.674325921917472
0.745910073721815
0.604072905901484
0.656881028757678
0.748467377479974
0.705716732269444
0.737089445255357
0.655339627681416
0.68110633100495
0.742691149150271
0.621916700468448
0.755023103906988
0.625731189999222
0.790910453791137
0.690484241668594
0.775069881474928
0.525032494780827
0.830102547970633
0.726013242343823
0.751146832646278
0.712805284870229
0.726675216133914
0.645545855595772
0.714762231090001
0.80158673496573
0.773304424892333
0.767552355741271
0.676785619238284
0.562940655971987
0.569738567253679
0.817425182411908
0.786137466215664
0.673695669187942
0.781321211537869
0.704084487050781
0.680480607679655
0.848643281766709
0.881627333182489
0.685002206893978
0.78536988995288
0.77322903504955
0.693758536239923
0.780270601665179
0.80647790103196
0.837444609311333
0.850941752620854
0.820477111898766
0.769538019324696
0.590884608526185
0.813921905116995
0.524761235920258
0.896391587573588
0.816596741367834
0.856936630601942
0.778093739273863
0.705615704354216
0.805317515769197
0.768033190482826
0.73880633248529
0.773678095968393
0.858428490950477
0.782930620838171
0.749041163476174
0.64574294814294
0.98945963304026
0.727332113781156
0.816225474541797
0.734835991141942
0.792313259552291
0.833775209597325
0.957549136282746
0.858993647520795
0.738129113126574
0.887602297705774
0.728279334316941
0.739196712982258
0.818005242332589
0.816567218099888
0.772995295955366
0.877671126166912
0.797405815465306
0.932562995660501
0.773465333144783
0.944858002905916
0.906220261838004
0.713111538945695
0.999967926720771
0.794314493998322
0.87451182024313
0.786551134991367
0.827700738404831
0.950330926862088
0.832754136457837
0.820676699718059
0.898419096606902
0.870141273411112
0.923412073736144
0.920423942540714
0.908861182629473
0.920746108205306
0.86537636056322
0.87648338778531
0.844040362935282
0.904915892392082
0.836079854521744
0.740907820487316
0.884506629382331
0.917730675085641
0.9909403462673
0.716946409084864
0.865508611753738
0.927085192364803
0.813574736583278
0.749741372503574
0.756773331656777
0.802462550638431
0.855900302018283
0.802605081854074
0.879195151348961
0.886837237469991
0.978349504855684
0.990654393036368
1.00014455390213
0.773933812907962
1.02387108827542
1.01821958473473
0.962442048286192
0.92557530485711
1.05627062062889
0.946909156033307
0.870921613339019
0.973462627835924
0.911010647453973
1.10907497431318
1.00890557234114
1.008695882421
0.798938290040589
0.9126828355284
0.993403773982047
1.05873397375765
0.967697239693059
0.9969434211386
0.921364011106875
0.941483481568769
1.03647642975997
1.06925572911957
0.977503029218198
1.00553377448555
1.02824457099208
1.11332853071467
1.06481838739505
1.03565486159764
0.953931604368302
1.04093195599716
1.06064754723016
1.01093497624321
0.904563128244976
1.01294157025223
