"x"
-1.10476663772313
-1.01605588712404
-1.04177868666957
-1.0003007259231
-0.912648235067312
-1.0247078354816
-0.886120327895696
-0.949674264938176
-1.07971997934169
-1.08108732904522
-1.02421824029488
-0.975052407496077
-0.898818794894359
-1.05354206438988
-0.885144951806363
-0.977441941582323
-0.904262502453255
-1.00473966006399
-1.01223628093255
-0.900388434445702
-1.09326569855635
-1.00468657799877
-0.908158981200851
-0.852223692316113
-1.03250158499289
-0.911699598105598
-0.909551747999339
-1.00960859433255
-0.950251132870018
-0.940956515589261
-1.06579002641151
-0.870983698103957
-0.908684610785034
-0.805060869464788
-0.847064735437262
-0.891294823638726
-0.793225774493697
-0.915800094662456
-0.892925062755698
-0.957575705180589
-0.881224442402767
-1.06844003044205
-1.06912316692632
-0.970101973983476
-0.831105443379099
-0.945791155673652
-1.01236154095485
-0.839765805620834
-0.784800221775732
-0.90341088492747
-0.876572196086897
-0.881082970315229
-0.840208232647157
-0.8337402680978
-0.846021504765908
-0.858662877058598
-0.910329976119765
-0.846742677548082
-0.981266143451335
-0.948761047484777
-0.827591929150368
-0.87538405944214
-0.905732948330075
-0.845958202661034
-0.893708985665912
-0.925423513675643
-0.907391317382959
-0.817601000724183
-0.912458675263266
-1.04200362798557
-0.940285931364478
-0.89363918196901
-0.966718920444373
-0.810149545472785
-0.846611569496612
-0.872674942250823
-0.888079772464275
-0.893707514773706
-0.874836637442172
-0.659915684560836
-0.896744706196273
-0.831094285718864
-0.812370887120807
-0.85552050551477
-0.923906874211336
-0.846796448807612
-0.782924889329682
-0.901075343136795
-0.782051379861984
-0.918569948444319
-0.796797911303909
-0.741504692919343
-0.866137036960202
-0.816391950049752
-0.784745510850568
-0.861776406983804
-0.833608961222626
-0.731641797520359
-0.801850683448886
-0.685368758555797
-0.848663285387575
-0.741501019072761
-0.742736366769984
-0.686941880806937
-0.748891258427141
-0.900812144558749
-0.646620102787792
-0.707652338235257
-0.751667774164746
-0.800668815207991
-0.852180528113778
-0.85439881186625
-0.783316645440023
-0.80819886737834
-0.864118179379581
-0.82939182503658
-0.873078931904615
-0.584446796659014
-0.793010652224561
-0.7328583490338
-0.755403222874551
-0.889523366022143
-0.820233342133108
-0.595387828681002
-0.489160815746609
-0.666324225054618
-0.695431214319544
-0.735650369498504
-0.750110970677234
-0.806968752869979
-0.75926905859643
-0.725510233650388
-0.748756281178695
-0.718657920043465
-0.642353206071513
-0.77777703780424
-0.799579933224078
-0.825394019375682
-0.566084586179239
-0.673961819208113
-0.644408937935075
-0.723960279403377
-0.693264041964844
-0.659769320518732
-0.628771290557189
-0.752293616206762
-0.781747910516903
-0.755892643190006
-0.646708195647674
-0.561569075464782
-0.552343090154687
-0.64466477659376
-0.675328824899845
-0.617531811825276
-0.745794973621403
-0.673075825218784
-0.816899672223745
-0.781517385989058
-0.563215299455811
-0.654850827967905
-0.697059118858094
-0.672186406640058
-0.807588100447564
-0.77780999530764
-0.693200661314276
-0.813815414880137
-0.594077051139602
-0.543319580312454
-0.684962527009986
-0.538473162292039
-0.651454784008887
-0.629001192060329
-0.637988704889263
-0.597271001203855
-0.633954807712739
-0.650053779313356
-0.509004714087051
-0.59155378028358
-0.567454056336725
-0.755099935622267
-0.693380010481572
-0.679940581323168
-0.652794866947661
-0.601884768230255
-0.578417435425883
-0.590782627905319
-0.638008902014892
-0.680174025861166
-0.552192543945743
-0.703885006660773
-0.608481501076756
-0.609828337417557
-0.608664247915593
-0.476820040620777
-0.580756881760112
-0.632210742091111
-0.620466786037882
-0.629447629841825
-0.686185433595174
-0.548052820810546
-0.571909295486961
-0.600887477269435
-0.653646648536061
-0.60973869169591
-0.493122140261353
-0.643895305117313
-0.553261442690121
-0.554802306563447
-0.435024156060617
-0.538319758130339
-0.595368995508351
-0.511482342796038
-0.439486144484443
-0.504585376420118
-0.565584743305744
-0.499901856460194
-0.361358812999467
-0.534553246926521
-0.554112678301201
-0.471554930207577
-0.566720207114469
-0.534744976102423
-0.717691182654698
-0.545090621033938
-0.585015680563408
-0.430121845098324
-0.463442645498176
-0.690935915329868
-0.455714514960385
-0.540900720612277
-0.53959373936353
-0.594000629592347
-0.450830062575288
-0.57332963938551
-0.544240557570492
-0.514043271451086
-0.379808855367161
-0.433951242155393
-0.519322014415926
-0.525637775767101
-0.502217144828995
-0.546268491545869
-0.679914929692738
-0.583179839002807
-0.43271210931962
-0.689740382528702
-0.331925722257499
-0.602260596658298
-0.492516616281013
-0.54943406141728
-0.389768117749863
-0.654670266521929
-0.330534436128506
-0.688061995499461
-0.570292074603379
-0.456661392241537
-0.479933137174685
-0.533852917152828
-0.472886371888785
-0.494105089613727
-0.407588586977575
-0.499762487704581
-0.478516359607286
-0.284578452735472
-0.530573465695303
-0.618867519721289
-0.454159185543513
-0.412512715101253
-0.491040347567333
-0.484034426269577
-0.310755371378222
-0.359378776386511
-0.541776754817464
-0.559455680149026
-0.358811945904328
-0.360066209055327
-0.36160763002875
-0.409952405663178
-0.588261552804717
-0.505441807397003
-0.545936799805674
-0.301569382444186
-0.536623537143864
-0.377727363829308
-0.353113675467957
-0.30862752838973
-0.339270496594116
-0.62528887835725
-0.372508792893355
-0.526935956642058
-0.675813629296297
-0.312994318418064
-0.544153753667351
-0.457211433861806
-0.43875688038287
-0.40895301810935
-0.397343533017159
-0.432902005306232
-0.422400303349121
-0.305395595601677
-0.340893283136112
-0.519273186524354
-0.431584173103295
-0.490944533788766
-0.507741436737342
-0.407138666182527
-0.337605428528625
-0.291504317159169
-0.450723363012052
-0.31996965262659
-0.453751381995582
-0.400649937502072
-0.356818096492598
-0.431764156900502
-0.304246646700672
-0.462364717350419
-0.208195985270931
-0.254645739094085
-0.330970402903939
-0.470325509206777
-0.322336202597335
-0.429671180512371
-0.410124669424139
-0.368597809536262
-0.471086169550944
-0.302711196246439
-0.229865121031018
-0.314661739029806
-0.397325631995893
-0.311668688355789
-0.365057500308004
-0.337368521193594
-0.290544908568117
-0.132853969767558
-0.42388576524612
-0.302454094242697
-0.322059428869623
-0.405329234948166
-0.539629456892173
-0.354773622420636
-0.429199188481802
-0.1737250813669
-0.305393204408205
-0.339753779416902
-0.203716936487363
-0.134584292674832
-0.336016400146519
-0.154267200956596
-0.37816829697873
-0.281365058579949
-0.287724369543552
-0.384712906195337
-0.0984525536097202
-0.200347441183671
-0.328882569499995
-0.315792275442526
-0.316547470894923
-0.344653888859133
-0.323078158624648
-0.330390807428609
-0.282759012675175
-0.412215106659169
0.0041576704206825
-0.402743672689052
-0.209220480386746
-0.337462194597665
-0.27757367932119
-0.10453273959858
-0.374328765099316
-0.309963393054573
-0.287694025437644
-0.138645913640783
-0.202918462436249
-0.155192839076902
-0.195656527498879
-0.18229499588851
-0.198910858181915
-0.25088465610715
-0.266593690785247
-0.433315069589481
-0.226478738326059
-0.294105257995286
-0.205773750778365
-0.0667251423969441
-0.329843743612067
-0.196472508993678
-0.353441098316896
-0.252244207597515
-0.298264642630257
-0.303462601548641
-0.269413551412635
-0.0794148378623732
-0.0979102499554778
-0.191815597271991
-0.242486134811205
-0.179781942147585
-0.26505377104624
-0.339643144112825
-0.180538619506848
-0.273994359517473
-0.20136862635966
-0.300132841406165
-0.142959283554076
-0.352226214622652
-0.195935319585369
-0.212321150934695
-0.271783487564689
-0.152900765731593
-0.216716040003436
-0.141390667985392
-0.153011125193134
-0.0868703352727795
-0.0368015599193512
-0.18501666712763
-0.115484502211708
-0.0121578905252769
-0.226619287371368
-0.219659874639662
-0.17623485436785
-0.203083582302753
-0.0734572386135076
-0.253138203156431
-0.141182495155074
-0.0730827588249876
-0.254746452210283
-0.213261729874583
-0.0618575831154332
-0.066309893497731
-0.163407554847039
-0.146520660057582
-0.132771604189473
-0.184977678156498
-0.267009709124404
-0.0836602146534161
-0.0822178274635961
-0.177491397480441
-0.223922947754553
0.0176877720997511
-0.1651317387582
-0.167012545177737
-0.103281437919029
-0.0903032027689068
-0.0338451768802968
-0.015792199948739
-0.134630829819716
-0.17694923898123
0.191261432950651
-0.00277186294966817
-0.0527373464928634
-0.268589125350449
-0.213634519153912
-0.236021858758265
-0.150851818433914
-0.158204369069027
-0.0859593005935133
-0.14427985084016
-0.0539459957347876
-0.103070267490888
-0.132380478450957
-0.114436151033107
-0.0351246184029786
-0.0386573987648312
-0.139938426419167
-0.145631339998062
-0.135902683528942
-0.0324278141746436
-0.0230718674196795
-0.0796959612219533
-0.00232153652938084
-0.10459470486793
-0.0294873938835219
-0.0729782497625569
-0.162216799389611
0.0376041079190962
-0.0796795568585766
-0.111192184389939
-0.0568238237975685
-0.0275832780500556
0.0342860878685981
-0.123662363674528
0.0636309121889443
0.131684505425458
-0.100752423233867
0.105915398520969
-0.0547150840268331
-0.0123086159605498
-0.0810667680384099
-0.00708431423084179
-0.0455340801045066
-0.155364988616364
-0.0264336441527032
-0.0648597451556843
-0.0478655959686498
-0.0304766477893725
0.0893579556347099
0.07015827540905
0.0051050954111641
-0.0646180818553907
-0.0196319784289597
-0.10994549078304
0.0255230564682665
0.134455390517675
0.00234826940567317
-0.0110836742542901
-0.118770806565524
0.215014780875599
-0.107731352113989
-0.185245136525021
0.0955319616632097
-0.0180087789614025
0.0408224410706196
0.0840356476217462
0.0334269889375396
-0.00488143467211893
0.0250577589360458
0.048075394323634
0.095483030633795
0.120760622465357
0.0835760845959569
0.0341923317161874
0.0683755144780127
0.0805746798724276
-0.119269761399465
0.169369705996444
0.0474172319213726
0.0276563952254003
0.126720608979233
0.10751506369616
0.0501564957099411
3.64159138108991e-05
0.114796510729991
0.092673512337105
0.115793333125162
0.0739288939208289
0.192103825431195
0.0168233159120949
0.0430488871806488
0.019598890292714
0.120765379457307
0.161500138246432
0.115443793944183
0.261818784981178
0.12888437422626
0.031837544902717
0.0778203546037968
0.157314233334899
0.111345900474857
0.0438496758068801
0.0156620567693414
0.0365612159487683
0.127021518349579
-0.010919693554102
0.0981370355664082
0.0188963728046809
0.193766952957306
-0.0362751946922823
0.173205005383934
0.186835810278332
0.112166308222011
0.267999244192275
0.282791415319048
0.241385220143367
0.135652721959025
0.138473087752485
0.0472845384656306
0.225923220290369
0.0682367084551453
0.0456201238815748
0.185957770422032
0.0195838549846722
0.182149764571332
0.150212547326241
0.0366803395551544
0.128268353906052
0.169077785051625
0.0879329100648339
0.254002330318011
0.26086329795396
0.110769470406021
0.10806312148089
0.0918361110573091
0.0905521396773478
0.20341143768657
0.188743052867732
0.162721989350169
0.251304576179872
0.0581098166087622
0.352947596670496
0.218523164919426
0.143912658095474
0.182621661291957
0.114935508566866
0.208559874696097
0.290124154659398
0.0535467489268045
0.24689408174429
0.210331600572415
0.0443911513986782
0.173036221488166
0.143507876188387
0.238834844513818
0.16244597958635
0.278093535863911
0.256528510885125
0.137104445718676
0.411891401149491
0.288011481533991
0.0882827350737368
0.17587256604917
0.102281007363654
0.24456904056325
0.299706777499433
0.244142976885646
0.313453810530314
0.321128140180136
0.256070967627348
0.262362395212854
0.327378403813275
0.262927808101894
0.147726798009715
0.153649120977739
0.253203428020632
0.173513185090891
0.310421423692575
0.271761445860399
0.324958087217787
0.278918020529486
0.268711895761278
0.267201420327349
0.318324763646506
0.29886222041541
0.311924988520385
0.290783610113691
0.300872750736594
0.3191354793098
0.229540977897024
0.317750107930435
0.339081466340186
0.282689752512298
0.207096024600271
0.28895538908993
0.332147373207772
0.392050974017682
0.443264401940009
0.280582406162439
0.263376133643209
0.298658176863756
0.361884769835175
0.310049852326184
0.135433288769157
0.340428306503175
0.18476767740636
0.284241812582037
0.264807433510016
0.237959289403892
0.349030488891254
0.375353286214309
0.454587955093224
0.210240667688447
0.334450207229835
0.283524988206859
0.304047759093903
0.258856577785632
0.261168494765328
0.240916988898769
0.392975988305612
0.414398460951655
0.221703866604194
0.335412854090395
0.229395020890239
0.242957017098905
0.203827126709826
0.255155106483276
0.404431383613428
0.393579641671938
0.333701223741047
0.301217354093997
0.246013033427105
0.469202545042641
0.424929636512271
0.574788376312137
0.520396712048248
0.297021712753167
0.382162692114095
0.467117837148479
0.354513590720959
0.412339440975503
0.514257215653943
0.299955673482661
0.345176962219081
0.451026109269003
0.349298624651865
0.338403683674484
0.503935443243003
0.400628385362162
0.264854861140655
0.231822390876371
0.455760354590157
0.284213948655239
0.299973479917884
0.377126475383142
0.331763179312768
0.438514406036721
0.434179057655555
0.322253537120322
0.424015333772097
0.247414222776086
0.398960536705034
0.34407223944688
0.523156604934744
0.441568515644636
0.493845343598234
0.415115710922115
0.385629885110726
0.270440322168483
0.426484479649005
0.516193083333471
0.389573455731415
0.36056164592041
0.456502571232394
0.468211654817876
0.45065092373734
0.360474887258421
0.488198630321598
0.503248933916659
0.469883662674186
0.273549654302914
0.438265137242453
0.419229830597536
0.594699203261294
0.522827740300696
0.389428195086821
0.393843064006205
0.477395058063752
0.42578751338091
0.512847290755082
0.370170702798123
0.469825066731406
0.48687366698759
0.600916295077413
0.523111570980367
0.593816046170624
0.42233746705108
0.548348567412304
0.51296546066386
0.541239402157709
0.496895688225574
0.597426499597812
0.558170412777236
0.497509090414692
0.369241443446459
0.358292594756319
0.491857589427236
0.415168060592462
0.560093905661887
0.445109656725535
0.601975423525697
0.520217287413533
0.480405368144181
0.699301203044779
0.64878720699701
0.625248177210824
0.471183479523865
0.51896715016058
0.420428093959376
0.546081150718885
0.561906203501456
0.533761743165572
0.617998145721935
0.599148320592177
0.532593121121659
0.500885177549973
0.658409022282703
0.593110277630514
0.531346977712697
0.510491494721265
0.642626523173553
0.595256338809241
0.632105840674815
0.365390166415434
0.505920858508304
0.687431228601274
0.523361478829927
0.655278964386519
0.577155257461273
0.644285295268032
0.615392519756015
0.703499568087772
0.598882609467868
0.63469488433622
0.705176240481393
0.545812644897985
0.54397076281104
0.566459499269106
0.515934754573
0.49654473418895
0.522010713787778
0.626253046383728
0.654444625570304
0.495086190430373
0.597325283605657
0.501855312902926
0.667339847087727
0.653748361463302
0.526061258541777
0.595612943247731
0.479190349070834
0.517112655497471
0.651905838691952
0.642639401825259
0.567578191362046
0.646611359239931
0.540440059395547
0.698144626622729
0.793758985538692
0.424393807293866
0.498398143557364
0.550172927591706
0.647531625449664
0.626309510455065
0.574713700926038
0.591010921099771
0.613977628695962
0.656526638268472
0.663039864461804
0.73475574857619
0.613264040139913
0.737039051439532
0.488570355989948
0.609255125271171
0.71826830847804
0.70647642849909
0.637610480791011
0.564844097656316
0.7380288659874
0.816028179566795
0.607300704993211
0.826630839305848
0.755479864649419
0.62620508294822
0.696868367887384
0.862155047555718
0.772855808411046
0.6227329365934
0.648064275672072
0.657785419365739
0.652861605251477
0.654646781610539
0.573124193392598
0.710313846977812
0.544997244804941
0.771715398286652
0.830037719979139
0.666859874768885
0.606043794322744
0.651373408495003
0.697631784203598
0.664054795729624
0.642136385910604
0.624598495955061
0.665842617302167
0.598129408985975
0.787684444515247
0.717393943885575
0.662012854247821
0.698386558879288
0.612932251078835
0.557025247261313
0.706498440422208
0.834687246244186
0.79502296464882
0.763394345714836
0.613825932556924
0.806351790539431
0.541462929512361
0.882051015185764
0.743019357846159
0.806169576575389
0.639611051155213
0.631303542910992
0.614320106733574
0.86223076137948
0.651638084015968
0.874160977936227
0.777776431843871
0.709479418501466
0.789189360948398
0.662504773084092
0.757751323786698
0.793034212194598
0.705733745334808
0.695470043687284
0.78873357870025
0.762589993630337
0.748367747332934
0.793396927176427
0.799830608623255
0.806062889576392
0.913146609850295
0.792283973148431
0.855638907140477
0.85487329306493
0.82580430215094
0.803136038384011
0.738518465017426
0.637899342273715
0.931125229917893
0.86797804593195
0.894012722455597
1.05040204168595
0.894084524201366
0.841145235541735
0.776329069359027
0.856235725354972
0.932908553528119
0.773731245661121
0.779342392627378
0.843199709042236
0.969675986799002
0.847851618254901
0.846675181014157
0.752870275041075
0.844157919131692
0.881289852307994
0.850386940407273
0.887301898094018
0.724227897125451
0.751512001767674
0.885544060367912
0.88197186656331
0.968026292641006
0.832237439958005
0.936984146184586
0.87053030500937
0.912917608147105
0.826753713367158
0.997928222889604
0.832637442540969
1.04292116116048
0.757360826445365
0.827513764031077
1.04001889496492
0.844266241847199
0.990987910448186
0.9129490875162
0.845110490248906
0.766009136141955
0.952329972722284
1.04407735897698
0.77917154643672
0.943932393312051
0.888306950707964
0.846246221536859
0.955798603150208
1.00699636834112
0.909596708304136
0.872370513205012
0.902196586103939
1.00243741249024
0.83231274433618
0.830690003702471
0.907427533603857
0.927439196397447
0.828887935380307
0.924035858989359
1.02502813147447
0.934234240172933
1.02619917086236
0.887601893059468
0.843230323899138
0.836422620336672
0.989077877450388
0.976865739838123
0.823516967569967
0.938526586636582
0.935390281592691
0.90423048058007
0.904861491211221
0.933929195925768
0.921959761152704
1.11104835567657
1.07964040245097
0.878507972889231
0.994261536853104
1.02441277687778
0.906455656655362
1.09571478913768
1.01408702167509
1.0836396771802
0.971544257667963
1.06003680114542
1.04611047848302
0.902888132510259
0.940304648991517
1.01709722626676
1.01264621211577
0.951517640742502
1.05803733366123
0.96227407928868
0.905332612941741
