"x"
-1.04076652984187
-1.12080889445937
-1.02694745469307
-0.948104665419198
-1.05132918563313
-0.995835006853768
-1.08908091226507
-0.959644108099084
-1.13661685773218
-1.02219071079854
-0.972719156966558
-1.03135992135844
-1.00720169265448
-1.13604753182339
-1.12506486853283
-0.980484363863634
-1.06842630255394
-1.10858319916792
-0.859462489388179
-1.0374613708681
-1.00303617410674
-0.885344746673706
-0.913392097868921
-0.970448150978843
-0.89877087224528
-0.845054317701308
-0.986398954954646
-0.869920634305347
-0.926970437530874
-0.880831350137713
-0.935065622172328
-0.938235934737025
-1.00212560766179
-0.829168978157618
-0.872092943912971
-1.05732966875611
-1.03749945398493
-0.944943772457721
-0.875798626144867
-0.967763310779179
-1.05427113874256
-0.795950776840612
-0.980907453021071
-0.995803452007377
-0.944556774362986
-0.928314880506894
-0.9833029002248
-0.936558563371841
-0.850419264286841
-0.962651207778792
-0.918223188752814
-0.955882757702592
-0.881429618959634
-1.07242868624303
-0.862171528185726
-1.00823423388374
-0.942756752326534
-0.717281643004642
-0.772621588404466
-0.905518713739028
-0.874753487559957
-0.876195255980788
-0.693414923192467
-0.871952670398427
-0.928950340898843
-0.833865642689301
-0.936176534836389
-0.98327976390323
-0.979476579619189
-0.845536608732895
-0.786656665005528
-0.879044840545952
-0.806984695466453
-0.820069130605359
-0.947246613039335
-0.869476274063286
-0.890422770064898
-0.65260929550978
-0.854388754737317
-0.749527173107038
-0.69980131470942
-0.743314954879329
-0.87141073192805
-0.886311336511187
-0.998207065160542
-0.833891400179392
-0.794192728888739
-0.890119743237935
-0.789632602437635
-0.875358451742495
-0.768329629620751
-0.849230938217129
-0.915538326610909
-0.79061029663727
-0.78989781586952
-0.707850090805561
-0.726634141679464
-0.729436246015601
-0.717789077002219
-0.711822182789229
-0.860175300516396
-0.729520199444732
-0.623557266188357
-0.875664387696814
-0.809986184724565
-0.789830483837967
-0.884813666905515
-0.803442488680664
-0.765450982853517
-0.721579381751125
-0.692137060435296
-0.799930606801795
-0.722028845908327
-0.84372948477705
-0.696216590701165
-0.917478229792643
-0.729974509925665
-0.894659153062889
-0.659695297029237
-0.886488715915682
-0.73133962613936
-0.807343688293117
-0.815792667424873
-0.95866865088422
-0.747146034680233
-0.831468869412392
-0.750723270672693
-0.642075849850027
-0.696928208534831
-0.674330139024372
-0.684663612127535
-0.793651090601298
-0.809949175735287
-0.896216151647305
-0.889988615526502
-0.795027471019103
-0.639196320030215
-0.617518493668929
-0.733016973036741
-0.694288636319445
-0.813634080048151
-0.47706326159576
-0.667466995002862
-0.76940412231056
-0.661868997779837
-0.519424494385247
-0.879047858354302
-0.574294343976057
-0.695412819263334
-0.616474412606039
-0.818379628440107
-0.704205891999438
-0.802398178674948
-0.73158440822774
-0.57834639642815
-0.655361995303966
-0.587911925558926
-0.632702837035298
-0.604192592039095
-0.699552168631739
-0.610687160617013
-0.692652737295422
-0.616433331621719
-0.526243365838922
-0.657834136693917
-0.629874514877765
-0.714855646277028
-0.614751870018571
-0.58538454309036
-0.71515029979378
-0.762812516167885
-0.612749150092513
-0.667199728936971
-0.644055724279512
-0.572422843634872
-0.499807624264264
-0.583864220377343
-0.613183040329872
-0.639016493594159
-0.682012970543157
-0.711540123994726
-0.677959462514306
-0.427742110403204
-0.582770390273191
-0.63311073893727
-0.700892594025743
-0.577205749660623
-0.590306188343613
-0.744918286548946
-0.582418641596685
-0.696566967018278
-0.610068187683623
-0.75571807472479
-0.695098411271493
-0.504203433991555
-0.634423553789161
-0.646102328457978
-0.658828770294781
-0.749068512742042
-0.503829218860496
-0.651007478807068
-0.627078617657247
-0.658755008144551
-0.614926244928412
-0.610590545178237
-0.520803617836874
-0.632749437340822
-0.590319548796511
-0.610274929736674
-0.49284118735365
-0.507283533310677
-0.48630528790202
-0.569557339558424
-0.493705978799503
-0.498402962184545
-0.544321741305686
-0.461614144592231
-0.489262378299609
-0.604874417757529
-0.572518370270929
-0.56273600680823
-0.595148760628391
-0.62092763836206
-0.535793977002626
-0.425332194068521
-0.578468490764352
-0.492746061926947
-0.595659422300515
-0.522226492515409
-0.463413653896211
-0.420429011867397
-0.620074803007675
-0.502057073526966
-0.506937176859996
-0.553469025026731
-0.464639604166512
-0.550950016619041
-0.540594360064257
-0.572509369148293
-0.514291256401271
-0.569724816774921
-0.585601450653642
-0.489361311828641
-0.634444426587138
-0.535062358752824
-0.525412430540852
-0.513265994876811
-0.562788386595545
-0.492137702113349
-0.560965805383797
-0.538145819646553
-0.598371497576064
-0.382983140434663
-0.637407653242865
-0.468648011060713
-0.567227708917575
-0.503869218986534
-0.532480633114331
-0.476109775910767
-0.493540465875596
-0.621793062966858
-0.622939764410957
-0.367789543018431
-0.551445762689071
-0.435423698188964
-0.484205934242277
-0.433304540166659
-0.531003965132987
-0.418608078747997
-0.400501763254036
-0.336679897689343
-0.434988365167632
-0.586465973011448
-0.476109538036609
-0.420962910065754
-0.35844900009416
-0.467472657523595
-0.501257817931666
-0.522967959332899
-0.434559283489877
-0.457257682460447
-0.520455460245159
-0.336690250070037
-0.412678837190808
-0.432332727332126
-0.358791381869588
-0.418805681139744
-0.326393002156307
-0.296722262736333
-0.326139989826104
-0.436967668891983
-0.250858624385368
-0.308710966565595
-0.518416761326805
-0.368066447162673
-0.415605993040307
-0.457541105031455
-0.229233866225416
-0.450122301090986
-0.414519831519851
-0.43153392441925
-0.365522775304493
-0.377936075731188
-0.494824875979345
-0.30369817197404
-0.391023018325727
-0.379700362677051
-0.46337842154529
-0.466866100560728
-0.35107518023355
-0.425205298254131
-0.296944185226496
-0.295490595477322
-0.420949542610857
-0.337995325119347
-0.313211586739308
-0.41948256776783
-0.195657965717043
-0.442817525911966
-0.268081108257469
-0.388853948445977
-0.418053738930495
-0.390481207813513
-0.415483973894113
-0.352487965900248
-0.47896121728914
-0.150504666431319
-0.340839029878661
-0.345640012664773
-0.160519721597047
-0.332234196893013
-0.255755474302584
-0.371933856851581
-0.310623668548966
-0.353339255398305
-0.436527643157682
-0.329972475722914
-0.389051674955927
-0.385966063472823
-0.219226383201763
-0.324715296429061
-0.369260012166057
-0.241678943718991
-0.43015582867575
-0.361766205843329
-0.234114487027911
-0.342824727200786
-0.467328629393607
-0.434357399198001
-0.21099917165213
-0.292978861455571
-0.298530390803932
-0.202017821315918
-0.262434360998193
-0.215289808415987
-0.260505692243439
-0.313827465624744
-0.282674755986446
-0.404959134176921
-0.220137063126914
-0.396318239252257
-0.392077085638515
-0.279526452813712
-0.256107804721515
-0.196182258427575
-0.404607417177064
-0.309098289451406
-0.324890389648464
-0.168149396153907
-0.204692915145658
-0.231034603056168
-0.29410701554587
-0.271236820574204
-0.403681758828069
-0.23617644996571
-0.234111328879711
-0.303004604549621
-0.253990310443372
-0.31492716308802
-0.353899351823067
-0.28794590993202
-0.236910002438903
-0.372295850620209
-0.238162565197403
-0.343177136910994
-0.322571612575949
-0.372227443456858
-0.190979122412518
-0.224603713991067
-0.203644865515558
-0.176098547274442
-0.162945108982351
-0.267181066114046
-0.0689440435421449
-0.353168365041851
-0.21430526004994
-0.204186607063537
-0.126064120026077
-0.298222486997313
-0.305529410948982
-0.242303826960954
-0.100632263301636
-0.200051614259004
-0.296748009226767
-0.346278530919889
-0.0445488442362847
-0.0816525870900168
-0.359170836209137
-0.209045786861468
-0.217023793006284
-0.257866363899154
-0.0180862695206659
-0.154542240922392
-0.252130855924205
-0.21334101712858
-0.167316160200934
-0.215577488682439
-0.180414155776397
-0.0666198444859246
-0.166017121195085
-0.0943635765443078
-0.180437988509067
-0.143746181157389
-0.197096387722544
-0.20062825548075
-0.0791604990564551
-0.101811573076689
-0.183915423101307
-0.0866572034229277
-0.0288112561608321
-0.106093342705354
-0.0798656786904224
-0.273664293016212
-0.151146211070396
-0.0940346924700693
-0.0582875905436139
-0.0759549502688
-0.0526839866197379
0.0637585676149462
0.0254847700280396
-0.22531584716214
-0.126517908005564
-0.0671331142159939
0.0777365554493593
-0.129274784420585
-0.063162455691673
-0.150755130224822
-0.074929692159535
-0.0707567517438884
-0.270915045207041
-0.128912096788861
-0.0990587389468044
-0.143264667004512
-0.213078454810435
-0.0249025033589516
-0.0916841077641716
-0.0430513380626803
-0.0359799238652371
-0.0541130577857386
-0.11041318826511
-0.0976398946586283
-0.0254564412709423
-0.0474237857522837
-0.0380240240749988
-0.179285913672517
-0.1112625234599
-0.0459568756919957
-0.129389842200953
-0.138145313591891
-0.141671449197348
-0.0805309140676203
0.163539688527435
0.0877283518633254
-0.121306676121085
-0.0182080262585724
-0.034710085179322
0.0613617787806741
0.105304464364743
-0.008772255553286
-0.0626098133688408
0.029966020027107
0.0982658898347652
-0.0101726248860605
-0.00122152746957303
-0.0332879201039541
0.0181222870790001
0.0526265790868667
-0.0920086432061391
-0.0702138575293591
-0.012514807414319
-0.0130203369804765
0.0322672688695664
-0.137081459047955
0.122835198755922
-0.0327893581852298
0.0804675512843178
-0.0120687799722715
0.0358151057286876
-0.0917894936791827
-0.0186019186876068
-0.00174571860578483
0.13479293396342
0.0374079034985399
-0.0400312121154147
-0.123181319913073
0.208926491777078
-0.00694437450347076
-0.0300614860137799
0.0870288918988586
0.135047158550589
-0.0235893388305935
-0.0152446432633965
-0.0772771985560343
-0.00639322897593681
0.147126821106451
0.0544025923158501
0.131635920595795
0.0575771058117885
-0.038948970274196
0.219273216575774
0.138451430707257
-0.0444207836817164
-0.0855014684363322
-0.0549659360101192
-0.0749159855307718
0.0345255375789514
0.0852531679232335
0.182209544517907
0.13707977415515
0.0530203933848771
0.0557587575369586
0.0477526293963292
0.0477097240103067
0.117851249053928
0.344164393930986
0.113081174341373
0.0762932986811119
-0.0367822061995814
0.0756542407628561
0.077084395446926
0.127132183593875
0.157022611724905
-0.0145215594466726
0.0743664771005281
0.219660895393842
0.0603380245393481
-0.00943279610398016
0.123076316920206
0.0325118699704726
0.097263672423912
0.103045604788606
0.110593852288355
0.160681102021419
0.0733696338757325
0.049530608590388
0.0861414056154143
0.0344841475574194
0.115655844814753
0.140378172213483
0.135031185834785
0.216156485908111
-0.0649635784884793
0.0896399817943632
0.164106808599812
0.259599368075428
0.0318555442244112
0.0517648853556111
0.167537927187456
-0.0268336665557158
0.189514420087
0.0154221618620361
0.258546347139447
0.184588534625992
0.143389584117881
0.132147698053645
0.0790672913594079
0.263512801450339
0.0804210607165254
0.245217317090839
0.0094056186428775
0.250840993387199
0.228535590260004
0.108726899468825
0.0880805156373158
0.358434493282933
0.249725984065109
0.244444389842476
0.176029244873083
0.0757127843530028
0.0510101436736745
0.101401255950227
0.0239396658555885
0.247541109130604
0.281743264110657
-0.0280641651576754
0.237147510568976
0.286811879182467
0.247802645565652
0.247326139776383
0.173044686112057
0.147953261269776
0.163242980257742
0.281973774424842
0.087543601257214
0.327692615294057
0.281796020177235
0.166732806040597
0.225219551176603
0.225321150979836
0.249849071416368
0.303505758338317
0.0818230723064514
0.210886634387094
0.255464963940532
0.256001855997541
0.407203162786675
0.252103905368773
0.22621481465825
0.265088704666296
0.234069001392641
0.132929442183048
0.266135203752166
0.305641084866388
0.0474684780188155
0.193517339678919
0.255065874077812
0.402103156953099
0.172743169277666
0.387086928422997
0.379459315936007
0.268238278557379
0.156739545947909
0.282717753799012
0.256191649809166
0.336641384823214
0.187187591391475
0.365104696170273
0.430296605495875
0.279780166398019
0.251845961038455
0.251113277278781
0.212612246146652
0.399845517976492
0.449862636216034
0.324314423480074
0.211769744657618
0.131790691428194
0.440908643844072
0.298168596249066
0.212894217871764
0.323579674381859
0.249715514542659
0.404808987031052
0.275590031092608
0.273617102481452
0.242310702966416
0.233752968899055
0.392264965896261
0.309482693293689
0.46913311691505
0.295270705111858
0.376451464156669
0.356234404303931
0.379340422704979
0.300812528670649
0.247474107009846
0.416069552281207
0.330811772646383
0.452359254084439
0.328302315414459
0.432853368838174
0.339762269671555
0.299743518703385
0.345830544854333
0.447930173660279
0.455686701151381
0.399677772202812
0.365457497894757
0.329238244507933
0.321952857144045
0.17488909149533
0.443900497361594
0.190507126431097
0.207191153841796
0.420830493046237
0.449068548610038
0.39767082179013
0.342210083713152
0.337283836091261
0.349197340195047
0.374023342449412
0.352935582567246
0.35070343875331
0.358983397298764
0.396489192702531
0.328010104587743
0.278468363579564
0.362127196006264
0.44628376385385
0.365921540305811
0.423873795785182
0.339354684471648
0.349848463084711
0.297822990572593
0.236102402831706
0.555432684204025
0.460791818323697
0.329153157680798
0.406744993241455
0.520490029531431
0.43218995015746
0.467650170972795
0.337410961771276
0.380586041129988
0.431971958616012
0.361635818615263
0.315203093547187
0.437122570938429
0.310233730248582
0.439829170745771
0.498578765190186
0.470146169805491
0.459519116787233
0.487320823577547
0.533211220102553
0.451233607860707
0.504338145926265
0.410527726526715
0.637565077518995
0.368174700729007
0.536784470291545
0.426331685864043
0.413968538317392
0.502514606054145
0.421057885440789
0.525922994242909
0.483256292536714
0.319399836448091
0.384905054743585
0.432082014160813
0.37564767741481
0.584879015205329
0.612863136501483
0.668785085145419
0.452980081754219
0.477960283419522
0.599544002123505
0.509679689284912
0.422831959197149
0.48467186113886
0.45009204117413
0.537713394039148
0.474656024876028
0.639205335779677
0.348577195887014
0.612362075167018
0.57499908148323
0.451931004554905
0.632512762962327
0.551923474302176
0.577340108101297
0.654227220750178
0.522319415491603
0.454242692705391
0.476162327085612
0.608228797111553
0.482507534608242
0.485578576768179
0.595423665713648
0.576392662056352
0.521467571634622
0.578878635571574
0.478481176901158
0.750261726608321
0.690003074060181
0.384484114503041
0.443941184550508
0.571145298625672
0.566143505875752
0.486801175869233
0.373122925981729
0.473211626145122
0.5691388049057
0.584843295300622
0.595369497384191
0.441845698704496
0.698213355136174
0.647285847435099
0.578153133910567
0.569849303755953
0.678303704968967
0.424426604795956
0.371987235670533
0.534643932747994
0.535680678117588
0.549882683009972
0.48683134261966
0.428939538289395
0.562234572688607
0.540647106075234
0.835321760268145
0.670402206432464
0.562349021764831
0.628169000443813
0.704299245611624
0.634861753484817
0.677437773398167
0.660966536347016
0.574515417871113
0.587139609548512
0.564879960875473
0.712169772765673
0.510062442712689
0.675785173568242
0.685178788279805
0.675877093311349
0.755200051512036
0.588347862574666
0.68891940877715
0.624695032524417
0.661445741528095
0.592116760411707
0.733586845948414
0.82167960476312
0.836478397864356
0.630930256621456
0.618831078938017
0.662222840284375
0.80805339327696
0.66807726938218
0.700564354552727
0.713274179189348
0.656781345788214
0.565936345123771
0.613122339947429
0.630544084925156
0.5554515978272
0.782118656142827
0.594484985401324
0.631236379091189
0.475120008422514
0.612402735697834
0.652414048416102
0.520672750623438
0.66114048676111
0.659904932739325
0.733959441168538
0.618562088232958
0.732976288522854
0.670560100444817
0.536266374439311
0.596570037058841
0.734190433461063
0.797218131209503
0.790342793974034
0.730464444049543
0.730391821855074
0.779735818450881
0.63212019799235
0.604881127050695
0.762462886397918
0.723725772543236
0.730686228142711
0.752031523486427
0.809978323385246
0.6877374144917
0.792113522177913
0.817401774164594
0.658603122274917
0.648120005804608
0.684830825231425
0.711405725593348
0.829486791999224
0.834109485645071
0.606820550189641
0.685885860387922
0.870389847674287
0.782424575674002
0.816507509386964
0.648852819914201
0.869125257093721
0.788758098983858
0.794305420204906
0.770999396787341
0.789371191246519
0.905937001206572
0.659747811171724
0.851883925886107
0.782908616542667
0.787395159032708
0.721968560895628
0.766657210678622
0.874027078830175
0.788658283228192
0.803003922518389
0.796005006580364
0.771445169902993
0.748323704982131
0.777022950475024
0.843236866666906
0.712834949791258
0.595914497350829
0.947696647383183
0.682279337566841
0.881256498233466
0.860170580004507
0.856621806555805
0.690840700473705
0.817322119760037
0.903939128700411
0.730791661408343
0.805180709175029
0.81761634171926
0.875206346640173
1.02875572094079
0.869093831250198
0.633228202346111
0.770194136900598
0.792803801665776
0.904137796150208
0.779575416085174
0.8308731925791
0.861693202514898
0.818705529396272
0.691228831586458
0.866389450985905
0.818413354725501
0.961898920426853
0.897126455553491
0.737706598384633
0.945689130558004
0.826366422033871
0.811129835600715
0.756292015391695
0.834905475059201
0.799647482773105
0.838535224861971
0.953137010407819
0.864224048179639
1.05797721597362
0.868827241465126
0.868051032941913
0.675350763108638
0.983437679855897
0.953462202732753
0.937414838766842
0.849025430258347
0.938796583858928
0.83558840033465
0.809129514521983
0.83291474485703
1.02784960252647
0.951530449943787
0.852384193717469
0.909110241199046
0.876605406809383
0.900746508954606
0.953768128528184
0.938537221298252
1.01811140098609
1.00555287986154
0.886521064783848
0.804396342493029
0.793608033077622
0.903488056052999
1.02513807466403
0.918125367514298
1.014667993966
1.02837040075465
1.01618806676623
0.883996095714717
0.818836714942913
0.891343290017644
1.01030009312757
0.845139190440554
0.917106405948734
0.958243835917502
0.919426595283438
0.876189954056703
1.07362081461736
0.924278053602861
0.773455660328983
0.881286963357183
0.895636351453049
1.02605761204729
1.01701670264012
1.075010803255
0.916723298008016
1.0598099275434
1.08904837167774
0.993824118157574
1.05414618838088
0.963110969724348
1.09833249270395
0.979564487932177
1.02704796243634
0.992570657661671
0.960085215485887
0.971442923434117
1.13757886878162
