"x"
-1.18923497968922
-1.09749617864103
-1.10840762543382
-0.916542349367347
-0.933730592289187
-0.958746039467092
-1.01255565921968
-0.919364969489704
-1.13261154407365
-1.0191176861589
-1.00707189108111
-0.988222766356996
-0.899981489710391
-0.853081604270517
-0.932466973748661
-0.972431332453651
-1.00180252938348
-0.977799200248108
-0.945535120530757
-0.889824354143394
-0.910217544934317
-0.975639981755559
-0.859835184685295
-0.904909530634281
-0.968795992703888
-0.816326165183244
-0.926568903219596
-0.879190631443067
-0.955829076116758
-0.993266317578422
-0.971902291710637
-1.02192998054495
-0.897600656875608
-0.928306381248938
-1.03736188753656
-0.937376407003667
-0.917394375570664
-0.918208220547557
-0.81945919166723
-0.83539080478591
-0.902356918145767
-0.782843394908605
-0.797957695605729
-0.808123529035679
-1.00672802761833
-0.891190944945326
-0.881978779665975
-0.946949704655465
-0.905755697346783
-0.882694005933656
-0.784752746006706
-0.993209260462225
-0.876343001060566
-0.873897219568808
-0.910884814775507
-1.02888772127637
-0.929207085480927
-0.914503968270069
-0.97064378291635
-0.917987796417734
-0.705268949883842
-0.922326133186517
-0.912526409535378
-0.779675580039466
-0.79212601313439
-0.693300655655736
-0.8873214286997
-0.838665851477979
-0.835627518597434
-0.819496676465912
-0.869273242157193
-0.847501128187928
-1.06753636448453
-0.975612705176923
-0.951654507381488
-0.939333229487256
-0.849184048913078
-0.739382519913659
-0.758369618377126
-0.820303195210195
-0.832345224684428
-0.839019440195789
-0.874949360855754
-0.83893268816934
-0.770090623632347
-0.735971294249781
-0.805222913472012
-0.866634265996664
-0.860577166026821
-0.803283029395173
-0.726179668226239
-0.725604469044344
-0.76370294249263
-0.640480023781131
-0.818200511275699
-0.90185112484746
-0.856657950113701
-0.725336662807407
-0.783186229762756
-0.733212149149289
-0.890976695088737
-0.7846007605128
-0.809462765954871
-0.857267982213499
-0.816068131037524
-0.862583698437557
-0.772830124423988
-0.787284357596973
-0.798498279457519
-0.788839166266912
-0.793195285978136
-0.817733189130313
-0.781289161471039
-0.605074480958316
-0.794138185849954
-0.899390506324563
-0.654774630022024
-0.700385078979606
-0.669516784569127
-0.671962637512242
-0.65421811723714
-0.794377019648213
-0.689307078888651
-0.798263090738795
-0.698524557921597
-0.666774266031433
-0.735717806033614
-0.587864863438765
-0.681170910385266
-0.797821448190786
-0.672462829182507
-0.863959194890652
-0.609673676517695
-0.627345542806027
-0.7387162531092
-0.794015121262144
-0.725758147255808
-0.723639757024708
-0.64418657774626
-0.770118574298787
-0.692326916555854
-0.775229416343593
-0.785065327816347
-0.847540613699134
-0.621112814214668
-0.763039780466438
-0.648364276417513
-0.759878128449689
-0.743936581564292
-0.739617048070342
-0.541887836501191
-0.651343269273539
-0.768958363353673
-0.585374896817309
-0.777262811958433
-0.743407238133065
-0.600816201813981
-0.730895677380406
-0.776608405966565
-0.760403485836261
-0.690385822802276
-0.778648869306139
-0.584779720627577
-0.604425001662481
-0.663252021131266
-0.575011634023201
-0.559801001404811
-0.711958309788395
-0.559101530101923
-0.756412133293076
-0.712160922346013
-0.661930781119563
-0.737009973318998
-0.553062334309652
-0.71505604205957
-0.66073159000919
-0.689266735819536
-0.603209927242652
-0.685978005965454
-0.658410744704847
-0.705664831428229
-0.617872672838199
-0.584969525900882
-0.57972450589698
-0.685655085533179
-0.625746635070155
-0.610286608605687
-0.685154874987061
-0.658988940008832
-0.832522213113813
-0.535263637100966
-0.664625581089047
-0.629058476594505
-0.650234145029085
-0.646652444201038
-0.676682225665312
-0.539269364488773
-0.738386021844719
-0.538288189590097
-0.591358638367139
-0.587399317790934
-0.697567621162097
-0.638777274330893
-0.640682438000072
-0.621605138485332
-0.662605765720596
-0.418340164230569
-0.525215771051551
-0.762916070669316
-0.650962183711061
-0.542188747978774
-0.477527739128717
-0.53765967500603
-0.52637575948893
-0.68798271688971
-0.454792098192248
-0.402448005813472
-0.729565449389293
-0.622343358574852
-0.567255998033522
-0.514749813378484
-0.504341889242408
-0.637750114531106
-0.420668041632272
-0.496485386767893
-0.656487835870708
-0.689817487110057
-0.474913591490164
-0.407673611510972
-0.429252647574413
-0.633220093321952
-0.560924736780068
-0.36510043733025
-0.564677721766787
-0.516422332818189
-0.570625232422856
-0.591992327784829
-0.419339386596803
-0.558891843512023
-0.52467067967189
-0.567717847614792
-0.389071142802841
-0.579147435645692
-0.480425111374253
-0.373853362018877
-0.528917702845459
-0.586163121054371
-0.566487504784898
-0.44098049791148
-0.462387996717727
-0.562083244617411
-0.521188206791383
-0.530480838339498
-0.540179626577524
-0.674582140706356
-0.474594587800385
-0.40202769324407
-0.355792471292058
-0.46404457962597
-0.553533031270663
-0.483554690803414
-0.421706687898831
-0.52416708916962
-0.401948232804301
-0.483093503552069
-0.437949671097596
-0.475724211776597
-0.481230359549771
-0.336310440894062
-0.353112920377021
-0.490186763329944
-0.543286900568515
-0.484490559371986
-0.30086709107447
-0.453483833917462
-0.414388985228682
-0.381262933547281
-0.509304320852374
-0.552322436205002
-0.467510363637512
-0.313783876601737
-0.377648627553724
-0.539990637787003
-0.421110803978748
-0.381905013838046
-0.378344553445516
-0.460110411117274
-0.47148977087545
-0.302649486085043
-0.349970122874836
-0.412447046040055
-0.576104907364487
-0.39135265157772
-0.420233674227468
-0.426541329126761
-0.32242387570308
-0.546799941349695
-0.358947773975488
-0.471179087679613
-0.490396941069661
-0.328958596526012
-0.396864009122782
-0.36784674395172
-0.396889531788212
-0.220407020363626
-0.236976896669546
-0.378326638144879
-0.438956608048679
-0.298687294991358
-0.47672698876244
-0.324240812329962
-0.556425722840767
-0.469230282009491
-0.256631926325745
-0.393129129923762
-0.278390399329252
-0.392685027557938
-0.519643141843754
-0.268854999463204
-0.302939109298145
-0.294077274525516
-0.343278789189614
-0.218385292795312
-0.21623434853494
-0.355103026869414
-0.335865623303772
-0.368039059630897
-0.306321765748606
-0.484768857786896
-0.33239927400442
-0.344490879391179
-0.32261374167948
-0.117945057351236
-0.40980128623025
-0.454633600483746
-0.451749030678145
-0.331635245114319
-0.384860069554378
-0.296131388463004
-0.408398676434712
-0.27609801507995
-0.404322669239088
-0.327813193428181
-0.266167471139815
-0.347205161423097
-0.25516569189087
-0.431470363237305
-0.31013091675251
-0.262911818190345
-0.269684613688196
-0.491802512258884
-0.339711006175834
-0.255043055764602
-0.203250173822038
-0.295319832610144
-0.336618092566138
-0.294482073439494
-0.379358643242653
-0.191997076471564
-0.329464852511754
-0.263657523350144
-0.395781197212176
-0.352697120178046
-0.353255304132004
-0.260172318669514
-0.370058854228698
-0.280033614624563
-0.238567094542187
-0.156762542627482
-0.147957089557449
-0.159878041440275
-0.323033776049225
-0.313142579555076
-0.215196943366496
-0.3332387041652
-0.159479539964586
-0.259464786315703
-0.0574389879729867
-0.26978475186948
-0.477109746887734
-0.336461288073639
-0.225593456667294
-0.174859766229623
-0.379667903420981
-0.382329102384953
-0.257325677552058
-0.163752614069034
-0.149695716363915
-0.245564617985108
-0.177178333793434
-0.275699060902458
-0.144998384565874
-0.117364287423886
-0.369293671086241
-0.164239159334191
-0.291563157844643
-0.181286381521193
-0.14554092915616
-0.176795785738267
-0.22607592832451
-0.102959726493878
-0.19695225102317
-0.337489471430022
-0.218996491914041
-0.0966452871860794
-0.33312069716344
-0.159677802743134
-0.215152566088369
-0.00428455337791306
-0.191587183185909
-0.159817769042361
-0.0833136698613941
-0.236630905784488
-0.194390779160795
-0.162875323103179
-0.357237136783211
-0.0914703807146312
-0.317953905564073
-0.125905372783381
-0.0905961751767104
-0.257509476268742
-0.16355319018332
-0.236509730153497
-0.245376811407384
-0.268324791103563
-0.0983680028076555
-0.125792892624866
-0.039352627210245
-0.179937820006612
-0.0582079467072323
-0.231754749502396
-0.26368859061486
-0.221511484308688
-0.190567915518862
-0.247449157565319
-0.0637658551127515
-0.164374250915734
-0.0171951743451946
-0.0874619180557682
0.0451826117927504
-0.027394850939685
-0.123127005316826
0.0212154195780974
-0.176648744637528
-0.196972525762454
-0.112608056398039
-0.0948882435092343
-0.020795969318559
-0.172353194042328
-0.0942251350106607
-0.111556828594097
-0.016956858277841
-0.181400455631047
-0.168304779074313
-0.14598225473524
-0.059105330005901
-0.0816637228288816
-0.012293426207181
-0.204527072251418
-0.187691435430079
-0.128153202781828
-0.0322078814102991
-0.176199797853904
-0.171511006674645
-0.16312378887356
0.0453406717693436
-0.0770935601652379
-0.0618301484124217
-0.152255210644369
-0.145146407090605
-0.171173533507354
-0.144538981366817
-0.210359986018368
-0.134324886202519
-0.0779849740545503
-0.11172597003747
0.111773962623665
0.0297866745759105
-0.14607239399279
-0.101419624479438
-0.131440002935324
-0.0155876471086418
-0.11063047908809
-0.192912037299355
0.0933335401211632
0.116500832730671
0.0570757503939314
0.0457490763980065
-0.147431777852945
-0.0404330967189567
-0.0340427743992688
-0.0400007576114805
-0.0101366703729002
0.0351338850284384
0.0409167493770634
-0.123307140636573
-0.169688045074937
0.0949035996825541
-0.100550101877659
-0.0118672615038685
0.0387338565966448
-0.0879638729012763
0.049307510355267
0.0731811682629413
0.0204066289851276
0.0391872751490439
-0.110198109017643
-0.180990850921732
0.0895817956202689
-0.109172427713757
-0.0151544280563454
-0.00793898732968525
0.056040278383343
-0.0993723280392873
0.0392244350985536
0.184625525348384
-0.0544248144107894
0.0478626147755336
0.11563377202921
0.0649649027462028
-0.0280108918576533
0.11693167372094
-0.00147865943919841
0.0458781455326078
-0.00805823416525028
0.208827679985157
0.12961802120592
0.14604254157413
0.0544431113859824
0.0717461024209337
0.107243661238729
0.063201610561481
0.0429770900540259
0.12939489295534
0.0511863347836634
0.120068567127392
0.0201395705471659
0.0164822720825448
0.109642821940384
-0.0126735676334832
-0.0278914552963275
0.146887421670921
0.0865585162485529
0.0211123377314824
-0.065048163936528
-0.0131190448184246
0.174819580930076
-0.0162656298572485
0.13200422755945
0.00900592261123555
0.0427891376264244
0.0943500155314392
0.0171720520144743
0.167557691097401
0.0804416923008181
0.250077314629598
0.0446654613933896
0.172257391060645
0.0289825419396839
0.162957403534932
0.0679259269687633
-0.0908486860975387
0.113175935744396
0.0923490753589244
0.195579846042753
0.220160896421522
0.250610914265147
0.0255244450984472
0.127130237005706
0.240026377557342
0.140522838830809
0.12293447193649
0.133346181026861
0.0950180674808119
0.15440875980572
0.146845275473654
0.0367812613337349
0.126057321626455
0.207080851516752
0.082895980093858
0.318263274675273
0.0337751895183385
0.197429906545473
0.188763816428498
0.161752910090635
0.104301081128539
0.242980411405632
0.114068583154764
0.160092827415953
0.310595235443152
0.290656547304277
0.266077806928497
0.109119867920555
0.0868752433024363
0.12583345329264
0.18292103740106
0.120153727057809
0.229433700684752
0.13457966810083
0.294089376053039
0.100607380884012
0.0813018911790555
0.191507896533769
0.173660099945995
0.373781607671664
0.342211319143711
0.172130483475627
0.352833920500823
0.240581002529082
0.233338531571223
0.256440982421501
0.218131368176446
0.208684504726813
0.114104046466524
0.253294200378683
0.299931072245648
0.292303284214138
0.231066549432632
0.36238960020017
0.260378957546926
0.336404020361962
0.221925208255824
0.13670900071551
0.24409766233705
0.258978155574987
0.295379539323838
0.191431710733716
0.356850822172821
0.230235263216782
0.296855522554385
0.278098027103047
0.120265769481894
0.0895146883149349
0.169422749217777
0.388032899985801
0.290705541676605
0.25212550444478
0.300376188586886
0.356115139933963
0.225557619010677
0.078436174139214
0.383262882699879
0.306709675477097
0.22385937848637
0.369530098829011
0.0657244802166111
0.348968838712303
0.205756673276968
0.239258047070257
0.274077877217091
0.278121762448511
0.260425926842016
0.388217014555535
0.330723313735301
0.414328353688011
0.383541422525836
0.446584743928276
0.196308119328829
0.403018216000688
0.274891988806283
0.343384349135387
0.207965753012337
0.378003053768148
0.200427487846852
0.51336004734222
0.452317075764532
0.265412770375056
0.336834049342018
0.383428558673755
0.38138609270464
0.218335502005671
0.278250625383019
0.310861420806601
0.337697509448614
0.417651195973027
0.396371343874682
0.274197987220048
0.46048547725112
0.460718260788547
0.413849459479559
0.496045102680186
0.488629187519109
0.349516070787512
0.390806515910168
0.53917841389769
0.175603750970261
0.360018904926933
0.431211528645447
0.265015323924874
0.298376024888995
0.248126536718646
0.522470640150946
0.382960020000491
0.311001440331536
0.488831805761053
0.409883408796132
0.388861611508829
0.402097773197056
0.429364155019555
0.335385956805943
0.499904561271509
0.435349727731618
0.447341026504091
0.393477329127217
0.44581323605893
0.366340761727268
0.384014047210514
0.442313775924533
0.376742627461983
0.40438757521545
0.423640175101609
0.279653297827414
0.404188326093513
0.401008995765096
0.50116831353855
0.405566544383252
0.47286588846639
0.355270372984097
0.43792991124164
0.429331164673195
0.258632405327856
0.423315148682626
0.539604578896534
0.47182960450763
0.557875173027828
0.610462183556988
0.447883483868258
0.464772107425717
0.34732189817872
0.529931705704103
0.487540570171839
0.353647071166066
0.557242400275605
0.526429512871898
0.47002022224452
0.566492675462778
0.440155542644173
0.523290856033135
0.547559427941396
0.563812521231348
0.449530435670957
0.556932776859472
0.416245954215079
0.551351580432766
0.425172374713207
0.385782240000903
0.461155966640894
0.73116591859937
0.51647703005857
0.493970782583609
0.447821446353864
0.493824528399811
0.563513124171861
0.542711637236542
0.405571357716572
0.578534233523597
0.675816520784319
0.450468485463887
0.455430060867398
0.454434387136609
0.370748483738024
0.525733735241162
0.554039989846898
0.482937943140554
0.527776317253957
0.507942562531032
0.455252434875015
0.436989220171323
0.527872746967313
0.532816534442486
0.597231710190148
0.654065910273891
0.596139748854565
0.363311730871901
0.505806909793524
0.578064242681777
0.603247613932247
0.588029801110582
0.438603489998634
0.572784738660543
0.617628164672159
0.611826054468161
0.576311665738326
0.644951814892877
0.571955043926097
0.540090149977182
0.624504986519231
0.545657555068869
0.656058620823935
0.566850173787751
0.608479136561414
0.373717101631889
0.481562570897443
0.577099507685529
0.560446758602858
0.60806259489808
0.529045253041119
0.571836724313354
0.531427435108193
0.562625754153152
0.614281240286904
0.557213602700843
0.453589782577137
0.838374487420976
0.67036579471634
0.59650159884024
0.594517866715355
0.708404840708402
0.516760897851752
0.715865851426137
0.602741185804369
0.590365298822071
0.589159783590823
0.630699983046182
0.589982468613598
0.630533202088926
0.738087346919331
0.587500996653402
0.714767205446922
0.544630527668741
0.593817590744062
0.669812227743496
0.600272624470774
0.576491373894515
0.766430480186688
0.757026501935351
0.602129163351246
0.657542793386497
0.669156717812115
0.729440583007456
0.713133397023397
0.662459080976035
0.746411626656011
0.779465994022435
0.743607264452442
0.569010442541462
0.608169752788213
0.688356976036276
0.748957164461209
0.733090129535645
0.651388000594838
0.535280382506378
0.614149883492433
0.780761201324274
0.615206062165014
0.71888391062423
0.691894593612857
0.825596103614361
0.658297978774797
0.606123974141424
0.588177694165619
0.750754426034138
0.752803382234324
0.605324131100584
0.665751574860381
0.689744659781491
0.678417892362161
0.710138010461075
0.671642834727907
0.723707571323224
0.592590433443245
0.8864154791226
0.621190855717176
0.546245095877622
0.787410897942275
0.752106498884504
0.749001342264195
0.679497570004211
0.846468933334037
0.680337945167715
0.745752433868801
0.717385038804522
0.72752335305379
0.700477086089629
0.821396293405438
0.873484744020891
0.887351157707477
0.75175669955088
0.698674055706366
0.565156396256092
0.727381482044774
0.732034486153292
0.832401839636185
0.754549684639409
0.671927984881861
0.876224007061721
0.699642859006387
0.835706159582664
0.77683764980093
0.66644653633994
0.839980291137318
0.70474183976303
0.965513737298196
0.745094820301182
0.667624965786234
0.823598725964914
0.824946787992285
0.704221154447838
0.773349999387929
0.760650330573772
0.858723873383095
0.775741184861866
0.819811520679326
0.683986447970536
0.659304655542878
0.84867174384018
0.839700073974362
0.801801670702637
0.823447081248633
0.845676277674528
0.925659034026951
0.835622860420067
0.790665148523834
0.901910743741009
0.965211901119393
0.759643027834261
0.904335882571521
0.68743585891566
0.731761938523653
0.8452139768526
1.04080647064774
0.752085556001351
0.880494733460833
0.810024593217039
0.702274178886954
0.826354987546315
0.922388683215733
0.79639786667475
0.761508688221709
0.89112866848859
0.898524826835923
1.02311938003517
0.880447566757958
0.918773905093937
0.902636069861608
0.985767439999521
0.824120050719289
0.838877592067408
0.960322931360761
0.742632965556987
0.979756366410443
0.930597368885719
0.696682790898723
0.884642951155777
1.03135174282694
0.906893690805437
0.746349961198093
0.948263115367679
0.802060012426483
0.90658380839348
0.87833387474384
0.768636493510463
0.869500363798005
1.06303768642153
0.852482178723114
0.798310038990824
0.96437393992864
0.935215817934911
0.900296642713454
0.954349057357193
0.902096110800702
0.902479302089204
0.905534636172098
1.0356396493052
1.0420702499074
0.856592411514041
0.930860373110087
1.08061017641733
1.06482422902525
1.00443494505562
0.984689069943954
0.927148221669864
0.833237945531843
1.041521071836
0.981500612860608
0.895181884929952
0.807973258450553
1.02139215657937
0.981643871106402
0.780858262644794
0.762744072995147
0.836990649087073
0.955572616533673
0.828372481729296
0.963520798311792
0.849920417028817
0.972928146996033
1.00616403367577
1.05864538282297
0.98788541649826
0.995535978799949
0.995763981600563
0.985767309035067
1.00746274442546
1.0312291687977
0.987040950843098
1.02981851580345
1.26605978428327
1.13007588105503
1.01787984303118
