"x"
-0.939454808280873
-1.01216719533259
-1.12963425708668
-1.10553934138166
-1.0543524396378
-1.00824973782976
-0.920793432300404
-0.896770046385255
-1.05543720789697
-0.956605454797337
-0.94232069649438
-1.10747053192426
-0.923950697221145
-0.862936734113499
-0.799271644980162
-1.04565915726362
-1.05704387681457
-0.9272853175484
-1.01577080488528
-0.807888816083203
-0.831062877558046
-0.881536375955743
-0.962162363185784
-0.959159916262775
-0.824104361732622
-1.09990096585229
-0.977699540677335
-1.11744631451507
-0.935301205153885
-1.02512432000835
-0.92401629287158
-0.895136196296746
-0.96742740644784
-1.01441957701942
-0.894668510502305
-0.992400450871022
-0.90337511106032
-1.08349130615925
-0.866195125973148
-0.903913014958703
-0.967788263693458
-1.05601861123973
-0.974385302668694
-0.979040749912693
-0.890089749703584
-0.913604322129684
-0.89551275006554
-0.681279053878284
-0.896344786835652
-0.945701242604001
-0.996156692317997
-0.886030362999749
-0.807982189266533
-0.838283177314377
-0.891984881805367
-0.920414140418674
-0.830277011091484
-0.878134670433826
-0.871083304823222
-0.789125408202469
-0.869030003677236
-1.01946588740451
-0.886414745919227
-0.83408798361864
-0.906083462356279
-0.870534244012872
-0.784865948799888
-0.876954485662301
-0.838440582690663
-0.956647055896649
-0.701855355354666
-0.733948859230004
-1.0072438528322
-0.901624384788042
-0.785640765230885
-0.850842264626099
-0.965864255323739
-0.742417756306516
-0.887437086136113
-0.793950104581653
-0.821991835426482
-0.758604474055414
-0.969295559482747
-0.7551479397773
-1.01321466834377
-0.832630369628593
-0.991991259904711
-0.843378305259911
-0.747274179205622
-0.737153653706924
-0.796830788786656
-0.837424444954743
-0.810641969941745
-0.81113521975416
-0.786227293860414
-0.788705287783356
-0.747442507471025
-0.682640012949136
-0.906992339479665
-0.731552984110738
-0.738279827806561
-0.815791849438537
-0.602805723786733
-0.691826637528182
-0.768203721195996
-0.788286594040551
-0.718675013404151
-0.688719252769106
-0.844109809052127
-0.748139963402915
-0.582917025810306
-0.821970545082744
-0.84099080374094
-0.745483665675217
-0.850030233990194
-0.85333745731326
-0.760066654079118
-0.759695842238677
-0.606758491661646
-0.769970992087981
-0.643720253759126
-0.917452591524495
-0.837940744099872
-0.841277103644884
-0.848685581895227
-0.703440299819732
-0.873789712403248
-0.722137601560008
-0.81772768747059
-0.651787853186039
-0.697143921768533
-0.7344561254247
-0.662373478867351
-0.835224289391153
-0.742617786919689
-0.780869585535365
-0.686466411510211
-0.792441417952011
-0.659425826122431
-0.649600234775667
-0.632192570418083
-0.569675950940938
-0.893840118576048
-0.548470674977916
-0.679226896209767
-0.764809260928328
-0.766919366518356
-0.684742139329945
-0.649832121054016
-0.660930506535786
-0.592391639859713
-0.568141573766092
-0.657180017298072
-0.767191508143578
-0.722765933346641
-0.629813698850358
-0.688440603350082
-0.60336899620726
-0.691374874409926
-0.672946852854758
-0.77729727095074
-0.624767463778096
-0.660202568121442
-0.578219254614305
-0.588187427753334
-0.738166810182181
-0.746204186922051
-0.63048543851691
-0.760205069517298
-0.735557333443901
-0.593662375921639
-0.625496707915495
-0.542777262061428
-0.691773827841963
-0.700330593431226
-0.622516391868898
-0.702304945837093
-0.618842755995258
-0.796397509798324
-0.648174546927678
-0.726814604307139
-0.615192447013749
-0.641325724753661
-0.669033628461622
-0.677375249874667
-0.619428050949238
-0.63192488256162
-0.577725630457354
-0.6165597355036
-0.767201380141672
-0.645318194470633
-0.732651730422263
-0.519392822778692
-0.616628702209741
-0.661217419879794
-0.603319084441691
-0.671305749664917
-0.576879854691693
-0.641289009429359
-0.688376772986127
-0.713954522598819
-0.496664128952204
-0.548414032989398
-0.510585750765113
-0.660108617378535
-0.643692488684014
-0.386870554617735
-0.627046275433754
-0.470773222653282
-0.326542713965472
-0.507044553171625
-0.53129402541639
-0.656481825829307
-0.513547275706887
-0.617724383542584
-0.512056636697661
-0.331997773811437
-0.52063457698106
-0.712832743526042
-0.720269579603817
-0.639924409004586
-0.589770714854786
-0.412713667505389
-0.796008223161722
-0.697306178859139
-0.635933674969222
-0.439670137972514
-0.506730710012003
-0.368435632064639
-0.571284352266867
-0.650262938685237
-0.656971181933522
-0.608685692511427
-0.581709039454251
-0.547527317655782
-0.452214055693567
-0.711400109222428
-0.44686124410638
-0.536271754874817
-0.468247009235607
-0.527073037500361
-0.572525734603161
-0.513200999362957
-0.587671720134907
-0.597523890008435
-0.35365035573709
-0.524427531181092
-0.40821166704121
-0.427591240106081
-0.640769819586046
-0.377967176565694
-0.470185148065591
-0.433972248871911
-0.387715652569605
-0.630193502081078
-0.467618749431095
-0.49592302632636
-0.496149277471426
-0.466455740400322
-0.376653300911594
-0.593655761746529
-0.517694076127074
-0.268482106276748
-0.519745840732563
-0.626943377503583
-0.575494118553079
-0.401127179395418
-0.518450722863054
-0.537222812431959
-0.466772968928979
-0.465542569883661
-0.356520125158814
-0.417291722159242
-0.407366123093704
-0.42988032735652
-0.679311967966773
-0.446961016253329
-0.486368712988099
-0.437979460587323
-0.459283984388631
-0.434282740914656
-0.451364919781203
-0.476784880245477
-0.416600293544933
-0.477287677999359
-0.483926724673723
-0.379271765094448
-0.431165734995889
-0.343001417387926
-0.628609223651573
-0.47982877364629
-0.390622794554685
-0.597318130782856
-0.45788609401544
-0.380775869986989
-0.431264127221747
-0.45126195673262
-0.450214726763606
-0.329692530493429
-0.547946801281937
-0.464467607093352
-0.457027277619059
-0.334945417355556
-0.400745199650829
-0.225580090206587
-0.377791291057953
-0.528384587317004
-0.190205988396874
-0.313031482627258
-0.306652607486643
-0.349653638473231
-0.32356057733273
-0.399575103869321
-0.228404825388507
-0.403002186790721
-0.351421908881349
-0.337319309403097
-0.185033959759394
-0.446807015468017
-0.416998738652309
-0.290753091595833
-0.352061611422311
-0.307486495835804
-0.427183985212465
-0.443599882141085
-0.41390347402501
-0.176663134330563
-0.273542488454905
-0.38918784339581
-0.472487929977998
-0.176843135859463
-0.212243664411956
-0.281365343675699
-0.289868777693376
-0.29580140943887
-0.345039219866041
-0.286996731316552
-0.263997989189768
-0.347533242747144
-0.235010699137098
-0.309031509742577
-0.257564434598732
-0.351289308104526
-0.240469347061732
-0.342636867485234
-0.342265744617947
-0.297736801337845
-0.375174774840406
-0.264289059360186
-0.422990483591586
-0.201345207834066
-0.280691799121682
-0.284742832695538
-0.177051556347087
-0.401252729578163
-0.292937364535228
-0.259492081717438
-0.308000097988034
-0.257581508394579
-0.265626747666975
-0.249067399088385
-0.349902991190732
-0.289186994848731
-0.147081610754227
-0.180304704505331
-0.263213757533105
-0.30407181201737
-0.218228392440197
-0.215613070866989
-0.272786970795836
-0.225463945812491
-0.276042097331891
-0.149791994783445
-0.13967222420286
-0.310708687692928
-0.292365596627755
-0.168636437261533
-0.343935246083116
-0.155895462888116
-0.229928860285531
-0.255530931941803
-0.302412017022537
-0.164429934718846
-0.182532661401023
-0.205736003449776
-0.266276127801381
-0.28361179163071
-0.240144762841319
-0.259112078496831
-0.172528059382866
-0.275683647359876
-0.152512567122128
-0.234437879276885
-0.270042758860377
-0.280423533027069
-0.240356626643622
-0.0440242830026494
-0.310280947732144
-0.263183323488624
-0.0329662635796947
-0.149401771047846
-0.316904899179592
-0.0613124588843716
-0.144578378286794
-0.29750422209093
-0.256286168429001
0.0163338113171082
-0.315513743990321
-0.208243339332881
-0.0870323522170069
-0.200078693284645
-0.0943262891901266
-0.179674122789161
-0.167493928913119
-0.12312827244239
-0.104014546064829
0.112594541467695
-0.0341235726550324
-0.0927335212235349
-0.168426819426673
-0.118968533546688
-0.145475719815959
-0.14660432613237
-0.118476513869016
-0.114249068137651
-0.186672625311954
-0.0269406112494848
-0.0532228262124872
-0.0428040122769562
-0.18269749375719
-0.230999731151103
-0.159450309076389
-0.0838358245860269
-0.0752185601017672
-0.109241879021045
-0.120009287365626
0.0424601561170373
-0.0647986193124813
-0.126888027330785
-0.103218127287317
-0.110022694956976
-0.212840092015767
-0.261935125370233
-0.20625637042441
-0.189561366227842
-0.212081254547194
-0.168928415352904
-0.278360282042928
-0.20320000850117
-0.124274723676949
0.0815434010984711
-0.0597475528835545
-0.0279436448689323
-0.126851015643678
-0.0490762371636893
-0.136793176844985
0.00121382681258815
-0.134183157036167
-0.151857391296561
-0.171824204826537
-0.0798963682213208
-0.0186539812615608
-0.0828360865423498
-0.0605099420740264
-0.161672462266127
-0.178789443406654
-0.136415758072237
-0.0223437005425362
-0.0348090156600721
0.04030882984612
-0.0811911312684865
-0.113953774056844
-0.00562887233663375
-0.00296388352896929
-0.322335710285127
-0.108719688310212
-0.23761604940962
0.0131657451832798
-0.0677655301391841
-0.0346630841377315
-0.0199670694411981
-0.0726792542077239
0.0488101768730396
0.041338261333458
-0.0487822015523887
-0.00108336075843807
-0.173938581270542
-0.0108585611342905
-0.0981376464897543
-0.186143638901854
-0.0059762852590952
0.118309379139316
-0.0404505005612887
-0.151648887875348
0.0640168235035509
-0.133397916832339
-0.174068829580016
0.0416911855598606
0.0281982136138427
0.0192430831861652
-0.0376066614897443
-0.0448651867143869
0.0304821729471807
-0.0551258634903972
-0.0782031468415567
0.225946317877143
-0.164873886659243
-0.0364910053170297
-0.0458743457120496
0.0395439881213918
0.0480744299718334
-0.0629761923303393
-0.000121448743090854
-0.129280578742362
-0.0294447797114192
-0.0355129224117881
0.0588387051182959
-0.0295365710676247
-0.00987678668042565
0.192672918642409
-0.0785200343354339
-0.0277086624690704
0.0467473360924408
-0.0637894577254084
0.00747775669789516
-0.0492639147731553
0.209463210960918
0.0871129308633437
0.0597605552747713
0.19762612076364
0.0311851694467786
0.0428373243217894
0.154636468533215
0.138926012156128
0.0847915899435943
0.209860905860456
0.106211528750749
0.0587930295678867
0.184921711745783
0.128333283752998
-0.0696107628872434
0.121352536014216
0.0833855552453628
0.041365984606048
0.0144180345808809
0.10481922919576
0.0973391297525476
0.121807518346565
-0.0136796819042399
0.0759864174144155
0.00856658927528577
0.188395785939755
0.10359270256769
0.131319331541876
0.191979991865667
0.0394693396685093
0.137422351107973
0.164147785352708
0.128460441993304
0.193992008043819
-0.00242499569310813
0.0222748666034044
0.0756512124894718
0.0416693065509157
0.365450367351949
0.256802418080197
0.248255865803707
0.0432897582629193
0.170818272173377
0.0210110949729277
0.143322851716334
0.256113961652375
-0.00983747146844974
0.013303624957185
0.105147961533983
0.186978660865055
0.161552346297984
0.126664199668237
0.217445799311512
0.240080046760835
0.183918012936732
0.232693023941147
0.0771462166878625
0.172067954967238
0.0967652179788052
-0.0140298902902436
0.112569507871939
0.0843736424732727
0.184842861925099
0.261203760844606
0.210768088055638
0.195155045359445
0.296803047942034
0.185106702867592
0.183966781077458
0.200894649563281
0.22621602313789
0.202842697099786
0.160074707837657
0.117792991069858
0.217428793944614
0.235864396272435
0.213147706950164
0.358413536454266
0.244502269341622
0.0158628953725661
0.233261078105451
0.206279442139964
0.37960237552031
0.157508629001044
0.221061493402078
0.27097358057105
0.159119767848551
0.396099684104605
0.264841435238077
0.21705065308258
0.249753196559147
0.1373418329943
0.310544383057859
0.44901606818881
0.34374652378946
0.165784706244761
0.285476163560845
0.222802785308114
0.312011310773628
0.298970913226218
0.391461611496693
0.174758446798944
0.315591812826982
0.339833203240369
0.180933379704499
0.188903892294314
0.24584230501104
0.332658202491529
0.245262503504025
0.410825303062777
0.288661242027893
0.462100801461443
0.254908593565594
0.277782426984961
0.281967161833827
0.278575384777652
0.212274714727145
0.246948777997779
0.21350576682503
0.368918364044988
0.424767658851699
0.353477486750219
0.222627661452489
0.461949803361703
0.521511819389705
0.40677332270433
0.35295782197889
0.352619964290163
0.0691107866902801
0.350649011817972
0.395864403924481
0.164007452322278
0.42609832426543
0.3397408948338
0.348824183881871
0.382244359049335
0.315145530502898
0.424991999996588
0.293654638364672
0.345099727605867
0.286614162265141
0.308221293829953
0.404490677212384
0.323850783030819
0.35721340952263
0.386799417479223
0.260917146658846
0.405052170848759
0.314046163724585
0.264694691415698
0.299513378967083
0.336636764746036
0.397442898256285
0.470869985116998
0.330290952345479
0.393564979496923
0.400486879999989
0.494744317917172
0.429537267313408
0.406097231817812
0.375099548912439
0.430549176751945
0.358582262025018
0.390054494733131
0.472361124452073
0.283516679226573
0.463552559989752
0.381567201417583
0.382779687539582
0.378616627143937
0.384351698407514
0.477696064508162
0.435066954974119
0.492984588641826
0.313522131963709
0.281145647177713
0.380611222220654
0.574924559879297
0.383464698324289
0.578128453674154
0.353139125611427
0.285311757231898
0.340100458402747
0.435251340462546
0.415153078112622
0.409948037788198
0.369148051801676
0.460073926412298
0.471136732770339
0.655251283874525
0.466069975435207
0.504919640843258
0.468844634576644
0.392597915547565
0.520841070868135
0.438577986751079
0.357382592623791
0.530013232711342
0.613574069922142
0.28744969701258
0.525018957754798
0.444642643026907
0.597987240417448
0.333863996860595
0.405588494801177
0.544198410554209
0.442044603170509
0.50817457434506
0.501430528005382
0.400752747682522
0.553450060257001
0.531848184451001
0.541259102393399
0.26215623656529
0.435112710487806
0.436237863398452
0.358873808717324
0.556317798624179
0.411599954579668
0.498844171935728
0.540778666608354
0.419320243231806
0.337360249653161
0.575500776352776
0.457932317796281
0.399100990710173
0.543462682386244
0.472373584235073
0.489311330083144
0.328785215669079
0.474280598769464
0.570022018517041
0.466198722478121
0.550348011811612
0.519472119201182
0.463262175355831
0.457833583594985
0.57119397158463
0.426179243222835
0.538171963485991
0.557401354806342
0.583131275747249
0.498632574239731
0.494087173378
0.484087045982139
0.407778867576488
0.542160661567748
0.539173056974051
0.66091672931605
0.646468525313847
0.582074321675541
0.36427484404814
0.569885378234719
0.51068389315496
0.607035166658346
0.486505908339466
0.472005791900003
0.602598833507975
0.578263349875931
0.441409918647303
0.580635103299008
0.52754639699353
0.63159379412552
0.534909528704632
0.454712996936784
0.714277031113892
0.61049491352572
0.617351342671593
0.57341430202853
0.631265853960962
0.508065675252404
0.613619021286178
0.439026291150595
0.667566841449836
0.561844206641642
0.579243308857315
0.660983518796055
0.757960578208293
0.627516414904975
0.722359290909184
0.572680277595735
0.563339640910692
0.662881441676843
0.651149584309424
0.75103100964044
0.728210044351792
0.596815695834476
0.638277785383089
0.699620118177113
0.504167734102528
0.640606572098165
0.561854210307208
0.601916490187545
0.534621073607859
0.543503732080657
0.642670173740277
0.519687498719396
0.646830758349351
0.806625224251082
0.565244846773052
0.726874556888766
0.749699845110627
0.696031118697977
0.672346881365265
0.609741113419312
0.612267652760621
0.671063745209471
0.810900914362867
0.650864426071104
0.560096546479026
0.716573855502143
0.558139002184894
0.519153811294097
0.636149351170939
0.609312975235497
0.74992908667624
0.701893118831452
0.606407057835592
0.572918444578503
0.608532348533206
0.701583962190183
0.669168538961633
0.759119648001844
0.682423659604777
0.735468865090044
0.867026392098604
0.829791554774512
0.559690996519134
0.803051578499467
0.708252995356521
0.799342404602723
0.645978105540976
0.717333648371657
0.788250210418769
0.730433158574568
0.748518221595987
0.734868956177119
0.686073496805069
0.710946558696553
0.766177420523404
0.702571238270963
0.694821168351552
0.725380733404754
0.637146550022035
0.716400967113877
0.757405136501255
0.687579670692376
0.687700522767287
0.665080389374569
0.845262935114083
0.698641143371932
0.628856670766933
0.730897989801365
0.592153171046887
0.684567115239669
0.727883888354729
0.741095764725902
0.79348821581795
0.62698311625691
0.661503499502409
0.639326781020067
0.784245966656056
0.728827371181512
0.865895988365978
0.777019784846222
0.747704487583606
0.889923337562019
0.678675852389956
0.729462970228991
0.764712949568069
0.775581502266784
0.798637487523843
0.890167472158154
0.775438291310857
0.821806649063282
0.765631322980577
0.799468841949309
0.981050140279053
0.912624871891026
0.851950079157395
0.831541425618207
0.908249261692344
0.778574168558939
0.794703672093927
0.801271494857924
0.833711266949678
0.925402979544829
0.784732574309441
0.788881387201227
0.833289941143604
1.00413219864305
0.647216910174228
0.833771120640031
0.788755828660057
0.86833187120325
0.817605889576618
0.829672485317431
0.814690574102811
0.923153260631472
0.626149135472402
0.936599769611229
0.852641595867393
0.666755730859528
0.921662913897927
0.922378317465161
0.945063911631927
0.856499593902366
0.941748544455124
0.76048503213351
0.802577120865052
0.860384555896128
0.985512718650497
0.916597849478451
0.8685662410833
1.00451359777617
0.821927515468006
0.793598522193152
0.960345956821538
0.951379459204167
0.814709630416189
0.832410216357441
0.88964380917915
0.977367563749173
0.94847037625766
0.991247445414535
1.00714070042306
1.02087744646052
0.936525350864859
0.837445046857852
0.897975889402409
0.933985671844554
1.05780801516085
0.942232985038537
0.933684941351545
0.97250891220538
0.922651869580351
0.986013529051142
1.07298953651793
0.905960057048567
0.907555717070217
0.828860509867824
1.0075870296635
0.954864820097894
0.934567484749675
0.910294418143965
1.07362530900589
0.969362434221769
0.970310252038417
0.914475305201422
0.941604098526109
0.853460485805203
0.935167278071384
1.04522815385009
1.03241901358551
0.825939732449866
1.0714406417785
0.991601258954913
0.826099514464065
0.914321219104061
0.914940936036211
1.11256587983786
0.967320489960729
1.08015626032454
1.02980394080944
0.902386621418281
0.789371852288343
0.983292439482559
1.12210641198816
1.13253825683988
1.07149979866407
0.94015411657247
1.07213199434629
1.02384685849022
0.995387927909598
