"x"
-1.18969414041384
-1.11525702894712
-1.10434883357551
-0.883213042026379
-0.93412334033035
-0.945585946490472
-1.03214596387391
-0.91610830389389
-1.15049435916008
-1.00913748620832
-1.00659555145563
-0.978625145218123
-0.925841879313664
-0.856596378106815
-0.93047995233311
-0.973791081866846
-1.00959655569749
-0.986687908087981
-0.940438756964208
-0.894519927896579
-0.927037810791096
-0.979537506656446
-0.835344487249961
-0.914827259582335
-0.974707183154986
-0.822154719331575
-0.927024602373362
-0.858832807926658
-0.934351662430116
-0.942120600435923
-0.973210028381405
-1.02101495574723
-0.900510049625492
-0.906551115788423
-1.0326220650804
-0.940812089593049
-0.914241122933906
-0.908766862785601
-0.801082271500736
-0.830205823733303
-0.91007732672483
-0.795065787123079
-0.79517304595027
-0.798947155749765
-0.99836439846667
-0.901718183796522
-0.889715924117844
-0.927422120586331
-0.895980624867111
-0.856451969256393
-0.807274328835139
-0.977977756726229
-0.879966297017863
-0.864816852730935
-0.911747732186194
-1.03683666534814
-0.911657742305409
-0.910469730874498
-0.950353208787636
-0.913849657539756
-0.703769979595365
-0.959807525288644
-0.898825241391262
-0.767200717328106
-0.810403645165115
-0.714506703336654
-0.892790339476787
-0.840230032315531
-0.828383000839919
-0.819559647813035
-0.862838764614816
-0.834540399133968
-1.05864462222102
-0.970534798071514
-0.942504765153585
-0.920001974879453
-0.845847855447543
-0.713659980460752
-0.777097580055686
-0.809632495495455
-0.831693732904375
-0.820714628845698
-0.855696570264737
-0.818600916017907
-0.799946006230314
-0.737394845105632
-0.805333607163436
-0.875498233314221
-0.862475061001541
-0.806871464745723
-0.720313425276744
-0.717410929592255
-0.756522217775608
-0.637573790431535
-0.810086444092638
-0.905839260159344
-0.844939167345936
-0.724564480618664
-0.780505084742298
-0.733529766663261
-0.882585070587683
-0.781378860824997
-0.815197976045669
-0.889757260884487
-0.807967731462746
-0.869156663458232
-0.786395796551961
-0.794132966281789
-0.823510291381799
-0.782539082989743
-0.797296943739011
-0.785582721323514
-0.779170469149721
-0.615466958843849
-0.784480114500885
-0.882344698337452
-0.675455374547355
-0.720754884184432
-0.627036067392269
-0.683054232812984
-0.675043015043379
-0.787651469662153
-0.724806712512927
-0.783917226245498
-0.725939587757463
-0.704446978265652
-0.703754395326452
-0.58644821376341
-0.681745828456227
-0.788588338776547
-0.687006518436216
-0.879741669306996
-0.609352173388103
-0.645419232492248
-0.755270601791052
-0.784715375345899
-0.74496274303173
-0.727779417890402
-0.68225063901827
-0.775459724876999
-0.690085684145639
-0.767995551494057
-0.78619634911222
-0.861515303459687
-0.629087322775367
-0.779444369224092
-0.645875802522304
-0.749027924747002
-0.764253843654264
-0.744643148640233
-0.548591496475312
-0.642085245471665
-0.766493176005642
-0.595508886360321
-0.755819972283306
-0.724061366058012
-0.604066026947055
-0.72307591804747
-0.777528607667449
-0.755610678502913
-0.697862941603911
-0.790251963884947
-0.611027629507293
-0.595419340132237
-0.685183599219785
-0.573147035015571
-0.564589828202883
-0.701778616206274
-0.554330772549695
-0.765849464540827
-0.706525759698868
-0.657397665297916
-0.733636967289062
-0.546457778032042
-0.701525645261162
-0.661125159048145
-0.682846333687452
-0.60914462364256
-0.663437335259065
-0.661639256184828
-0.693366118789372
-0.612418491285886
-0.575410734866132
-0.56470788601979
-0.675287443888753
-0.618622025702789
-0.60682771682619
-0.65286240022805
-0.666794821008868
-0.819800967311973
-0.524426106175616
-0.683233654967768
-0.629696911999239
-0.627796182987218
-0.626327336888972
-0.663461586998626
-0.555837660910538
-0.720629290403999
-0.556513266906498
-0.564412202098486
-0.606164437529787
-0.699567302149551
-0.653345166092802
-0.650699780782381
-0.620130264789869
-0.656573665219333
-0.421447106616548
-0.527413949284709
-0.74795775630342
-0.672725867598597
-0.577002617269859
-0.46247985752554
-0.529000774349026
-0.520457438171436
-0.686172562185161
-0.429991396896608
-0.39958922396404
-0.697605224614836
-0.60542673883094
-0.546950215044055
-0.52759109860709
-0.5129828804506
-0.640408310223182
-0.417583777685032
-0.494754483824762
-0.63871005315121
-0.666693722694682
-0.483174821059407
-0.401178950973051
-0.423723660692717
-0.615940400251875
-0.568012587084568
-0.371689477012784
-0.569799845841376
-0.514618272672165
-0.558459408703764
-0.58075172138705
-0.421477759906384
-0.574755753176016
-0.526574875235499
-0.563336816953134
-0.424305969211568
-0.582023568378155
-0.490760341065793
-0.405935188167701
-0.523198014672426
-0.599763041137392
-0.576670526486152
-0.435733949519744
-0.468342711311213
-0.572250771276748
-0.532150140077258
-0.52627523004889
-0.54595682696581
-0.664472063438071
-0.449974666886454
-0.41669390943433
-0.344202132052832
-0.473491019879646
-0.551389275116837
-0.472341007571845
-0.430314139082389
-0.542177999276688
-0.386243448046988
-0.481239087804843
-0.422763610584302
-0.460082888093281
-0.48900485881528
-0.355561871643445
-0.355914809698562
-0.469987129147351
-0.534068761946227
-0.476600883404426
-0.303062209382367
-0.463953745890543
-0.424754222210186
-0.40400182405601
-0.515720437527045
-0.567315112282768
-0.467475491901111
-0.3114027247176
-0.391495273059746
-0.536906511251223
-0.411762329572695
-0.377005191429459
-0.347815259152293
-0.483809316546311
-0.47577074195307
-0.294950923324399
-0.357739261195539
-0.410420034244678
-0.579923853657792
-0.388439846290597
-0.411597417485342
-0.43717618281272
-0.312628587762666
-0.53241954833109
-0.354710473671973
-0.471676349006923
-0.463016342364967
-0.341059371426217
-0.394026172802394
-0.339496947825715
-0.372567791554411
-0.221197896794463
-0.222642487648938
-0.351272051283488
-0.439730836008315
-0.318675062514137
-0.487850723769417
-0.324289247674814
-0.577390738386335
-0.485244942636099
-0.248418774698337
-0.377835683073002
-0.285955299913273
-0.401723280505586
-0.53945192200997
-0.254258313565485
-0.310151811603592
-0.307365767770081
-0.359143335123396
-0.232123159549076
-0.207743953189058
-0.31538545812143
-0.34158966684238
-0.35903591707022
-0.284539452073346
-0.482639675451471
-0.347943761696617
-0.366181505106974
-0.31817816238177
-0.138271921808076
-0.415746537776828
-0.444002155330842
-0.433841841171406
-0.326373204787742
-0.387868057988806
-0.307046931871151
-0.404078016843612
-0.294817905926357
-0.413099123887397
-0.320782500381767
-0.264183929704497
-0.325510661065404
-0.261236401806929
-0.415281709410886
-0.300766873719976
-0.252455216686372
-0.277677362494823
-0.475419735257693
-0.343864774298816
-0.254749169081091
-0.221977151780219
-0.302127245887863
-0.334043624736605
-0.281083119787765
-0.362084097140428
-0.192972958647234
-0.310053951656474
-0.254213354602475
-0.390178984381902
-0.351860051133791
-0.341408207671234
-0.26888823913896
-0.39300981568866
-0.28922428106663
-0.249366822624266
-0.1396598785048
-0.127067655206869
-0.146067202152706
-0.307271856642755
-0.330453847655181
-0.199340892504934
-0.291182931752686
-0.179871603493382
-0.252442832854529
-0.0649074444089903
-0.264652331600063
-0.449933882232478
-0.325142610225634
-0.227429407458003
-0.17007845489932
-0.378669599680217
-0.363936880453509
-0.248038457112114
-0.14811951589727
-0.163502033213922
-0.255349619967843
-0.172479532815168
-0.286970178502179
-0.15339021167882
-0.130494786718249
-0.385082076841602
-0.176629565330418
-0.286289395164014
-0.202137032473591
-0.18938297809895
-0.193244811503222
-0.215234498419525
-0.11489797978076
-0.1952520039544
-0.333818615046318
-0.210557101627059
-0.0694392004560702
-0.341799840717196
-0.169132045981472
-0.205962560860947
-0.00425469831033384
-0.193950214806428
-0.1790684745735
-0.0854075221220466
-0.237870961459927
-0.199621674648447
-0.165942652023228
-0.348402767217014
-0.106363454686812
-0.319784769560076
-0.161612800359394
-0.106732167314915
-0.251851723832713
-0.131039057715353
-0.224032196861811
-0.246523381663584
-0.263691539966955
-0.100953469036866
-0.132667922431824
-0.0195160906771998
-0.175238846895904
-0.0466710733035082
-0.233911628945468
-0.285429526290779
-0.226243018563144
-0.188767510683659
-0.228449992394122
-0.0342325811809706
-0.170200204879893
-0.0128388896715584
-0.0797064399914051
0.0483739613115803
-0.0185971484418845
-0.131136517582523
0.0271836499779041
-0.169729391913957
-0.169307499041183
-0.129832773371607
-0.112547787975428
-0.0253193291416475
-0.190562143311141
-0.0813867980714016
-0.127193022864844
-0.0269155637162134
-0.196490108502462
-0.186293381243532
-0.151106284224347
-0.0686845199345621
-0.0775912581387111
-0.0238285519683297
-0.175979597787802
-0.185890678202284
-0.147096238339566
-0.0535606198557874
-0.163312467594643
-0.187449053758736
-0.17181079437903
0.0436026209072772
-0.0682586626586464
-0.0348813238553446
-0.153971060640591
-0.152158532772802
-0.167815620750782
-0.131857357569327
-0.208240161988015
-0.126496867895356
-0.0738056381157254
-0.114431582892832
0.0997717057189447
0.0232566937028828
-0.161378996730643
-0.106787157902625
-0.143607321212065
-0.0242419573380201
-0.106961155671498
-0.19802035551184
0.102975657477839
0.103367640872909
0.0704778683366279
0.0361531218015919
-0.174223640089514
-0.0548032438901264
-0.0271706720298409
-0.0316207454844476
-0.00968427510941794
0.0216034194891187
0.0364192253496931
-0.126345657388384
-0.179200505542093
0.110207488519337
-0.067368335777705
-0.0134333744279973
0.0436986586262673
-0.0900675083792692
0.0518082951700812
0.0627860986156331
0.0175657221283691
0.0472247786147395
-0.0857586602401908
-0.176786630393356
0.0866880933974658
-0.107589685586767
-0.0449521473073514
-0.0123331749848193
0.0505902742979766
-0.109645603288716
0.0233964331720992
0.199746698341352
-0.0451313798799085
0.0463979874440954
0.129267631600646
0.0736603296206498
-0.00990851647949884
0.12960679608256
0.0136441264744374
0.0382865959286349
-0.0186220758270305
0.206324415026848
0.135765225250757
0.132360483957894
0.0515741051427253
0.0921800438291627
0.0892660318994035
0.0623967534154669
0.0572491700290837
0.12623384522799
0.0379477067510919
0.113874807441063
0.0290086621415547
0.0220050273406839
0.0989835761866244
-0.000442253173924817
-0.0282703285883544
0.14675962395893
0.0940985532236035
0.0202751924508382
-0.0426550794065502
-0.00955344074467004
0.19272806980242
-0.015493669019627
0.155980232122844
0.00154698052206663
0.0361823412918841
0.085986348018861
0.0185547825644947
0.168339138531518
0.0876236484139579
0.236524363926882
0.0480015588704962
0.200686171362332
0.0197814375857656
0.162763549302672
0.0301515815582814
-0.0970994359527436
0.104551245433746
0.0848826248087629
0.211243829303265
0.243064867279823
0.247800489340348
0.0119234732292795
0.140316877144408
0.235372951003044
0.134407248649727
0.101798624207791
0.130710077284247
0.0792840002719522
0.164533823844281
0.160242857266273
0.0325840064081702
0.115000539965572
0.184840882318115
0.0792561011986311
0.330486232765637
0.0507487379570714
0.212338843371736
0.193328347378036
0.174691732045489
0.117659415763561
0.221843368310574
0.113410061845052
0.165868672627271
0.298839510074684
0.310154071261863
0.269905406908221
0.120174926598817
0.0811482887122309
0.123652688173878
0.194613304420684
0.120479622626559
0.205776728641536
0.147935522194289
0.302181437872551
0.0956275897265562
0.0824133407300712
0.197382971639269
0.184130839396409
0.386252388429591
0.310411839151476
0.198195093074966
0.332718191537549
0.222796553358184
0.226082521839536
0.256625651776526
0.233278098202627
0.20208968330721
0.132551769631047
0.24481728101028
0.318990742288833
0.276723041360127
0.244378094474533
0.361275202210322
0.243460925804672
0.357507171166897
0.230961193203127
0.132629639498278
0.219868579548691
0.280959108121928
0.298321624369309
0.170653783591815
0.350489028046784
0.216232052266576
0.293601544200514
0.289729571715712
0.142028469648778
0.0856419595989481
0.187366919297899
0.39471811593937
0.280825850306871
0.274256463736597
0.299781666532452
0.334480486440669
0.210068871012891
0.0865847140656302
0.354221084473909
0.312476265081778
0.215944582727861
0.370637718165949
0.0676953579174925
0.314156647996627
0.202045196251507
0.259610302676542
0.263552395826179
0.264504537284896
0.26050633737994
0.389070824664365
0.329333008372905
0.412616410422792
0.417377502620415
0.438693208236112
0.204777908206732
0.398307970289525
0.274622402614249
0.351039917013962
0.207636059537669
0.375888190525086
0.219447929574918
0.528858767733493
0.456004470185905
0.281728886021717
0.33327272834981
0.371799586935397
0.369326124016626
0.233832019960469
0.263317269447383
0.311943036470786
0.336660424611011
0.444236613083592
0.400012678962343
0.276172496194742
0.457412836040019
0.456034990554445
0.411087122898829
0.480821760809921
0.483000558469558
0.345162217157402
0.412840185305019
0.539775378171607
0.16765747466187
0.347909912020253
0.430776293910188
0.256482120758367
0.297911171053335
0.252265845702264
0.532101987678744
0.388083606285891
0.30724725865312
0.487735465715987
0.39827671692377
0.415196745912259
0.386277586138353
0.446721640037678
0.342631638145089
0.491688509681183
0.415285010467637
0.429614237632972
0.384609558040712
0.439025645136904
0.364749800361442
0.369836834125521
0.439507968425819
0.38575534536842
0.424566384269047
0.418071497584795
0.28279955441828
0.388488671100317
0.392599700946872
0.487278348067579
0.388411792113325
0.463792614199633
0.366443642022584
0.432104045763324
0.441813510492159
0.279674342081035
0.412541378223487
0.552349038674445
0.473007843633103
0.550970013402096
0.622964080249091
0.437153442785988
0.46377109289851
0.356352026229849
0.53329952602751
0.477413721440103
0.350475630562502
0.550810877399432
0.513283253520821
0.472324267536293
0.598219681143217
0.450000831615924
0.534707388171976
0.54037937920505
0.577091841356247
0.450699739236518
0.561170591213798
0.429969181048309
0.557670412184909
0.40549601357061
0.39491338750816
0.439216949942246
0.741547412482034
0.529238500997534
0.497766481546417
0.436207936506302
0.500257164530917
0.558689819124895
0.549065120442656
0.387535113227176
0.587465301411956
0.674669704910853
0.439732794355859
0.45508677922209
0.437862180535143
0.364096351527487
0.519158076047065
0.560216719824439
0.488758485907717
0.52472664478606
0.512978382344172
0.449153272212554
0.427746709860345
0.524269416758203
0.536792247561866
0.606322770676315
0.644832818544786
0.605080369850099
0.372864044901748
0.518305968470478
0.582083483173109
0.597173173725666
0.579705976681972
0.442999611677336
0.560095595856251
0.632356698849202
0.633156978121566
0.556169822129017
0.658499659727978
0.56340993214722
0.534052115375906
0.639525848109419
0.565627983998939
0.656068729909445
0.580324402011273
0.594763160354893
0.387416302434642
0.468892164918515
0.586204264188778
0.55950983867226
0.61742406498671
0.532999011742588
0.571333991960759
0.536270431957107
0.572294353135231
0.596852277771829
0.549173140085943
0.462046354085105
0.83653896716629
0.67233589397565
0.585637968448944
0.585451039567479
0.698244589861973
0.499130759444076
0.69993660538728
0.612564187753029
0.602987565809397
0.604128794274371
0.622785878371583
0.601197030867666
0.649479928592184
0.746042266379542
0.570052887716587
0.744143140811253
0.538262459950545
0.589189240795424
0.698474057785847
0.595342219716335
0.578917750513967
0.772850049412583
0.738448768989132
0.616447118997439
0.651592463671467
0.67325487342272
0.714180146833731
0.720527201355256
0.669525953013419
0.765718724734289
0.774694524260121
0.721035928029186
0.557659234228132
0.591824898469939
0.718652265782434
0.744224152531625
0.729769949561413
0.649760264990845
0.530209606337595
0.630114891979583
0.770817538775066
0.62958670039416
0.729773609237414
0.711110267044957
0.825298071038702
0.665934691724408
0.625010542983584
0.59314795749215
0.776637818878711
0.728125353307196
0.623443179035985
0.683775336772548
0.68945171810853
0.707503694694069
0.729254388382058
0.663763539449923
0.728733618907
0.59909170274204
0.868584919619874
0.625153848090937
0.539268507145093
0.792292554022383
0.733766925515025
0.765517962324455
0.689243951471792
0.845257731828111
0.70086581997786
0.732100562910145
0.699393048659975
0.747299116815819
0.706641246314092
0.81768688936586
0.866498660504225
0.874067119923349
0.732546671946944
0.671876198354621
0.561068177517727
0.703083688794217
0.724761803631274
0.830928449781812
0.757149988852676
0.686232713879573
0.876778909353793
0.687592314301438
0.859795565518907
0.756936288985847
0.66512563461695
0.85224904722156
0.713644683016055
0.951428771202064
0.767997258484555
0.666956808049293
0.821816390948862
0.831463900344919
0.695013928520314
0.781831679506007
0.731665932465614
0.853854607016838
0.76453561998539
0.800027944928515
0.684702432289748
0.649379390137898
0.871892872078074
0.838211978814827
0.786795850676649
0.849067462987907
0.842070534969954
0.923015712714006
0.82122782783182
0.783115546137319
0.90967843896883
0.966579390960367
0.794118720085837
0.899831399716972
0.663164165745109
0.744239125701333
0.824328355024579
1.02568415494602
0.762113096437911
0.892053317957271
0.812336504535227
0.670392439435434
0.838885021738974
0.921747464896228
0.795640154275057
0.787003589626623
0.893818073888905
0.873633122164337
1.03187080777016
0.88837186481891
0.902229236702259
0.894516020477592
1.00950939445594
0.816582135129115
0.852968362918872
0.962990421479768
0.764252024009569
0.966670168110196
0.958130695374563
0.678412728906724
0.865946455267805
1.03389603728892
0.918087291770908
0.757628846031202
0.947073988697573
0.795737448240257
0.910848019531247
0.876670860867212
0.760637422354089
0.850314209805463
1.06935937546019
0.82934136242846
0.835479832423116
0.981039919994299
0.952953506871476
0.873411019939723
0.954016176778491
0.87991223496259
0.882275340289368
0.920731041366757
1.05250338594011
1.04003889848977
0.835853983653485
0.913757413031854
1.07437258310462
1.05674852075811
1.03758675807861
1.00597527105472
0.943657021580647
0.828446956697312
1.03058829996203
0.961365563489306
0.901491876588933
0.811076259597213
1.02390856896996
1.01508880506003
0.800892408638428
0.757438512312206
0.840900991718371
0.95598196719868
0.84458828446177
0.965056169139744
0.84256780172894
0.966004684539683
1.01182635212049
1.07875479677369
0.984916107912849
0.996082096290103
1.00705048447733
0.981023818546254
1.0122519483402
1.01033052341409
0.972597392473205
1.05878220141266
1.27316182240544
1.12420258890948
1.01577182983402
