"x"
-1.182818997103
-1.09047420912301
-1.11443341724976
-0.897429036350647
-0.937416981639973
-0.930951758302123
-1.01770143760537
-0.918311128878539
-1.13281803376657
-1.01441031400545
-0.994315661167567
-0.992618591396597
-0.915787779795881
-0.860960207615815
-0.915445561377375
-0.984269579379543
-1.00944397480282
-0.995439639132212
-0.94716209787508
-0.905388214905006
-0.912538678446859
-0.969258175551845
-0.834279178813819
-0.897834460485981
-0.982247062248568
-0.815419715897325
-0.921911901914842
-0.876180470787936
-0.936735122994103
-0.953683179247989
-0.960176394860723
-1.00470155714282
-0.900167530909031
-0.906526549495729
-1.03874496549173
-0.944290688818965
-0.913167806693404
-0.920549636801712
-0.791582763989357
-0.841041604781402
-0.905404239556286
-0.798113780711952
-0.785307087892067
-0.797641383453338
-1.00146735449094
-0.895413296899787
-0.892182891017917
-0.952455683320251
-0.887034530522607
-0.869357139481321
-0.76674223281804
-0.972589433248159
-0.857743516878052
-0.881199545302305
-0.900428011224365
-1.05386853389237
-0.912086583910387
-0.912779608207124
-0.948714494258692
-0.9348645837182
-0.700648671904194
-0.920621018255129
-0.908499391239082
-0.756745894891642
-0.807679439597918
-0.68219251627569
-0.899757444137144
-0.824360024846565
-0.830598841505877
-0.828045084672064
-0.842147772013737
-0.834266655293768
-1.06968470256488
-0.957395713866596
-0.95328246371423
-0.926760015996907
-0.843057655281131
-0.727046202240282
-0.754133531595445
-0.823366845909754
-0.837804320584484
-0.832214540333999
-0.87544009980007
-0.840497029240362
-0.818522172072013
-0.741055981828859
-0.80729573544459
-0.87853826250098
-0.863128143672349
-0.78678571071664
-0.732830730351253
-0.712103108053652
-0.758223680125287
-0.633677825995475
-0.81375181608601
-0.918265570750235
-0.839886178524836
-0.719129644435088
-0.779304721540861
-0.732598359263557
-0.869991137439296
-0.794050170790873
-0.821124751003942
-0.873659068840882
-0.807924284794639
-0.867691722951539
-0.761620401607459
-0.799432173676464
-0.813751117490513
-0.791532441931962
-0.820008794590668
-0.815712180732019
-0.783678842177769
-0.612462052108802
-0.782855192786181
-0.8753114828777
-0.641094849720828
-0.713869240950142
-0.623809212917801
-0.663789812041993
-0.655022120638018
-0.770803370216341
-0.722453958159448
-0.783361812029322
-0.706090682646852
-0.677390207238861
-0.70435086160504
-0.578745802697866
-0.682150842140649
-0.792306467774249
-0.694562176556044
-0.875845470059943
-0.609850308734886
-0.628554413715149
-0.732824916278274
-0.799019294913093
-0.746657971251341
-0.722297797453922
-0.655837152510052
-0.780566829451241
-0.70396360474705
-0.780229018610116
-0.785964829344592
-0.856805567928378
-0.617966318076002
-0.77698376528386
-0.646652236053152
-0.743275268039955
-0.75289779037929
-0.716889528880239
-0.563014168902054
-0.643716409020117
-0.766427505016876
-0.580849005297978
-0.764794821953821
-0.737413246209907
-0.607103664733665
-0.714801689087261
-0.756868011342198
-0.767406011374046
-0.684345336122649
-0.804029697424201
-0.593316770537724
-0.586510971224062
-0.680051784676297
-0.578312408305486
-0.556388466341971
-0.70334034636992
-0.555360844675763
-0.758893350375959
-0.711543833214211
-0.649716293537961
-0.75055548073663
-0.564741692980819
-0.711711098909564
-0.640418443991142
-0.700493743479835
-0.581937125500689
-0.671175199034657
-0.66104025586304
-0.680663966973881
-0.590052174741283
-0.5740729233905
-0.571058445192341
-0.673128102896818
-0.622457724774323
-0.598927383279367
-0.659595079814554
-0.670794457514609
-0.816775811418471
-0.518022833540242
-0.664825655169484
-0.649109232450161
-0.632615396705955
-0.637573116018917
-0.670776919242085
-0.551373201536587
-0.736205092179163
-0.547347497690761
-0.577262842239707
-0.612359547290135
-0.707115490668892
-0.636212681801084
-0.639662344014189
-0.620679804176778
-0.668245433823262
-0.423018140573071
-0.495484874396615
-0.764229576831955
-0.641677058839564
-0.561639152205537
-0.484156168160657
-0.526552906896835
-0.506916283906069
-0.698308267308009
-0.421184110968459
-0.408264389930045
-0.713354246146281
-0.610298017472931
-0.536836553125006
-0.537137685412427
-0.508441907221691
-0.650843842279752
-0.399974228860036
-0.498032663634514
-0.634575999444968
-0.664356025685636
-0.471534258450735
-0.402070995331588
-0.437818910173086
-0.615288347597862
-0.563928216304999
-0.378738528561686
-0.579630384760347
-0.506177711746342
-0.571093060460023
-0.5887434889056
-0.422692603927077
-0.575453059012395
-0.523505782607963
-0.576067171339002
-0.424710448331271
-0.572051308301947
-0.478441051287003
-0.389646842637252
-0.52757286587691
-0.58283075443706
-0.585314153201286
-0.420154688084578
-0.451269286183772
-0.569433621857624
-0.524868980388748
-0.535830802480183
-0.551078786131373
-0.676237641948508
-0.474765947945902
-0.433962592278649
-0.359439087602211
-0.481402037731872
-0.559423952353867
-0.473546604064101
-0.431753903237369
-0.530663046751075
-0.391052282728877
-0.499425411673516
-0.449115477536623
-0.463666671686369
-0.486720763482693
-0.35919684978686
-0.346037870061685
-0.476292600027124
-0.531948018055384
-0.469731045538708
-0.308095626240616
-0.45895375323402
-0.412801324974039
-0.394333563883594
-0.495329953132279
-0.546614792673604
-0.451788362620479
-0.305895899371146
-0.372587765561413
-0.516142446974982
-0.414497001837559
-0.378622140112022
-0.358192376343493
-0.45140620936897
-0.455820088043736
-0.303374084031609
-0.360485862054349
-0.404161198902111
-0.565156981631
-0.399472581254149
-0.415094749945765
-0.434937499428571
-0.301429936124828
-0.538481759059295
-0.361079238565046
-0.48099003610358
-0.483622446760258
-0.330112045930806
-0.408773233656432
-0.364745494011499
-0.37215280905102
-0.220942955285746
-0.234830706810252
-0.369550794486002
-0.447181076112851
-0.310483561076258
-0.486115649343516
-0.321545454054308
-0.562348569397597
-0.481370739650513
-0.240936768875166
-0.384270334712446
-0.286357470280971
-0.400792080872439
-0.515341498646944
-0.272047752627749
-0.294966174486788
-0.299326503755683
-0.347688895438957
-0.226526222279902
-0.19834164271076
-0.32480048100569
-0.33476159918032
-0.361904881417655
-0.315013834674814
-0.471399865509496
-0.349462918277044
-0.352145453745012
-0.319633752381944
-0.152686794924335
-0.416627288817875
-0.453740937497227
-0.432054948770055
-0.323053974488764
-0.373575997695635
-0.305704358393903
-0.415503218905565
-0.290666219817259
-0.406127925654994
-0.31971204109767
-0.256768284033728
-0.344115570841854
-0.271790571993702
-0.414616222744251
-0.294653010364228
-0.250914716659545
-0.283355358738687
-0.475395001425169
-0.334222464406344
-0.271601402324495
-0.207962667733322
-0.29484423960379
-0.343899848927423
-0.283215513721978
-0.369786226981453
-0.186788995979234
-0.329244227547702
-0.256136444636025
-0.392692380461661
-0.364003645401861
-0.355449516994786
-0.280008108182721
-0.381585673414523
-0.303306259243327
-0.23677896789671
-0.128005948392957
-0.112408102009254
-0.15878481122743
-0.294682316672378
-0.307824123398613
-0.206461501313756
-0.310333669159058
-0.161495078222802
-0.286378991467797
-0.0526780418462946
-0.273971147603159
-0.452350180322475
-0.337421887501462
-0.23531150164505
-0.171632851556657
-0.388292321515027
-0.393591549108511
-0.250497335322633
-0.169043156031866
-0.158112835081064
-0.23785739973957
-0.181059118080992
-0.269130089046509
-0.129483351155824
-0.140680674361656
-0.362794135493364
-0.174911912638847
-0.310255237428607
-0.207131754921085
-0.168361850773693
-0.181550679171607
-0.225147323686583
-0.106262828241015
-0.185325867019048
-0.337109723350113
-0.229502366515621
-0.0569447409821791
-0.338935136763102
-0.178557798705953
-0.18872411766468
-0.0129241323777038
-0.179053885953008
-0.148181375077007
-0.0753674535609831
-0.252312690660136
-0.194046748202842
-0.146746373794879
-0.365250990398368
-0.0900070445080672
-0.291019356048064
-0.139698394972068
-0.0981895250470579
-0.246773591690012
-0.145747484424748
-0.208654320256067
-0.242011305150104
-0.26735009390572
-0.109315533766389
-0.125900541412305
-0.0259114212716144
-0.170691801531511
-0.0517118386472252
-0.216155748510684
-0.299342147912636
-0.236942603035357
-0.156916019665448
-0.247024105151899
-0.0671762679103872
-0.180849231539452
-0.0137316241037692
-0.0531784392638054
0.0475587302342107
-0.00957818779748277
-0.0974768855635657
0.0179158056872743
-0.174369205354889
-0.169697270251259
-0.127564461895255
-0.106776075565215
-0.0200456054931803
-0.185230787902185
-0.0557975086753218
-0.112725953052585
-0.0221573391518625
-0.17959461553337
-0.163101767369252
-0.159825310471376
-0.0837007882532642
-0.102514845750773
-0.0114578004945552
-0.185919453277454
-0.197249102693241
-0.13462208450705
-0.0295631233722745
-0.182990584051072
-0.203659154652166
-0.153192790391684
0.0483581162034309
-0.0715854544555875
-0.053820830146415
-0.14594890560564
-0.14893089636021
-0.14851020018697
-0.145995639999392
-0.221190980652405
-0.12995240660145
-0.0783392614864852
-0.119311533896689
0.109710671720657
0.0210438819773293
-0.154319192250485
-0.111116176791157
-0.134886443922792
-0.0183040647648193
-0.100135189432919
-0.181203587781343
0.0806808950946328
0.0954998530182517
0.059947528291505
0.0288215067489183
-0.182976657083817
-0.0696877227374968
-0.0414135706106183
-0.0375514183706429
-0.00817507448244451
0.0381751757416183
0.0402798135760808
-0.143621463465278
-0.169852714743771
0.110586819086037
-0.0883534452614847
-0.00656991864290268
0.0353731610289528
-0.0849417925858945
0.0522941037444642
0.0491919902111464
0.0251748463098147
0.0380579506557108
-0.101089585638705
-0.212568237937246
0.0809779702486898
-0.100725915888708
-0.0234684885061664
-0.0410586336093793
0.0689700422247962
-0.108023223196176
0.0207803178650071
0.177029220123314
-0.0376223487610708
0.0747592766519351
0.138585251672559
0.0628350724391515
-0.0115452796320055
0.114075989881063
-0.00903812313891476
0.0561205526195591
0.00914188339154402
0.211700655788247
0.131817045618974
0.134390633173319
0.0641494500548169
0.0807347945833481
0.0974003047890516
0.0564273837478755
0.0389604351462385
0.121351490108551
0.0510010709909537
0.111324500028339
0.0201836597675038
0.0240663779159828
0.109460323486806
0.00930874308551213
-0.0111207078939218
0.162491180838717
0.087000687310049
0.0126927409627232
-0.0675044844965927
-0.0199146362818228
0.186732501487852
-0.0223965713992787
0.146242912835544
0.0204489170642993
0.0385382764276086
0.0910776051422785
0.0129530788387022
0.178655852014734
0.0864768406405108
0.234236884455869
0.0433780523733223
0.191550315234504
0.0116215675591602
0.179251786552574
0.0453054207913505
-0.0958181086300085
0.104748171085476
0.102542451935485
0.214786654693221
0.254091414357652
0.247302786860879
0.0198746368750236
0.130191496692807
0.218887852561152
0.150240539485236
0.11366500808359
0.130809054127406
0.113850639739183
0.136434033776683
0.133118840180336
0.0311399454082887
0.127638290412292
0.180043622921484
0.0700115873941959
0.332796721396375
0.041864804058599
0.197068861660357
0.207416780415355
0.151077605124656
0.11302942958895
0.222892134441378
0.120318389761435
0.17113566417362
0.304572548495854
0.299649907713693
0.272647475576323
0.123558164656802
0.0908734458689563
0.133008322870714
0.177322126857436
0.131592945202698
0.215692836900674
0.134510731706001
0.28722894405113
0.108321620580344
0.0737863670921349
0.195384571140394
0.177704072377654
0.370357545909143
0.317150842612309
0.2034040529626
0.354097730008055
0.239159242702444
0.24847549059154
0.26813896281977
0.246866300452275
0.215856743840486
0.13591522444698
0.251260764452242
0.300901467841903
0.297470752123742
0.227437268097016
0.340177608035458
0.26476958676292
0.355274037444646
0.221288804225762
0.148640101744976
0.249129685115412
0.275674259882877
0.276308122231708
0.167293016449242
0.350490992893797
0.236991742798892
0.291726006409419
0.269973953307509
0.10721122948604
0.0807642748249046
0.184953334209766
0.411345068154611
0.289593259995673
0.240715525185326
0.285305453114593
0.33547055000501
0.225073684448768
0.0822295540484409
0.362255207680884
0.298061551075841
0.215891246812655
0.357434167918082
0.0781019322157049
0.339404695350165
0.196444134645213
0.240063914929678
0.259778214802701
0.284643650175614
0.268398036189736
0.382865423333487
0.316756928594964
0.411878395919846
0.3755333107213
0.438875010612122
0.221135468024289
0.388108117038363
0.272577847249919
0.356503540764621
0.207825187449061
0.384649319107931
0.20649087697751
0.508854844855158
0.458410561303026
0.284143371617288
0.325667409463775
0.394063320047002
0.374098536437297
0.254754864993062
0.260086714554329
0.314012367848813
0.361482122771664
0.39526953085855
0.404305235734607
0.255814064486073
0.467331227681822
0.454920556650378
0.409435587007299
0.482509613350873
0.482175995507205
0.324885013606328
0.396297482810527
0.542166463002463
0.179761828318909
0.334999885162543
0.421937691590731
0.244803701668244
0.291219016954766
0.252281152760923
0.537292354227044
0.405395569414882
0.318494679098169
0.505882383955215
0.402772699750579
0.39280753745447
0.373734263981196
0.441199167311619
0.35476837293673
0.494532634254275
0.418492392424708
0.455122409649767
0.373437498148753
0.438318487850885
0.358535455712171
0.37807380316208
0.461512631361473
0.40858374684891
0.419648169261924
0.408679428902073
0.272034216876807
0.400141582330142
0.402336091110306
0.498995717798813
0.375785285758305
0.453433409469591
0.357148099044789
0.422297100706452
0.445805043553399
0.275272771370352
0.419725558345697
0.559984403068396
0.462978332128112
0.548020975032776
0.608467009950145
0.445876948064627
0.451795783435409
0.33941917402111
0.532695945507803
0.476931973412658
0.357369046616114
0.569099284142407
0.510862047382893
0.476125696006712
0.600397967377397
0.451800296342057
0.524954834409431
0.539005557715933
0.570864171119143
0.449616555585891
0.558122093006238
0.422726041349423
0.541284028192144
0.435512020630095
0.384752099727254
0.454825372427155
0.73603219454395
0.51719433112218
0.48830873228394
0.420526650807282
0.504999261022538
0.576852507224865
0.525684238132807
0.408673103108567
0.587578408541649
0.667485067277114
0.440569107759133
0.445270737547543
0.442115021771776
0.370657723949714
0.519535410832208
0.558628534404706
0.473846801691965
0.541279006517757
0.513439211776774
0.454863238137615
0.440459136320977
0.539630009822061
0.560917706027508
0.591570294807612
0.657509409522661
0.596012329753969
0.370026347124382
0.524452978925933
0.577122569489298
0.60113566409405
0.593260111749096
0.432895652487791
0.552455274349823
0.619073540506124
0.613488655397508
0.5674198074609
0.646827116127562
0.568949678706267
0.53251162511256
0.626374399987276
0.559547361879129
0.654092830116948
0.569725713919589
0.596370953729887
0.374398170603448
0.451787177146209
0.59002745279524
0.571620870692506
0.613149768561958
0.533577000733914
0.571374545707194
0.530300173304619
0.546901105310359
0.603461336524156
0.558457463082433
0.451710331395095
0.848354943891085
0.668283131247806
0.584968904426782
0.600474321730506
0.69491440063095
0.526280769583298
0.688135933175468
0.599870923163337
0.600450546729653
0.597966482856175
0.644519117485099
0.619292899559383
0.638420978861397
0.711200800759704
0.564548089747096
0.727502914395871
0.55962464698467
0.600374355915208
0.675099560483647
0.612227353666404
0.575676516246129
0.774530893518568
0.744783505508297
0.597029176620613
0.661195203161033
0.661732796623494
0.71972562621566
0.710562170157684
0.684515593111816
0.763522115104539
0.776076074786171
0.734274527145992
0.578141098943495
0.610900573880829
0.7006663586786
0.753060550795898
0.737477180666336
0.651160897882897
0.514845817069287
0.627567653133086
0.774162710309697
0.627384982574366
0.709725393639712
0.71421780803777
0.814258553337466
0.660260947058374
0.618985598968444
0.594427656619472
0.773159710659538
0.763324882730395
0.603176604115451
0.661334213980483
0.68218142888895
0.697540655879021
0.712460193784828
0.668444196401429
0.724418410323338
0.603146186939392
0.885010816439452
0.636813027784642
0.532753920044221
0.781153573388551
0.7423162621326
0.764519774641039
0.672990707214489
0.843403610003275
0.692115715869149
0.747994515779738
0.704094902576894
0.734203327014698
0.710248944154541
0.831628462747128
0.888475014435564
0.906157124444137
0.758407228794787
0.66613002522755
0.568924439695624
0.725760151020085
0.725287643393727
0.831741821344186
0.762246588607531
0.710084526231031
0.871844196458217
0.702348938747371
0.858745104747803
0.756775571729864
0.677003443160727
0.834095032945601
0.726198453316224
0.95870646305965
0.760965588926974
0.666952233638297
0.828889478532796
0.845469588834242
0.703880345613618
0.747846798506847
0.730440558562289
0.865800078661772
0.76160922300824
0.82513114920441
0.666314508135982
0.646488170013348
0.855575411951579
0.832759480494488
0.807732128339815
0.860622977967659
0.865859581696358
0.911562101174731
0.858968821634077
0.778950165466746
0.895145142393857
0.947118706108134
0.755701488183877
0.90561567197201
0.681084712942651
0.754303356678417
0.841842022554251
1.04074105582751
0.766003740339594
0.889377700585416
0.809429085148432
0.693162405563302
0.845520878460397
0.927054457081039
0.787268757093489
0.77168799990172
0.892495193023043
0.877429922722834
1.0211279798403
0.864728386263252
0.889219070571796
0.897845597153809
1.00712958040291
0.817002061142943
0.871351727259499
0.943641916294534
0.761618839118276
0.967458941579833
0.957718960574391
0.693026433119831
0.885597398218994
1.0258216831464
0.905476802013714
0.72930994309351
0.947064564388016
0.798914698455904
0.911496234413431
0.876304538930917
0.743210248400279
0.849162255624892
1.04775725926629
0.842561102408019
0.817673257921118
0.985175727370354
0.933248806081818
0.864542788790387
0.959685705488441
0.891282706897901
0.891095860296509
0.917706838078952
1.02811310540599
1.05597846833932
0.843880064599047
0.935524982982559
1.07701215539784
1.07585292653234
0.98861762150416
0.969769509436076
0.956541672656969
0.822768247411632
1.04760329370384
0.992088681180614
0.902339646492299
0.777774926934718
1.0243119894761
1.00728346944658
0.784574067897108
0.76627098985543
0.837084365356824
0.96737328904669
0.844399460437728
0.970115986441122
0.818480952350835
0.955043204465518
1.0252890998038
1.08021313646841
0.995508090544909
0.986607918459179
1.00344994048702
0.981331142082418
1.0345736280455
1.01514456743728
0.99308977319025
1.06676406638776
1.26019476345368
1.14896537279375
1.010779225043
