"x"
-1.20603997412167
-1.09207019050076
-1.11726944976523
-0.8982370939871
-0.949483349908594
-0.939776851295264
-1.00261991207184
-0.915396367301729
-1.14973379852897
-1.01416549052746
-0.985664317425324
-0.990896992902281
-0.914516548084177
-0.856411063277626
-0.919776427414502
-0.978656421116163
-1.00139113200348
-0.976581472877872
-0.934986614801374
-0.886372257700469
-0.929240704270841
-0.970471498676384
-0.848572505997928
-0.916566182022468
-0.976847129671793
-0.822315493966106
-0.923391294979366
-0.88169340469559
-0.92433024620054
-0.941314951346142
-0.990216432302312
-1.02849634524359
-0.913270540032756
-0.898862553787421
-1.02472467448809
-0.953106990115367
-0.922394241120951
-0.902564679724451
-0.807098894502409
-0.838299743028945
-0.882117218889064
-0.812392222431712
-0.783930021258455
-0.80986944784571
-1.00660461138834
-0.904144709614998
-0.902503104342781
-0.92833412048372
-0.869736429073582
-0.87305209209458
-0.795163962361609
-0.980740291862396
-0.8641944456442
-0.882554548438625
-0.904245601983827
-1.05476581503622
-0.927783215151951
-0.930515558401654
-0.973785935135795
-0.907092970021053
-0.702396101391288
-0.94683250654132
-0.890001597008291
-0.770945964436309
-0.824084401038601
-0.693802104252165
-0.885887733661067
-0.825818765546703
-0.809655815124487
-0.83935399398997
-0.867516690548047
-0.828889943151031
-1.0678766939176
-0.95403390336313
-0.932752058482131
-0.953813594593653
-0.854596934845181
-0.724187272775896
-0.763995874385703
-0.831498302510518
-0.843694252861771
-0.830150289145887
-0.869694716893409
-0.830030230435797
-0.800913854397155
-0.738794790669092
-0.782757707319029
-0.878517635130749
-0.862794625906577
-0.778230299571503
-0.730824005930771
-0.751717419658367
-0.751146270955275
-0.63403343098895
-0.816190524523357
-0.922294118364745
-0.849325655993723
-0.716593940258157
-0.796360247973891
-0.712826495142134
-0.888246585595598
-0.802666910276733
-0.838198646008675
-0.845388720840333
-0.803651855123331
-0.877247170668844
-0.775184556319035
-0.81007440795506
-0.807156186142444
-0.768826572945193
-0.814701869710206
-0.793785290197508
-0.77112029360056
-0.635538720892987
-0.792061733641032
-0.884427567145732
-0.657544778137554
-0.721995748312306
-0.638923858324543
-0.657082585390078
-0.665202195718399
-0.781708598929306
-0.718566585472585
-0.785754915538936
-0.7101843789086
-0.687724954062054
-0.707447447145077
-0.572302787571509
-0.685555550970985
-0.775766599293202
-0.667708355664688
-0.86231222473625
-0.624142643600101
-0.628568743715379
-0.72627383582238
-0.8018929714095
-0.74308774739785
-0.726925618932073
-0.652279821187563
-0.770757107477393
-0.66162803675196
-0.755673113290218
-0.798374461694912
-0.850939149092284
-0.611328673329513
-0.745883517120556
-0.631162768904465
-0.769238792093651
-0.761765127005459
-0.739862717965734
-0.569082208201345
-0.660723134308762
-0.77954123133632
-0.587184953340868
-0.774512725371097
-0.725809289934663
-0.593414797711463
-0.726182024669619
-0.765192204883114
-0.75278688439487
-0.695216810524435
-0.785260700832152
-0.608720505480358
-0.584064007565674
-0.689774846127137
-0.570288496295837
-0.55575111924295
-0.722130126308282
-0.550886497455825
-0.752076303404162
-0.692854333352969
-0.64571826997858
-0.758677122233768
-0.541701529730076
-0.717493797317287
-0.682908320276669
-0.690433390470605
-0.612494957195759
-0.67321511167235
-0.679857555403983
-0.71446407022523
-0.604655605413792
-0.612283098556329
-0.58607245738766
-0.676828632287698
-0.638296487897542
-0.60987097627397
-0.673298246961432
-0.663675968713097
-0.833891954132593
-0.539567136169455
-0.686742533483863
-0.640158801300785
-0.617792030141794
-0.635065537889707
-0.655549522503602
-0.550933721916129
-0.743769399633745
-0.563526116337011
-0.58512136972151
-0.583567045477395
-0.704465085659198
-0.64497094386186
-0.640822710493519
-0.613899873613549
-0.648275895227032
-0.414701349536401
-0.486229815136225
-0.772610268658161
-0.6498177335073
-0.561936944620886
-0.468037944533837
-0.51424700939766
-0.508384451408434
-0.668837662851551
-0.431797981322832
-0.417744527021705
-0.720232420271252
-0.604992013406577
-0.56667203440833
-0.520937336520118
-0.502032700517714
-0.644674291454368
-0.403558369991068
-0.489784800061561
-0.649211559474671
-0.663631387195104
-0.486397284505452
-0.386698534341863
-0.442017063436956
-0.617150313041753
-0.543511400010221
-0.353585401367925
-0.580158227091834
-0.507111274320153
-0.571104359864898
-0.589577921124198
-0.406329466069768
-0.565417484131841
-0.526553094066839
-0.557371019463756
-0.411873622406115
-0.5641988731413
-0.495759387875853
-0.374184019358962
-0.518288743042845
-0.591233472808097
-0.565221325803875
-0.452493124154968
-0.487969270779721
-0.562702720053381
-0.526796512049799
-0.556218019644802
-0.533641529903593
-0.654194088064907
-0.464489128796949
-0.400398193183111
-0.369527184702849
-0.464447513815037
-0.546033828272951
-0.473529776979935
-0.418089268196365
-0.538942534657336
-0.403101552547617
-0.491206149480648
-0.43171928048429
-0.461947074726565
-0.488281189083476
-0.341529335710419
-0.354274112702739
-0.503941635333014
-0.54986690330383
-0.47695437084758
-0.297070949627199
-0.460054259635353
-0.419754572584003
-0.371899081863012
-0.5050069770293
-0.554464815944537
-0.474071420835852
-0.304949365218623
-0.366740950053328
-0.528216595158162
-0.404395478245458
-0.377270854264457
-0.371173071272293
-0.465942230481913
-0.483289179267262
-0.307288583408207
-0.364756807584476
-0.406199592165521
-0.566602783646176
-0.391511912111
-0.431154873586661
-0.424582240356215
-0.318703547931212
-0.562166393998077
-0.364720540198537
-0.478390423921952
-0.483557798634556
-0.343654759306615
-0.399940926060468
-0.348161022433171
-0.39130740905944
-0.223282656251028
-0.243621465455957
-0.365757667715675
-0.445887596230128
-0.305743611375723
-0.488337161170602
-0.338517156903525
-0.573248972647656
-0.468605303824033
-0.270852716052362
-0.410976594797939
-0.271315830234034
-0.389457172390285
-0.531421477899648
-0.270591211153103
-0.288210901751811
-0.301066656223133
-0.354122095088331
-0.242568474172609
-0.235725457191559
-0.345141023605131
-0.33608674396572
-0.358087462678928
-0.309145183903504
-0.46323000179258
-0.336261217971397
-0.363950174070576
-0.324783035204545
-0.137036755108045
-0.396145933810858
-0.441071067723465
-0.440639167150039
-0.358424492186832
-0.38718791606022
-0.296403333086602
-0.408030690464292
-0.296678004090082
-0.409789992518087
-0.347135485064018
-0.270265533084098
-0.332925983638679
-0.269072010684581
-0.430548449401094
-0.316379226920911
-0.251676165833027
-0.288012233388286
-0.472955601758707
-0.333158693468032
-0.272298398156295
-0.202527357518241
-0.300495995918306
-0.342834632464383
-0.284894902773916
-0.348027083331215
-0.178471448883971
-0.308486385776408
-0.235233658082814
-0.385978692719968
-0.345974971704422
-0.337922292526378
-0.277804666551837
-0.394659150176057
-0.291013025483042
-0.243671373273365
-0.117495627073476
-0.121620972601106
-0.161405398481712
-0.320847071749686
-0.310804143649572
-0.237308916334102
-0.303466279454294
-0.170655895776673
-0.284350663679419
-0.0534276689756952
-0.294736102384216
-0.437644169206031
-0.32398523292154
-0.204405327313699
-0.164550328088956
-0.396224315560484
-0.372655964567378
-0.255627591440802
-0.157524500396693
-0.136369619633825
-0.231110164416386
-0.169062216391658
-0.280689686034096
-0.149713727562322
-0.137135438796696
-0.376210011152134
-0.186521245804034
-0.295749507798577
-0.198282227852521
-0.184113584893298
-0.199732182576956
-0.215505527051764
-0.0935561999007968
-0.20648213986729
-0.343312468737117
-0.227864220202501
-0.0730702377772918
-0.335380076714306
-0.169994245668062
-0.179971323512424
0.00273285845247744
-0.190383521120018
-0.161666865482912
-0.0881708940610458
-0.24824056206451
-0.19515186066667
-0.140015536622986
-0.355599320533323
-0.103845992104224
-0.314182994418614
-0.151394788519954
-0.0936201410766364
-0.236746057360322
-0.140987191008157
-0.234879211591577
-0.249352264663823
-0.237882689222251
-0.110053911543607
-0.108985578905149
-0.00993596950206919
-0.177779030301221
-0.0654648139511745
-0.231726433288305
-0.282087810059912
-0.252310285968697
-0.168114118915564
-0.237331670423176
-0.0647725674492801
-0.167012124762554
-0.00433362991129739
-0.085419591858065
0.0377653833980005
-0.000901436083034231
-0.108859436900015
0.0120605012657946
-0.179345108990819
-0.168186228356802
-0.105785054301993
-0.104119545087429
-0.013008168666125
-0.181679190309417
-0.0769778875845588
-0.105294443067229
-0.0169574959271505
-0.184476391171869
-0.187987043526516
-0.14239669490157
-0.0711195742437274
-0.0607640141511905
-0.0200713534893259
-0.190533114388152
-0.193642484356444
-0.142119045836888
-0.031391733399624
-0.176225081498971
-0.173289831418174
-0.162234485158727
0.0513519100309908
-0.087551443085106
-0.0600701554294972
-0.146365905680998
-0.159721664515276
-0.150790366273247
-0.127090517949973
-0.224108520406838
-0.121476074271399
-0.0907419211848831
-0.121600772628477
0.0862774150264555
0.0116255569060564
-0.114298245250195
-0.0972163422902954
-0.135624168709552
-0.0182648128462674
-0.107592465560359
-0.182873893737043
0.0749118549098274
0.0949989249513836
0.0602106654700749
0.0382125996824789
-0.184317425696596
-0.0364108527220806
-0.035203390225624
-0.0310249485906702
-0.0228726954335758
0.0413759526451997
0.0371781818198633
-0.139309773332157
-0.191126139903456
0.0932666329134024
-0.0903717036512359
-0.0247890320165002
0.0443509988490745
-0.107519632511373
0.0658817949682572
0.0555810639007072
0.0416553412079888
0.0548295186663192
-0.0850841855093986
-0.189141298563371
0.0818140330835404
-0.11347822301406
-0.0488183177578561
-0.00925943932780451
0.0476321652132247
-0.0936262067075494
0.041743565560708
0.174241782182491
-0.0405046641636047
0.0563156567396061
0.108656660470227
0.0700318767114433
-0.0317869851681039
0.111095926916059
-0.00511979869416052
0.0407334962438324
0.016575906928832
0.206447979516831
0.134804446609005
0.133729281845181
0.051107448958487
0.0791146676066935
0.095169652878303
0.0528244408527333
0.0361145033681083
0.121607409068026
0.047871390693746
0.12652662277784
0.027264874972554
0.0351667083865502
0.0956794687616805
-0.0184904146182351
-0.0321017192486487
0.161493728842792
0.0795870943778289
0.00705740017735999
-0.0491203680685608
0.00245701705377741
0.191518931072029
-0.00615300781464642
0.142155147695792
0.0108222230222334
0.0467818332279136
0.0776350281248176
0.0314656869836949
0.164934942951202
0.0725811254081697
0.226168033844258
0.0485419225771452
0.19402264320858
0.017521142562076
0.148751260634029
0.0436889996146604
-0.0938941662452802
0.112623332581869
0.0896803152588681
0.197743522045311
0.247037979669854
0.248333922788675
0.0227783298748919
0.132398805395983
0.261944306826915
0.138509963043731
0.0979260946511601
0.133979271220705
0.094383190772742
0.138895075261977
0.140413324100023
0.0128528463784094
0.111336492710787
0.210154200523294
0.0857780907628389
0.316662507045379
0.0157705108216655
0.206032983675578
0.210781325320915
0.164577052096195
0.126235558860331
0.206801480059154
0.126664997437258
0.161252718398624
0.285842433445706
0.310161307651272
0.255113313506104
0.116682234394323
0.0946525564528977
0.144666001291945
0.200384038983161
0.119988327159891
0.218977861735631
0.144462436607305
0.285690356493037
0.119138449402396
0.0737402513693638
0.199405755368075
0.180227959675697
0.380011571634276
0.336615934317188
0.210155399948739
0.357805291843603
0.237653834299474
0.211612416307833
0.249038020091475
0.23655537999068
0.203657883703002
0.118033986029796
0.266921591534537
0.315853007106857
0.289244362905328
0.248999923189656
0.369191523343936
0.243988326857608
0.336654900070921
0.20385920793927
0.133051881596864
0.233139599077212
0.284397269646112
0.30611912546738
0.162300941597715
0.342628499939307
0.235269437571621
0.306429178742419
0.294868457168722
0.126578493176903
0.0863960929584753
0.20444622822383
0.403140996538548
0.278931944150567
0.261027828404006
0.319968309385267
0.363709814279992
0.228875494722164
0.0874811795290279
0.359831972196762
0.302372611955676
0.210684530881464
0.372186872608606
0.0754577099483543
0.32633627155662
0.196256445388306
0.214331714384305
0.283589026229279
0.269949002187753
0.259929794190967
0.386169591997679
0.333525541357325
0.413823663019445
0.378343221085925
0.434093758055328
0.221399515675648
0.389126166924119
0.251292422457979
0.343696015921331
0.209386103248995
0.394382106375947
0.235387473526719
0.530309585308779
0.450922565048767
0.265201689665294
0.335968585393222
0.386525811766323
0.359708104638466
0.238610135204934
0.261079798343289
0.316271747976227
0.326322598351259
0.433392094529836
0.382221782505338
0.281792528368347
0.475572155090651
0.460641465573725
0.429385562352766
0.485844548056205
0.487617528016094
0.326793626651643
0.408402996519061
0.54306893109885
0.169113500135237
0.364179657564132
0.422515353261252
0.269319706752534
0.30248198681054
0.253230324787813
0.527450788578342
0.384493220681961
0.31045365170774
0.496227080521642
0.402892781219726
0.400907039516903
0.386332425650674
0.454593417216103
0.333468420536301
0.480903884966735
0.417159733095247
0.447930512526622
0.406206429715949
0.445497480598282
0.352646419036124
0.378406385244346
0.445514508054359
0.393166162833779
0.389999748029379
0.433569219349718
0.303451669172682
0.394131350944729
0.419150382085337
0.482949346510275
0.390975395720517
0.472268907946521
0.368239440724623
0.439430325328793
0.454412523406891
0.295024871615483
0.404054149480642
0.551738862077968
0.486074163877826
0.564499753291736
0.625117583046883
0.453671533021088
0.437618349285737
0.338751122699556
0.525648828229294
0.475906713151822
0.364151175639552
0.588447142345254
0.502823677241146
0.450854826204996
0.607970346282423
0.46413484584635
0.515941347649177
0.546677559993151
0.575401026554792
0.458628150269169
0.580704054029768
0.411748014086163
0.549123223280054
0.400196821216942
0.364262044350446
0.448819553094741
0.720559334171584
0.507929418927879
0.500340362722022
0.423928194818442
0.507099053067689
0.561475802866994
0.550382810349452
0.388616773351213
0.569411821467492
0.676350094572569
0.443913873769623
0.438750919990162
0.450343498047257
0.377411591354274
0.523793026060179
0.574107565877864
0.475693364860527
0.52775282048668
0.508275070506736
0.440204984916068
0.430926632013537
0.508987672696834
0.549831091588987
0.596657337892763
0.650734239761321
0.617309150281996
0.36404171186825
0.539091802633268
0.572526887216239
0.59906525684928
0.588666624737393
0.436976721624411
0.555259251885619
0.621259074066938
0.619519264730458
0.548377218952829
0.66834087874687
0.570520723306621
0.522115804761142
0.625904998416638
0.555357564320278
0.667505007537234
0.561388294168725
0.594893279640163
0.378658289774296
0.460525619264984
0.594670902776223
0.559130009971742
0.614801749485764
0.536299490957975
0.59439426597361
0.522588877256315
0.550888933597098
0.620092725200794
0.581298537040242
0.451843189354181
0.81516722801227
0.668018843714208
0.588643176638608
0.576906373226869
0.707984415979923
0.526114182862414
0.706378198066667
0.597963271081409
0.600727120441122
0.588451862976677
0.62461272518768
0.63719632100612
0.627902297273022
0.725152870147783
0.570059269074858
0.75584285851904
0.548348786955161
0.584501203180904
0.66938611137913
0.579710608972755
0.578087565368966
0.76961756879299
0.723986413926107
0.599024030590383
0.651094384878914
0.681059041097651
0.711990398738095
0.72575051198926
0.668540573535244
0.769808808490065
0.764950412055198
0.733591631463764
0.574679064462001
0.599910387500295
0.692250892705873
0.753312751368716
0.747695255748978
0.67246087580308
0.531114752788128
0.629518296294366
0.778898358571171
0.596769991335175
0.713283809974348
0.702403072597199
0.807406799034485
0.670915944910087
0.646070347178993
0.575901184148162
0.76357982423892
0.747672562017546
0.607020663291577
0.683247311974627
0.701561146813875
0.697765992764629
0.701662611243277
0.667960550765789
0.740806669892925
0.577418778399109
0.88694870864625
0.633214474898073
0.551318114479133
0.763824735851984
0.739298261413028
0.763526321865146
0.691268867776137
0.832520794910215
0.690632474731384
0.728313422324321
0.699274536474659
0.743460376334923
0.720902339914658
0.824972733850186
0.854966718234562
0.878920634612989
0.761427919036486
0.674947436338433
0.546629637899742
0.730452505092243
0.730093478088099
0.831300336224115
0.76646344926738
0.699109191905052
0.886302295304114
0.70190649545221
0.853615002818721
0.770751527069223
0.660539855107754
0.847416534470455
0.710029339858022
0.944023105227836
0.758595356650306
0.652935855663219
0.813710925998892
0.827378388474021
0.687812066066225
0.758908571792386
0.742630913331669
0.866444929609337
0.744917894861109
0.815914359417187
0.673320003106517
0.651239873791779
0.860975736906029
0.843389296703798
0.792171160741817
0.842925731634023
0.848338714417428
0.919660644195897
0.810456560464933
0.792413217014436
0.905796683641428
0.975083428338879
0.784718251045982
0.904131482289152
0.68075137008036
0.736396434394548
0.846343335464376
1.02941955941385
0.770569031566973
0.893982048998334
0.812646701821358
0.671980687820724
0.86305229838963
0.907747346290946
0.816216493037699
0.784842587229274
0.878946996440478
0.892185969950211
1.02345070806282
0.88521462993083
0.914610346820429
0.895234460757923
1.007005168723
0.813529580306744
0.859729637183094
0.944075580982841
0.783137611219774
0.982952382156919
0.966169352248503
0.6831542620376
0.89695160898569
1.04720218340624
0.917215288185413
0.732604665071155
0.935635659949211
0.8090096615134
0.895480962563629
0.875615749760714
0.771125562263573
0.863769358438153
1.0652090507612
0.829166828034204
0.818905184083217
0.982933293381058
0.921504703759435
0.881210649229206
0.953000239362041
0.887415397880342
0.892545596039399
0.937165141780547
1.03774712094778
1.02456207984034
0.859361310044238
0.913335079575648
1.06899345762642
1.07702230500189
1.00266288350292
0.970462788319039
0.936417434870564
0.833166649315175
1.01771159765714
0.979246973321945
0.901966168638799
0.796874748437384
1.01467207091765
0.993671876077311
0.777842961061323
0.753529433466481
0.845656210838216
0.974142499640032
0.848310216950352
0.984908344137057
0.847277263502577
0.961284569544683
1.0106311416546
1.07567064470809
1.00207175925921
1.01003342993694
0.999393423281215
0.975794125751951
1.00932106238146
1.03272106474882
0.972379394714821
1.04813332742464
1.27421045554791
1.14682965125537
1.00116599251166
