"x"
-0.936076173219214
-1.02790901600696
-1.14047737122206
-1.09851562455396
-1.05226880740724
-1.01098975625086
-0.936443559472815
-0.890724955925212
-1.05740953486248
-0.958362271228572
-0.938457157563063
-1.10903675364748
-0.937987329339232
-0.852513294169102
-0.826308129712363
-1.05325954748346
-1.05857435525326
-0.922235230512188
-1.00322360754154
-0.811394436267688
-0.840369799060038
-0.889885289816247
-0.954150613959473
-0.967395283381703
-0.83179573751426
-1.10103407601006
-0.983817208532642
-1.10988865171491
-0.94901285322645
-1.03958592654791
-0.924238645330955
-0.881225889411787
-0.958441307706943
-1.00677595848263
-0.872464742648308
-0.987445239787216
-0.892600532376625
-1.09081770982434
-0.865771102754172
-0.920443570165303
-0.975178463026356
-1.04244344286473
-0.976763582130314
-0.960358525596743
-0.903667620622279
-0.924375090664284
-0.908143579666682
-0.691940140863649
-0.891064668940271
-0.959136339063593
-0.999769275157128
-0.904349282851586
-0.821797515459424
-0.805082661578954
-0.898904870898296
-0.910352455499556
-0.819773196823861
-0.885443863281475
-0.877224651117675
-0.78847615625344
-0.877441458772717
-1.02331570369525
-0.892950705898907
-0.842187426526827
-0.890966644932745
-0.88655311711425
-0.790323869003622
-0.847907573233548
-0.839495296704283
-0.96376063856968
-0.709907458990956
-0.759369751460847
-0.988388081997393
-0.913233717978599
-0.78329886676113
-0.861707124566369
-0.953559298839767
-0.733739564132794
-0.891041621721365
-0.79419201941131
-0.840326196572899
-0.757449802214303
-0.962950008212149
-0.770318015388081
-1.00310439775014
-0.819012076583702
-1.00084872624858
-0.838192097530516
-0.75102458525525
-0.727139507075429
-0.792083099463954
-0.808203679283693
-0.835054937479
-0.840630072576081
-0.800472931726244
-0.7832146051504
-0.762544332430539
-0.685801475143327
-0.918529416513365
-0.709938284102707
-0.764303774974534
-0.81143578014077
-0.603608752061298
-0.691058729124785
-0.775141649342778
-0.774682488126497
-0.727836566593045
-0.709600586543626
-0.825394319947406
-0.740883901240076
-0.616844650674923
-0.851484437370329
-0.841081497632806
-0.757045311147814
-0.853795353868071
-0.841445670096413
-0.754557960499118
-0.754482452656405
-0.606898574359424
-0.749119858842313
-0.649700928328079
-0.893098717707717
-0.812348573647245
-0.845428263115538
-0.856215688888477
-0.692003905159467
-0.853611334216791
-0.757668790737915
-0.807104606764159
-0.665498385567849
-0.684341577825372
-0.713393173594968
-0.659880252998038
-0.835931696940572
-0.729555628944642
-0.766097115605777
-0.670918322635092
-0.78689182448635
-0.669634844349005
-0.641411127636391
-0.635535145215624
-0.571382659271238
-0.880971651498919
-0.570170210048836
-0.668674255091147
-0.772472420615429
-0.795408979026653
-0.694150060009515
-0.654017925762043
-0.654492340925738
-0.569424057163501
-0.577596089835203
-0.653208970742478
-0.77681959179679
-0.730501134897085
-0.651888801161729
-0.667138038147616
-0.617867799228731
-0.67779857991202
-0.644248193241145
-0.777819042285043
-0.608691402546848
-0.65409085945717
-0.5789059160444
-0.58792956607726
-0.730661896594807
-0.735011587143489
-0.628557862087871
-0.750748364762986
-0.727121999687802
-0.595621629339828
-0.634310232457924
-0.531888163786796
-0.691576296538397
-0.696642421917843
-0.633884036385237
-0.716703817562623
-0.62660218220236
-0.810259118770146
-0.637689429149659
-0.732956317128594
-0.617675661851414
-0.627559261336881
-0.67177419043521
-0.683238142462524
-0.612873805435151
-0.636204364631685
-0.59726739743049
-0.605353885070182
-0.736744500637418
-0.637958578087151
-0.743855839930416
-0.490977188023535
-0.627321324118768
-0.655149538435882
-0.591291363800934
-0.664217778149167
-0.593398163796778
-0.622055057066319
-0.676876389213964
-0.704911146116227
-0.508681281301651
-0.571830954513211
-0.538033110392255
-0.660449447831099
-0.63249344375724
-0.383662294804889
-0.612797574952046
-0.461975462118159
-0.314397628247019
-0.484690686497613
-0.535636356845237
-0.642784084118097
-0.526727442221842
-0.634413620542989
-0.535745251221392
-0.367328674265767
-0.508876325469307
-0.718089904513289
-0.726448526777531
-0.628183076036443
-0.587379669169647
-0.398554450616465
-0.79196262428953
-0.690420202091492
-0.60412811263593
-0.439250155009994
-0.502637735464827
-0.384710906647593
-0.557960251213797
-0.655820445588033
-0.666153494428109
-0.581096560034373
-0.587588192021342
-0.541184432542623
-0.441442755453547
-0.710119550936575
-0.458314904772748
-0.525127609595551
-0.482953949474742
-0.529884911311354
-0.57050087814966
-0.507993919977566
-0.586621295933127
-0.570977873889553
-0.357439887594746
-0.535643920034325
-0.41172657546981
-0.436177459724502
-0.657446483491023
-0.372861415787287
-0.471859004002865
-0.411950597296246
-0.392148271957743
-0.640781837072522
-0.484967662299459
-0.50341294034181
-0.489780545821886
-0.471942749744848
-0.367284160353566
-0.599286928807208
-0.529090199862994
-0.259293204133165
-0.530178889193101
-0.628144355923599
-0.570877686111961
-0.413935430404863
-0.538561930165336
-0.561116347365127
-0.473781221234026
-0.484695100354265
-0.354532181519174
-0.426379517552039
-0.397151410050585
-0.435550924818599
-0.668344291682261
-0.450293452451652
-0.46653997535452
-0.42430388269281
-0.462747920633659
-0.425029918963431
-0.444782384961526
-0.494865328078995
-0.443496047412172
-0.46165595634831
-0.503777871398173
-0.372144413993459
-0.416859920599373
-0.332846947033253
-0.639070661161188
-0.475578655536362
-0.373080526434371
-0.590830701984978
-0.445292054689231
-0.356364777931451
-0.447268997780016
-0.471009334196593
-0.445557911724794
-0.320194688399062
-0.546095037641009
-0.458427045820228
-0.4551031481061
-0.333639780023177
-0.415086202693074
-0.243908927721508
-0.363436276290033
-0.541543991789901
-0.200346470299545
-0.329381393912304
-0.298342771331299
-0.332768703874924
-0.327023999620265
-0.407299247929184
-0.247909233549696
-0.400299468848462
-0.3665436557519
-0.346495765679841
-0.169973125477739
-0.451102454084524
-0.405420232806929
-0.320911877893141
-0.36006300165454
-0.315447274391644
-0.433640306871406
-0.41266606413487
-0.404259662725598
-0.209526548463608
-0.282700451935501
-0.386197002984094
-0.468949686783854
-0.191349100603818
-0.216632903096376
-0.263192622636936
-0.286372262483859
-0.280966032638512
-0.344978717854514
-0.271580416616899
-0.264490457999559
-0.330780400622971
-0.244349326409137
-0.300226338014778
-0.255223025189989
-0.351603721850529
-0.231832395089072
-0.354403854347689
-0.367302625362719
-0.282535328360206
-0.373916970163863
-0.274081160146125
-0.420927015291115
-0.211350083851128
-0.310227191674229
-0.300761801741112
-0.176989192060423
-0.416587690548659
-0.306641119068045
-0.2741225348077
-0.309676386960967
-0.234770659675144
-0.274529539833591
-0.268812314398816
-0.360631605175164
-0.280696524764895
-0.116261813127479
-0.19515917860703
-0.285839314557974
-0.3030989388036
-0.230877943267435
-0.199089198721867
-0.283066271597753
-0.2370956449593
-0.265781261650972
-0.1220967107451
-0.137327036666112
-0.283934138064289
-0.277785668011935
-0.159393541003339
-0.326518893727567
-0.176189180262545
-0.216613208900031
-0.231718862473811
-0.312946048337021
-0.148340021530299
-0.20891086154309
-0.201848344032209
-0.268785336164685
-0.300344725460603
-0.236768363455278
-0.252843899096686
-0.176178313993721
-0.279938471296757
-0.155391630532064
-0.23697912065872
-0.260140425991821
-0.287242040598609
-0.227076084877844
-0.0404009430602703
-0.337342982227678
-0.25941685589239
-0.0363477098236964
-0.143666578148796
-0.332232851364122
-0.0672038758753046
-0.162101545526639
-0.281761165591835
-0.283937195328961
0.00968405889939259
-0.320308992811435
-0.224934339386078
-0.101139228378387
-0.191622674959721
-0.0949160278147668
-0.18756321720529
-0.166811552140705
-0.142097852198721
-0.129469210712718
0.117358070839637
-0.0400210723762407
-0.0920060362793182
-0.182688372154537
-0.128383626637525
-0.145570511736364
-0.162790606834867
-0.119991361616407
-0.107516465367934
-0.205671292793204
-0.00844399304190361
-0.0458275800086037
-0.0679933335199127
-0.194576235047451
-0.22931749712962
-0.151669391923444
-0.0962915941448383
-0.0732689492954995
-0.112774787255699
-0.123584476393949
0.0408157267105071
-0.0629938379377937
-0.118714237934044
-0.114462089084082
-0.0936473910350078
-0.208744981857042
-0.256609271708195
-0.204913244234599
-0.165641445378509
-0.19972855389896
-0.143554770929326
-0.280593770397544
-0.203078799241255
-0.128237036754356
0.0605329886486861
-0.0646907438779997
-0.0337952859449398
-0.138534372037547
-0.0211049888860865
-0.127445982763842
0.000166672204409858
-0.125682274008212
-0.12729309634726
-0.17634948555178
-0.0729700887273551
-0.0292814556325966
-0.0861984383480027
-0.071922607381478
-0.154119336697994
-0.181151055246911
-0.149658798355566
-0.00538854712481289
-0.0448862792629146
0.012748804363074
-0.0829090139514662
-0.124132533034836
-0.0212042105060416
0.00565128402476444
-0.325921540226013
-0.123631231643143
-0.252102979801424
0.0175182452884754
-0.0507251672927803
-0.0409367509641403
-0.0148087537468083
-0.103897859529095
0.0520102254819921
0.0153285834839089
-0.0504818447894933
-0.0138847194839691
-0.17461828236734
-0.0487070547604744
-0.0956505305891282
-0.187887705199545
0.0244132598354205
0.1033202113547
-0.0102436328686576
-0.143591684037545
0.0554919462355946
-0.133604354958234
-0.173881212232793
0.0409072331923184
-0.00314140179013423
0.0155384098836041
-0.0151604748923863
-0.029920487244752
0.041631763775378
-0.0192698783060253
-0.0821171816299918
0.232884253188699
-0.159162239824315
-0.025779762181851
-0.0629847042034453
0.0407633184157927
0.0338704719852964
-0.0666196847270435
0.017250866175158
-0.126248312453505
-0.0187256078409178
-0.0109128593105857
0.0730832785182957
-0.0124502826047176
-0.0168859144070748
0.17809578720123
-0.0935693565977237
-0.0267880131105709
0.0250847727764123
-0.0792444932472955
-0.0129641575078961
-0.047073564905792
0.174326424534286
0.0884752663474071
0.061346184951192
0.195749483177426
0.0361264843448454
0.0390936641831143
0.157704483553954
0.13378810838824
0.106164687722177
0.21095337287061
0.101045591186672
0.0576387022562936
0.20284842507786
0.121829909726228
-0.0652315207263306
0.121796786062427
0.0750659129377994
0.0315887344696348
0.00750857747456783
0.0948982121312881
0.0808981697345343
0.137620655695855
0.0103434484202146
0.076143237162532
-0.0164354732235885
0.197092979075248
0.111406880154313
0.0997509691637426
0.179228028765383
0.0286535118449705
0.126216772308956
0.165389717101416
0.126585016085855
0.218514843734346
0.00065948139524942
0.00654146468887899
0.0530914564944702
0.058075867881729
0.358323055496346
0.249531340895041
0.22491910890004
0.0293086504170728
0.169115377946707
0.0107630759045536
0.150041085791623
0.259095036990215
-0.008619259241035
-0.00166411077759078
0.101440890987034
0.193274697142339
0.141577452519533
0.154222710838971
0.209068321992564
0.235252048539106
0.178862370723817
0.212521381394468
0.0766698404154497
0.181282107297333
0.107451302635381
-0.0233406601632614
0.14831395574902
0.0896817062893849
0.174772177174325
0.260565678830164
0.191452785263373
0.177739325194658
0.278564875088498
0.195612692795492
0.166652378761849
0.212149717729447
0.239830281942729
0.203169633236493
0.161116611396748
0.106717687795834
0.220927679659216
0.209368156344219
0.219355721491919
0.347327197257096
0.242926435817494
0.00921813763218312
0.233044324313125
0.204636504957934
0.366064017089836
0.14543253508809
0.243866038251913
0.26607449225804
0.147279430426605
0.387783668770315
0.27763304852389
0.218964297599306
0.242152816402685
0.151759002611011
0.316835094775926
0.436594128681561
0.358810625865676
0.145897230836543
0.272018460197801
0.230668748001963
0.34117147197546
0.280227776613574
0.385042819130757
0.168779051584096
0.311285325591069
0.35504001578539
0.181163893708102
0.216775979128058
0.26939895289351
0.352333356727895
0.222661945417856
0.396373670044417
0.294965723374724
0.455684251578599
0.257090447854961
0.270550896456766
0.285039795157605
0.294525635256002
0.196910365828937
0.257455882383357
0.204196088083766
0.390365746917548
0.420727447347096
0.348639532257514
0.249436220845961
0.446136336937115
0.535449369296547
0.414724295293632
0.377629405515984
0.345404059174871
0.0679989890692507
0.356085970546784
0.382085379679008
0.184266316353887
0.425728516749322
0.321265924876842
0.350683935192161
0.378580224691559
0.331291363376894
0.412700829361284
0.293923427317505
0.348182661638192
0.30395482436588
0.300905611430602
0.392389819131947
0.324929515263451
0.38691297947069
0.362370819977306
0.280173376046596
0.450959017198694
0.317702120586591
0.284165180154343
0.32277218514762
0.36159850172891
0.386830003729806
0.470549738886681
0.314887192627254
0.388774972217418
0.396726713303427
0.495146129998128
0.443335996202703
0.383520217215805
0.366199303031566
0.420162268445293
0.375829031617668
0.371165325370965
0.486479866231574
0.285118405245298
0.498077274327536
0.391311486979751
0.389480116176605
0.36411299027811
0.37089282257319
0.486790815142507
0.440889720324633
0.502284548544392
0.332187243535518
0.262516968008077
0.357289655471867
0.593614982372058
0.355500348329295
0.564259952860678
0.352444855505155
0.310378627497701
0.346608510973721
0.433488581631667
0.413057037023733
0.403023070816616
0.34604851854829
0.467032420893488
0.466198669293534
0.643258762742212
0.477806423416525
0.499384387586814
0.479912797449905
0.406546494024541
0.50128612069874
0.440100795494973
0.361956793767287
0.546242664650995
0.635222862986369
0.281062255775451
0.505100103153068
0.453157277801678
0.610759891347879
0.351967354736328
0.415992017212266
0.54688439853008
0.443815148910104
0.508322060889553
0.513847848602443
0.382403449571757
0.561452077007112
0.530289826400501
0.541507174212872
0.268668514814331
0.423159157321805
0.426170431955489
0.33477401672084
0.544198272687439
0.401553258874214
0.483969475479268
0.546936030859471
0.411307333643622
0.340826537299807
0.577820548910117
0.447092024611993
0.389919491859541
0.548614934283212
0.479349894234918
0.495248200961591
0.337760128200901
0.484694146713123
0.57732833832816
0.489233771068444
0.552506143882024
0.497148449084072
0.445178884684013
0.442559685253166
0.571519315430352
0.438278640447289
0.536430086520679
0.546745435910579
0.568481458705322
0.50481101557722
0.491828315155121
0.501457138756315
0.411126371999184
0.537934849379916
0.540196421084979
0.680179984385781
0.649173598694388
0.595995029091693
0.379690779773273
0.54698611091956
0.507464090836638
0.620233321014679
0.475256626537829
0.484752930943434
0.606137870539109
0.573628092889953
0.44464067247846
0.573130887802083
0.524587014374918
0.634981465156945
0.538735186099035
0.45182043177513
0.724705010454572
0.604256721118655
0.6297319592018
0.579568073131712
0.641726869813996
0.509130525181889
0.597659033588799
0.457000151797781
0.658709374280783
0.554098025367136
0.574337197158184
0.65133674697477
0.785963371107659
0.629882670648184
0.720233946032616
0.551787831271221
0.566846667062543
0.682538398940806
0.678582002928387
0.771528173194018
0.745884589766964
0.584097104400361
0.658281849864938
0.689018981379766
0.505325699651099
0.63522750796295
0.552525467023441
0.580290053477411
0.549482102608027
0.560927756647488
0.63285193778479
0.503438888042097
0.609393544171152
0.776749352324481
0.55368564680081
0.735120306596459
0.776814515466351
0.674731513043474
0.675613002130315
0.617431369990964
0.605045403180096
0.680592719563549
0.833460309078209
0.64679767789308
0.569722136369032
0.713408815230193
0.581153464867034
0.533808055151011
0.618255797109953
0.629919125805093
0.773305975789498
0.698105948185356
0.602632246678612
0.56477982657284
0.606761908189777
0.73545256588819
0.669383559368907
0.752994116605303
0.696059618937979
0.753904977047828
0.874913935766463
0.84794858586818
0.565057623648179
0.800838522306298
0.7011921397639
0.770961403159068
0.670299564072115
0.706316238091775
0.774952545011078
0.743318039287077
0.754485073054819
0.736200344816693
0.698991749986196
0.720593691049906
0.769998796592311
0.702910502232433
0.694433181214357
0.725444186764879
0.657845346725525
0.721036482402375
0.769150509712653
0.684074780614562
0.688120382465014
0.646830361496369
0.845707619018379
0.705259372484608
0.661527641565849
0.753208319299149
0.598602165226426
0.680473128567136
0.757791941923911
0.713601633533781
0.756894478849693
0.626532017567504
0.642433829968781
0.628358027622254
0.775089950327515
0.724279512735538
0.856085340334558
0.779965015253939
0.734566542009388
0.870937554260146
0.682416759674597
0.747670119745198
0.773112380490032
0.796935212883716
0.783312131766752
0.88237836540037
0.782694782638728
0.817376390921597
0.757667426707923
0.813909370684055
0.993145845874177
0.938456045121399
0.852905725620551
0.824376408360243
0.920623147158042
0.78117200045674
0.794252026882494
0.821145563419576
0.817393061800663
0.951969279909911
0.770043895899551
0.817982688317637
0.820468722949015
1.02284233985274
0.638847386577056
0.844623476887009
0.777071878888842
0.888353910293316
0.803529511819739
0.822719120082491
0.791301439413332
0.925939680128874
0.628813339439533
0.92725098161527
0.863401380796429
0.673385367431536
0.908925670950952
0.928157028501898
0.935731549831022
0.844767552716134
0.964211936142196
0.77119130291161
0.787580134604483
0.885871405372029
1.00081259332614
0.911260721053548
0.86788061265463
1.00301230366021
0.820572726289099
0.768415215588297
0.938910254688599
0.944820484032487
0.822687447555275
0.82143477522861
0.887015613077078
0.936957732367078
0.919510328065194
1.01485055579442
0.999305658512113
1.01465413974452
0.937764728117749
0.84236765888871
0.909772567463498
0.957651623763797
1.07291127572771
0.932342673252247
0.937116970924194
0.978672487916811
0.947523674978086
1.01067680990089
1.08679326082515
0.926363446467154
0.891002472437342
0.82362207427657
1.00309002026312
0.95938292658244
0.911772052545781
0.905313638896188
1.07884695700811
0.977745928287263
0.943520786617137
0.91690997239266
0.931679329998771
0.863093246380935
0.922344736397585
1.03520703142704
1.02606955643778
0.847914159389378
1.07075740594883
0.979953713009202
0.825703850665375
0.919565378558478
0.907486109403043
1.08150085798477
0.969628657943192
1.07845156227717
1.017937867957
0.908801119652071
0.795984201506145
0.983857459342138
1.12277642077283
1.11648664329477
1.09177151852728
0.933444542606934
1.09327913497193
1.03876654426541
0.993366266468916
