"x"
-1.21355948744663
-1.08311273682613
-1.10822492932629
-0.891207116242799
-0.934764178274045
-0.951451442283433
-1.01928532158895
-0.924064893716931
-1.14662724678997
-1.02438740253824
-0.992483008910871
-0.990133423682899
-0.928593224169802
-0.878658109659319
-0.92935725773343
-0.987169485680229
-0.980318975348563
-0.964855454976361
-0.946095122794363
-0.894648635417515
-0.935901826443499
-0.986532431285931
-0.844980415512129
-0.928003225814416
-0.996149841171103
-0.805910575331494
-0.934553144993016
-0.875965796622096
-0.943106820761049
-0.953811882063484
-0.999177020396738
-1.0328417408262
-0.898467947324531
-0.919533583060408
-1.03315444101154
-0.930932424347572
-0.913973159652032
-0.919720741758673
-0.803697281894265
-0.838866486745763
-0.887078859617486
-0.802478226329092
-0.802403344094804
-0.796026370569258
-1.00104929687437
-0.889912349502502
-0.893685810175554
-0.963541418942364
-0.888018031792717
-0.887463222928676
-0.787310227188165
-0.984888649838213
-0.86540620115231
-0.852824897040497
-0.892924428045598
-1.05621312306038
-0.938864693213253
-0.934473514861188
-0.960137491775064
-0.913639562531445
-0.701671515100568
-0.941081011629373
-0.891196673859467
-0.768534548980322
-0.806778557541371
-0.698366089771007
-0.882767711474611
-0.819622193981586
-0.804778559722949
-0.837125891184468
-0.867612870234599
-0.826173235938164
-1.05876115343493
-0.964885550892126
-0.947349406050008
-0.928652872437379
-0.84196305819579
-0.730390099388564
-0.766854461403402
-0.818834947408295
-0.832670723543391
-0.82388858439325
-0.868054846858437
-0.855453695722115
-0.797986732182697
-0.729078597281531
-0.80018911010092
-0.868288562614982
-0.882077505262411
-0.786873465151363
-0.71525527910096
-0.72297796412633
-0.76597422812649
-0.646346459654976
-0.803431657210557
-0.891392842691703
-0.837800098351981
-0.714364725838744
-0.77525490821198
-0.735535858861548
-0.890627493814847
-0.801838597566449
-0.841546428034783
-0.869977358349684
-0.815564038402799
-0.877030019995698
-0.783140880957598
-0.789604950763391
-0.814998502708315
-0.790229940869542
-0.785202424533082
-0.805979514657423
-0.774825732003359
-0.618347591410567
-0.798414987893527
-0.878778164915606
-0.657890833457638
-0.712449012964798
-0.640093324905274
-0.655823904314002
-0.671151995557722
-0.774803738388121
-0.707026672415865
-0.781504955355494
-0.717284441032261
-0.690412671244198
-0.729824618960501
-0.593103585041157
-0.691120443352702
-0.779540835971211
-0.682677637165404
-0.855231706790458
-0.605806341677517
-0.627586498204224
-0.722408307032918
-0.786543472874853
-0.750510704043208
-0.713751463118474
-0.655819558675837
-0.766030778465534
-0.684344110017256
-0.766243664350845
-0.798157994180085
-0.859033863359171
-0.625307677525257
-0.752295654763305
-0.644920855985347
-0.756678243892825
-0.756166385906241
-0.746413717613632
-0.56107030657176
-0.649310639438664
-0.782968032444927
-0.584629839331321
-0.780790366575131
-0.730116489218381
-0.610737826248757
-0.700909383365866
-0.766650589057258
-0.768473277243737
-0.693793738556702
-0.804132003024589
-0.58629302921171
-0.594263598861083
-0.675028779428869
-0.571015266077731
-0.573062201754328
-0.718503958667688
-0.557525878823586
-0.764217606562891
-0.705218681058919
-0.650038276296353
-0.72681887340314
-0.566707896866541
-0.712637653349478
-0.659236634078874
-0.704080912243868
-0.5973390118217
-0.672806641714646
-0.640400310802179
-0.697635292219933
-0.607872135632112
-0.58761483965711
-0.599542561088934
-0.687677936932066
-0.613471390919694
-0.614513265283338
-0.669793174795041
-0.66229663458563
-0.85357130679522
-0.531928648118161
-0.683638286329062
-0.660133302103347
-0.639689786871897
-0.629189831467101
-0.670124577134151
-0.547980878769865
-0.732801962492155
-0.577375393812668
-0.592276571682418
-0.596192652498012
-0.684632396353588
-0.645797132609996
-0.651915595314346
-0.615491284257633
-0.668115398808839
-0.414393252386891
-0.513590991963727
-0.754387931622625
-0.645114149510981
-0.572087396744697
-0.479196428682285
-0.538856898641039
-0.528916877284747
-0.695856745903413
-0.438590646731832
-0.405891422725047
-0.72061295839628
-0.601375363449232
-0.54063177213713
-0.510272018422628
-0.49696825917595
-0.642503613132607
-0.410831914758231
-0.497863063508449
-0.632995352025897
-0.677172120183237
-0.4661799650499
-0.418323984673178
-0.439817955542199
-0.61445932953831
-0.568377636529372
-0.370818436589711
-0.585789237204846
-0.521515145418461
-0.563290014061583
-0.609868834406399
-0.425715554622514
-0.578347910915367
-0.522405768941413
-0.56049810181681
-0.398963138023773
-0.56761077949406
-0.468750322815805
-0.38145088991107
-0.511500960470738
-0.565160982893037
-0.554822131923799
-0.434409099184506
-0.481410897998732
-0.561807066889184
-0.534305521684793
-0.532496508631365
-0.552065467686557
-0.672475331381506
-0.487910075998841
-0.431132516978418
-0.37986197200034
-0.485312808462705
-0.548429858204797
-0.463363406278309
-0.431828067469412
-0.538564265170807
-0.407743961246698
-0.496561891745583
-0.438130910990999
-0.453334457513968
-0.485423017941826
-0.362117412786297
-0.334356861930461
-0.497287108903709
-0.552814449662161
-0.473210350532397
-0.314881429355287
-0.459505911447574
-0.423801890765833
-0.374280159875514
-0.498063519202361
-0.543982573307708
-0.455718686051829
-0.316187593732145
-0.369018991556941
-0.511282048390802
-0.427679296430087
-0.37435992726676
-0.382004727363005
-0.446909307820712
-0.457078911741547
-0.316520594985711
-0.361227660067905
-0.422374409795636
-0.568241560135254
-0.406767978759581
-0.397244231389758
-0.410209587710693
-0.308463704210767
-0.555186540307203
-0.355599694232266
-0.478535783956862
-0.473785825169972
-0.335920171609257
-0.407739950488944
-0.350126270204247
-0.378535599031344
-0.21991197214894
-0.226269863791915
-0.375696861279516
-0.452020027614615
-0.298262672849807
-0.497114364955001
-0.32660358290773
-0.576596436977793
-0.477857709911862
-0.250611695799051
-0.416888165699571
-0.295589064565415
-0.381161798048716
-0.523445386686299
-0.267441409693353
-0.308501052302035
-0.292942936025319
-0.352793636433735
-0.25263676276083
-0.20799693849161
-0.330801526532865
-0.32193105992666
-0.364022892202953
-0.302404947773702
-0.466066716588446
-0.356640726194172
-0.372459340093328
-0.302991552781993
-0.133403489461847
-0.402753327727005
-0.474751490899635
-0.440112660298279
-0.337595439311069
-0.392896412769878
-0.312618216265999
-0.410090380120076
-0.30267255910758
-0.418998826100719
-0.319958201415033
-0.252845287075365
-0.342644698691157
-0.277750744898068
-0.422140390244835
-0.300985173666972
-0.261864377738049
-0.274054232337079
-0.48071482901907
-0.353988112817918
-0.249995851152667
-0.217856732051697
-0.316186886422586
-0.339633596839582
-0.290143537692308
-0.36262172669354
-0.197387500604302
-0.295614541386218
-0.246627781054661
-0.40111358776532
-0.346826659906714
-0.350331063067435
-0.261802843361172
-0.398133173731766
-0.275722699806405
-0.248232534693085
-0.135227188600997
-0.125286259881753
-0.147870176019268
-0.28672409393752
-0.320422346962046
-0.204628000561173
-0.303138215306543
-0.200173696513028
-0.27234096425227
-0.0473199878316658
-0.280053821326286
-0.432382994696632
-0.345562993223985
-0.224508660497961
-0.160376285615309
-0.382584936366581
-0.369928981217781
-0.261649902566583
-0.15841943492597
-0.1581918717329
-0.23867981855505
-0.182041425846478
-0.267799492685924
-0.156394056290842
-0.145251683186748
-0.37489451198038
-0.182661106938595
-0.298005710755215
-0.20068287186322
-0.170495072616422
-0.191383622496012
-0.207964062798656
-0.098976178553195
-0.203206406071596
-0.32908476131991
-0.216156414596635
-0.073651900219515
-0.322040059209716
-0.157375493743905
-0.19855784199905
-0.0241346706024752
-0.19542902950838
-0.15192130627024
-0.0859421259221943
-0.223419041357198
-0.19998185467373
-0.150948984505544
-0.355898845461629
-0.0976164300233704
-0.314613473624628
-0.159085447108645
-0.110180252308029
-0.249188290281486
-0.135277327695744
-0.198328560927226
-0.266630029481013
-0.249102524465489
-0.111538573792872
-0.139099029420043
-0.00198625252557359
-0.160677618542002
-0.0531798621003967
-0.213683312561101
-0.282366409572224
-0.243272741717078
-0.19715751119745
-0.254775044510649
-0.0712733599417425
-0.181148531022759
-0.0162765006240425
-0.0808019255705168
0.0507690656494864
-0.0197720933691825
-0.1081948652681
0.018580982758265
-0.17231626682167
-0.191900696093805
-0.123316166635997
-0.109833055001074
-0.0110857643025147
-0.190136725387434
-0.0876541230585991
-0.120887534061681
-0.00205226357833944
-0.196942392449321
-0.177888588312594
-0.158356346481175
-0.0547377155594992
-0.0816589881116524
-0.0298191796551301
-0.202649690650342
-0.190003024675702
-0.121563018563268
-0.0402783097541098
-0.172848944080604
-0.206510205430732
-0.182180861140355
0.0541804149550812
-0.0834013320772927
-0.0639848392257922
-0.154198097882192
-0.174908903046208
-0.157631630116624
-0.151432835254838
-0.205547877753505
-0.115842048800827
-0.0804840967519654
-0.103884823478029
0.0836775752271474
0.0354678152281752
-0.130522772448736
-0.0992013573530354
-0.141084788805903
-0.0252715612065623
-0.100418186808608
-0.195845645337489
0.0819902554205904
0.104490142526774
0.0722194994549849
0.0481017702099539
-0.185110341938334
-0.0585693420618996
-0.04608315855657
-0.0411274553908712
-0.0193544953648329
0.0409436337419254
0.0444577327581379
-0.130112147348143
-0.191907318140028
0.108255394009132
-0.0602306605861607
-0.0210196485763524
0.0439331373662856
-0.107960394470347
0.0534531022742468
0.0558739182545077
0.0139775289795801
0.0224249346243201
-0.100674125790094
-0.207408419947994
0.100336281515513
-0.117677315705322
-0.0284176575784131
-0.0131445777460771
0.0474849280434105
-0.0851966999593136
0.00707578893815019
0.178025421323049
-0.0462333640522172
0.0440494613295602
0.111943322623653
0.0775906984397778
-0.00872147818489699
0.105683876270013
-0.0210115565524989
0.0438656808094095
-0.00557127277473066
0.20916784372307
0.155499377026359
0.133582277384599
0.0493329316607921
0.0836330120331793
0.122099631878957
0.0403448801704706
0.0332960979689093
0.136574370057179
0.0404339109077644
0.122640656073055
0.0266371019939619
0.0137364488974921
0.101597250414625
-0.0141449696775229
-0.0216433402954157
0.152044238314319
0.101056797692542
0.0109890073928415
-0.0545068660445552
0.00126642027339447
0.182897980438176
-0.0366101049448329
0.165742246211406
0.00145731890476477
0.0114874077665196
0.0814826343978167
0.029506792791812
0.182670500945108
0.0894656128962652
0.246367992042704
0.0486205593396987
0.188093686898161
0.0316471593451322
0.142968652232567
0.0451517983798561
-0.0984606418207013
0.0985660352111975
0.0831207561955549
0.209251449293407
0.238894478157347
0.256894561287157
0.0255061716489872
0.114875313446768
0.230674251901426
0.140419076029578
0.117123061729929
0.111452955726043
0.09796618565692
0.161371431993232
0.142851243940631
0.0418949440277707
0.139143028514436
0.206964074438522
0.0773739559094235
0.33592887166471
0.0178349783054451
0.210383421543141
0.205613252121033
0.177172824855467
0.106962240831314
0.245373850468197
0.115726937744201
0.154321513807957
0.326907740650339
0.300010975047793
0.26659474914972
0.120817330145986
0.0866432915260843
0.147239197342956
0.181445230696636
0.117785787574964
0.215031657434498
0.135038539431913
0.31385284923898
0.0911826779387953
0.0692070698570154
0.206138426188147
0.180912170273289
0.370572747938328
0.314903581759452
0.182276992388339
0.351555671822896
0.242286929862321
0.24081989809876
0.266292907669643
0.24242085601954
0.223599515976275
0.140714988010339
0.25984416936465
0.306864714823443
0.286068786306113
0.239446630019129
0.35997242676131
0.245313732047463
0.34522205017647
0.216050203158278
0.154104957081489
0.233891965666496
0.287979535168126
0.280960460103725
0.179417650496162
0.347150763954301
0.209826498670283
0.305304150386533
0.275675057881894
0.129530057536336
0.0897448187959526
0.201673308353363
0.396054097829119
0.284965533098219
0.261010878936101
0.314916507138121
0.348373752822933
0.218788988238269
0.0946088328840261
0.368213034716533
0.310249375833433
0.227683969136302
0.379325436762673
0.0772858269275813
0.33578821014147
0.191110984881618
0.240095950251143
0.280323852301567
0.258890549458976
0.241950073336049
0.374069530654543
0.308228100085934
0.418007158931653
0.383687396505515
0.428351713932331
0.230903363701864
0.387445679321223
0.277844012901661
0.340356389893884
0.21048459282736
0.361900472196151
0.236052047873159
0.530123135998688
0.450727771616304
0.293757182378058
0.334923493482041
0.38714582518651
0.378741976346946
0.250974199981024
0.271621191306872
0.309694742245103
0.325218158590127
0.428035088397019
0.388092795182528
0.274219429455304
0.472795927095828
0.426516987938537
0.425583712349812
0.477108420824981
0.472237168689755
0.351737191659558
0.404873370049121
0.52887901905507
0.168287884464571
0.359944267174631
0.423700786015408
0.242385634360141
0.299772157285912
0.236820085964667
0.51973225928392
0.394924129436657
0.29223792031946
0.499214830236637
0.399696995695174
0.377802596821004
0.387790821742073
0.43794964518935
0.335370484626475
0.489424633750504
0.42880144247659
0.46306680823633
0.388182757038496
0.426603766985187
0.36184356990372
0.396184267978528
0.447823959161213
0.376539946027144
0.387942117930568
0.400564423214422
0.292995675709257
0.405005466785766
0.38740521617771
0.511427131086669
0.382346496572507
0.465558266630154
0.378772589531641
0.445535809771637
0.450829352343052
0.274944202168579
0.38424537388669
0.56181340390206
0.472456771462674
0.557455839748269
0.610604897298077
0.451973799962032
0.462139320447691
0.346736907427787
0.537272998288462
0.486094786453147
0.364601860884913
0.564600662131602
0.485105243555002
0.464656470422257
0.594951089854963
0.435301172561103
0.537000311717325
0.520414397397134
0.577404304122619
0.436469139473484
0.577915806935114
0.404071822814136
0.552762806196831
0.409266003082375
0.392336426936768
0.445754864126362
0.739579284337582
0.511688777963775
0.504718177409959
0.439150037741796
0.501807062971761
0.564356061838131
0.541836118227074
0.379332056973076
0.581308007042815
0.665485377325297
0.451752020609568
0.433302894202229
0.444037276218269
0.37890867234524
0.527488464664342
0.570008996263352
0.482452422047028
0.532146562962196
0.517013951513625
0.435917715490649
0.422654890044294
0.529736150233696
0.556287380072211
0.605706062866193
0.635278532711074
0.616329842364719
0.378384815579031
0.513143923181431
0.573471636148157
0.591667936756414
0.592927427628638
0.443457960394578
0.554910791915019
0.632400527058892
0.617974675102045
0.565972009628983
0.651656607804045
0.563461368968794
0.52926726621261
0.618737875797863
0.555963859854936
0.670296859524675
0.572510296694401
0.588623035697569
0.363045146636309
0.451067845220487
0.590449048992734
0.561341692866047
0.623534035809288
0.524913206185806
0.562066471754208
0.545296401269823
0.543918340283934
0.631325327177864
0.564968089737803
0.437405018840255
0.821066324368627
0.631845626962386
0.571147137391662
0.586399433714371
0.706381780105833
0.526985689520965
0.694191826189879
0.606121165573475
0.579013260996944
0.595478190611165
0.620079199783388
0.618559829807278
0.625343038734262
0.719741526395545
0.564018499287507
0.744975516992872
0.551608135508653
0.588513185898961
0.688397701126878
0.5827849782891
0.581988124902507
0.76593306704983
0.722471094130201
0.604000068730034
0.674567278345015
0.681770521432424
0.705439136008653
0.721888604996827
0.681329797545895
0.743819648170877
0.764873442744689
0.731933449857651
0.597723150963788
0.609409842223272
0.7110562510248
0.775836578123425
0.710841908204322
0.655905231171119
0.520193210150597
0.612973175951808
0.767601529667202
0.625091060733003
0.733441079977914
0.70618669654011
0.824941663704536
0.645980596351887
0.617532873299579
0.570445285455062
0.772554232151414
0.743532416276191
0.617256246222038
0.677986599330731
0.684666452963766
0.677817977020889
0.706719510988971
0.66581934011358
0.744964770357111
0.590864912099281
0.881720566064029
0.643875280351532
0.546339810281022
0.789018473343853
0.735741564145051
0.780914828064488
0.684311738127446
0.842361349696755
0.703375683727349
0.747110283723991
0.696752514486462
0.734130219889586
0.72059061267045
0.825295656764668
0.876260408999691
0.865150482851648
0.753488891204519
0.674755942839612
0.563513278074533
0.724947471480312
0.722740215235529
0.823228466472773
0.774953907826555
0.688855073221563
0.895768274957344
0.699823994200741
0.866288842955893
0.784973670532631
0.670728397713687
0.83617390684241
0.719327804695824
0.946674023556164
0.751871904738541
0.67479326413975
0.839881807653473
0.853833253736767
0.693633372493704
0.767466812488474
0.757821720548383
0.840434029258662
0.758162709281127
0.823440460527714
0.659984635202426
0.659029986390396
0.859999524622613
0.835553445278745
0.813621843699974
0.86009911812789
0.855266683148856
0.924697751423805
0.816890917382724
0.788919468665068
0.894161562965587
0.967634328053848
0.759818991848698
0.884416346841594
0.681205193922128
0.732530399283908
0.840273288206637
1.02575694293507
0.749912679409127
0.909112216806122
0.823276306147172
0.693511081908872
0.849194675365862
0.93021778534637
0.804668774504252
0.773672943029701
0.878666955406999
0.885879064694256
1.01300248045568
0.876747633649781
0.917879532435505
0.890667434082688
0.993254943418062
0.81182218874984
0.86709048313172
0.941874908221371
0.758204997957132
0.97030367186529
0.95644868404562
0.690748625155789
0.888470147347475
1.03894441627997
0.913467312230214
0.761812017756387
0.96804269006085
0.784081109608414
0.909568331614566
0.856667016016957
0.765364982157122
0.864239797182934
1.07132856245616
0.831168455336362
0.82947827538085
0.981371492049231
0.934457873797131
0.871135946243688
0.941097257753858
0.866059268375543
0.881517674449802
0.902986205862783
1.03721774405455
1.02976358956825
0.827970057061641
0.926410177082008
1.08453409085641
1.07654553395275
1.00878033725146
0.971035855751471
0.936803054934606
0.822285291793648
1.02413229517523
0.967265653480081
0.891409864742304
0.796106412759376
1.03705604794845
0.993016365372878
0.790201203796848
0.763669530029157
0.853891428473974
0.961680141798289
0.852713104461512
0.954234238500758
0.831180085684174
0.973462852588981
1.01014116871932
1.06797320353243
0.993354585454572
0.983729817827756
1.00140254661067
0.988438923824014
1.03238277157033
1.04797661760958
0.980292181445887
1.05028077956921
1.27063428910185
1.1410770573574
1.01219198131139
