"x"
-1.20460338845501
-1.09993104797895
-1.10080290231195
-0.90046170164822
-0.9377107152874
-0.946485097304116
-1.01354838665525
-0.923880777350061
-1.14194676563277
-1.03023525135732
-0.99763288870967
-0.981882874485278
-0.894687278237532
-0.862965560678341
-0.916547427071055
-0.968934992198345
-1.01835419293031
-0.974444621463194
-0.968163064304992
-0.894259381600927
-0.93721962791454
-0.982265234802346
-0.857281999790998
-0.906619619393788
-0.989591620000289
-0.835624315164434
-0.923592452580685
-0.883729735973547
-0.939246723396493
-0.964030220387348
-0.976055917525212
-1.02725949715459
-0.916940761546497
-0.909885367336879
-1.02888085271057
-0.952804661153443
-0.887093860361448
-0.910491234912255
-0.818717209698614
-0.839448647086617
-0.902607502401779
-0.783460160890475
-0.795330705156984
-0.803877270556126
-1.01417933389422
-0.893902488016149
-0.913442498380226
-0.937517202242182
-0.891306758102898
-0.888653760967247
-0.808707600902675
-0.984320464720036
-0.863364083153766
-0.887320522246622
-0.897275012806507
-1.0356038183316
-0.918018087928519
-0.910292564284068
-0.93858446469193
-0.920569902287146
-0.708466090241507
-0.940960474090495
-0.903623094239735
-0.769415300450531
-0.803693800021877
-0.71008861745019
-0.877104931569333
-0.841467724504485
-0.817081891035446
-0.821416767352986
-0.856201402212743
-0.840052595442757
-1.06878845440523
-0.963751103730866
-0.955181867749414
-0.927893899532102
-0.852989575471975
-0.70950650739232
-0.753045926504601
-0.819556613469495
-0.837183325634936
-0.816161925370656
-0.869455878460963
-0.827101699561121
-0.793623111946157
-0.73462533334281
-0.818259677517488
-0.879740079983721
-0.867916031178016
-0.787508879897602
-0.710220851687314
-0.708576586754006
-0.763260658120526
-0.640157728499146
-0.806094451269235
-0.912963514865122
-0.849705894284222
-0.72752348057944
-0.785223294695148
-0.739827719636434
-0.874700576032667
-0.797599641099129
-0.822325416563742
-0.878917687426192
-0.825841265482192
-0.864731100437779
-0.779105568113353
-0.774006569551494
-0.820629714432129
-0.781284698400187
-0.794083007332433
-0.808878377778836
-0.773882763938784
-0.607120813367111
-0.787194992206846
-0.876500880653165
-0.64648719142756
-0.714417491620156
-0.629720365486193
-0.649017247475696
-0.662444056897736
-0.789197606705065
-0.722360614040152
-0.80274366038791
-0.724269152890768
-0.690985990371141
-0.716617761944131
-0.580843012042127
-0.674233395582665
-0.799632337823489
-0.65878917699168
-0.888839349975621
-0.620205933452974
-0.627648072619944
-0.72886666771624
-0.783755459358189
-0.757514603507294
-0.707900084502591
-0.660560782195655
-0.775977587378419
-0.671539050397646
-0.781717608941509
-0.780646892712659
-0.861579860935724
-0.629286834030898
-0.777817681889988
-0.623812614002325
-0.781591376649057
-0.759390939630768
-0.731234689884489
-0.544442993135674
-0.661100329150173
-0.764609644317691
-0.594424748596626
-0.773176374686307
-0.742365915463541
-0.603127515924871
-0.72109241342801
-0.771292937664821
-0.759175622104747
-0.697756323731084
-0.779961234450162
-0.595861123556879
-0.60261006138
-0.694251903685831
-0.55676084889611
-0.554546143021057
-0.709851573570763
-0.578838687940439
-0.764770084646245
-0.715652822091529
-0.66514685734281
-0.749303379057333
-0.564163986439333
-0.716768101746433
-0.667867505692848
-0.680000640232256
-0.601421332997017
-0.665271085691493
-0.663489545745454
-0.694653845766668
-0.600782700805421
-0.615042133868165
-0.570009821919641
-0.684538398745549
-0.622864699321118
-0.594517345598533
-0.665675439835198
-0.664034139498815
-0.820328879393757
-0.523863909109767
-0.657581837396298
-0.641818356685302
-0.641541873473058
-0.642613399772378
-0.646959812658528
-0.551081794674934
-0.741599008842739
-0.543146281554928
-0.580593061679509
-0.588851130939195
-0.704079332688016
-0.629396923199802
-0.649623510652601
-0.623014237933866
-0.645461675368947
-0.44590644968421
-0.527263993405837
-0.75952214625943
-0.661847004405167
-0.57606803565978
-0.473607919306583
-0.531741650631722
-0.521798743488698
-0.710755608648911
-0.429814767877162
-0.414220400438553
-0.712434707143096
-0.613606547346493
-0.546043681574413
-0.531582594376311
-0.504321441125106
-0.626732846693009
-0.405201232103318
-0.487320052522308
-0.647286126847056
-0.662757752027812
-0.460010818922859
-0.387086755005902
-0.447364344584563
-0.611864992434897
-0.564706657083379
-0.372926168409121
-0.58680528327665
-0.491658019790383
-0.578383038977821
-0.573936730215852
-0.413064334924625
-0.574646836545886
-0.511924493619332
-0.574698835325219
-0.38963554827979
-0.579084752212044
-0.472825711845843
-0.384121178429025
-0.512393830490661
-0.554423635602209
-0.593694094588772
-0.440145489624799
-0.473770945502308
-0.554691698575373
-0.546744104412451
-0.528038021683475
-0.540116732794843
-0.663510785555621
-0.469036440374281
-0.418521919033705
-0.362729223704567
-0.462905431539197
-0.553572474004603
-0.480708966352229
-0.414018309169276
-0.529412454632922
-0.375380089217686
-0.499765639907616
-0.424656869971678
-0.470083555565938
-0.466887636335872
-0.352951747697816
-0.327070547710444
-0.479461492907044
-0.548408140735094
-0.471552746332768
-0.298754926810913
-0.458576343946239
-0.414312049911881
-0.385627879177527
-0.48688529789987
-0.565720536754798
-0.440822305869453
-0.335468702165674
-0.376565686921649
-0.529668533866649
-0.416282683005846
-0.382780029643642
-0.356194760532032
-0.448530428208809
-0.465219467160526
-0.326231536696347
-0.352691603720452
-0.407184995984221
-0.561668580478116
-0.381381309191775
-0.41774567395378
-0.423011101917521
-0.324927631910135
-0.566307702906555
-0.353039994005754
-0.472818778083591
-0.478798100998007
-0.338665435715929
-0.39689272884119
-0.356135152469306
-0.401139445702859
-0.212284742888132
-0.255005327428584
-0.382362084784177
-0.431442650281974
-0.297032994822594
-0.496200790274021
-0.307627525920514
-0.579600317100946
-0.48875792718751
-0.268729824943389
-0.410296986841029
-0.288969042048483
-0.41136843988809
-0.528265500606338
-0.27534594341378
-0.309644629680584
-0.290151410241576
-0.340456060630213
-0.2099316896451
-0.214798891754987
-0.336205950680877
-0.32688828719381
-0.381063931365641
-0.319080072662182
-0.474616282046905
-0.332328759689885
-0.358485998332352
-0.327306608788322
-0.128592570710367
-0.40198054473547
-0.43628823301587
-0.453836945884845
-0.330899648670363
-0.401204322455861
-0.287060729910138
-0.390745576406476
-0.28761052423417
-0.405362460450381
-0.327936603971222
-0.248660735047539
-0.322695628245432
-0.286289043717794
-0.421430531692434
-0.285468675681206
-0.261601991426193
-0.288102693023833
-0.480801274749751
-0.336998432963785
-0.254317806632827
-0.22911879711672
-0.297630187010532
-0.342457460707214
-0.300672124656013
-0.366360785100109
-0.199789527014081
-0.328812928953774
-0.234959227415644
-0.393462022351197
-0.346597070501021
-0.339415174524653
-0.281990888568739
-0.400337530418937
-0.279912365007196
-0.255323849237229
-0.130159240925985
-0.138167988379446
-0.152093899162015
-0.294902932411161
-0.313779209533566
-0.230854041840501
-0.301034321634341
-0.139357889467248
-0.267245067580852
-0.0380985325406651
-0.276020720359142
-0.442599415407355
-0.349970836052774
-0.23182825372362
-0.178437668249901
-0.382365813442572
-0.366213317727183
-0.251967564509628
-0.160015305065112
-0.141580267281232
-0.237180853042753
-0.16552516147191
-0.288974622881841
-0.162130460025401
-0.145238865417442
-0.359978578336676
-0.181586795627056
-0.280296267427137
-0.2141104535208
-0.181134904189956
-0.187733589266031
-0.20961175373428
-0.119184804017577
-0.18681472054219
-0.341344672442775
-0.217892979642013
-0.0800991519727808
-0.337179078397348
-0.165789658738001
-0.201102157630653
-0.0373290523118475
-0.200345991186366
-0.168170656787037
-0.120092006978653
-0.25382954127103
-0.200660828328093
-0.181292331411078
-0.367500625876682
-0.0831669631886007
-0.298742327983424
-0.130067874358381
-0.0862095354423535
-0.247971746296781
-0.135501155743045
-0.196204392593639
-0.234405644121059
-0.256117608473281
-0.120772545799944
-0.119794571051363
-0.0148837295464256
-0.183524396964403
-0.0536062491701096
-0.24220976863282
-0.286460614710067
-0.257974670150067
-0.20097095097711
-0.23735892228908
-0.0667621172414637
-0.177606008898913
-0.00589886053259191
-0.0651769618765633
0.0498772433555889
-0.0307228518066528
-0.113437727834387
0.0198953660744363
-0.190109621403211
-0.15287807990185
-0.124772727420728
-0.111087078759595
-0.0146581427564315
-0.176106548244293
-0.085706601271489
-0.120027991252119
-0.0183689658006235
-0.186482847802712
-0.197803081760352
-0.168046633742998
-0.0765485918633302
-0.0824426389120253
-0.0209075621878437
-0.199708561074322
-0.196888549121275
-0.129183353312897
-0.0298007481405662
-0.192775660784607
-0.187866276196085
-0.159745569397432
0.0512644460323638
-0.096089026469327
-0.0334317257686063
-0.130181590983825
-0.178462410537044
-0.156930320943876
-0.157305834139564
-0.213732873042834
-0.114023729942762
-0.0757851116875542
-0.118159276962637
0.0924702876373151
0.0464241626242573
-0.144653566200636
-0.111662864240586
-0.135167931170351
-0.0167769029371223
-0.115978560501078
-0.189354929736468
0.0937284813737971
0.107191481994537
0.0540602054446402
0.0269336150102089
-0.162146937284178
-0.0531795474318931
-0.0375714723071992
-0.0537512521148831
-0.0150998151244011
0.0442047738963244
0.0566506058915503
-0.130342433200036
-0.174092226598022
0.110615859334617
-0.101840667418965
-0.00342912260311897
0.0276669480834603
-0.101638110893692
0.046240540613899
0.0462495963187594
0.0157311577648036
0.0342873840743084
-0.102094536540764
-0.176190130781239
0.102639510520789
-0.115613303238794
-0.0225328606331586
-0.00975875523848777
0.0701573867630188
-0.105808108143544
0.0369968025521933
0.173688847753515
-0.0450097376951538
0.0530067040776333
0.115400271797047
0.0660195275137176
-0.0170134183425341
0.117347269852492
-0.0051083379758505
0.0358354618547511
-0.00505938848920287
0.212581873728803
0.140204127775116
0.131983283585965
0.0535511915272072
0.0821496824990068
0.111042716561679
0.0303045744411027
0.0211549855744918
0.137024953112323
0.0428585378099568
0.13387866565576
0.0321382193519758
0.0227388011854672
0.121990787429495
0.00111866166415568
-0.0321111593836261
0.144062948513861
0.0850814531049532
0.0223446678088202
-0.0523312052313687
-0.0155713186777187
0.188790837209716
-0.0195023384163088
0.154653375095452
0.0165774192616178
0.0384345163745299
0.0982021402511023
0.0307826519300413
0.164865224508496
0.103419023722623
0.227608835268288
0.0299715338135254
0.183020792959026
0.030530567240784
0.149984457317757
0.0314083290318149
-0.0902961593329079
0.099495961155298
0.0864708318059362
0.197749749786136
0.268604027163532
0.241584063579592
0.00445394461089251
0.140004869434422
0.244769581817997
0.142426476567208
0.109183882067636
0.134582628804769
0.0784359873080574
0.149324907155367
0.147856593528828
0.000490642559279964
0.121960395976279
0.199423870034679
0.0704469014566243
0.349830837981589
0.0470586874004876
0.192837639300533
0.211714853410732
0.171026216192267
0.0997089090001632
0.248721208848537
0.115279515080076
0.159853406310433
0.305334577029681
0.317950320213464
0.253628847160949
0.133225182647197
0.0615500229986709
0.137116412918771
0.194389876481069
0.131520368278938
0.213517124190378
0.156664924888559
0.319258971759727
0.117327910514904
0.0612803095714769
0.183543735037009
0.174645737550972
0.385126516483552
0.325836273710445
0.201218426601234
0.350186428384098
0.232435781403925
0.227521562318099
0.256905140459212
0.222436975276395
0.216921379249281
0.13111177983951
0.236204060050561
0.306970811558907
0.295276667679247
0.230184147188107
0.344032258502264
0.23591539369818
0.37273088386954
0.209384370025013
0.125633964097619
0.222790333649611
0.269313160986891
0.312730235900709
0.178601596178123
0.346279143694686
0.244088816161057
0.30121670662988
0.294203287072008
0.121526682112186
0.0871442936202541
0.188265899346067
0.382104663308652
0.275155720395925
0.267103181641089
0.296408047009522
0.337964435089343
0.227391999710698
0.0879667761508691
0.385539156914969
0.311509549348311
0.228874249511004
0.358373531203707
0.0769587242705426
0.32131847569074
0.206076685694341
0.235151271089661
0.292648453231486
0.272731709128258
0.260106654841478
0.370930578557332
0.330688265909571
0.406044170797301
0.40135565901523
0.445131460843967
0.224949764155788
0.392351641137029
0.285692066785565
0.338135916497776
0.214903289337155
0.366487907102599
0.220776989172172
0.540293817647316
0.450138068831875
0.301260189387085
0.335068328678217
0.38028820430115
0.379635718217478
0.259695148623459
0.263614673374904
0.304599620253661
0.359686668069969
0.417351679892731
0.387533397071185
0.271633438239547
0.475917988378713
0.462469244503249
0.42370457358678
0.463506470839963
0.474575068856776
0.326823430068841
0.39302712768825
0.540268231192774
0.172162233565208
0.362108126408107
0.408906629689041
0.26724203065988
0.301906309545953
0.214403317117782
0.52455397660205
0.400947884900207
0.315389608332225
0.475126162675012
0.420633633445628
0.372382049733544
0.392983240488772
0.445055745083957
0.340411940305318
0.51442435291149
0.414493378803865
0.444022754135004
0.407790803075385
0.448167893667409
0.363288595089734
0.394573374090999
0.451306839586635
0.384056055619849
0.410380474730259
0.435144865750659
0.283445941833213
0.376752250674402
0.415118628332688
0.484243376789182
0.40041512588702
0.46805062543681
0.375212610782925
0.448087987177492
0.449215551523165
0.267369253450873
0.396005826429851
0.553944741603802
0.478916324335188
0.557961368044768
0.626529187705226
0.439661652174126
0.456767626238927
0.319525837260004
0.535824257582495
0.472572746181744
0.356713472395492
0.568953827415517
0.517732683899106
0.459679010408535
0.582849078317829
0.438311695644264
0.546167684681286
0.527131898307731
0.575567861151419
0.444280857365102
0.565553098068883
0.418248756366274
0.546551461398604
0.425257879444314
0.420793294445397
0.43005661495729
0.737638111576603
0.509631765531698
0.502570410140546
0.422812222669365
0.51338288504838
0.579962050798061
0.554857397054587
0.405792788548452
0.577696573366811
0.680560866383925
0.461657088273815
0.446257786142064
0.453959383930829
0.387357511979438
0.518145567475048
0.579288140379949
0.471099234123267
0.543374361847163
0.506358308097125
0.430606745672075
0.435200690388578
0.529878715235519
0.539801279055732
0.603723257570573
0.636206946498924
0.620485166528112
0.386375642254976
0.517963285694403
0.576066902980621
0.595248600728193
0.606248882332705
0.435133372024158
0.556842850961142
0.625742980426301
0.611240746991453
0.563990624647445
0.652943968735945
0.57256162504753
0.515222090927581
0.625421595876592
0.561691491267979
0.659152914318696
0.57274797850013
0.606171145466607
0.367949228231559
0.467017864691663
0.589451170439938
0.557997091481725
0.624274469813374
0.511852755084936
0.559600871239403
0.538280915987108
0.560586399108342
0.612173005301139
0.58771946760681
0.447679036891872
0.838838108442868
0.676896561684546
0.570260512415375
0.625013025010968
0.714120443915152
0.505287961306643
0.69731066033728
0.599518927249429
0.610851565737267
0.568920602700419
0.6237067994859
0.627895252783011
0.644885493303489
0.731549021754886
0.575522376049704
0.723767380378493
0.542260630174703
0.597909659110674
0.690066587561141
0.597971075810285
0.596192636850309
0.768564169436945
0.748891646899598
0.61555088661756
0.648838910326236
0.682959367217042
0.728035634740507
0.721983032663607
0.663489575012791
0.753840428305264
0.752492763507055
0.743916480513393
0.575436777806603
0.604044773293105
0.703876424570384
0.754947476471123
0.729201009683173
0.656038926611513
0.528598200574235
0.61879919444548
0.752145215069365
0.604938854691268
0.727329188009152
0.694414699220861
0.814750190238471
0.65340558173158
0.640533920365714
0.598139991838451
0.777085979335644
0.741528182590688
0.605951104416504
0.673314822736095
0.688141371295679
0.696038990945335
0.709990065828936
0.66016561250293
0.74585820191249
0.590665859712417
0.872601975647459
0.620609345282919
0.548277488285435
0.769542340854944
0.745734479548791
0.75319146351396
0.702754480622632
0.844442122844495
0.702951932775784
0.75265297958578
0.69807947539412
0.745034732052882
0.723024066687446
0.834953389733203
0.881682501033406
0.888489857008796
0.749928155896664
0.67143651272407
0.581082072467844
0.720685188388183
0.728384131730596
0.844307731574173
0.760992283120105
0.700383527222223
0.890398928598914
0.701529143132643
0.860330174124665
0.783036139729595
0.671788501476964
0.837950550593109
0.716022679385765
0.943406045064573
0.756597280886736
0.643810164279628
0.82432261918516
0.828133866005776
0.692869375226933
0.774720682462195
0.746046728892595
0.861241402578666
0.759999362927173
0.794522360063881
0.674737483660167
0.653277848404095
0.841424580181347
0.834587716081097
0.804307036699585
0.861894190637681
0.832892446351593
0.9235331455684
0.835596796979526
0.791862119700904
0.893032185403966
0.957379159567185
0.760041357215019
0.919829169611885
0.688705509429473
0.741907792425868
0.831151143779221
1.00884112854302
0.755087528480343
0.88964619316575
0.815998400908604
0.696139828116977
0.844742325231722
0.907600747423478
0.773908050541177
0.764445912557558
0.900539049244922
0.882911401795691
1.03081712737848
0.87184725207013
0.901905479514649
0.889998353024758
0.995955167059302
0.818864935679327
0.834623753207957
0.944664862144184
0.747560406914935
0.970980842530101
0.913301320541258
0.688437257044962
0.884767066645037
1.02717063233835
0.919898886340287
0.747726277994667
0.947610969631871
0.774849946208127
0.903102432383138
0.880667014029632
0.763535133442979
0.855063636967402
1.06290800614657
0.853748422388448
0.826227933443611
0.977225911715894
0.928113275619885
0.8593169455757
0.937103918346167
0.898967501857468
0.883095819893675
0.903623426590489
1.0407468707141
1.03582716766169
0.824661259005915
0.920817305292144
1.05940011314416
1.06709182413179
1.00805967701882
0.992262202757237
0.943249461306367
0.828312174440671
1.03617797121441
0.977006970758837
0.892540946751025
0.810777358747831
1.0333785815963
0.995430189953531
0.795891464960453
0.768277640045594
0.800007903189693
0.966108668714962
0.85526370022447
0.962226667301247
0.829019593972389
0.969845863920146
1.01726882567435
1.08028463449752
0.978387422582351
0.992401975149272
1.00913243604678
0.96919935430283
1.03167318906428
1.05238626913591
0.992468330138061
1.04576372745663
1.27141184982743
1.15284206670952
1.00894495528988
