"x"
-1.21092585583753
-1.08468006686469
-1.10857156369939
-0.901029524817436
-0.933467917916239
-0.938883788653113
-1.01491197829289
-0.913445828089
-1.150791351358
-1.00918224481536
-0.980057210283139
-0.987820656361339
-0.916890835562087
-0.855822144250871
-0.925671167979668
-0.957859782104181
-1.00633243307478
-0.983606636432706
-0.95930372166813
-0.903938472192445
-0.926079809000553
-0.998569123362766
-0.843290254859082
-0.911740426674155
-0.980536800768561
-0.827998882371884
-0.923811747969281
-0.894122188306938
-0.942204551299835
-0.965765276346137
-0.958502172888028
-1.01381628791511
-0.898225638347958
-0.927234425373424
-1.02029987872556
-0.936698049967249
-0.91322118262003
-0.911070652125088
-0.810984751180226
-0.835903846985754
-0.910450550003079
-0.794515520963062
-0.782721028221545
-0.811569086284969
-0.989183765153942
-0.906465496736598
-0.885402097453047
-0.951478829575746
-0.887270690127587
-0.872774932458331
-0.790383680543442
-1.00136072503053
-0.846636783323729
-0.874482873784912
-0.902276853532313
-1.03148974204719
-0.906507128071189
-0.934157712462965
-0.950898094803419
-0.927688706283294
-0.709584165054273
-0.941684856585753
-0.899888312224172
-0.768466327326872
-0.801308911285995
-0.680989813394322
-0.887649995290003
-0.845085415119783
-0.824675146237618
-0.818713693628523
-0.853804628751209
-0.830641945544339
-1.06960649024196
-0.964417736235578
-0.936190683190383
-0.944789340119242
-0.848261262851979
-0.71838775998991
-0.745264387773241
-0.834712556160997
-0.841739601791678
-0.856126722695717
-0.865368634736672
-0.836306354724922
-0.80658881767687
-0.752034937740171
-0.813394347689928
-0.887751143153098
-0.860671288081641
-0.776746682929014
-0.733802809033381
-0.723548948155253
-0.773846154205493
-0.641241186619851
-0.802641621253616
-0.905419960616627
-0.837073233342454
-0.705469788659798
-0.793007113355575
-0.725505584491126
-0.858368422799284
-0.78463126716767
-0.818427662895408
-0.860972955896841
-0.819854225582179
-0.860921930599901
-0.791878771487325
-0.801694056198675
-0.819115356197034
-0.772701395047816
-0.798472460480136
-0.788691036728125
-0.760681988161335
-0.623614410455444
-0.808693042727694
-0.899962572813282
-0.655851579365985
-0.718645959664066
-0.642704922274047
-0.65524362312912
-0.66061058779541
-0.779369980380631
-0.694801865350684
-0.788933609170291
-0.710451731327584
-0.696212673935078
-0.716598003341646
-0.576326738421715
-0.678077132673064
-0.801365824621834
-0.673558672220111
-0.887646890246119
-0.616592750890375
-0.640608052869551
-0.736573701938566
-0.794150997743308
-0.750652409608244
-0.706686296495371
-0.672844909225761
-0.766958202157485
-0.682109144269371
-0.751477858691762
-0.794439178924208
-0.84649589175891
-0.633186727335585
-0.769730154192492
-0.623808905287373
-0.766623334616012
-0.750745408568099
-0.735762466229094
-0.524983235557765
-0.656031777438881
-0.792980472197521
-0.593650100433493
-0.77137230959338
-0.711423077375307
-0.59354309370143
-0.712928052807654
-0.767725604188822
-0.748376404503145
-0.674454014259501
-0.781726896230651
-0.601784600977088
-0.581910759333449
-0.665627683153493
-0.566948101424363
-0.548890187109832
-0.728090266574963
-0.560272771067342
-0.75384965497145
-0.706204550464354
-0.658975301367016
-0.749186778164643
-0.561872328383483
-0.71072159623245
-0.652284464975077
-0.669530880432053
-0.611145153887992
-0.686074228139014
-0.662698859458017
-0.696385457539308
-0.610650856108735
-0.592308842586567
-0.577755971038991
-0.6772473829152
-0.613850724243013
-0.606610696339502
-0.6570765664618
-0.662596248975315
-0.832654852039547
-0.531460370611248
-0.674866074869182
-0.645684206666446
-0.652071028455527
-0.634142763609792
-0.682513612281559
-0.552080365410823
-0.725214437147345
-0.549724782060862
-0.592865952441452
-0.594560205588324
-0.709754157735713
-0.635136834328112
-0.644424197720939
-0.625152230115689
-0.676977811241934
-0.428656580473878
-0.496346186090248
-0.760295855125353
-0.654382471259475
-0.558031545453706
-0.472808114311873
-0.52503554264916
-0.514099958112577
-0.705614090651699
-0.416097613715084
-0.418122519453819
-0.705071638678049
-0.590636094470724
-0.550721343863161
-0.535151770742786
-0.509687023417936
-0.634890334674032
-0.422674050482726
-0.494639089219864
-0.634864873362322
-0.683304196604531
-0.471086349779708
-0.402568013638352
-0.443060290660979
-0.605994158941962
-0.549381308015793
-0.37730024945596
-0.583592946974501
-0.501714646596025
-0.543721197997542
-0.59124609667758
-0.415923334994611
-0.576330184953204
-0.523977833764966
-0.567456206993908
-0.409944985201176
-0.568227085321378
-0.50030550823399
-0.393277726501516
-0.517830229904083
-0.593169335765912
-0.562071718416993
-0.44682518113959
-0.467474968051275
-0.555217447423737
-0.529784456003512
-0.515388120408322
-0.551374702083827
-0.655591262508935
-0.4672002902603
-0.399477814822883
-0.37251215827177
-0.468295633719482
-0.541126123558205
-0.467826155883991
-0.438313292948586
-0.53126010969264
-0.41172344093037
-0.498686597262591
-0.43842195088521
-0.446635056322982
-0.499248363478693
-0.370399106383655
-0.352302740472806
-0.479493333521535
-0.552066248092635
-0.486890744461114
-0.303477389560168
-0.457107032108739
-0.440196352225228
-0.399049173845935
-0.504658580707229
-0.550701142789605
-0.465592810429009
-0.316741839810286
-0.372845400202787
-0.530932675946829
-0.426035459524971
-0.376053008149091
-0.362861450981826
-0.449598766887264
-0.471851285258357
-0.311427823113682
-0.358708676977932
-0.397124564173324
-0.55997284238297
-0.383112464336989
-0.41054939169662
-0.431445897418553
-0.321808632277395
-0.525358825865247
-0.35846277866385
-0.479979442658968
-0.479643046378682
-0.35121427413177
-0.38708224166778
-0.345772425888109
-0.374709888001007
-0.197067657722129
-0.237913622114729
-0.353295679296534
-0.449340781733688
-0.300687005354965
-0.478396010095028
-0.317182942627439
-0.565080231363656
-0.473015501416667
-0.24924676442467
-0.402090192983811
-0.2931208011422
-0.385184439930964
-0.53530641692015
-0.24756161097124
-0.285634077002657
-0.311471417766766
-0.340214506461833
-0.242329733887092
-0.211703248189643
-0.326453088938742
-0.310668908542797
-0.337398579696948
-0.309725938334828
-0.477073526997519
-0.337621158973676
-0.357881211410083
-0.320446026954538
-0.133435344046473
-0.391355370521099
-0.432415493099031
-0.436881087036918
-0.335341124831927
-0.382878514290726
-0.29932208265753
-0.402994058774862
-0.29914668394669
-0.419076649238619
-0.331166831988643
-0.271425818715488
-0.342322339381517
-0.27385090423565
-0.433060638185546
-0.294977310553168
-0.249859873704943
-0.276587202310594
-0.479550097910607
-0.340599361192483
-0.243221491712646
-0.206180698937005
-0.298653959447825
-0.336196211234605
-0.283673571418501
-0.351618004166139
-0.199114335732638
-0.316027750336676
-0.24169891153918
-0.389300742098654
-0.360473407261272
-0.321028640804591
-0.270739596934055
-0.397782280270416
-0.294952354751298
-0.235343262202023
-0.135400986161071
-0.116568775526286
-0.169879022123205
-0.297068190193446
-0.311756447209998
-0.177613894465942
-0.306495411987466
-0.176062007333223
-0.280871731647939
-0.0552090037885375
-0.26668606858869
-0.45604319980903
-0.329338950716119
-0.219219973785513
-0.171846834976459
-0.384491023706536
-0.374741819574434
-0.274554457234875
-0.163211349141413
-0.141705730724431
-0.24344117105604
-0.171128051517745
-0.263169830406984
-0.143872706776906
-0.134655852564344
-0.364061852000894
-0.185119851940681
-0.284483359228523
-0.211055876793168
-0.166606108858307
-0.192582719413729
-0.198046564279783
-0.109114193772376
-0.191555336233468
-0.326499608818477
-0.205694022916834
-0.074912976187646
-0.339783669919362
-0.185940950060133
-0.195342785097303
-0.000857006487670286
-0.202468631737098
-0.151279352713775
-0.0919454794172696
-0.24073947764523
-0.195413402200218
-0.15109001545094
-0.347545492875382
-0.0948593159427352
-0.304497554040621
-0.15144169333924
-0.100667574869113
-0.239200580600645
-0.146703283633372
-0.22029375096206
-0.240247990722093
-0.260243285872677
-0.117098253174298
-0.120523953196759
-0.0124876447257301
-0.177721651408424
-0.0406924042539602
-0.233686372276588
-0.289181560568679
-0.215862388101381
-0.173230984039233
-0.239583656648732
-0.0640233264422388
-0.181309832661428
-0.0210822081360437
-0.0777061930064907
0.048730576857646
-0.0212113344746001
-0.0917711275027813
0.0043998154887045
-0.176603175324576
-0.195022948046113
-0.115277239677186
-0.110439708264949
-0.0313022148434738
-0.176294151761747
-0.0625557167032068
-0.117069332080996
-0.0132007430539394
-0.193422753735283
-0.171103797918081
-0.133657359562819
-0.0443041545635407
-0.0778741221019063
-0.0198992993441116
-0.206425543804723
-0.177287930013149
-0.144593739373458
-0.0210450675597951
-0.181755854033613
-0.182982259321009
-0.178499610111622
0.0407925766708926
-0.0888937658714484
-0.0495805471683708
-0.145191909443553
-0.151530612904375
-0.173738319459406
-0.140334255854352
-0.211945815806014
-0.12491644471634
-0.0699366218065476
-0.107941080562951
0.0965963203408143
0.0108341447398305
-0.154596718342019
-0.0939245071061932
-0.135927165025205
-0.0183464020532489
-0.0886613087197295
-0.183837784998105
0.0780349238753896
0.113525773951658
0.0664719887986835
0.0442253315931649
-0.169183449725879
-0.0438335784687857
-0.0544436669845788
-0.0281473572025943
-0.0190461319268948
0.0500568537575486
0.042810196950528
-0.150231315255288
-0.177016602298917
0.115801673159099
-0.0871778555650663
-0.00907192991171964
0.0557183428239629
-0.102888290633787
0.0411431193635215
0.0630993065578533
0.0248592110415979
0.0365226931099003
-0.0889759602309824
-0.190234495699481
0.0799547789033509
-0.103398595509449
-0.0314713341529214
-3.74412083632433e-05
0.0663897251496613
-0.0966193992391312
0.0450268949918309
0.182104228127192
-0.0306829257685385
0.0590437361904859
0.124061020278513
0.0804481185058745
-0.0135184846841264
0.115974765331838
-0.0113227036152352
0.0472599103686214
-0.0292894847312798
0.205576692145662
0.129844190281161
0.119133741550986
0.0511767898007304
0.0664189145187982
0.099698247244937
0.040535449806778
0.0410653472990929
0.101356987834428
0.0482819693715994
0.132224898210315
0.0336395753524852
0.00936725914835137
0.11541601767586
0.00309005987083759
-0.0261149754815195
0.149402798153032
0.0864641950819108
0.0193226406727377
-0.0531978626639973
-0.0156423240867093
0.186979546516392
-0.0166820803623905
0.147847815879045
0.0223548664706438
0.0468628863061108
0.103010164601065
0.0185565296936617
0.169234977860869
0.0809017527197607
0.241463597213492
0.0199484380350708
0.187944139836702
0.046296903458084
0.157266194560663
0.0219322379830139
-0.0966247238056528
0.10478493285288
0.0921261616261808
0.200023611209857
0.248286653831814
0.243616800530209
0.00848689090793964
0.128634710208502
0.232689889233808
0.134856652001037
0.108171363384373
0.130070693765679
0.0854655459970053
0.146406458570306
0.127661820573097
0.0223676258981807
0.104539572132114
0.197652155462327
0.0896596457677869
0.337277681903709
0.0177489575650784
0.222200187689186
0.204046780993666
0.168520464210614
0.10424636701795
0.22257571984768
0.112311132055505
0.176221618635785
0.293300754073275
0.317685963079153
0.282849276626668
0.116375180993891
0.0819447792267354
0.121887669721215
0.176158097109997
0.130447624678121
0.208908918432215
0.148004206254733
0.291780236241892
0.0963166008070179
0.0783918262646517
0.1960317407825
0.187036121127082
0.357301974008071
0.316646189147013
0.205475747634587
0.340293974836615
0.232582538411819
0.230105914264148
0.250815214328015
0.242203553830695
0.203240289118245
0.131188379975472
0.257815509849608
0.308309957078125
0.291030208333836
0.227906468498033
0.360580147579341
0.251202118433442
0.345901002178714
0.222260366569644
0.145558545562311
0.240165649675488
0.292001079386604
0.29059402043462
0.157276443178083
0.349179891342537
0.237875889605116
0.296024182797651
0.28664121736647
0.12079977356008
0.0893265002954679
0.1962728250088
0.402663790626839
0.293651662753797
0.242138552540139
0.317320392622745
0.342132274968182
0.223768593346919
0.0928119011624143
0.383826529833025
0.328182334550025
0.220777205761269
0.354459460343027
0.0665581103151005
0.326091907466437
0.193468016482187
0.228583796476629
0.289117370893488
0.262023246507327
0.278669624819109
0.385448592229346
0.319937878211232
0.400477643854559
0.409176657835806
0.425276998923176
0.228562103732917
0.401530576339351
0.273117670614976
0.345550971167739
0.22727423292043
0.397031263022886
0.23628466150306
0.506488839845214
0.477852046894576
0.285463981276769
0.334589929027218
0.373228236102097
0.352801330643044
0.251118625714129
0.279450429294232
0.315325238443082
0.345464529470781
0.398905211534574
0.383958015619749
0.269095362910768
0.467713144345599
0.444550039233004
0.418461783575472
0.483341712246341
0.513221425682372
0.36114417182591
0.405276430638395
0.552881746421297
0.179999171619818
0.386223075712331
0.41577203285067
0.279614393140702
0.279541449214991
0.246983866705382
0.522187602178481
0.393474633807568
0.328235563472172
0.495314456110525
0.39859436793711
0.38824937345421
0.35758346720093
0.454880814452898
0.343265618227154
0.501166391311565
0.415702144980703
0.446543692629415
0.382897509427509
0.454075308168596
0.348882443194976
0.383651409208091
0.44147095913701
0.377733826866774
0.413370542614207
0.419248570081437
0.27432851182651
0.387073611573427
0.402145092436458
0.472812393366463
0.406621944752963
0.440848290106069
0.392616392143042
0.432162063300507
0.441527370399283
0.27747475160868
0.409596658286958
0.549344658932502
0.489586904206063
0.56880206752061
0.599010329556048
0.447910124487444
0.454543053387526
0.334652390162822
0.529071635077355
0.474119815089671
0.35768623914287
0.574262392168225
0.503130801161739
0.463999939472085
0.582775755472913
0.450122593084549
0.541864155423811
0.548667000154914
0.5711466644204
0.452980615433187
0.580746700040745
0.441868734267605
0.555130718513433
0.418425178136595
0.402291253841469
0.437961877053213
0.732095440024822
0.532683503418328
0.503042055543478
0.43718927593911
0.498599757157802
0.561989758372238
0.545081079584985
0.396200806238149
0.585275974647277
0.68676815338983
0.438792741868794
0.462480797312615
0.456966905662388
0.382248156992916
0.517673424862799
0.563690379952455
0.482268654124796
0.534875037524732
0.500226780454378
0.452983857534409
0.444315409317297
0.508823825008909
0.542452546253593
0.61419539748108
0.628343963262414
0.620195979746266
0.376062429655065
0.496764481529961
0.590547047840833
0.592651381845777
0.583309743921305
0.434105211064764
0.544520938168101
0.627377557430644
0.607004510405433
0.545159386895047
0.658579145495381
0.554667764934724
0.539719703541332
0.631984935327398
0.575983186442202
0.658512283536135
0.569303187038855
0.604903102416908
0.373413141192452
0.456750511623536
0.556731921802202
0.554458590890007
0.618522898215117
0.545093425749142
0.570988330527921
0.532033663033367
0.555208392511301
0.613341571960968
0.555562433944843
0.454457797816245
0.84692100384728
0.664041969595113
0.575840262681507
0.588494833142458
0.700490951167397
0.517907838154492
0.695468371937565
0.615802708936947
0.60764858194995
0.609884278449416
0.622143858889403
0.610824910230562
0.63198828587463
0.745392672057461
0.570629839351219
0.730392960162602
0.538998648958075
0.589969504458043
0.701689130901404
0.602483974810382
0.597673066024128
0.762382230118149
0.746747211419998
0.606345334609843
0.666008525946088
0.66189465522289
0.725292581491838
0.700189435651911
0.662734813360265
0.76064626079836
0.759389215683218
0.731331152022024
0.585713783097993
0.602096883224539
0.695485797703657
0.757722343766868
0.74220127785151
0.658930531608803
0.525525161285684
0.627468723819866
0.766619527211209
0.61903281049181
0.723852548837229
0.715504424015103
0.832437760011453
0.65825802512811
0.619152802130995
0.583007566161789
0.748122298904404
0.75874444926124
0.61264550338867
0.668526812018706
0.689132382147696
0.706507656970535
0.70844169892827
0.6716211267105
0.751036540337718
0.590597754542793
0.871339020713708
0.630430878080782
0.553371042789683
0.784158359292418
0.713794942847109
0.772192525660458
0.681301446783516
0.847790941292201
0.699495217314603
0.74711885550891
0.708731475001756
0.720006894738566
0.711357499075161
0.825485740129936
0.866142568097304
0.89351127369927
0.737568137289615
0.672440020282375
0.562606807692916
0.720198558919098
0.71106496127524
0.827455423747712
0.76528307332486
0.706045353648542
0.899876057656344
0.706288834461404
0.85460255811665
0.74325223292951
0.676608334964978
0.856757855978776
0.720434039017762
0.929636816741775
0.747849809473133
0.66995872096687
0.835900285174998
0.833126975608595
0.717596820661231
0.75622237026233
0.762539137716639
0.843034538180509
0.774991682086995
0.813871350319541
0.659113701170019
0.651001803447589
0.844808040486329
0.843619223336593
0.811798054904479
0.853453846371899
0.834007418842172
0.930474164024846
0.823248046436729
0.784270015613535
0.908995870950831
0.965268051842822
0.765748026753119
0.901053433882841
0.673860569277615
0.749087883261404
0.83278278629597
1.04687955542115
0.746953770646909
0.883507224467156
0.815371293067645
0.685813758384839
0.845443337079965
0.90291125102488
0.784557733554806
0.774913192559574
0.889597072674836
0.893289425439159
1.03796486911689
0.852536220750195
0.90882798784356
0.891873615783489
1.00584276057707
0.826737629309205
0.845179843294646
0.950277801989262
0.771610298255815
0.975460401798362
0.946737808058558
0.688253171805449
0.878385713316694
1.02953210806819
0.918354714050876
0.755597017886416
0.945240940103701
0.797600039740246
0.906615482504076
0.869260114278322
0.75503874832593
0.864679756674523
1.05448617616693
0.848173715619125
0.815874551339339
1.00185292767157
0.935948478871771
0.89309814751315
0.963167737820802
0.886120772798676
0.900755360668992
0.908751339391837
1.04631021406819
1.03814651337314
0.834359240068763
0.913701505362408
1.08866838847342
1.07528718074092
1.02944259297686
0.975217226497687
0.934437852972783
0.818850316069858
1.04714004261865
0.988722600363527
0.910779558543907
0.79493289961507
1.0308322694733
1.01341991976197
0.77912722773092
0.758814356183368
0.843064538676022
0.979894570773104
0.835904246207401
0.973655876355233
0.849836560114059
0.960838955532838
1.02362028061148
1.06742808460765
0.969219124384666
0.992473476123416
1.00378691807106
0.975743792414396
1.02266369534271
1.06503323190844
0.982649009100307
1.06410679574152
1.28925273119353
1.14167763867928
1.00698655411276
