"x"
-0.951967771445847
-1.01977382024607
-1.12253022116005
-1.10455364550508
-1.05809444526115
-1.00577914277904
-0.912185603788604
-0.87229478538965
-1.04331103924113
-0.961574037378754
-0.933573010708934
-1.12059341433056
-0.926432919397773
-0.862308072390669
-0.793317417141611
-1.03193848568882
-1.08428947233285
-0.92088875480008
-0.996885556406618
-0.802320196150714
-0.82400786977251
-0.873694727012013
-0.945601592732892
-0.973649266658306
-0.836073251540823
-1.09902723068577
-0.978294919481444
-1.11502668352249
-0.949261752309685
-1.02680786106138
-0.919971473165961
-0.863400332535567
-0.966984142850696
-1.00542162399981
-0.903391924684767
-0.974836258971884
-0.890688025463079
-1.06689113713154
-0.84303251122761
-0.907769839526804
-0.964980286467035
-1.03893712125128
-0.954113183132861
-0.975679777169751
-0.878997235099944
-0.950489866804092
-0.89833570901684
-0.673168158051944
-0.881351278104866
-0.938203356405592
-0.993888266379616
-0.900151404508619
-0.844485016490309
-0.822565455257258
-0.916812313462653
-0.93462575266453
-0.819056628879399
-0.876371984794022
-0.892136441488236
-0.786796556556238
-0.874711466838217
-1.03624581478035
-0.908669072709815
-0.818623145447582
-0.905133689305343
-0.871073442421839
-0.780200624851162
-0.891336236589468
-0.834197184906804
-0.961337354428842
-0.69257534350359
-0.731512994988318
-1.00590702301339
-0.895204216913309
-0.785532139206791
-0.853953566601482
-0.968546258034462
-0.732569172162956
-0.901898252462186
-0.785030774928439
-0.81405200936794
-0.772365804285055
-0.98913541960148
-0.7548820178972
-1.01708667019705
-0.813556847425898
-1.00655424871514
-0.831177931219029
-0.741382366545266
-0.72561937453981
-0.792322234529881
-0.831450531131282
-0.831590487939506
-0.808217761005892
-0.794850100027832
-0.790099113881608
-0.76711917422941
-0.688622367881413
-0.876379024766127
-0.756430925147449
-0.756696472652619
-0.842177162081754
-0.600698928243874
-0.687412053270541
-0.763353053104898
-0.775393849298812
-0.727576731633265
-0.690866211962646
-0.831627083148668
-0.74926101272868
-0.595855218319001
-0.827256996593608
-0.846759961098946
-0.752276240819501
-0.856484872893695
-0.846820649562098
-0.753386204865139
-0.758908073752282
-0.592760825919066
-0.770448693425441
-0.633935543520893
-0.894693998998279
-0.816211871740333
-0.847395487965357
-0.846979312365182
-0.700702101845327
-0.848358928433446
-0.76331129934853
-0.817855604173861
-0.688858100221131
-0.702575027298587
-0.743276720560482
-0.673295446088277
-0.844696801393181
-0.726003381942109
-0.774006621475644
-0.664246707936958
-0.786590403198246
-0.658085880093971
-0.64175918656565
-0.618056118820681
-0.582788002170474
-0.893616638539296
-0.551622505869151
-0.662497795116328
-0.766390748865876
-0.791489030940353
-0.68209527790927
-0.674691931663742
-0.644334238703742
-0.551464504147672
-0.592158570575832
-0.645273755508882
-0.750155879749529
-0.733676018293444
-0.664912246133114
-0.695688102337513
-0.631764356876616
-0.687666283593491
-0.655343930991656
-0.765191001484821
-0.61600517494385
-0.670654484168049
-0.572270409917774
-0.591071494208418
-0.72885139143618
-0.750305801491844
-0.619682721053923
-0.740988724730654
-0.726875907984644
-0.575975556255304
-0.631669912429323
-0.53260183610894
-0.694156448279553
-0.702540500418357
-0.630146453277595
-0.723506525107626
-0.640162559501719
-0.813515845237625
-0.648105175889797
-0.740524080112246
-0.616552120831549
-0.631543531742443
-0.681141523531866
-0.663769643385287
-0.584667903428534
-0.615391791128902
-0.585340954813009
-0.60705671591494
-0.750126182496323
-0.656161122898017
-0.742113283255748
-0.523782888299816
-0.620798029725825
-0.65878137226291
-0.596251614022616
-0.68622396096289
-0.577606824983107
-0.619817191236046
-0.686718708828007
-0.700075658241801
-0.507107048709308
-0.562852459105041
-0.529838977955059
-0.663920109085515
-0.641906358028338
-0.390729785207936
-0.607365753757086
-0.463220641721457
-0.319880484587702
-0.508669988429352
-0.532638901159819
-0.62978712586711
-0.524285584983214
-0.632013864491036
-0.524586309702541
-0.344154673777987
-0.516629689838852
-0.698386030052888
-0.721889499222278
-0.616061196969667
-0.596290230153625
-0.394315249945564
-0.806408669706508
-0.690417451419975
-0.616816030792313
-0.435910508765735
-0.540993732050877
-0.395135643643473
-0.571059715381559
-0.655676594054481
-0.672922151683261
-0.60112405613386
-0.598884809864926
-0.540090784146745
-0.456455187868114
-0.72122837747066
-0.436094417006744
-0.515532830798118
-0.487276916176249
-0.526017866971548
-0.578932064078181
-0.500253537993884
-0.581871667448618
-0.577241096060655
-0.354230036828319
-0.513252964173458
-0.451383018771847
-0.424278689596282
-0.658558948987697
-0.385806696019857
-0.490283993361023
-0.427668165933355
-0.390390324886622
-0.631298377409194
-0.472352984890669
-0.489293757539384
-0.504404777229357
-0.481170559469866
-0.399663438659038
-0.603135421976634
-0.530903814131134
-0.258476648346149
-0.526444295622481
-0.627744832705768
-0.550445754714549
-0.423832489361335
-0.542103002403017
-0.541733345816031
-0.484447866535915
-0.459941796117172
-0.363002257371505
-0.392690798176713
-0.409747869482453
-0.430954305283467
-0.644624691131011
-0.460232074701844
-0.491244068924417
-0.422966408452309
-0.472943508887908
-0.431611420348558
-0.447670684781846
-0.501974575446616
-0.413627017564801
-0.469713422129417
-0.501943591475045
-0.382375616919328
-0.417357505635503
-0.347246046139479
-0.635507361646397
-0.487961141769834
-0.40068244087859
-0.590280329240985
-0.438414736380661
-0.383099859981486
-0.446911200523987
-0.4502339660501
-0.456688587172882
-0.315574530598465
-0.535076946116299
-0.456712863219778
-0.443950599510555
-0.346503231165226
-0.421799221997399
-0.227984758774789
-0.358474983444132
-0.550060786657876
-0.184871651194696
-0.320982244270686
-0.319584688959909
-0.33651660607701
-0.335546206562759
-0.387349546238884
-0.236965730141734
-0.400234199208197
-0.348785210099082
-0.332905580231185
-0.185186254096005
-0.459354026329881
-0.395733803646254
-0.300890571694491
-0.365814989326744
-0.329026515509605
-0.41967070973092
-0.399652194615829
-0.407965934310106
-0.19749171269331
-0.279208212770024
-0.386423352051295
-0.470028231923289
-0.186585508862318
-0.21871926829066
-0.279796795219982
-0.292123020170272
-0.293247582716633
-0.359839772666802
-0.272683129537776
-0.27217801588269
-0.334395865503772
-0.228340567529778
-0.311156494955872
-0.251508692880942
-0.345485159191286
-0.24484647404147
-0.337903612942666
-0.352811311053303
-0.307813349009391
-0.370142685235217
-0.277500107506704
-0.425081185999844
-0.205452518688111
-0.298723587432227
-0.315161592941835
-0.168403404054204
-0.430211629613487
-0.29807945738952
-0.250125303474583
-0.327683381741203
-0.243521455492937
-0.255523720853312
-0.260630161370266
-0.375301074945781
-0.285405529791755
-0.140463962875155
-0.192863728426067
-0.281279552665727
-0.302939449077106
-0.21733428348442
-0.214152642684011
-0.287517870043025
-0.231231168661809
-0.282196132352377
-0.15887272796192
-0.160741479522607
-0.280885758622846
-0.286810163257215
-0.181430786582008
-0.349187378633142
-0.158467806953821
-0.256366537509305
-0.241353447714455
-0.307394981036775
-0.162154055800656
-0.213526856712557
-0.185517204300372
-0.263629390068556
-0.285474935750644
-0.245250073328502
-0.279734392964024
-0.166163399430105
-0.274679330206601
-0.156340214958235
-0.234324045497856
-0.26238187719789
-0.264759769138294
-0.237195694112992
-0.0446731887392531
-0.324919269726926
-0.236647769569292
-0.00867732136419175
-0.158815805803916
-0.327992243857605
-0.0715925542917969
-0.174474495359506
-0.285733441763599
-0.252114753796164
0.0151428909769627
-0.310325981966822
-0.221262241359519
-0.0869168821662179
-0.189857790805161
-0.103637370014744
-0.168016761331208
-0.175163507284155
-0.130539429814971
-0.140050070731312
0.0980304489677384
-0.0494757010076408
-0.0593033377141153
-0.166535251220172
-0.133424625455894
-0.144039207842834
-0.137983809622349
-0.138171743823897
-0.136376490367445
-0.191256053751644
-0.019157059303759
-0.051040956922309
-0.0494002552420178
-0.191760969376745
-0.231488059512647
-0.181726702634676
-0.0949652645112248
-0.0705233069160224
-0.112984777660192
-0.0985594537720122
0.0338275657982042
-0.0532871629858441
-0.117468367037156
-0.130164348540947
-0.108323204848417
-0.203254062821029
-0.280444717740569
-0.172555671324602
-0.18211647388581
-0.201278397661709
-0.160878538441085
-0.274058842061341
-0.190387148246011
-0.137429650362447
0.0843759654399078
-0.0685112783202981
-0.0393840253570229
-0.139069480227068
-0.0227147667817613
-0.130424490283611
0.0115681475888489
-0.116463242984533
-0.125329758414913
-0.17483241375434
-0.0778658342294677
-0.0311156170098647
-0.0874633040631581
-0.0425235797346531
-0.143793554268071
-0.18692897802634
-0.118417250760359
-0.030445625770976
-0.0391059956824289
0.00484754080489119
-0.0705532190655924
-0.107135743760853
-0.0013062839959663
-0.0261242762784623
-0.330665931628292
-0.136832726445179
-0.238930380920079
0.0184164344064917
-0.0644681136026227
-0.0596464531232528
-0.0118915034766685
-0.0930171629170869
0.0579792813008066
0.0161221323684357
-0.049892685493102
-0.0265526935366446
-0.158030994834482
-0.0319087643182684
-0.0737482898909621
-0.171840908814261
0.00542050805388895
0.0993429457207617
-0.00652786738894661
-0.146263813477012
0.075753740680544
-0.12712505650955
-0.169121107742076
0.0256244286909032
0.0149889714382354
0.0218020112878256
-0.0375997231033175
-0.0279339808553935
0.023262749675055
-0.0432572914802921
-0.0750191142028617
0.217407202859237
-0.159346694758315
-0.0388699855993518
-0.0434379160820406
0.0559075739340031
0.0208049724700525
-0.0647307266602943
0.0181915348039506
-0.134704364095916
-0.0169863012989379
-0.0269122950300501
0.0550755664072956
-0.0256758754613835
-0.0144057090559413
0.177600397446895
-0.07176992843597
-0.0334745406679872
0.0203947840243749
-0.0829084183360562
-0.000425787717104263
-0.0518934949311614
0.188769638986063
0.0915743271471603
0.0789585361754406
0.187679364422563
0.0401113658641521
0.0179483575257978
0.157728144362407
0.131870433684281
0.109861390897401
0.19149447354221
0.0912950067266577
0.0411518963461788
0.181808312002356
0.12766041598314
-0.051989084336902
0.136598382236442
0.0915809588858662
0.0469070434505517
0.00119871502255634
0.103233589175644
0.0832331644632392
0.127284023762873
-0.0041424694551305
0.0597058364652386
-0.0296133832677413
0.196122928636195
0.110856802307151
0.122501529937628
0.200250486679174
0.0396878475075298
0.118597280863685
0.160733389116822
0.109136933019048
0.216348847595403
-0.0155836316361342
0.000656611589327252
0.0567174821881631
0.0449275569817931
0.373829155417544
0.237176617572511
0.237006621755211
0.0417796084228975
0.17864818175072
0.01748778684329
0.129184405236626
0.24968864662892
-0.0128491344149472
-0.000849409799374972
0.104889727630264
0.19374373741184
0.151308166899626
0.142742076172967
0.200573340418969
0.243012699325984
0.166993498312884
0.214930370358901
0.0775693683832367
0.185603548696251
0.092880118019609
-0.0139163029042548
0.125098233329696
0.0762544243894661
0.178624083368067
0.275971082611179
0.236236914609999
0.19916821856408
0.268829944611967
0.190510267454821
0.172603536455186
0.21402050585915
0.223586164248477
0.226364442159634
0.158561766809161
0.120533518603391
0.20878778994311
0.217911446834906
0.208111565268772
0.341501341378029
0.240082186148688
0.0290707430557371
0.221392850133413
0.198087550994551
0.368212266142648
0.131590602183621
0.238081148355265
0.267191950920104
0.155208844077506
0.375941881271879
0.281361884440908
0.21828068151287
0.267070559584086
0.151855801428518
0.283915413314791
0.428575869042005
0.363251517543098
0.164910774065448
0.256497715774537
0.235359780438889
0.310309065662411
0.278470381775823
0.372622271116325
0.166030385778482
0.327012925255204
0.32597642993057
0.199898196304297
0.186413694900621
0.245799201358621
0.353465333042724
0.219277731745244
0.414343325632024
0.291167073789759
0.42785762241944
0.265383766519536
0.279303687077414
0.275077467581963
0.266996672230545
0.216764558629534
0.229493597606122
0.207771559797028
0.364447703901331
0.411394979001373
0.358925862982339
0.239361634059673
0.459035650819098
0.516602671404754
0.412931703162838
0.361910044140786
0.377572432700507
0.0735875184565941
0.330493300499397
0.373754377302475
0.17543389121503
0.445952113652807
0.357173516369681
0.341727827358865
0.388789976209108
0.324818676933401
0.418431115487981
0.291822824335595
0.350547787896399
0.288236168793837
0.278961248488446
0.396481949041785
0.310797811945664
0.369031451116995
0.360030587041637
0.270750420073244
0.42750840332846
0.333625185451729
0.266676894216823
0.334621721597686
0.35919669480663
0.371939031961513
0.475848084419876
0.295512406974195
0.36569624138366
0.365457299587974
0.511125470710987
0.427883499875411
0.401638729363709
0.375900708335956
0.403617343564656
0.348739359409808
0.376530659663955
0.484956234824265
0.292278403861162
0.48170180035151
0.39094027043812
0.378157781284152
0.354770740493464
0.352495177067122
0.455722188907395
0.429283990509806
0.496088176605981
0.306013047589658
0.26881398299868
0.376224764592788
0.611203351843836
0.386561197709703
0.550620089815418
0.345386994459235
0.276433886670654
0.354355268869169
0.436917288525167
0.413988244040717
0.401594329149857
0.365857837004313
0.466572627249227
0.439845396098181
0.647685254468239
0.471288085887036
0.499483714645441
0.476476215170615
0.389135110348736
0.520000440267735
0.438131966701734
0.379730843239572
0.558418270642133
0.600134476555681
0.248650676704798
0.486904335488135
0.461186324279238
0.613509075081403
0.312684530883511
0.416258888766404
0.531658860755411
0.421859291602868
0.508724453893873
0.512344848450736
0.385939444604299
0.562204302847173
0.535753812126612
0.529866093949514
0.290049923651551
0.447880709548893
0.422817753366108
0.355388765549108
0.565036873328705
0.413157294909304
0.468221830832987
0.539654421964717
0.428402717688802
0.349490136880701
0.583604583648865
0.456270255213578
0.409622947310516
0.554185737880691
0.494687891093469
0.476818135692347
0.321629743256924
0.473170910346151
0.566691959418934
0.485556946303
0.544397923960208
0.515179708075218
0.450457525097768
0.447926730146983
0.559902039679422
0.428925585755035
0.54073882708735
0.532183273943646
0.564474538351242
0.494282958653995
0.484274085600139
0.484709911115728
0.417748388397224
0.518839532161087
0.55023486359987
0.65871264782548
0.652230502165123
0.583931531070471
0.352200270810415
0.561926261806451
0.494332720397434
0.601796884980463
0.487515046482027
0.487457943253739
0.614310143805416
0.571554964849819
0.450707027616839
0.561256753938477
0.508324773208079
0.611049233164588
0.536796432532792
0.469798110320265
0.726516831360881
0.617694980927294
0.621075604600485
0.572616104147898
0.632552187983834
0.518683123461995
0.607041930788543
0.44410568712392
0.678635712747489
0.549529168546572
0.555632791828368
0.644815316101916
0.78835722741735
0.612704178590643
0.720166479820234
0.564871192330581
0.562959986738273
0.672916960616953
0.676206853814254
0.756157795773621
0.72645070777835
0.576404914344807
0.630619337824571
0.696281447974671
0.503424195899915
0.650520232127605
0.548056034486414
0.61185408724946
0.53342207202907
0.536492008079231
0.621305388391174
0.50575184016362
0.641479167732551
0.790014923578821
0.576928077608244
0.737200041573546
0.757171996023522
0.69242588037435
0.663576538629838
0.611027924594228
0.610546756290257
0.675857370370159
0.810626559129863
0.658990975392709
0.57307530827919
0.714461088673437
0.606279971955304
0.51978108391805
0.633767053992151
0.610903295537381
0.762272424789587
0.698511200102339
0.612660555619783
0.543692424612861
0.626202245768836
0.72406035136788
0.673644995641544
0.759693328109724
0.693131778495104
0.736804537505368
0.865057254413886
0.846698717411601
0.581956747960878
0.786311956461358
0.728109015326222
0.801851676025565
0.645728982492123
0.717479847996617
0.780194083497097
0.744806299972102
0.758835010738915
0.748725126653694
0.688762655078097
0.70756551864666
0.776070280280934
0.689974423609417
0.68831101105243
0.746231510311416
0.640430615723843
0.722913237918915
0.741102851729601
0.685635044191343
0.691991146070897
0.667880814016853
0.833248680673372
0.699678569320997
0.646059196369079
0.717405505975157
0.603014122722037
0.649133826920247
0.751076177308224
0.732432610887602
0.758960342057007
0.630461263368289
0.64437314735078
0.642465051710415
0.784874480640966
0.730414552171696
0.853884464336773
0.762318345117644
0.768999102064431
0.890537489081806
0.661875954940361
0.735840678896481
0.803223263526286
0.789133909827595
0.793166963996053
0.883926972249744
0.770705498800715
0.826639472603217
0.760316055875983
0.822559228068174
0.984568542677481
0.916129879642896
0.856592454688377
0.832715095721767
0.918037188803247
0.79286063937939
0.786572467526599
0.802022506683194
0.816331633514831
0.938056680413971
0.783014059688395
0.800004704885484
0.848426691373919
1.02638256416818
0.651146686100988
0.840845485242114
0.795687549998013
0.871451435178211
0.82768831403891
0.821894454189544
0.772082324018325
0.931444003320793
0.61540713153557
0.94403092545013
0.864595559585367
0.661971330987476
0.91470949922716
0.929541358329548
0.955534808597861
0.86179157593182
0.959177787143189
0.773010825068226
0.797892362452291
0.875757774371224
0.99109694381663
0.905143294004872
0.856054607067747
0.993373650986322
0.826604985458247
0.789972126768657
0.964030995086832
0.969299469695564
0.805674608092492
0.830853072938165
0.900728212159482
0.958773053844381
0.950397344794389
0.991976768248836
0.995790105853635
1.01898862943252
0.914005086494298
0.822027413029261
0.912381188801165
0.956376156247729
1.03562539797991
0.919711425016881
0.939883888039571
0.970371765857319
0.943860388018447
1.00366988729711
1.07375640885537
0.920625521240011
0.8949762847989
0.839252164056307
1.00374986440379
0.961969504626425
0.923757012244558
0.904630179893328
1.07750916566224
0.968669086509135
0.948271515719653
0.932986531913763
0.935645240478175
0.848737794719405
0.947128580043673
1.03933185045112
1.02385594402224
0.854440038027939
1.05351774379022
0.991588234744464
0.823035081804711
0.941233089731647
0.9248837794611
1.102999614789
0.980561284313295
1.09183689400031
1.02268767551608
0.896455797930876
0.79471043138465
1.00180838042495
1.11059195677902
1.12061226025659
1.06306321603066
0.930471801888468
1.07625380631445
1.0415750358291
1.0245775255227
