"x"
-1.0518245090017
-1.14384430051462
-1.02192998805354
-0.950769515893681
-1.03698461695799
-0.996945790023217
-1.09424719038996
-0.95597703854271
-1.1348936252847
-1.03441024903938
-0.977124247621474
-1.02973617625275
-1.01672783255808
-1.12694963631909
-1.1117124428486
-0.994247457399441
-1.06266219596934
-1.10079830749773
-0.850484294354622
-1.03475143647476
-0.998011894339728
-0.881455017039376
-0.920725651065426
-0.968806042464238
-0.904989478880842
-0.860404996142304
-1.02860175327341
-0.855418905606962
-0.90341955172417
-0.884316662091547
-0.94089324709871
-0.923323901009855
-1.01888094318649
-0.826434684746772
-0.872056190020365
-1.05368762195116
-1.04846888817632
-0.949178537853907
-0.892131557751544
-0.990115896204759
-1.03473923279961
-0.793077127287249
-0.984798618117914
-0.97101865695326
-0.929974157369642
-0.943441148176365
-0.992305539517671
-0.947678424035887
-0.878286771561795
-1.00418212605468
-0.880269255180125
-0.949987072535401
-0.889240143688289
-1.07425749401092
-0.879495243022476
-1.01534012037811
-0.934177978441577
-0.728914362595225
-0.775348750316695
-0.887318585071068
-0.877495836842119
-0.884904794267378
-0.721067176812986
-0.88973014543851
-0.940309082295518
-0.855513021744943
-0.922633458365078
-0.983893026202836
-0.984642116789789
-0.824633570364274
-0.776572936387815
-0.883040993602354
-0.822494706110117
-0.823689797317923
-0.949931070449187
-0.850410634027502
-0.877015374546058
-0.662607841824793
-0.862937341356076
-0.72675547462999
-0.698638788993914
-0.744232815184082
-0.874492261984935
-0.90785890274638
-0.989765408151208
-0.826945054738434
-0.800614084937715
-0.891526408030664
-0.77838065072145
-0.868540675406631
-0.777455576499123
-0.859721489320047
-0.909676011190706
-0.802333621725389
-0.78222821701666
-0.739404241658719
-0.716396291224629
-0.712816892429332
-0.71532552670532
-0.716932176939327
-0.846996143008248
-0.756050931866272
-0.617338373653753
-0.872689613307519
-0.80607750794793
-0.806819887299956
-0.858907686979986
-0.804767184306268
-0.742788363083188
-0.686896489685014
-0.701319495409478
-0.79281381719515
-0.702724887873542
-0.879495844908825
-0.701169202013981
-0.923934107151716
-0.741821767245257
-0.888664382224328
-0.663084707224983
-0.894028306150127
-0.739628990672368
-0.829652905423342
-0.812961008876654
-0.989469893838818
-0.747289341007679
-0.838589181091525
-0.742061641336397
-0.636511248884667
-0.726980627516562
-0.687399360570243
-0.713305941311263
-0.800347590210294
-0.790395856140025
-0.888853095188974
-0.910247111536173
-0.794079062383205
-0.638440226426265
-0.638469177991118
-0.734185073157152
-0.678233131424594
-0.809764894310538
-0.465075884585699
-0.673660099881797
-0.758809683721776
-0.656172663426085
-0.510132255299649
-0.86632471266574
-0.54511272135244
-0.69959034435844
-0.629553525819002
-0.802480376111738
-0.689388172804882
-0.817045724663095
-0.707402796873535
-0.606172964652013
-0.656345324846932
-0.589498565129506
-0.637481238872877
-0.613572754057498
-0.682258595879678
-0.619741582545853
-0.731614697230464
-0.628109556326191
-0.510149248539219
-0.639267250958616
-0.621838644545338
-0.685642745141758
-0.60186500086875
-0.586597849255801
-0.676892561938856
-0.769578107691677
-0.614564127121033
-0.640922467503176
-0.646375492151707
-0.570770132501924
-0.488761873681224
-0.581404212666305
-0.584633785802928
-0.632589220498683
-0.65759694040058
-0.741723599801595
-0.693665839542297
-0.422575062886646
-0.581307586550686
-0.621230702712416
-0.682391604530827
-0.582843461051729
-0.590331030195377
-0.734751195156091
-0.603599142079063
-0.682975308832796
-0.633664367243208
-0.730097824338447
-0.689529016685275
-0.518467685632484
-0.644497947146034
-0.647926473187651
-0.670195013531591
-0.723290805292496
-0.501345773884768
-0.660655245934677
-0.619326125448189
-0.643273795437392
-0.621405495133951
-0.5988636936311
-0.51631350242699
-0.646479531752312
-0.595368640290348
-0.606891939365842
-0.506187578166393
-0.499472269497343
-0.483495927361781
-0.586579621085314
-0.480056766307284
-0.53061540423206
-0.535346896471242
-0.459365000891345
-0.50311507753693
-0.594699851622576
-0.592457409190121
-0.575360766824651
-0.591466945165942
-0.609228179213337
-0.526900314707914
-0.43012469013333
-0.566993644804184
-0.480469827222131
-0.605139396252823
-0.5352265292775
-0.461549136493737
-0.418013996589169
-0.615391576378015
-0.496699006211351
-0.527273034751485
-0.548732911111393
-0.486981658658645
-0.545913349302632
-0.529254619026731
-0.5638498370652
-0.513206444930045
-0.567140891341646
-0.576827333453309
-0.497409162922804
-0.625465579511283
-0.500576411769614
-0.532757803965374
-0.518856448095284
-0.55257645002553
-0.478729286362587
-0.532357964019188
-0.517138872486082
-0.596913421532677
-0.389480219951584
-0.654736706084601
-0.459170850231498
-0.563940442532739
-0.515979083904992
-0.512134790238112
-0.464805504110359
-0.492500942386439
-0.622406432056841
-0.623495290456513
-0.368188569458506
-0.573999717263003
-0.435024625290746
-0.499480998174889
-0.440515325645213
-0.536174395407255
-0.418324613317419
-0.406116149269208
-0.335252949913184
-0.444442394632876
-0.570128034082896
-0.452668978983061
-0.4169928106663
-0.343956337371806
-0.471050353626201
-0.498745180956105
-0.520080896623932
-0.446999033431503
-0.46589037107906
-0.538831168959042
-0.330222143107407
-0.437485384966758
-0.428243252476061
-0.382471805767252
-0.378717021219985
-0.34894820063798
-0.314885852001795
-0.349197924288697
-0.443782771749484
-0.267020374262747
-0.303501495516154
-0.53302565539355
-0.363949924937895
-0.402868222501601
-0.442281732047103
-0.242307625092755
-0.429265088735868
-0.406794715862601
-0.435244352043379
-0.367461676446924
-0.369369007986228
-0.482335255263935
-0.316130451763977
-0.378534151701421
-0.371596064941225
-0.459387221248165
-0.445251878333938
-0.351445292894014
-0.422326395220828
-0.313289703100931
-0.298115835518319
-0.423512372088478
-0.32899945022028
-0.315004450966929
-0.418830718449094
-0.184259423555793
-0.426358912359795
-0.274978392338196
-0.377797456451488
-0.399597520141072
-0.415212885552496
-0.412751600602331
-0.35267805044375
-0.466538674516317
-0.146404044146541
-0.324200974855671
-0.33925397747617
-0.160631941270072
-0.336162783134462
-0.269446339951679
-0.353523675474733
-0.320471965233789
-0.344903631997699
-0.437912330030717
-0.339066835190834
-0.408478139738234
-0.397728834646656
-0.227040387089325
-0.343694702786867
-0.373437654894742
-0.246258486619046
-0.434613323714818
-0.353746096503162
-0.246719847995339
-0.356761515620853
-0.500105955326273
-0.434447370885907
-0.201948801558714
-0.300399835433446
-0.300808416669906
-0.194487501402934
-0.275503791005655
-0.210859891213667
-0.261766171594923
-0.310329414434898
-0.292793947855023
-0.417820621242813
-0.211137286766071
-0.391433635260153
-0.384779517200003
-0.300197908435401
-0.274425810700716
-0.173128821228453
-0.406843038206897
-0.301696020201294
-0.324746186686412
-0.17143351529669
-0.189778728220363
-0.236386013835754
-0.295651849946289
-0.290597641652311
-0.378508679469335
-0.24062454792563
-0.198041737271144
-0.31344346154817
-0.277495185339095
-0.319278530892657
-0.370333786473549
-0.286667252825188
-0.232064267332102
-0.363752046628121
-0.239614088313564
-0.328645326722089
-0.326058966270103
-0.379372229226141
-0.182924954556536
-0.227639491149843
-0.215505096798466
-0.168620603128372
-0.17803999131267
-0.26353883935604
-0.0576051771242894
-0.364998569185302
-0.221245602384474
-0.203867725641916
-0.140470012531879
-0.284755117673151
-0.309213970579469
-0.260962518802923
-0.107884738590396
-0.208351507354938
-0.281866861486409
-0.347734138923109
-0.0201450535198764
-0.063374451041539
-0.354765020393842
-0.209144417509546
-0.235046961394536
-0.260870181712434
-0.0417390598324587
-0.175096091521509
-0.235181684569043
-0.202060804356562
-0.153287979551258
-0.229838096253266
-0.172206479158556
-0.0696073279239112
-0.161694838831665
-0.0953031210095678
-0.195689857182502
-0.151572412161457
-0.191267013995563
-0.20637637386905
-0.0590962909287469
-0.085399024152996
-0.188473702455103
-0.0765791683775263
-0.00587140084086495
-0.0783284369453837
-0.0790298615096214
-0.255501717454985
-0.173111593424703
-0.0554476557963538
-0.065844383356666
-0.0870562365409896
-0.0592069462481488
0.0553473734546637
0.0170741583527478
-0.238078134545459
-0.13948249198598
-0.0631541137764789
0.0682825532442055
-0.134389104809417
-0.0626098385545694
-0.162456935934846
-0.0307294745680451
-0.0888907677641849
-0.277226584226934
-0.137456207380197
-0.128288120607023
-0.132313473324408
-0.209120412962637
-0.024295109039983
-0.121133783390628
-0.0459941458669474
-0.048314313293163
-0.055815256891144
-0.102971736331774
-0.0835119102567304
-0.0149068229899631
-0.0442251743237423
-0.0367363995150485
-0.190945658683127
-0.103154475364911
-0.0431942526407844
-0.142930539720511
-0.155574653274395
-0.143809827821988
-0.0877280443900881
0.154916686618277
0.0962014671455251
-0.104733866476895
-0.0117631681178061
-0.0458897575727002
0.0280811550514126
0.103962301519925
-0.0292520903222411
-0.0600855591279008
0.0371286192677014
0.0947157906141742
-0.000430086423657774
-0.0231275394552248
-0.0288876466283584
0.0257266969380003
0.0387011688703393
-0.084491924324709
-0.073205789493118
-0.000287979169514922
-0.021321174323896
0.01023354315137
-0.147889937575763
0.114510219856441
-0.050873531017435
0.0534646720807889
-0.00139494422615768
0.054537480106218
-0.0770766771899244
-0.0416410557211495
-0.00248549055582619
0.141409357931485
0.0412344165336325
-0.0402864326277443
-0.110152281158239
0.192997482861369
-0.00638165216983842
-0.0320566065118394
0.0731747502223049
0.140133452428578
-0.0425502345680113
-0.012961605091077
-0.085120051195613
-0.00313447103306678
0.119061525964713
0.0456696092112727
0.167794278497
0.0508212949348115
-0.0334892185319542
0.211716830792355
0.117103867915994
-0.0627051098217301
-0.0874108869786052
-0.0448269357120639
-0.100619016020822
0.0398279227094334
0.0844356781013339
0.201731545156786
0.134543802736866
0.0556791464056025
0.0669472786517151
0.0466348654359011
0.0458406173205403
0.127014030445975
0.348129068624664
0.113955549943862
0.0693151879791366
-0.0326623048020297
0.0725269143170982
0.0728496459374185
0.134163088878276
0.155295005890954
-0.0209708552027661
0.0755241413412383
0.200458459793379
0.0969391281469573
-0.00410156038803002
0.11372505690748
0.0290830220214761
0.101294716108759
0.0909805824678583
0.0995367518616945
0.160153223167147
0.067627302910468
0.0551030451109037
0.106889713051534
0.0428315425386097
0.11672756284977
0.137682187810629
0.128320286869643
0.209078149418994
-0.0558891084072963
0.0905869783911746
0.161258476502817
0.235008309481906
0.0631668626520751
0.029949200732351
0.176796503393523
0.00248805719303135
0.189024154390331
0.0238598527025406
0.24921832984605
0.185091169092274
0.129486516295628
0.131786820814112
0.0818010293343937
0.231768164609852
0.0759520067463973
0.24541230831027
0.0264376083321169
0.262143594724587
0.207327720105357
0.115349493658213
0.09137452651482
0.3601686446704
0.22873066850333
0.239240731350543
0.203455919510876
0.0850574284200879
0.0606199527457627
0.129385805528188
-0.0108313892420995
0.246474262712706
0.289824136384635
-0.02779670454242
0.239325349203195
0.310569915365655
0.232992652154232
0.221467455225933
0.19597134617198
0.157439496460785
0.162887089919127
0.262250510742519
0.0976537846260906
0.321559547268419
0.280340865135614
0.184911606844754
0.231771342532227
0.245030186516655
0.25577883175197
0.289088411646467
0.103891329837917
0.199720519202095
0.258022378668901
0.249315209226804
0.384896488839854
0.281809107396992
0.216771399050774
0.273831976328538
0.22442327141938
0.131132676693718
0.266368369778845
0.325184211915751
0.0543035054084461
0.200959519478595
0.227136775278904
0.381618041430637
0.137477903520414
0.368231044658198
0.354515495023858
0.276657018726974
0.138968405246409
0.2913284641217
0.260339888341472
0.324610668146965
0.177233715979565
0.375145510679714
0.432746269435507
0.273885395050583
0.248594895289325
0.257509010727965
0.21796010357321
0.404949144713501
0.455976815202391
0.322618011772456
0.178964673572022
0.119571459796993
0.458192618562587
0.289039456614718
0.224204880985846
0.321082152986808
0.257732350559581
0.390201462981395
0.262928373093132
0.280828773059903
0.24799054049522
0.233561982646922
0.374348564841663
0.278148149783367
0.48024991166766
0.299471511750663
0.353435324169644
0.347665310544123
0.373702763472897
0.297906825080734
0.249953391365481
0.403060211856271
0.332268382035475
0.456272308440716
0.316250657336159
0.427341517298191
0.336526946150968
0.272365908238266
0.354926679889791
0.448670044930483
0.453126636498199
0.407948375241548
0.371150879316049
0.336754933854092
0.324050055983914
0.166888354463579
0.428942343218192
0.196585511411845
0.218648147239333
0.426735196190641
0.431159636347911
0.4086012604512
0.340501518644351
0.341380941113853
0.342316485615289
0.379740406687622
0.374261312906298
0.349892321193899
0.33843917063845
0.379120055548213
0.333238093834492
0.290571817521326
0.34768526963808
0.456787201910747
0.370710021671902
0.422756965298341
0.329142763506954
0.3484563535742
0.299177058349952
0.243432820171357
0.557911613835734
0.458633973338781
0.333389939924651
0.413915698173455
0.526129900253743
0.431432083259031
0.44831050911809
0.339434691462104
0.368369408763279
0.405602493533131
0.363934926197447
0.296724296084621
0.40901646913502
0.308742198626117
0.408931936070999
0.512801525820516
0.472655484436334
0.456162220817582
0.483376339874563
0.541619791339752
0.445590040720885
0.496698914962085
0.401711364041712
0.627343958348825
0.360668283048384
0.51987622758856
0.444580595857205
0.42939290122547
0.512229945924296
0.419213253064905
0.540875580573474
0.507048578788179
0.326689288058686
0.392647507221621
0.421270743520348
0.404480055765573
0.60570555907033
0.613698102089228
0.684346409466507
0.445177891494909
0.460103074681166
0.586634008331547
0.485261550774253
0.42322525189547
0.486427996826236
0.445197556197409
0.526138825901138
0.495504465762744
0.612215149256809
0.358882497501558
0.601577271955298
0.581347730017954
0.478424838679359
0.626751783353446
0.574003101195714
0.584179930755249
0.662028417910158
0.488580894161147
0.458489415989941
0.457554026439404
0.594446019872002
0.499734959134398
0.46468105222053
0.59142769506252
0.577495570479089
0.520846992790214
0.564359182514576
0.487944182603608
0.723986289828083
0.71668473356098
0.395835219639504
0.463141588236748
0.56314113624392
0.570427124094325
0.476900795263207
0.36485476011979
0.464967293275389
0.537552224247288
0.591879161282231
0.586669203018116
0.43577772035215
0.695423758937623
0.642954726854123
0.56310304810135
0.584436420399687
0.700636003826762
0.431464068284658
0.368717554083477
0.523410489533771
0.507638139690912
0.528349057044954
0.481139978436331
0.448661959033994
0.56841772430941
0.567009834814142
0.837606032485006
0.696248368771321
0.579568282729596
0.647018294273329
0.69712345404123
0.627052222295734
0.67839308987223
0.640527276860876
0.578589037273673
0.566411418368161
0.570398134887575
0.689295127378344
0.516219017099535
0.69075507566387
0.685701794264532
0.681626966919745
0.737300157948283
0.593951136844405
0.69473899132527
0.622447237363877
0.681042616361472
0.594957359596441
0.737077022005524
0.837968755546011
0.834172508819589
0.649836014119954
0.630640975561613
0.663120143969517
0.782096022594689
0.647242085763145
0.726861094590424
0.683275450710231
0.654581890999629
0.568407569181011
0.604574248610082
0.615432564094933
0.574654618348889
0.811741360874437
0.58633880847833
0.621779418640082
0.465446939223767
0.612261365008708
0.640737226707731
0.519131373418737
0.653992172495643
0.635632423477815
0.725154381035911
0.610931921707164
0.732225150755726
0.641958107112508
0.533647819656321
0.598556601515387
0.73986828263867
0.780700803214423
0.803159724255372
0.715041593739573
0.736016246902367
0.782165676572828
0.627941281727588
0.602755784671779
0.771855693560784
0.734571605608365
0.752209744117342
0.759438013550528
0.798903069408744
0.672333543130533
0.806430582638804
0.804088083898768
0.682657164647041
0.65480643569061
0.683847305600618
0.720168061393938
0.847978834743947
0.861324881989442
0.593007416900484
0.703730798688285
0.883519040000106
0.783131842237885
0.831461282237654
0.64949082909678
0.87295322680646
0.782682311551542
0.816933876194875
0.754602623141939
0.785049789461083
0.913973246683482
0.638824509679227
0.855648014028147
0.807165301031504
0.786452630094862
0.754221956351252
0.777159680471512
0.875527528813987
0.789695625408369
0.790949571539873
0.802592765917266
0.7799895524532
0.74737227553142
0.775335481906049
0.86230516420864
0.708649751366159
0.606107449068944
0.957327429512726
0.698573757140703
0.875454862108812
0.884859847937323
0.857841972150339
0.711101726593794
0.854509233134541
0.892961999585421
0.742071027001982
0.8231892767976
0.823776256100252
0.886342150926493
1.01750592304292
0.869038154791227
0.669290953623225
0.761976471434815
0.807917384281754
0.909385553473554
0.797946442098249
0.854202070206474
0.846095309177064
0.838889644663428
0.69402138552157
0.88244597560734
0.823891199357516
0.959794076382224
0.895555211659611
0.751612845454233
0.965480595758149
0.835769694712417
0.820007514969251
0.727801220881376
0.83549812457208
0.810471514189937
0.834970817914302
0.941993074608574
0.866550182639281
1.04492577516924
0.857710153530453
0.875362992624408
0.707550121478213
0.974898095692973
0.947667724782694
0.953639471333511
0.866653809013553
0.92124047011245
0.866024195050812
0.818732478327474
0.812017050016143
1.02962163358126
0.938912790480346
0.878915854493549
0.917606028452325
0.8730356221858
0.893713111680353
0.948788710380795
0.950012606381124
1.0284763205498
1.0224497583407
0.892848523043814
0.799140972415496
0.828525489594208
0.89942422259891
1.02353940210187
0.914867534864493
1.00638701700447
1.01987301370488
1.00380670186109
0.888986900792664
0.834358675287393
0.870394789269127
1.01502472059035
0.818629705146759
0.929841128933224
0.972411489904501
0.901683995466746
0.847823410370435
1.06821371557801
0.905023372993012
0.774411154557384
0.869916177522967
0.861154312016252
0.999215182081172
1.02558958537303
1.05784679467476
0.941739399045828
1.03275893293956
1.09339428534565
0.949790239532528
1.04887831962387
0.977278171032497
1.09665143840218
0.978555202815732
1.0271567266845
0.998623304137877
0.925466179122591
0.943346096296179
1.12902944345659
