"x"
-1.0541373777086
-1.10288120321085
-1.01874883072814
-0.919824359312609
-1.04126898795031
-0.982669147025375
-1.0980123235844
-0.960626461617729
-1.16622304841956
-1.03269232649935
-0.956300139805239
-1.00129980952125
-0.993152015504519
-1.15189935803262
-1.12832721631343
-0.979128786678621
-1.03994501225167
-1.09545470151001
-0.838675430651122
-1.02601937220333
-0.991225242783776
-0.873827778778543
-0.926719118482486
-0.980263318221087
-0.888011719493505
-0.862310187031858
-1.00479461980448
-0.855862366884455
-0.921232438063406
-0.882307829780953
-0.9262512362873
-0.905239338833217
-0.981057163425408
-0.852332393685942
-0.868143445479459
-1.0515398425904
-1.00764449710954
-0.952587904252455
-0.8890726724031
-0.962033175343831
-1.05387393039407
-0.792398237021878
-0.98586372040107
-0.966857488113323
-0.951672447231868
-0.938100168540054
-0.978845825468902
-0.946953052024299
-0.874236181752958
-0.961509698836106
-0.904570527616447
-0.934514375746915
-0.88388851172028
-1.06923625844238
-0.884814303535827
-1.03083344779201
-0.941041339338694
-0.717437261131716
-0.762502956781259
-0.88506741239096
-0.873044208929934
-0.891387767080233
-0.699099766063902
-0.876369532329802
-0.948447291258563
-0.875333667800784
-0.953250971821001
-0.99402843169827
-0.957683936350966
-0.847015686235026
-0.76673430768997
-0.868068202276452
-0.824386548328031
-0.827086893992314
-0.945003023414379
-0.871083678719942
-0.901612286043983
-0.662366906658227
-0.846005576990022
-0.74836305849922
-0.71218829083132
-0.735204694920293
-0.858891805794855
-0.890826141337829
-0.981289809444055
-0.821603613279005
-0.795616067938673
-0.902929450581012
-0.782471495066729
-0.864175292531293
-0.775444547681455
-0.844517238851999
-0.918053223616644
-0.797451452270871
-0.788546729572048
-0.719751896151798
-0.732761015773041
-0.736637770973713
-0.709503886461032
-0.722051390556669
-0.863623679216199
-0.742112469335122
-0.62187606592868
-0.883041527270681
-0.804978128580494
-0.78743915458099
-0.862802447763156
-0.796388963950149
-0.773604156255879
-0.697319622837033
-0.703515380165993
-0.800953540005437
-0.696727659799644
-0.858810412225931
-0.715751478466382
-0.903363274381268
-0.721579337740082
-0.892971556241629
-0.675917024113023
-0.870938899552395
-0.746715488723826
-0.795428005545603
-0.831986919626389
-0.963453082607703
-0.756105577103663
-0.84592192675435
-0.750630826202482
-0.634509880211041
-0.734218042732116
-0.671454215011523
-0.710575244247723
-0.80442678322076
-0.79611899309734
-0.883613303303408
-0.911708199957624
-0.801395228220564
-0.641525395283457
-0.609208157892154
-0.758479056552415
-0.694267864415502
-0.794770732376524
-0.469311642849821
-0.697763347283513
-0.756274150911487
-0.63056232657354
-0.514977986104861
-0.883229580020396
-0.554340289599546
-0.686641857791708
-0.612668717637535
-0.800982578592469
-0.692144805427441
-0.784863704496359
-0.731394808199108
-0.596484669997405
-0.633746030954485
-0.590300062605317
-0.636807111493098
-0.612691227761749
-0.689786534431195
-0.606669785669563
-0.715037446452127
-0.619180056970649
-0.529770507957591
-0.639615394742786
-0.625318849367344
-0.71423214135045
-0.603779767054534
-0.577144520699816
-0.685852608591472
-0.753390851824013
-0.621570197346812
-0.66204610614007
-0.632936739814956
-0.581030293933688
-0.507808252992028
-0.566076235378716
-0.594603136673552
-0.663088171530447
-0.668244753783511
-0.737558847923262
-0.701861598055297
-0.439059435445471
-0.579981740771601
-0.616969556872839
-0.679015364969609
-0.585439300373175
-0.590723371331359
-0.750319811741305
-0.610104744797813
-0.696579358187724
-0.604737727690209
-0.728119547741946
-0.685011483621398
-0.499763542213897
-0.65621302435889
-0.647063970730706
-0.673885287339208
-0.745382557605844
-0.518184627224549
-0.668669900571321
-0.632287199294459
-0.64143182576309
-0.621022499948967
-0.590940647851817
-0.516007623282018
-0.638052807559771
-0.58002666065527
-0.628937689496731
-0.473577096008785
-0.506773482988492
-0.469368786154273
-0.583191825155192
-0.49559279579988
-0.518846611404574
-0.542257523974134
-0.481842417523555
-0.499176514476689
-0.589223022853942
-0.567763869524797
-0.549672552670669
-0.586965324338926
-0.609536478211432
-0.525098755019125
-0.409621154602306
-0.575294142244018
-0.474162485757081
-0.584612712870773
-0.534574360207221
-0.456910647315705
-0.423113775539751
-0.589410444786817
-0.502262327647801
-0.511558635694124
-0.537229613052577
-0.470639940104165
-0.540373106860906
-0.525549783614542
-0.578790502610595
-0.524468710025149
-0.576955875845251
-0.583995554379024
-0.461334302639862
-0.626108863718533
-0.528784564699004
-0.538070615695374
-0.51604044289014
-0.566519434822377
-0.488066837100298
-0.537662017201489
-0.535447431592174
-0.603956073175705
-0.37689177956213
-0.62735478978891
-0.463954271185521
-0.565553637592718
-0.508226663197235
-0.528149997555741
-0.466912216706031
-0.504947880471965
-0.626997527526082
-0.605584703609693
-0.357181788003913
-0.559259551175965
-0.415104944306766
-0.493540358709596
-0.432122644252292
-0.516844578982056
-0.418804955654317
-0.401264837292602
-0.323670814058982
-0.443478342473212
-0.563332795525633
-0.433445465926405
-0.423244837748116
-0.331806141013076
-0.460070623175986
-0.490211333155772
-0.532496236305008
-0.424991068798816
-0.472896577649476
-0.513564126601354
-0.327124586593817
-0.422670926653572
-0.443027212522187
-0.360910384771122
-0.383994557482578
-0.340637704134931
-0.329140360090851
-0.339789283184242
-0.435457570285837
-0.295221979292331
-0.308513035083146
-0.535569239425688
-0.370459508390947
-0.39233347268352
-0.438759926937316
-0.236490479484928
-0.448049048446576
-0.420611050128415
-0.432004771422454
-0.357495219664581
-0.361591869806865
-0.46848576389345
-0.316743839600294
-0.407388290997537
-0.395947684640488
-0.460080204551173
-0.451903164687226
-0.363233929201884
-0.431802019693185
-0.294699373426447
-0.307253554976191
-0.410171961028361
-0.329469503199472
-0.332523921823004
-0.424495719047788
-0.19535924490579
-0.4372185410484
-0.264273916520525
-0.373291088906436
-0.415417203826414
-0.407349148500908
-0.401939799785749
-0.371449397414555
-0.478951134347203
-0.13621285600503
-0.33079149699757
-0.339697130834555
-0.156423286904538
-0.340596891883031
-0.252059504336019
-0.386901225653264
-0.33005192565877
-0.333361794156614
-0.446407295160375
-0.340550497531908
-0.399983777215317
-0.396115298438387
-0.209193026158381
-0.34745414501495
-0.35919974206064
-0.251571193662152
-0.44263464683413
-0.37142079559518
-0.255039030714055
-0.36795049327009
-0.480914276703728
-0.409977665240682
-0.224567563588217
-0.304146412856118
-0.281066257714052
-0.190779490396893
-0.259189164474775
-0.198950846057698
-0.266880679961844
-0.317550261646984
-0.282588712284454
-0.420786139084278
-0.200391852443168
-0.376720909193276
-0.370241867696771
-0.2855736537779
-0.2575720967384
-0.194098892514111
-0.396504997887681
-0.275710836177146
-0.324601168460318
-0.184147555400003
-0.20053595103136
-0.240620408976586
-0.305154857144465
-0.295158069118986
-0.407677734646038
-0.244307481979571
-0.203430850088119
-0.32642906695059
-0.28543600642519
-0.305239494808911
-0.373952105877243
-0.283829641455606
-0.232861100513814
-0.382519904459512
-0.218752205005164
-0.354280768027372
-0.318006219029998
-0.368268971729106
-0.198051956634177
-0.221310562353202
-0.206828151249208
-0.17473557381783
-0.157508596079543
-0.281679565618899
-0.0725709737183434
-0.362292768778754
-0.199915021599188
-0.203803655227439
-0.16187997300484
-0.277906525030191
-0.30899331180074
-0.254282461002279
-0.10353475435585
-0.203486118859855
-0.27632047235595
-0.321121630056938
-0.049968339511042
-0.063070607456646
-0.3585689190178
-0.223469648709007
-0.222157968098814
-0.270149945186189
-0.0398021943701111
-0.169832071205759
-0.244975054858572
-0.207167064827015
-0.142291444030861
-0.225098311866137
-0.184908463503155
-0.0707105363809156
-0.159796167918671
-0.100698338928763
-0.185614830286459
-0.146104393063722
-0.197920451138457
-0.200397208725199
-0.0482783363773717
-0.100963364601274
-0.171331442628054
-0.0759076431615844
-0.0119558425886754
-0.0929067604623588
-0.0653923998338365
-0.254077986489366
-0.158341025375698
-0.0719434523051191
-0.0527038662929701
-0.0729784236646018
-0.0590893679246816
0.0515767636301428
0.0242422608819829
-0.224661326685237
-0.115106788296019
-0.0739398112201672
0.074505822111289
-0.124057146602084
-0.052869200188499
-0.158714865026
-0.0441822425840071
-0.0439410052181258
-0.256012439753247
-0.144096823786737
-0.0865293647495242
-0.125010509763159
-0.207397585601001
-0.0357500090760904
-0.105533957916957
-0.028591288338787
-0.0291449249737962
-0.0391714715023284
-0.121523634423661
-0.0723354963945153
-0.0102930364760952
-0.0513894896368774
-0.0483108757268375
-0.180253392459775
-0.108000389971975
-0.0460175654650162
-0.14836386198305
-0.150773366002526
-0.141106848156978
-0.0888351977149446
0.160020301053942
0.076231469421259
-0.103538756300006
-0.0207912508378549
-0.0365496972728061
0.0398365631524167
0.113959036104769
-0.0164429520729758
-0.0523619770768116
-0.000862988511455189
0.0907213088714088
-0.0253930523878284
-0.0191682704648704
-0.0214639171487924
0.0215779336761757
0.0386214270306971
-0.100636550676047
-0.0691260565206585
-0.0229498604186946
-0.0196080428462223
0.0319986674537551
-0.123546395226533
0.110570061547203
-0.0400746428099284
0.0701912788594501
0.00199894744616303
0.0353853523847003
-0.0829661541154944
-0.0573297955855765
0.00721327137335955
0.139237360611703
0.0490560190393187
-0.0390308789331321
-0.117414676941064
0.195313623383669
-0.00380210037197451
-0.0279236829297851
0.0938304731888119
0.142943834867517
-0.0242761444564008
-0.0379370079074627
-0.0885018566181593
0.00802812157093858
0.12565982279914
0.0546812713245346
0.154574169989217
0.066326258760923
-0.0469960119212667
0.228437307787837
0.10479781980959
-0.0640032876579432
-0.0810055144370051
-0.0463648710207078
-0.0877829140721327
0.0482637168284311
0.0908863203322934
0.202071158751614
0.14950557603883
0.0424131705834339
0.0611858030323593
0.0676244436121502
0.0230441325017676
0.121788249448406
0.352342788187485
0.125113142887062
0.0578569528160141
-0.0303658151932193
0.0799448721961818
0.0887643840849934
0.104872689247613
0.140490396809482
-0.0382254766856403
0.0898126780256664
0.201631048460602
0.0621734327428495
-0.011200607917942
0.119795494651986
0.0180948662621049
0.087412205945916
0.103192754400443
0.107737190565381
0.155058271033826
0.0757933686923568
0.0746709744932749
0.0990113572567985
0.0192870171555444
0.112421497932274
0.141147716610008
0.126657444156085
0.204680887130433
-0.0498284649718808
0.10111196027531
0.159315042611143
0.251896188614519
0.0506024547287338
0.0389858635285693
0.196030950421093
-0.0126789329134605
0.199938970207258
0.00964025215987395
0.244993824897016
0.193686345202427
0.153030235326512
0.126529670264391
0.0833575100494548
0.266347195088231
0.0744011496391728
0.229285971399316
0.0152270711810804
0.259671037159959
0.222555435959152
0.122357196406354
0.0798843294402859
0.356269440773351
0.22305798422904
0.233202682882568
0.197345686381706
0.0743045439284964
0.0741718519175789
0.105906125893591
0.0220176710716243
0.275939386171202
0.273299933826961
-0.0381403289402535
0.251082741949506
0.300184295505055
0.24982883647495
0.234230161680642
0.200295084706963
0.136812954692026
0.159393706594791
0.281681025824242
0.0949390637608871
0.331118064172227
0.276815323950753
0.162535871962963
0.234272284312265
0.265439542100099
0.258852196367655
0.277502824955639
0.0961392874806884
0.204841218008333
0.28985428290798
0.250922893837959
0.388771130977018
0.253847459424423
0.22568223919419
0.279393782379464
0.236510843260786
0.147054807731237
0.25205478287026
0.305547726576243
0.0538383786425033
0.199362508950153
0.230101918111851
0.39281467129231
0.167146778548059
0.386391784676914
0.37031352068685
0.27804964349757
0.149414288609868
0.277030113427126
0.280839295845522
0.337084950906468
0.158826415186512
0.389827723999724
0.417817220834793
0.266790077490753
0.26537048771197
0.253801546068023
0.212235580912862
0.401300258315382
0.446838090927791
0.31223782287297
0.186350631038984
0.116565848282077
0.451906960955802
0.283944912741628
0.255942497492399
0.331974002774396
0.224292929634712
0.384528883396341
0.253226998592988
0.275692503231671
0.252994416647636
0.26018313693512
0.377253553844556
0.303589220878527
0.491889678046844
0.297301409572203
0.375000304596441
0.360164219619932
0.369093781297198
0.297537322513493
0.259340110777931
0.415793423845456
0.331358800032882
0.452212849922029
0.319145435451686
0.450545023719376
0.348595515171296
0.269288133396076
0.369757898009788
0.472569146590216
0.437186340436959
0.39832780826135
0.379832376957097
0.351791573763414
0.317884682005403
0.166292500178729
0.435364945128202
0.193567703805155
0.214493582803779
0.410320702996986
0.443117298390056
0.409476011166264
0.356484900625749
0.329953391356944
0.342892794742542
0.369307192091473
0.373794942920972
0.348937505373981
0.352473640791084
0.390211387995361
0.333073332630927
0.289496965631891
0.353829141904206
0.439095543676738
0.3773687802632
0.422607895807961
0.321129952546731
0.329884270605613
0.294904677192742
0.2285602600728
0.556705087589554
0.468145466035416
0.336007947137171
0.437271109337738
0.50589892722606
0.419066188806371
0.466278667733588
0.326499696109229
0.35759494889493
0.400325605313332
0.344486410858736
0.309093454907798
0.405190244522436
0.292432838114121
0.430388368868384
0.514267304667593
0.469693610863798
0.463508834853397
0.469613668267793
0.51845479769616
0.458836477863302
0.495196472749968
0.403079171350129
0.628398359728079
0.361054094786225
0.534111053928367
0.425354898793226
0.412932109202118
0.524634904214582
0.418105604791607
0.546624617038104
0.504875735435609
0.342217213246596
0.396230486701745
0.41823946775691
0.397787639937721
0.589169283198656
0.629763629182384
0.670580624693445
0.451197364359915
0.490771257473
0.589836626435019
0.523872298827285
0.416644376186295
0.495928871335848
0.463806143907951
0.535218354829054
0.498934933295134
0.647420697059685
0.347568166092738
0.601262549543478
0.589343403859616
0.461515313670899
0.63505881457871
0.54256881523231
0.571007873366494
0.63523160469449
0.518981708104697
0.443973584638512
0.468000215099837
0.602134269851884
0.474074477782913
0.480697216098802
0.589903248342992
0.586000124986578
0.513105111000101
0.568374899522224
0.498456338471074
0.747859690641044
0.707457702704715
0.394651840784373
0.446398331536867
0.576100668274327
0.559316805818823
0.490205990398465
0.393727947556239
0.464122909489081
0.539145481728552
0.590561791029564
0.594299682804807
0.439069416666971
0.699204009816341
0.649564851321702
0.580179274916696
0.584190742519754
0.680524161533384
0.436173685956977
0.352706801977929
0.54677212918892
0.533946443747633
0.551063179123035
0.471817082752536
0.422040092286221
0.572265842583263
0.545262683798188
0.835351846888315
0.675136332668246
0.581903073966095
0.629554991468443
0.672377234549799
0.633839978863299
0.658750684817888
0.637539839837574
0.585421613649977
0.55642113073681
0.549458353430788
0.681099816967329
0.506313127121512
0.675355063033977
0.685773509251615
0.680569258759329
0.752825133537916
0.55581332558193
0.698313522671266
0.635777353864017
0.670762205354139
0.593072321721485
0.739393366275673
0.835711645811549
0.849013021136628
0.634554850236439
0.61991610214347
0.695897765671482
0.792335613016315
0.655894704111495
0.729628396679582
0.725029043245437
0.658187905424147
0.563542850536863
0.613094840587728
0.637055307057029
0.578016477114761
0.784802188625011
0.60100373831787
0.633354619651368
0.471837788395398
0.60088328722327
0.645119217869889
0.519832956874084
0.67528089806268
0.652165302537425
0.730487591340578
0.617852871324386
0.735535749578496
0.64147989352634
0.541053189101361
0.617765819211787
0.726875784278186
0.796685597053523
0.813438906800359
0.736038261020223
0.722919531363158
0.772583726751107
0.64351644841343
0.594043600975788
0.738663553692378
0.732620856096233
0.731513331751486
0.752997435705952
0.824862388859115
0.69423310302254
0.786753511716165
0.816006490942271
0.662332495286226
0.669234812773789
0.680390484764935
0.741767598159433
0.849817383235896
0.831472301814185
0.57324093734146
0.701244512330423
0.859688149023207
0.779343152033375
0.81306259210708
0.665987934257495
0.870863693857471
0.779226940921139
0.808566541368002
0.763845307090253
0.786219052216493
0.908066482409424
0.665370517748694
0.831772145616369
0.809094033228978
0.798735158996674
0.724055597310218
0.768064147829526
0.870818792625096
0.817756693424295
0.810273995940802
0.796249899283089
0.778545139239841
0.744681023744781
0.778033240365551
0.840930843006647
0.707288119134534
0.597027760867945
0.967268797324195
0.698000929699069
0.903529793952246
0.875290021670223
0.878091647533582
0.684594943844915
0.838810617605146
0.890306015082353
0.730888986622534
0.802627503348817
0.824759978911817
0.889912426889086
1.01766793086527
0.857946170146518
0.65312932312625
0.769210894193881
0.794321237752152
0.893413498130953
0.819015101096456
0.829203404464396
0.859446789231634
0.822906515148468
0.693368430323039
0.87923402777936
0.829012019459736
0.969753628481488
0.888353484985025
0.710439644082051
0.951651932572372
0.852229140893598
0.787478595039105
0.751057504657771
0.828219672654825
0.807500241835174
0.852640604894642
0.929223009991299
0.849728178512276
1.03435192597753
0.871784061053785
0.888223758695673
0.68808109022036
0.961788385316585
0.966157086742948
0.945201747061718
0.857665334660554
0.958591769318491
0.851375446760137
0.801989291372006
0.823310982084074
1.03959900379648
0.963524995497287
0.851394079572854
0.898594716221311
0.861584900412795
0.90740673142922
0.946469498556789
0.920085353721485
1.03143368932062
0.99867683842906
0.897142465804959
0.818018026814115
0.828584296900578
0.887468556170077
1.03180628798622
0.934544288762744
1.00779528856021
1.01758193340404
1.03058984951799
0.884917779870879
0.827333485174514
0.897524021621734
0.994874459201123
0.861944814090044
0.913618873476448
0.955627072981383
0.922143341535543
0.85784440279436
1.08237349636943
0.903890109413494
0.775451221584445
0.894078607898199
0.851619064724436
1.0194956510979
1.01503142585735
1.05720351370968
0.949687479420723
1.03459612931872
1.10559038506236
0.972948901074973
1.06183109284825
0.974706618877017
1.09101095464659
0.968300630710061
1.02217001412465
1.01542665205705
0.929738243205186
0.968760545640594
1.12384433598851
