"x"
-0.939574757239803
-1.01418365516222
-1.12956245385405
-1.10769780965207
-1.06869396856406
-1.00112479421343
-0.92599724687134
-0.877980120164138
-1.0414391883887
-0.938403190433744
-0.932282346741751
-1.10642881844794
-0.946290094456639
-0.84919090612566
-0.801870423451182
-1.02408725019073
-1.07614119308662
-0.905752626371314
-1.00258637720929
-0.813080713594912
-0.81635648200717
-0.880568167841062
-0.961146142634215
-0.967231308234927
-0.830361182115549
-1.10690328052805
-0.978376640262976
-1.1160663851236
-0.930611280934019
-1.04315517642022
-0.921826862094478
-0.873346344691723
-0.946086445255637
-1.0040597507303
-0.88523073881433
-0.992743303490919
-0.895799811441259
-1.06878005536966
-0.848983622556827
-0.921137073346359
-0.96269371131635
-1.05384508321989
-0.973658614169584
-0.972134911850957
-0.872096751722153
-0.942525369538167
-0.886888005439753
-0.702996809408251
-0.869970135151062
-0.941215730965368
-1.00331487163232
-0.89972437866229
-0.818622231425731
-0.820809415088037
-0.891983755490055
-0.905079266775826
-0.841682100791351
-0.90377638523981
-0.896115001692136
-0.774781257524314
-0.888905901906694
-1.02335235316273
-0.899825515135427
-0.844259355967779
-0.897304724827153
-0.883187078092114
-0.816006163549814
-0.878111957838146
-0.845429787913413
-0.961247828754178
-0.704806321975102
-0.729507265866962
-1.0368601056039
-0.901646905638502
-0.782013728936271
-0.879259952984292
-0.962975995056084
-0.742507897712503
-0.888488125964118
-0.795703815199282
-0.822938432420266
-0.754782682592786
-0.968889230561644
-0.743432739800689
-1.01495913256229
-0.809895903180022
-1.00641650634555
-0.815085106557692
-0.73435902923307
-0.741662938664714
-0.761419836238601
-0.827713846728256
-0.815710880371826
-0.828290342288019
-0.783096675483093
-0.78973118975495
-0.772012922293813
-0.680430825774745
-0.899522819918512
-0.709729449051836
-0.745164160325633
-0.844366319540884
-0.582776360825831
-0.689096225361817
-0.770569251295038
-0.783267763947915
-0.729421829660674
-0.688005015735
-0.832767858572227
-0.744491612559694
-0.602072379543613
-0.862476711901385
-0.842747710783352
-0.753948024607833
-0.843976634239032
-0.844619492237438
-0.759271355939476
-0.766862837750877
-0.604085027189024
-0.756457614286857
-0.644240458894589
-0.884925070515765
-0.809028548774178
-0.831818700201491
-0.843879771964949
-0.683786870366994
-0.866139500990263
-0.734936519755767
-0.814921297256681
-0.682101607442134
-0.680660698199896
-0.725464195144527
-0.660045533427418
-0.833000983473949
-0.748660750543174
-0.750085270940176
-0.681014597305085
-0.798177175141676
-0.6529287310818
-0.663143226474182
-0.645047811589618
-0.568293336481972
-0.874996911266166
-0.56708191246576
-0.664571586816314
-0.766236282241101
-0.774788220515648
-0.691379533364463
-0.643960167117497
-0.658801354035103
-0.570372726330184
-0.581223149903654
-0.65805373893654
-0.780418476798513
-0.729715041229101
-0.643695566677727
-0.695629814971647
-0.612769803581832
-0.671885711002459
-0.638312764992862
-0.792749018584367
-0.628417209345374
-0.681848960309336
-0.59015526375636
-0.582796721867626
-0.748112568885481
-0.712729207560984
-0.622828303192468
-0.732495591134778
-0.728362131395555
-0.576360604385287
-0.636978352396368
-0.544283723967149
-0.712095800759914
-0.719540578268761
-0.631332421742679
-0.71404748728535
-0.650337436774374
-0.81513741982535
-0.646042487650731
-0.740414916423903
-0.605570802465759
-0.654402222203731
-0.678451917521376
-0.674733435888399
-0.600717056531011
-0.64625792477571
-0.592157346395031
-0.630066352155881
-0.733181833590426
-0.633491764862048
-0.75336559411589
-0.515386934824201
-0.619604138869902
-0.651794298820942
-0.594504765686438
-0.643139918793139
-0.572855260766355
-0.642254198975239
-0.71580534116452
-0.711443287396129
-0.528249911808813
-0.539750592372081
-0.515226644172375
-0.68266156744056
-0.644890396440522
-0.372582647200573
-0.61043530166187
-0.45340432822195
-0.319424282202438
-0.51291950029243
-0.512118388304897
-0.631536831307306
-0.514450814797861
-0.638916905511472
-0.552153597771853
-0.341600153497118
-0.523530447808638
-0.708149511005503
-0.7154571764072
-0.598490699738682
-0.609305021231114
-0.398647817673377
-0.806214374153184
-0.701511610896805
-0.611250960304293
-0.434393965725348
-0.512446824823175
-0.402961772492567
-0.569892498760296
-0.650144103292543
-0.667073043031179
-0.596564830078947
-0.575785102290704
-0.541345459106582
-0.455134747163177
-0.715374706019276
-0.441573717510322
-0.541265771488873
-0.46661044626146
-0.530026041125201
-0.589270231155723
-0.497021200234495
-0.605433968937501
-0.593417616803829
-0.347997804922117
-0.523150820728074
-0.431687924478111
-0.431894385332112
-0.64279574763138
-0.411912500844884
-0.472798296929016
-0.400129487720585
-0.396240516710862
-0.62320444564175
-0.460662149369089
-0.49581469065614
-0.486470635983643
-0.46006039036392
-0.380392474744747
-0.590041754901315
-0.524863259673127
-0.234429420640122
-0.533245915143152
-0.623591488653196
-0.571562901112963
-0.424317211692466
-0.519771590374146
-0.546025893537077
-0.452567608821479
-0.46195225898707
-0.359878088519072
-0.402066075555995
-0.421858887655117
-0.425781235153392
-0.652229188142139
-0.446920218611594
-0.487366609896693
-0.426659911251674
-0.451761124531838
-0.435414743549071
-0.449427741387269
-0.489895270620174
-0.402278916078706
-0.468288560331501
-0.498382128718128
-0.370546661103701
-0.429042107773052
-0.338214239703758
-0.614653838431729
-0.471873465531485
-0.384354170219897
-0.614476147512605
-0.45690939958839
-0.384812250510531
-0.458767614833711
-0.449959352551425
-0.465194502224715
-0.338028177126057
-0.530255471544126
-0.472820185291286
-0.433499836164216
-0.340427306389263
-0.410929225193908
-0.259057162871966
-0.394079121533638
-0.536598902476036
-0.191075147838637
-0.353611927126946
-0.313792635229626
-0.338153549273038
-0.33600223031673
-0.413219791738189
-0.219960381103187
-0.426398198003506
-0.362544696860699
-0.314820511940936
-0.170659460717983
-0.464597622657886
-0.406021246292493
-0.298751473950086
-0.355922476909038
-0.336926756780616
-0.423015363452255
-0.427978555517806
-0.417725751037702
-0.209633629794899
-0.282886741381388
-0.377311058352761
-0.47667159019529
-0.204453354554865
-0.224583472341919
-0.295966249018061
-0.288145423634967
-0.302238113396226
-0.344307488906122
-0.302020692807944
-0.26946914873358
-0.336382445230771
-0.228706157521549
-0.289847000967319
-0.257350051176047
-0.355212486300434
-0.225310666493774
-0.355526673637002
-0.378560329814089
-0.299639286895125
-0.367771096499206
-0.26891551131898
-0.396109637868883
-0.206219235430654
-0.318882589981631
-0.310284263396122
-0.148311262933527
-0.411762659814242
-0.292218486558611
-0.272854593735905
-0.330793982000642
-0.227750287980635
-0.271332635918128
-0.249359858223888
-0.360661451190252
-0.289490759446831
-0.119487313230878
-0.196061119957812
-0.265766632599067
-0.303937610096851
-0.208767177852309
-0.197618497373929
-0.281236179829646
-0.216963326519433
-0.269374322129215
-0.140563958978383
-0.143235702207359
-0.283040203719652
-0.26762607070287
-0.146460257120592
-0.336251507803838
-0.16668964417231
-0.236322362636018
-0.240021832716185
-0.323243855307526
-0.148900320973229
-0.193406410642204
-0.188068745759535
-0.272537423296538
-0.281832705288568
-0.238534469116989
-0.247735907688588
-0.171642924613408
-0.286262617808304
-0.14681020429853
-0.223095033879754
-0.26472373051021
-0.280401830487201
-0.232447761348471
-0.0512520461390092
-0.335453867692772
-0.237597817939714
-0.0346721250624806
-0.141792264690773
-0.331349955201755
-0.0386746786994603
-0.173408262829596
-0.289124465047155
-0.267603171795694
0.00772642175473697
-0.319051587425281
-0.223964650153232
-0.0831311160084849
-0.186180461476254
-0.125093912428133
-0.189905506150647
-0.201526487605718
-0.110253041769298
-0.129638246011068
0.123621438122967
-0.0261901082399238
-0.0789043060146665
-0.173611151731085
-0.138467229505707
-0.139822382028914
-0.142955352169238
-0.142267478334025
-0.130155959101451
-0.208750211731402
0.000614667209178298
-0.0423421155009642
-0.0434725086345516
-0.229144662384118
-0.232218992782583
-0.170593200300523
-0.0967729044447561
-0.0582695461313186
-0.130182812913608
-0.106751906606445
0.0510436714069211
-0.0521313753349261
-0.100928997192481
-0.121988943126892
-0.108895035380106
-0.228009484429639
-0.252005963735763
-0.220037353493145
-0.171016927311226
-0.210530536527152
-0.15443523802932
-0.280715756757768
-0.207054953086823
-0.120685164916801
0.0707410820123845
-0.0682595530900166
-0.0175191076752625
-0.138174749441867
-0.0388119122253245
-0.127973039636407
0.00523196864342903
-0.106069711574896
-0.143313341631084
-0.158638557371825
-0.0730869824150526
-0.0226722426993903
-0.0959191237139349
-0.0516033806752503
-0.158586688195736
-0.190234987609737
-0.13942013245896
-0.012643184440479
-0.0320306866674881
0.00334685377709746
-0.0937162387128781
-0.141435083240911
-0.0317997527572315
0.00579790613156829
-0.329440309719632
-0.135918751834487
-0.254399233915615
0.0049415705182286
-0.0618167081712541
-0.033373492973869
-0.0165183194072062
-0.0959022214174172
0.067840965447126
0.0142146189037567
-0.0524082590902967
-0.0039912581334323
-0.190502595983692
-0.0238348365545455
-0.102312883111179
-0.179401248655646
0.00248482126732046
0.12642183287919
-0.0160862556200962
-0.133496059604751
0.0441912251869365
-0.139834451012172
-0.171830895288042
0.0365860612901125
0.0298589270543404
0.0424305391401608
-0.0257274591775796
-0.0158597644697574
0.0418595046873488
-0.0347898744899385
-0.0698992549981029
0.237749193254561
-0.155512046158936
-0.0194685946245191
-0.0523939654339501
0.0356162061996903
0.0297835170756393
-0.0752912522473009
0.0236590414417186
-0.139384090094016
-0.0400952679153746
-0.0243701204807405
0.0418655989126389
-0.0311861265442643
-0.0195348864295752
0.174533222564492
-0.070375393822571
-0.0328171531245767
0.0484422409295429
-0.0775542468874241
0.00745820679694089
-0.0504018060375692
0.196251610389973
0.0716788166490815
0.0766924183763864
0.211146226183266
0.0515677768375596
0.0200953263246624
0.141971965607312
0.129287322383009
0.095451876216358
0.209891765465985
0.112320747380281
0.0720626427608622
0.190125227546405
0.120365408885221
-0.0626385439253475
0.110825858662389
0.0891304280203132
0.0282837715375986
-0.00342884308162975
0.0893248181535778
0.063761866975109
0.134964627151612
-0.00240494085807383
0.0868315155312513
0.00321183172032035
0.180216475638236
0.0916821331578113
0.114291676353527
0.190445741892423
0.0484120836947623
0.134389910675115
0.160703923082057
0.120700403521923
0.195784178506347
-0.0144884811220107
0.0233933045101139
0.0502392880275982
0.0368396153400266
0.359841990942963
0.260649214126867
0.240771734982119
0.0141974814359124
0.17172769451557
0.0121412942757708
0.137320920139602
0.263881891917471
-0.0108136128343087
0.00205339643799189
0.0996154521823103
0.196061566585377
0.155711338597171
0.141128169410059
0.215462954159948
0.270417449587611
0.175397944687267
0.223645510885599
0.0629610827303534
0.189206528683502
0.0744019790148808
-0.0133431892513727
0.124621725880217
0.103232117286743
0.185515509234929
0.266446512657539
0.212090724971703
0.19467572550677
0.260888844346931
0.173740119856075
0.195349339685483
0.211478327066533
0.233096768966017
0.216899275188945
0.134356505229673
0.104509384866529
0.212245451082321
0.233975679895505
0.211438460282143
0.349132055202069
0.259320271139251
0.0297206750159752
0.256069895454728
0.226115571045876
0.372265160892883
0.146021107126149
0.230724371588018
0.25004233061171
0.152643270296116
0.384781805079255
0.288782199281163
0.241833609478541
0.262989103802388
0.142188771690193
0.300064021618029
0.426085982271367
0.347809029606014
0.156047907011934
0.274614381723642
0.251230174239353
0.314602201198293
0.291689815112052
0.381939312317395
0.161097293047817
0.318622477282438
0.337728228130707
0.188311111924137
0.203487851600237
0.266035366290587
0.340701495591401
0.246864623194757
0.427744036331463
0.296358667951804
0.453253705765236
0.262493445874471
0.242720710377032
0.295875311754694
0.278655257129082
0.204762312160255
0.247634878940688
0.201020383313719
0.371864168673455
0.406350057120945
0.346398461365564
0.210927429057748
0.452286416317053
0.511307642544057
0.419467743391792
0.362952626172141
0.354740171100485
0.0789056046342314
0.34166910093498
0.385674691184285
0.187941626819384
0.435497990523828
0.332026233709993
0.358239306076735
0.363325771151074
0.314742469690158
0.411703997837173
0.281148707573501
0.339170540641071
0.272294315384011
0.313202729464088
0.381250771069682
0.303016594162381
0.358974848205356
0.346032778262437
0.264933432704877
0.430085498157719
0.316692048072764
0.269152057310259
0.348292913899623
0.370626023409803
0.388870136362956
0.472448020642399
0.321915274072009
0.396410969208586
0.389307591161213
0.496837718899439
0.423553366585563
0.371558587215448
0.371607403147961
0.394242070503942
0.364414786522352
0.393711477426768
0.472320609026875
0.294561633815037
0.476522899099407
0.380468320314802
0.371971486149378
0.354934093718809
0.374986587217228
0.469227409112363
0.436836610235648
0.488864473964786
0.320139945576633
0.274810173565874
0.390655928618832
0.612919361239491
0.377470848398699
0.536077665346679
0.371173359542129
0.307758151870871
0.342929593796209
0.445369600712271
0.431275370849647
0.378589351315951
0.346535888576408
0.444830262176701
0.467643931102463
0.616012184521245
0.479409039240993
0.490473209315339
0.464767750228981
0.385410141272276
0.491266653455019
0.430479822770961
0.352909230543975
0.546835739933324
0.606966003849787
0.25172108572532
0.515322604044732
0.437995705163025
0.595133614551088
0.306272005278818
0.411943579637645
0.548518285065996
0.427504874966127
0.507583999490011
0.508315194643224
0.391514797504292
0.574305496294009
0.517615155286196
0.536331415668765
0.256480827119038
0.44354736615493
0.419224865096195
0.357998270030612
0.563367376721871
0.414122346350879
0.496653645535002
0.546029321716402
0.448938427162901
0.349023132347059
0.594369689389812
0.460851288174688
0.386773995900351
0.56471133025263
0.483571464953862
0.504852498944975
0.353134046116685
0.481595836950028
0.54788125204225
0.495301528621224
0.551408164178719
0.52556371311873
0.449826095829869
0.459931540830853
0.575963991287828
0.427656418312754
0.541032362016037
0.551319538194308
0.563791683547631
0.504119227519883
0.474551935008768
0.482592435407371
0.406810870025357
0.525522101337799
0.541173406782988
0.666992360981591
0.645943994995181
0.586909383467788
0.368496418811303
0.575856710254111
0.511511903528229
0.602378008610629
0.496347741966973
0.487344155686202
0.602309595229503
0.569545656784051
0.451854910823817
0.57187671352698
0.509003794699083
0.625399752665831
0.550413702953218
0.470569616676387
0.726731237440383
0.624255388825903
0.59798478821279
0.562403475782483
0.642648489244752
0.513669628730345
0.596223910875169
0.452243486512988
0.665767568349082
0.544357561574094
0.555024969677734
0.639232348928711
0.78668952977291
0.617717536184188
0.709088510743428
0.540278485730701
0.564473989679112
0.68812379272455
0.65432556355964
0.749142318447262
0.718988346289304
0.602743874725441
0.647858481251044
0.705196770794307
0.501763730698151
0.647023580013452
0.53608817170872
0.598637902369489
0.55275254192006
0.52072746108001
0.626021576967375
0.50697727281442
0.657392763100835
0.778240002502943
0.572161519686431
0.732816248176828
0.759267716008618
0.683957351643306
0.674138620472096
0.620546159316615
0.60201325235427
0.674533622765905
0.817051628870285
0.671404595820518
0.562441019613609
0.713985443271456
0.59841013595648
0.514443325899061
0.630286867943341
0.61071176603773
0.757659008096964
0.704490388220851
0.614222126223711
0.56125858654774
0.613719353200614
0.709794258253009
0.668110685066075
0.752326439816543
0.678783913156258
0.760520984906237
0.862045495596889
0.859661180492214
0.576187131504917
0.795145635900276
0.727694413288789
0.805282865955505
0.657185150585563
0.718518177657801
0.78809738350855
0.742832951757129
0.761846785640722
0.740639859519741
0.688042723981773
0.733573823674043
0.787436352889967
0.681578233424388
0.693898495552507
0.716755658975581
0.652694858636493
0.710948610100013
0.75511457976786
0.673388924416977
0.684060017336141
0.657580984300584
0.850500862271359
0.69652899625643
0.65750623262607
0.72835964658686
0.605292832913042
0.665632343820639
0.751575787130543
0.729764512220588
0.762335121569316
0.609428931765926
0.655615353142034
0.645838042530095
0.773129815763514
0.740165016860524
0.882313047077356
0.767477623403611
0.7649418163831
0.871811532499869
0.678269174910801
0.737822246487615
0.795767107855233
0.779460347659803
0.800307873809962
0.884613408727833
0.768541718043679
0.816285824694988
0.750819121416851
0.803554385136269
0.988240308739769
0.920412462028962
0.852039324692639
0.838790723310423
0.930828427487012
0.810611082355647
0.818378773883308
0.805667007253596
0.829211993264537
0.948416566736321
0.777347042944362
0.832131001905466
0.83758815438908
1.01336996621771
0.632986500716489
0.835413922290632
0.789413521879019
0.856431547557682
0.818714145068438
0.837269118287075
0.790444049581429
0.930625769309747
0.621239936990909
0.910430349143853
0.853028768581761
0.651180405899566
0.911065333401368
0.931098685119829
0.953429350487056
0.877476480184255
0.964564630948868
0.787048410352698
0.787578647104435
0.869610573076463
0.975135683526056
0.908165827283964
0.867274584580078
0.999191928613926
0.827146592037385
0.780843194542614
0.970953438118728
0.94911425738333
0.815083170601112
0.843888964219922
0.886125091370155
0.951731195262515
0.940763443513013
0.993861669404053
1.00389614430598
1.01106896096837
0.930610912262251
0.824903614944933
0.912752909696572
0.936585985949865
1.04997307567267
0.933599657476264
0.936420741185952
0.990387303632886
0.95028943522467
1.00181089863768
1.07937363260066
0.916237436699482
0.883324579983284
0.822210751930227
1.0280315517702
0.969045948765344
0.936608033110938
0.912831275694966
1.05713581236034
0.971135870315615
0.954737405031186
0.937528132957908
0.922451478641964
0.8656533422739
0.924437820931685
1.04587562432609
1.04589591754647
0.842293729448073
1.06590866703948
0.998171211480383
0.83109997654772
0.920123179044932
0.924964196841808
1.10499325147998
0.964891448643555
1.07762053361668
1.04034467661432
0.927569199279203
0.789893835428458
0.984282495312732
1.09756784661439
1.10634195935304
1.08590832764464
0.939383692851276
1.0842235304244
1.03687390887736
1.00657243928534
