"x"
-1.11863320564511
-1.03768138371892
-1.04493987889531
-1.0208682711264
-0.902783816675008
-1.02451240264719
-0.89184954904767
-0.954026779578212
-1.08641640877281
-1.08600343792557
-1.00749419530286
-0.956291612502165
-0.919712055442971
-1.05059084167853
-0.902740940086047
-0.980046216997797
-0.906194550869842
-0.995436828324589
-1.0089724114005
-0.89977169426577
-1.11000183372992
-0.987397501088447
-0.894012149023494
-0.847009249714519
-1.03444698010395
-0.91533796929369
-0.892731908367466
-1.01734707782963
-0.947832650440854
-0.942641586151846
-1.05178173471699
-0.869059502287847
-0.8960909099111
-0.804737092552959
-0.84409693825007
-0.884204136823723
-0.784101797042495
-0.925121696738268
-0.874496268141567
-0.940330672704266
-0.887603806185635
-1.04867687215351
-1.07399469717298
-0.987550799853915
-0.84642815357684
-0.935312278198813
-1.01556570991323
-0.855022091905423
-0.791587920244807
-0.907779663922817
-0.899861775943418
-0.868899449330305
-0.826510234944604
-0.851092175856256
-0.868742654267663
-0.847317603977065
-0.92997270487815
-0.846115357100939
-0.981243745652389
-0.966809797680971
-0.845374813616506
-0.882597363100631
-0.898096291623936
-0.838889391205016
-0.89707023212529
-0.948978675662172
-0.933973162981238
-0.797114240252162
-0.920007907583523
-1.04445437331271
-0.945053127577741
-0.882887412420106
-0.975261362537358
-0.80426597933947
-0.846000274628138
-0.859487091375866
-0.900984856776059
-0.87866487112466
-0.874398770344318
-0.657369434078699
-0.887527388215735
-0.836490194066421
-0.80581586156755
-0.855501000332101
-0.890357972987629
-0.858375698822889
-0.778333523176182
-0.898057733674783
-0.800293852288269
-0.920145068092267
-0.79594325996054
-0.728893291092884
-0.846573311890311
-0.84321933629404
-0.78211303368604
-0.856241184796987
-0.828313859931781
-0.708891341513892
-0.766194458151539
-0.686178235529296
-0.847818033208726
-0.767454490950378
-0.739971580403235
-0.697207055711039
-0.736231603029896
-0.896503054398684
-0.62876663804548
-0.702512896456415
-0.757756602612833
-0.788711067636725
-0.849181149158668
-0.88430654478348
-0.778931740733247
-0.812126142144918
-0.863878396953928
-0.822036407824481
-0.872901450081587
-0.585731444802018
-0.765204576845277
-0.751170240915841
-0.762529199244957
-0.888667386137228
-0.812949526319021
-0.604171336576096
-0.470212011399768
-0.667251365685184
-0.704231281700547
-0.737031879620536
-0.760443485317218
-0.808384191289701
-0.744581900624508
-0.71770073394025
-0.73820758603462
-0.712845508038197
-0.641678290626764
-0.801037920651726
-0.815895571874182
-0.826123706050758
-0.553007619517448
-0.677267450549611
-0.659991523097247
-0.719160305280237
-0.682975236642831
-0.689761627342396
-0.617360429718947
-0.770535753223929
-0.808614306628454
-0.767937080660127
-0.640853803667425
-0.567952343481229
-0.569926949272849
-0.648593399993322
-0.679954849893982
-0.618087651956562
-0.717285030949798
-0.692334491990589
-0.825738261040628
-0.761833757933546
-0.565155862039516
-0.652322890596336
-0.702095356940592
-0.707351309028427
-0.793675757086869
-0.79882852657515
-0.699945273038427
-0.811432371720795
-0.615062259339621
-0.558677503243779
-0.666459885254105
-0.537204815624315
-0.651209998224482
-0.63505346302439
-0.652662308825021
-0.591974995703603
-0.648154773125159
-0.658210122428169
-0.517191123652428
-0.598195665818813
-0.551864100407603
-0.754278421567371
-0.698488483783502
-0.690726694427802
-0.619578782459584
-0.603127691433298
-0.574896406768176
-0.590088761040785
-0.643721678240491
-0.685838524320537
-0.547119320536053
-0.703739351944622
-0.605389665998084
-0.610218160646275
-0.608419778094255
-0.475551390127614
-0.593636082502521
-0.612667387651136
-0.609850372373885
-0.640220909516564
-0.669154254861808
-0.552992801865898
-0.557437110454362
-0.58819447254388
-0.672046946961077
-0.608946894395333
-0.504565237125023
-0.633264501164563
-0.566954412113145
-0.554715549917642
-0.435486022647025
-0.544065966906766
-0.605543319846203
-0.528373516792946
-0.439397519683419
-0.507429312130366
-0.566012372188592
-0.503756161652053
-0.37435822942961
-0.554434997717863
-0.581317353764101
-0.492421603573481
-0.58212824109201
-0.556465472847664
-0.717524495298219
-0.544577310107024
-0.586222067432389
-0.427822979353989
-0.480553828727045
-0.670374911755021
-0.447733589611197
-0.535907238800667
-0.538076322694526
-0.609264783027976
-0.460742240016091
-0.572677691784944
-0.550149625343242
-0.540612212651149
-0.376647971854893
-0.438968250136749
-0.515300195975906
-0.52080986532965
-0.496864674681019
-0.53091606354274
-0.677943088166461
-0.556270906144036
-0.435938535276685
-0.685145294442117
-0.309799438112191
-0.58704374486419
-0.514801946085992
-0.534379464790989
-0.404809597194262
-0.64673788327592
-0.327111737485179
-0.687307904123093
-0.616073398569091
-0.445059379199471
-0.500928459462306
-0.529085502399783
-0.492146568276294
-0.501864837693844
-0.410332938299345
-0.481651011083465
-0.477302141223344
-0.312627573204766
-0.527310351017204
-0.608540365809974
-0.446859737434976
-0.419764984417071
-0.490513686099355
-0.478519394228352
-0.322451537304417
-0.370177934666413
-0.542615209874413
-0.582444758637122
-0.353694073214695
-0.37924440000623
-0.348060046592362
-0.412672593483635
-0.602827512841176
-0.519470914159752
-0.55598221970089
-0.294865943479085
-0.543104658616025
-0.383059866600005
-0.356610547335386
-0.332911631886084
-0.320798604182392
-0.627743567541578
-0.371458267200531
-0.53347388201843
-0.659193805738053
-0.341726325322989
-0.547717880851796
-0.447420422951468
-0.448934815446002
-0.400496283700138
-0.416628966851233
-0.439940038274005
-0.436663546753261
-0.308803654337696
-0.321536119497797
-0.542464816002139
-0.440877870065167
-0.51476428740094
-0.499839589038861
-0.374282359178257
-0.372129305486249
-0.31137448488454
-0.464707917133034
-0.301257597697822
-0.453409988638643
-0.40784633121653
-0.377876803718634
-0.434633303060225
-0.312444064284022
-0.460014540839627
-0.2259680011695
-0.23649035208413
-0.30881201517707
-0.474229664612515
-0.330808289894094
-0.436273131276736
-0.424022797109498
-0.357179310985374
-0.485377900267193
-0.323897618194305
-0.226459877633929
-0.305609682909752
-0.390388025910075
-0.337769493786702
-0.356824129723
-0.316871582921124
-0.300792350939726
-0.128141499426736
-0.418796459581295
-0.288435256859007
-0.309731612600315
-0.408315890278579
-0.531896984998813
-0.345288028640937
-0.439137272453658
-0.181443667897294
-0.312634632373986
-0.344911612252164
-0.240715926510061
-0.138854888232096
-0.320299808570373
-0.169111707554268
-0.37760708896778
-0.289206980235506
-0.274947288219718
-0.396786989054474
-0.0856209548381711
-0.182697430942683
-0.354645836862457
-0.323573472467447
-0.325886281348071
-0.344072511791784
-0.316118243514234
-0.329011733282547
-0.292568531690717
-0.43718391484056
0.0245093280021905
-0.40708294762982
-0.176373735341564
-0.328758892422565
-0.308053304705999
-0.0873955455184732
-0.353669131205379
-0.315505545942325
-0.28467949896624
-0.108636175214693
-0.184877619374543
-0.150376429516699
-0.179269572151723
-0.18316814542734
-0.216635155263216
-0.25046824369726
-0.252672582915198
-0.443537200834914
-0.225674421536762
-0.299767164853026
-0.19771471474073
-0.0637700241430105
-0.343679571486314
-0.19800308508558
-0.329702104166811
-0.256115543329958
-0.292774903196731
-0.314200914844004
-0.29095485616355
-0.0767034389186533
-0.0935617258429889
-0.201573770308831
-0.254396573379957
-0.172726391677867
-0.248072056660362
-0.31749132545461
-0.189436872556745
-0.252939750469364
-0.174936343897275
-0.294647120192491
-0.116614810569997
-0.356716739422403
-0.200345038269028
-0.198621577197044
-0.256232931216986
-0.149183475872777
-0.19860328903389
-0.163089283591804
-0.158194323156401
-0.0854015988060298
-0.0267553186441262
-0.174314195430648
-0.133774900498673
-0.000767412628490213
-0.211816932364098
-0.225219006203902
-0.180000109035971
-0.199183369738689
-0.0835168271370346
-0.241400252558698
-0.159950031967843
-0.0650258255392596
-0.243834692104666
-0.202862755967535
-0.0805179511935988
-0.0538599207602915
-0.157339271523639
-0.139260705386633
-0.156937331669622
-0.160375236961097
-0.272634716744084
-0.101096151214448
-0.0898711254748669
-0.171377886650988
-0.217713521623924
0.00698946056571722
-0.194384170563838
-0.166148992220631
-0.100589756676604
-0.0801969989334983
-0.0190793949483209
-0.00303607338423045
-0.14955554253215
-0.190537641108737
0.178382502321812
-0.00304079496196298
-0.0728518837516261
-0.280434678504008
-0.206089648038246
-0.254858185164159
-0.130966457617997
-0.167147079830716
-0.0888013228508346
-0.167639914304055
-0.0385734479347715
-0.105316089266055
-0.117623064193795
-0.114713435661332
-0.0499979851920854
-0.0313404527267422
-0.123976063192016
-0.161000548148376
-0.116121972160291
-0.017521239512044
-0.0215321757116913
-0.0722027828263846
-0.00684639382624665
-0.0860359101383175
-0.0298795336970118
-0.0530313997848504
-0.15594861602317
0.0610571583650119
-0.0806061039747297
-0.117182420151492
-0.0302072921049526
-0.0294433836700531
0.0328248548820219
-0.123954135643869
0.0969570806220422
0.144572601167847
-0.0973434938209414
0.0914237786826871
-0.0696765512299394
-0.011073426205009
-0.0836000989935389
0.0109969147211739
-0.0410394809170193
-0.14987483830868
0.00440334292881504
-0.081749213266537
-0.0524766596892354
-0.0265191393972395
0.0991151737772618
0.0729419459321111
0.00725258906359701
-0.0843025417479324
-0.0184767747148753
-0.0941799459718981
0.0232733744417681
0.122059831683645
-0.00139658811698261
-0.0228345754006319
-0.129404798456044
0.193309779639337
-0.119949716822714
-0.204362954312182
0.0912822721650121
-0.000942524921003291
0.0396780479987335
0.0875112567811542
0.0180208450602303
-0.0210020773708082
0.0292988194269307
0.0558302967796345
0.0652250646815865
0.119358497321013
0.0894849323121304
0.0301988104826229
0.0810489851232585
0.0884556779489803
-0.095731563576149
0.203007691797122
0.0506132265849498
0.0283082015099103
0.146071095916766
0.107770200659828
0.049899149705635
0.0108472058352379
0.115045444876166
0.128021972972198
0.109334287255539
0.0726283784432564
0.182419371050111
0.00421033648998383
0.0439258365611746
0.0146986106863558
0.115094682892069
0.143076927056255
0.118834452058683
0.244186775412919
0.134168574642807
0.0348139900325143
0.0841927302779336
0.162665489527169
0.0927920813906985
0.0519857375055773
0.0118828062745935
0.0303090566185248
0.124835816266934
-0.00566126297004534
0.0758662475277083
-0.000217395793021403
0.197986326375024
-0.0494002937381296
0.165453566248358
0.154714510671738
0.104784221623853
0.265724137378361
0.286246764261916
0.209955903249622
0.157377537420196
0.151927144498236
0.0777995351962326
0.186666546253202
0.0558829103715491
0.0598237603697451
0.171622873254056
0.0286332715940851
0.162754949795097
0.135572024530408
0.0579685038568865
0.144636574682979
0.187968890554337
0.0735895508325588
0.257893110647994
0.260153868308608
0.134112223919134
0.120051567004479
0.0875572095733002
0.104396732568671
0.222615308816637
0.18389247309224
0.147503243519993
0.24422332711573
0.0617174527952698
0.332605714375738
0.231524186859387
0.152993326867564
0.210368012682742
0.10827704440078
0.185430522645257
0.264089464255362
0.0525904374100363
0.23892101537509
0.179268684787878
0.025122256811995
0.163460636465841
0.123900612239179
0.212626971365785
0.154618966447328
0.284116898794053
0.229123641743204
0.143384618314557
0.409458023385398
0.314995523560247
0.0862501327448476
0.171126071129
0.119216451084729
0.237285007106509
0.284387318532132
0.244316288773399
0.33771334367009
0.315772114706099
0.260971537959405
0.272019375589545
0.285398877581824
0.264953581975334
0.142181252657736
0.165516298838489
0.262346107214011
0.178998672306657
0.292377733801518
0.284117262814966
0.342264210924331
0.258872633378255
0.278030959793137
0.25474295502265
0.322263592361683
0.299166749253855
0.317376733107253
0.271246456517364
0.327679407218013
0.314983120391382
0.248683134900388
0.334337818946831
0.326470579753226
0.254339024134876
0.199085189416577
0.269046448585269
0.347166948437279
0.382168753902665
0.432689387453393
0.288878308559936
0.254247106772554
0.278454041974475
0.387283170521936
0.304271714374204
0.152306706155199
0.345452700251846
0.195905844535857
0.279311050368281
0.281609717318309
0.248738743527717
0.367280190464174
0.36789534682399
0.43211601052337
0.228591420028245
0.338404939724542
0.286527694344463
0.306745936696985
0.249352763685571
0.255004263862474
0.230909767926026
0.39881785488832
0.421196013396595
0.222937424250786
0.330357373942517
0.209994548953206
0.247969510453589
0.189266417019735
0.255955827208255
0.422352989928065
0.382152612496824
0.364408608818204
0.289211869078862
0.246719405147093
0.483641967399657
0.455563724008053
0.558272908449656
0.498137447387041
0.304724911943128
0.387808392178024
0.468149630186756
0.365118245844506
0.432005121327816
0.508855642938264
0.285762113402549
0.345643301313578
0.462600744478069
0.357744961496298
0.333721455861642
0.500707831298054
0.402064278931343
0.30154735750472
0.248057736045113
0.451278432798198
0.29846349356364
0.310769321314229
0.373461249151842
0.326670049472263
0.420306964971836
0.431829025303627
0.338714594983153
0.391781665374299
0.273846605365601
0.398094564162545
0.323222299332892
0.549226366416487
0.458959021517475
0.504446097418588
0.404158677351409
0.385595756356855
0.269285370938795
0.422027727782458
0.553923158307903
0.401261227520119
0.350977989752798
0.456696170890711
0.472398156234855
0.442257131564088
0.365320018761804
0.487694829089435
0.507228726357701
0.479788266814028
0.283257137970704
0.423919722400979
0.40632191680408
0.572440786039562
0.560722762951122
0.393862896422045
0.421761950859969
0.47247950080005
0.440849020702489
0.510167367656073
0.405896821986056
0.457733305521374
0.471381622283465
0.599587130732766
0.549373349648426
0.579528351207122
0.412537717028973
0.560684997759877
0.513153420028976
0.530174080394275
0.4857795313504
0.605578829878785
0.555424167448554
0.485513461207399
0.400376106059323
0.343345137453434
0.48254860241929
0.408076004876999
0.568380819577541
0.442691534485691
0.581601535974295
0.519381738736065
0.481648851696959
0.696712292377674
0.625260892198568
0.630558886438718
0.460695862715011
0.531837438091999
0.418508495018086
0.58054647134088
0.534130404346562
0.507878223707514
0.627039921826963
0.566114803297318
0.524570750191092
0.499016877453547
0.659075608979274
0.595532733176613
0.520181972370835
0.502631907840278
0.629174625760575
0.603289917527147
0.629698149014889
0.368355007512617
0.506872444093904
0.683719352045598
0.550250491539392
0.649024073400093
0.584815532679732
0.637462531178887
0.617734702341233
0.693619935082388
0.604595133500695
0.616166451106458
0.702375359910537
0.535882167648355
0.550215344218077
0.573785447953711
0.499138005224387
0.540262102503457
0.534080799227152
0.627113883894007
0.641814637111016
0.504681146220692
0.611578550728027
0.503409917940086
0.681940895439519
0.658687134862665
0.532169518631355
0.598263752098716
0.468285320131605
0.525539336484242
0.635065271475085
0.625753201431301
0.585189130262404
0.643042812249497
0.539552219488928
0.684519149769151
0.777428989745519
0.411001933681035
0.50654688063553
0.555844145827321
0.631747266802704
0.646071973257213
0.574805254383198
0.579294646661801
0.62733661807189
0.640480806725147
0.679299759278949
0.734467699600788
0.613131036497532
0.735617733286145
0.494943636946106
0.610091529057799
0.708364111638198
0.698146740648441
0.633370581116508
0.558164101726796
0.748670571389007
0.83021505054215
0.603071963948997
0.811964713598451
0.768992020487799
0.612340484969777
0.690329122853621
0.842699646540387
0.75673176273433
0.609788764436664
0.635208963703983
0.681569735783079
0.644459303520503
0.64554722156319
0.599207104117925
0.729294605609447
0.530596805462613
0.800688376841156
0.837051145253735
0.675967470372941
0.599968919446619
0.668458757270512
0.702342875801944
0.651538948869552
0.653448828522968
0.625402838651177
0.678942729165567
0.609882588481536
0.792725972645085
0.701141356210836
0.675014079961612
0.721401950057755
0.599597136825676
0.557064082041743
0.719929668487458
0.821493856121349
0.802004625330823
0.754896217006542
0.621352962296043
0.782398103259849
0.523191227999932
0.866263754636711
0.73874108038582
0.776260552313957
0.647520227180605
0.63336687786771
0.620970731536154
0.863123823627859
0.653681433956671
0.882059622217564
0.784589537402304
0.716657225574161
0.7814979220437
0.677239351302789
0.734891078703361
0.792169995973527
0.728034346549749
0.687254676352433
0.778543328842231
0.748927023457111
0.739758643564426
0.795511438732199
0.823469330179751
0.803896282113055
0.908704539986128
0.804096689008252
0.859217120897579
0.847971126395328
0.819038715165861
0.784019635241623
0.764639907487359
0.630005087904374
0.91168347948988
0.841102989686219
0.898726039629827
1.04461635379866
0.880764104929601
0.851235281402937
0.773103108991815
0.817860814707978
0.942671500047373
0.76510744688921
0.793549963486112
0.858316520208083
0.949460611884137
0.854515687822804
0.850566847570436
0.737762976035083
0.87541247946724
0.888569206934955
0.858207370281967
0.886500417203063
0.742677964426823
0.748634305133985
0.878107093467415
0.87243838413682
0.940164657240802
0.819785584223706
0.940691104314296
0.862472291001988
0.913273344871776
0.807903597833488
1.00680264906375
0.860378662927649
1.05790690329134
0.755350663478384
0.808355125048005
1.00682934581451
0.838094579528613
1.00012533471345
0.902111698395188
0.837096762201674
0.809106966401609
0.961608258728859
1.06540640924106
0.783443981115283
0.936504492790789
0.854034569542331
0.835146837719299
0.968355281423406
0.988033160891548
0.932127860907027
0.877264088186526
0.90099271619098
1.00685473074863
0.881182735045832
0.852611728864098
0.919494350572154
0.92381557368262
0.828737821755756
0.925614247729067
1.02793432236048
0.94438448885605
1.02932133832848
0.880171897323719
0.828731329124385
0.843651283910384
1.03040088530448
0.99552429790279
0.833764350649232
0.930453275308749
0.924624628149643
0.916832281205478
0.913053795114095
0.93031103850257
0.922790369297148
1.07298165054871
1.07814036155505
0.87803894222191
0.985976521808105
1.04074311984375
0.908688326141441
1.09423907509738
1.00827702181369
1.08606464782176
0.974275076904286
1.07411530143289
1.04946605735429
0.89244421208627
0.96275643376422
1.03960710179436
1.01374546067492
0.950711369072802
1.06093899343578
0.95308239181288
0.909062869002253
