"x"
-0.944996607463399
-1.00783848488918
-1.14019568308989
-1.1017206112256
-1.05340048829186
-1.02057405375245
-0.94308367708855
-0.886597086434015
-1.05928838276182
-0.947328983091893
-0.918035887733372
-1.1014389433929
-0.934978822233276
-0.842037382577207
-0.809946209529871
-1.05220791222301
-1.08058566960644
-0.927672299207046
-1.00223002127648
-0.813259707345373
-0.844910363128965
-0.911001504352362
-0.952632208940563
-0.977243044703181
-0.837925372852514
-1.08585622598653
-0.979015576059264
-1.09893824037675
-0.932240419126824
-1.03970050455006
-0.931276747331177
-0.881003590317153
-0.959408242568809
-1.01886283230356
-0.872645130181867
-0.996706240346014
-0.893542510468313
-1.0876053430071
-0.863908492091412
-0.917514477434479
-0.973408151791159
-1.0401666536301
-0.962661541706073
-0.965515671954202
-0.89096835720708
-0.934038480825856
-0.8940800566305
-0.676099031402297
-0.894526728554615
-0.95559992735899
-0.990572082810607
-0.899571955789442
-0.830568570384009
-0.824806891579303
-0.90775085500495
-0.93018402479368
-0.813460954241715
-0.89542715644681
-0.885568725568564
-0.803101530381304
-0.868226702712123
-1.03839228012386
-0.890047053134023
-0.842313082099333
-0.888436494766425
-0.871945252824324
-0.800626537310311
-0.873128073257302
-0.837876127894242
-0.958002479807083
-0.706663043542714
-0.747683252243268
-1.01157849659858
-0.91776353173216
-0.774613676746201
-0.862486349906827
-0.944920631124621
-0.738545001325539
-0.908596288808359
-0.795843227201334
-0.835826641949661
-0.760116125956492
-0.95818850522258
-0.759106961755747
-1.027520511108
-0.812309858085038
-1.00259997943891
-0.83715028486292
-0.734753609233811
-0.754018669336078
-0.773318037528431
-0.828896465316028
-0.815152559170752
-0.831343099695192
-0.780557369316653
-0.8029913379349
-0.759149705093112
-0.672131052907163
-0.92002705506454
-0.735806801839619
-0.751956903455018
-0.80029182250121
-0.609333335709599
-0.685460800839061
-0.777907040413224
-0.801406187425808
-0.730474134597021
-0.703884851425125
-0.851260942656602
-0.720272170723808
-0.583409455113541
-0.814187001490175
-0.827954242183029
-0.771732145925096
-0.86287098271725
-0.858965284664391
-0.753527965371318
-0.746663716186821
-0.614355802648641
-0.758520155843162
-0.671589498921155
-0.898254048119821
-0.805218279940673
-0.868082990823708
-0.837757483256742
-0.701046748025687
-0.861733146948741
-0.745400802054207
-0.784878955513686
-0.678389688626614
-0.686489222862091
-0.731535955708492
-0.66157283413
-0.848304446613336
-0.722262494978322
-0.753893848019858
-0.683277422450377
-0.794334741693801
-0.656293283637098
-0.644392546666194
-0.64164060260733
-0.569188640615249
-0.895105557815923
-0.556109384724501
-0.662548540179088
-0.772294720231344
-0.770071615726078
-0.707475479405064
-0.657810226346046
-0.64000716003825
-0.572043985863381
-0.576701883375621
-0.646876518634346
-0.765655325764809
-0.718252179568494
-0.632721074419041
-0.696211123492465
-0.611318509833734
-0.679807132694066
-0.666939018066492
-0.771408102711204
-0.637597437132608
-0.676659199880511
-0.569759952118247
-0.576875439732236
-0.731541163848297
-0.732316494610359
-0.633512946596412
-0.749554803762737
-0.742606058143455
-0.597877357219035
-0.633144583523887
-0.557758660351554
-0.692689331384477
-0.704478440066207
-0.647799303206087
-0.721444730840715
-0.628772423401415
-0.802794143500342
-0.637585051363067
-0.751081478092536
-0.615523378512378
-0.654180405785403
-0.687199408437668
-0.675241488572001
-0.603311781614979
-0.634328189867492
-0.577636921883829
-0.621889478159774
-0.731350695011015
-0.616543077438972
-0.753308059547159
-0.514595367913626
-0.618818084771827
-0.645352616227985
-0.581806646870409
-0.665403005542912
-0.578611184502751
-0.631056724853003
-0.698054834084736
-0.712276599655081
-0.527964803563562
-0.554000917683246
-0.552969814552955
-0.671315826874307
-0.642664670530649
-0.38876836630604
-0.604422353679817
-0.477080823413138
-0.314635210552278
-0.497113324949638
-0.533226792922863
-0.644977642586556
-0.528629998788571
-0.636609193056755
-0.518500206326831
-0.347467319320645
-0.534562998316962
-0.697266843239113
-0.709616449362656
-0.609448141702758
-0.594477046835585
-0.40794151394065
-0.794847903871134
-0.694520217715258
-0.611768429342864
-0.45233416901008
-0.518185312531057
-0.399115200020183
-0.568125021814834
-0.675492355587238
-0.664341591543243
-0.592851468363723
-0.587485592694744
-0.545224175953344
-0.457602387888774
-0.720093331266555
-0.458410867459497
-0.556029112322353
-0.456447129443625
-0.533692174772116
-0.594420547186155
-0.490679342071305
-0.568430352856045
-0.594192916996739
-0.354068570153881
-0.532287949926912
-0.428777523201861
-0.419012431258915
-0.660471806374697
-0.384423722745217
-0.484630513428929
-0.416526528835581
-0.39960225969189
-0.639760579798312
-0.468972579937096
-0.502810122225953
-0.467856644029691
-0.476082697720379
-0.38147662115808
-0.596015708714783
-0.521899604422658
-0.224550262293637
-0.552604381388098
-0.636336905836831
-0.563963543432146
-0.427427930122566
-0.55138902810756
-0.542099409864648
-0.468564171932583
-0.471870816118187
-0.357579998415758
-0.421170622545073
-0.409901537502527
-0.428867418697015
-0.674517230342987
-0.435647116308777
-0.493490229753587
-0.431681392742847
-0.45864238632369
-0.429107687165638
-0.430107610139286
-0.502944221348161
-0.407205211336127
-0.462937009801358
-0.509913209579696
-0.359440512909246
-0.412858480494937
-0.347945494817881
-0.637428009939108
-0.461320824432396
-0.385349586794743
-0.58449703322095
-0.447269276909553
-0.374333136252003
-0.437685243272329
-0.444528603305943
-0.468514083788666
-0.316554530686124
-0.550629330508493
-0.469729041811294
-0.439990072842781
-0.328123084271762
-0.404741759871548
-0.239027602776572
-0.387290526413921
-0.539099707950326
-0.193725868830407
-0.326217146910602
-0.32502536987533
-0.346714758676238
-0.344361367102219
-0.390698635863791
-0.231174859459642
-0.426651051946138
-0.366909310323974
-0.339164047024825
-0.172720173428125
-0.459583926151571
-0.397074996918943
-0.306254521797393
-0.394315845712195
-0.332490691171896
-0.425941719325135
-0.405730170696128
-0.406108912170431
-0.193101740254666
-0.278304081567337
-0.397014543842538
-0.475012762046551
-0.18250202443055
-0.209572054982213
-0.284212389193049
-0.302112024646125
-0.303690640028412
-0.375668581968247
-0.275851335722309
-0.247082221570419
-0.33294655064958
-0.241028923369566
-0.294348168595674
-0.262698997909094
-0.355056944317192
-0.225688609779158
-0.362942657587427
-0.370208691016262
-0.295076729404954
-0.381726331261945
-0.276756682811848
-0.408916650321642
-0.206950010426749
-0.289494895018952
-0.312179064399595
-0.162621299759811
-0.423161193293796
-0.286500639122455
-0.232694484023565
-0.317325597488908
-0.24704928768086
-0.270392320787661
-0.247220261653736
-0.363379572441653
-0.276216429730205
-0.122672888544919
-0.191682346005199
-0.271394101984881
-0.311410216175627
-0.21260707605227
-0.192651551072092
-0.291285240194398
-0.239451755517481
-0.281777152477567
-0.141861587248675
-0.155622117542247
-0.271158107622364
-0.299049459386184
-0.163173424760096
-0.343884592115813
-0.165871380245924
-0.232359077025086
-0.23363820791988
-0.317030942888367
-0.172974096433185
-0.192496682302897
-0.189200679926023
-0.265632219455586
-0.278330789498585
-0.236061780682003
-0.270368034006015
-0.167298381899907
-0.297846697127283
-0.164285787106938
-0.224394692225006
-0.265502025637658
-0.274148248235174
-0.240637027225106
-0.0616479907663623
-0.299763169297077
-0.250203107538033
-0.0287726332481934
-0.137833981260764
-0.336831097933518
-0.0613080274554706
-0.173199506482862
-0.279961265328927
-0.278140962636788
0.00266945729775391
-0.334693072572728
-0.228208358436988
-0.11127961853776
-0.202517637984032
-0.104438532241258
-0.192295021565181
-0.187469298785028
-0.130404874406792
-0.148770756148733
0.0988437333190104
-0.0570612188599252
-0.0845514584216332
-0.175071857218389
-0.137589069167639
-0.163669952464163
-0.152600110227415
-0.130415062050601
-0.128088114560274
-0.190916447000478
-0.0257045429176666
-0.0720310292359181
-0.0566374687236755
-0.194879773389592
-0.244461088394492
-0.17869342131469
-0.0876537312655292
-0.0783978749797445
-0.11611265953115
-0.117814761698382
0.0438461240964542
-0.0577923875395438
-0.125902597035028
-0.127176639760823
-0.10741908291408
-0.210178902839233
-0.259520734695944
-0.200975944801436
-0.18869399542739
-0.214808621615989
-0.16407818555066
-0.271929956407621
-0.207400792454563
-0.153674420589464
0.0572140412288307
-0.0619219666286471
-0.024949866695038
-0.132667553998184
-0.0339458539759082
-0.121658806091581
0.00587530681801532
-0.115757951633073
-0.144224155604701
-0.16676967289886
-0.0850888810190765
-0.0251773145920666
-0.09149630376736
-0.0685460719270554
-0.168036322170609
-0.158545660744509
-0.125323828747025
-0.0161958143987322
-0.0317488567125715
0.0117558455901798
-0.0823365349682223
-0.13765893429838
-0.0145521762844734
0.0228559288669011
-0.309425692729893
-0.111715473296402
-0.238509740455659
0.0262606685812049
-0.0694596585856849
-0.0368589888853699
0.00153717173723079
-0.108639279909337
0.0531866298196892
0.0159286288028125
-0.0543818391343361
-0.0207332238078376
-0.191385026438101
-0.008783457341225
-0.0794550666184964
-0.177210275810516
0.0143357822537279
0.1136745599557
0.00604454152753272
-0.126071237380136
0.0664918320129285
-0.129891699527965
-0.175249437456613
0.0467214903052959
0.0134137241823965
0.0302017244413669
-0.0393297006660697
-0.007504434469195
0.0455924685778868
-0.0218386268701913
-0.0728673402454366
0.217932228817697
-0.155088387511792
-0.0485672343287946
-0.0490788222722442
0.0525016165164724
0.0522636318071596
-0.0489333358236298
0.012824064051193
-0.127581387886871
-0.0169099949197289
-0.00122293984438762
0.056204095654362
-0.0143061100120086
-0.0121337735156471
0.165014507950525
-0.0884106023691861
-0.0188471732077293
0.0210808988180193
-0.0907093156844176
0.023069944930093
-0.0491829789484725
0.200829743514107
0.0932306811462233
0.0748333615026084
0.192411166620663
0.0413184259263113
0.0341087156352618
0.162211257093892
0.138154183110349
0.102827625460325
0.207105659054678
0.102108237419696
0.0489835447349378
0.173028842016134
0.119860262917234
-0.059287530890483
0.112895637737002
0.0814158642092986
0.0569650986666591
0.0148536097637046
0.0942535499294745
0.101622232352611
0.118719734906719
0.0136981693237185
0.0747571211624763
-0.00520404644137507
0.200819570082841
0.112027046958692
0.138104488169018
0.186399802376931
0.0457449731389485
0.107534922159224
0.137128952771119
0.134596032385299
0.200453292952852
-0.0150817116669746
0.00554785195266538
0.0747124867768914
0.0588462737622207
0.381284313931433
0.23670269487188
0.242429544579856
0.0417013534510431
0.169357862887776
0.0118762312187287
0.133144939065212
0.261634895918975
0.00281165700633649
0.00410485140813817
0.104990913543995
0.195460503867846
0.141778044556872
0.134144329714223
0.197286258612897
0.235614616121445
0.197754106409302
0.222891357627222
0.07330120990637
0.204661055457844
0.0816586144878729
-0.0243939399762233
0.117087537265271
0.0842652835187387
0.178496146800261
0.253623063586823
0.211281657453774
0.191901851719941
0.283159153822447
0.176460254251551
0.174708050196277
0.197923967480831
0.232450714649242
0.202567924505662
0.134866487645288
0.094169698211869
0.220083480009865
0.228215929239076
0.212465085229967
0.368311745018006
0.245750790917367
0.0175390546186423
0.220057570021082
0.23683658636169
0.380300199366245
0.149154470717235
0.233566688344888
0.260449106711738
0.157397359750675
0.399119839486001
0.305556312308568
0.215499629493255
0.256944412464361
0.131772185984303
0.310308944533467
0.458627839839857
0.36514832244901
0.168659426277377
0.267257142505393
0.221071122536057
0.314468682728591
0.277355819998904
0.380321298959031
0.173004703741199
0.316648413160247
0.346980819595369
0.183161496794924
0.208456688541094
0.241563821022769
0.334495812321926
0.246666922409078
0.407083996406105
0.309697390904404
0.444032664741472
0.228289939078015
0.270333258175319
0.292317585676066
0.301236015166159
0.225492286177479
0.239108996302575
0.21335282662172
0.368939797140025
0.407055802812506
0.353642140482896
0.249183121519522
0.45147620237517
0.54056687660927
0.418598968900581
0.376423710352904
0.355040960270904
0.074518090160023
0.361724430556394
0.389415630551909
0.182220133624269
0.430875104232843
0.328933556534385
0.355466358916004
0.380205993982895
0.32568672206773
0.43542866093868
0.304477949821185
0.338436827299065
0.281588306328544
0.302969509089481
0.379162904343797
0.309509184445007
0.379121390446933
0.362307553040273
0.269859725791181
0.425307778273824
0.334526624131319
0.271948118111564
0.328904798857669
0.363904685741201
0.39709185421318
0.470925656705825
0.311622890797554
0.361348273059809
0.382776835292915
0.497204628121979
0.429439132669996
0.388955852966013
0.363861338791686
0.430800509402445
0.371263445274275
0.380434270221518
0.488951678296285
0.291950671271779
0.470059614532742
0.389723625638707
0.390015828348483
0.354102124777112
0.365512233347258
0.47751383359921
0.428923091602819
0.492379299659867
0.344636835114696
0.270979253133877
0.357067078925184
0.601817189358813
0.383414484029074
0.563668026024656
0.327823960207585
0.305103066226511
0.325468325324202
0.423712192811378
0.41370051806645
0.387494690177158
0.349586350944825
0.448838314038984
0.440228097043309
0.641711150109639
0.485015739034069
0.49156942214152
0.464421197124568
0.381936196039608
0.487040783461456
0.443867481006264
0.362385758297661
0.551942332094927
0.634700499193058
0.267675763520487
0.518480742798818
0.442800766068568
0.599302246910278
0.332358726786001
0.429476904311393
0.538390329467814
0.43818159767725
0.517024621175139
0.510029111678694
0.385234132288444
0.561770635597558
0.52253298313521
0.527815735132543
0.253437702637812
0.442345261888745
0.415530324705158
0.359175227659052
0.540790632056331
0.420715137710511
0.465060134049974
0.544654246712936
0.433014258134384
0.375627514301906
0.590355000297199
0.463439948226087
0.394268846698686
0.568494206947261
0.486500157116014
0.495368106413219
0.339482410260262
0.479415410481964
0.577996083647227
0.482662916193871
0.545608108748753
0.536282738723752
0.473420764002446
0.463891641355095
0.569048400677993
0.443489313992793
0.547072952750393
0.557014338644749
0.569248487279003
0.513586611167668
0.477990841378583
0.479819215671589
0.393587506183306
0.554085340068294
0.546461076260417
0.638604528183802
0.649801600374138
0.589558206724186
0.377231396792679
0.555106007054479
0.511720151630758
0.619141329577009
0.497756256949204
0.487268346877109
0.600547639042963
0.571242630988558
0.444294097352597
0.568722702126891
0.516840574511902
0.628004810802268
0.556789142312924
0.469297525795956
0.714807864188631
0.623790599524956
0.646166375063553
0.556476167730476
0.630801012709499
0.521533478008302
0.596964617927703
0.446783494971067
0.658509902716893
0.535177316737288
0.538417820533337
0.645893817407914
0.775381344699902
0.628179359250363
0.731032384846944
0.55999492355585
0.568600413450936
0.67612356470357
0.649479553690807
0.757557022235726
0.720880791614701
0.588811147857627
0.644479455278187
0.711992354306126
0.485028457228017
0.659324881803057
0.55105868600425
0.609195612846483
0.550705289831928
0.550756784110312
0.633121727774307
0.534821407853446
0.634955251173083
0.786844735741843
0.577052403458537
0.744075307454931
0.752773755536308
0.674547298337984
0.66924184268878
0.619356709459876
0.597967321490814
0.690111614950566
0.798002419952006
0.656061142057426
0.546587773303728
0.715242832530951
0.61615154155006
0.5056600007382
0.632796507184902
0.599852428277443
0.763485728680933
0.68771753060704
0.61344033852499
0.54617887815617
0.595602713409384
0.713527776504434
0.678698410913755
0.744191968861711
0.691682050562231
0.723621210350853
0.850651541415417
0.832743644238538
0.583338734665859
0.78081348607123
0.730073574305264
0.79335850865627
0.656018282986179
0.69970373887203
0.762176490962398
0.722229771425416
0.754108875412207
0.759637047339243
0.678587045181663
0.719686798427476
0.770312654056477
0.70115580594552
0.708062171248722
0.734925140405607
0.651784428211046
0.716968630344924
0.740968855575582
0.689279310697765
0.678440619655765
0.646820701122005
0.843220630377179
0.680979209179321
0.63915466293641
0.732969934014105
0.61619222423908
0.676676753685639
0.745273314900512
0.702705257707624
0.767518502933554
0.610689666573411
0.639968331337104
0.628081861987544
0.755746638842016
0.733230155526673
0.859588555123759
0.771137403020227
0.762449360590653
0.887717863227606
0.680032732769138
0.731823540244245
0.783384006579583
0.78578905168941
0.781990705862836
0.894408641147166
0.765967572258324
0.808001162236175
0.734250478672846
0.815288255823689
1.00436877671642
0.905025532256366
0.853006735332615
0.831530950247418
0.938258448760305
0.779074791802301
0.79642677394366
0.793382779102421
0.823199508522366
0.92541381450342
0.789309338834356
0.800017897004664
0.819160640778499
1.02324770327753
0.658810952863718
0.843803055022596
0.792543696828312
0.869005827919222
0.846880157082562
0.824067284146114
0.782561671828233
0.935651563325646
0.627670057306581
0.939003666003628
0.859167196382539
0.660766737374405
0.894172731181479
0.929768660673118
0.963161171453048
0.851412282947753
0.936219945772696
0.779551957286464
0.795656089433076
0.881562314538064
0.977365761399982
0.915490482476057
0.84928414712346
0.990913332033251
0.85760543948473
0.785070678041011
0.952193951473782
0.955687842876052
0.792895254803879
0.842831435443995
0.897116987196549
0.970569112219725
0.941257077949735
1.00123180437299
1.0034037997549
1.02256377823822
0.935599799134668
0.825146336682982
0.912536363361762
0.97170991810285
1.05629664703432
0.931410393623689
0.934433533241854
0.976701713237421
0.940237894702678
0.997586284999061
1.07527389449222
0.91499053135432
0.892633620379031
0.805076271355489
1.03543249136633
0.956721048678341
0.935670260416044
0.877933581455734
1.06639588698332
0.969022837211632
0.963319740553043
0.918427231933755
0.940564282198643
0.877881267024845
0.944796322219332
1.03242964775571
1.02355572856943
0.83746252505575
1.05963283588499
0.989335724469798
0.816132016426181
0.915529165116893
0.921445825966308
1.10735804507853
0.948577742247359
1.06193533047501
1.012325616423
0.913265277976904
0.791824935809761
0.982232164821203
1.12113134839882
1.11132056633886
1.08483594449021
0.932904360782093
1.08488069546265
1.03537589284088
0.993163598997222
