"x"
-0.928466737913883
-0.844319968829138
-1.0899496975
-0.846927737041469
-0.88300559299367
-1.03561158785588
-1.11058925104461
-0.941520199460652
-0.951547344713607
-0.892818193110961
-0.981611897662327
-0.977342358319274
-0.942999642004073
-1.18644362649054
-1.0251961822466
-0.999827816707016
-1.00245802650727
-1.00918721171731
-1.03922077160431
-1.02586703151061
-0.955164470500109
-0.852949217919619
-0.985084306656017
-0.867512973714908
-1.00242458684629
-0.959761313264822
-1.07041906741121
-1.02873368627755
-0.976263332817567
-0.889663117472952
-0.950716951762371
-0.83662117019755
-0.867936947782216
-0.921578659430327
-0.799708717017627
-0.872720247378026
-0.756420596188671
-1.00647378368239
-0.865890339914094
-0.883638047287002
-0.905396878632351
-0.881080615260222
-0.888548914529243
-0.888821441937477
-0.832557472877946
-0.814959372429685
-0.930496677933936
-0.946893101978028
-0.98667160104349
-0.777081377077405
-0.881349933629315
-0.896172545352351
-0.732645114607508
-0.845353687506888
-0.825016304695799
-0.987573427541622
-0.885067902104873
-0.996009281197821
-0.858455189265286
-0.883481112596069
-0.780891393355706
-0.918159964191582
-0.809826510189585
-0.940275782454234
-0.948090313156704
-0.928511177270851
-0.829362307757104
-0.913108539148619
-0.900968082750981
-0.893210799730394
-0.78896351909726
-0.810297512041527
-0.970571017161584
-0.809987562569952
-0.747191328241321
-0.845831646958871
-0.812551817955597
-0.7601852965796
-0.694557160521062
-0.882748927856631
-0.83581283189876
-0.693856818050076
-0.890889309977916
-0.762692007499987
-0.826162579902915
-0.876291852700152
-0.871454269034524
-0.847687206900108
-0.827177981179099
-0.834288915908333
-0.719596360403014
-0.915595978854519
-0.906523686469825
-0.736687981583553
-0.871880234491592
-0.74731305844135
-0.735486391559179
-0.672091420175821
-0.727046851703386
-0.884733692022523
-0.815676553600549
-1.05278876208688
-0.736678161252215
-0.782856478333112
-0.539949536768296
-0.73016353672919
-0.836399104556373
-0.821426914537418
-0.730245605102125
-0.780227853238409
-0.74593734333749
-0.792285285753772
-0.781214813567763
-0.702082516185288
-0.795724275733517
-0.819351379118994
-0.735560654195874
-0.785336379730014
-0.631096481469123
-0.849426191061223
-0.621736787670843
-0.86276625992717
-0.891929243577066
-0.648103387961565
-0.887444584684025
-0.747950538383594
-0.805645579602203
-0.593356708482209
-0.877000775749725
-0.652903794138966
-0.686312748772527
-0.69146761513852
-0.695372212015426
-0.677136017979604
-0.713700048262924
-0.689944209072641
-0.713138074065855
-0.789830592233156
-0.678071287992152
-0.858040359568525
-0.807674067603447
-0.755537623201527
-0.705029344570357
-0.810158720265657
-0.72005099993728
-0.43873203630795
-0.67515529828265
-0.769514482962264
-0.79646282993682
-0.704663151315518
-0.73729850827916
-0.621594242995117
-0.765055405201853
-0.688788934207702
-0.738724802228425
-0.700410201110037
-0.743269762115183
-0.704965588304908
-0.788305243729659
-0.742073120294686
-0.764688648640711
-0.739958951147032
-0.614441527738184
-0.641674812802077
-0.568709409541065
-0.760847604205279
-0.608881662576429
-0.665415462966673
-0.660730730296414
-0.645489313464323
-0.663816060088746
-0.69709869792674
-0.683685013779709
-0.716649848978833
-0.743492194701193
-0.622955830488383
-0.685479209248824
-0.587503802255721
-0.744518556100572
-0.675876844927795
-0.811815949795193
-0.656561156247436
-0.698420805004789
-0.561716715649769
-0.682705409623225
-0.649428410807811
-0.588667479201065
-0.52110723954674
-0.652466932688433
-0.572469732467352
-0.577007831050231
-0.500839196048592
-0.61605322689828
-0.453163119651156
-0.701749478596735
-0.548261456099054
-0.648739600021136
-0.710113093746073
-0.540310270274428
-0.538428950839148
-0.548570531462856
-0.547370189443881
-0.6790148669135
-0.58100619134652
-0.611108582587138
-0.674776620953505
-0.509638380988348
-0.684666249715172
-0.686659529243531
-0.562628632748702
-0.563005908626188
-0.594644808916169
-0.452197676668609
-0.532001422560068
-0.571630965287249
-0.457210062480782
-0.60754607912768
-0.528650090807399
-0.625452035062496
-0.486828430878808
-0.67122654322224
-0.573427232908531
-0.662321675441334
-0.48313957684746
-0.522536895454715
-0.573599056652044
-0.607214899063793
-0.491961859856739
-0.611302255731997
-0.565420941946659
-0.569904791091598
-0.508638192511476
-0.392526686082192
-0.531891049903185
-0.522584935885017
-0.50811200349598
-0.423535371168312
-0.502534992409017
-0.519595894778203
-0.453291229115486
-0.465546767165438
-0.570007801405124
-0.499440752347558
-0.648073469379353
-0.53449076232961
-0.470907493074575
-0.563576663532733
-0.483470246790389
-0.551300704938755
-0.435326213898153
-0.568741047054324
-0.454145636533868
-0.422538093954845
-0.34689431476169
-0.60563915737076
-0.394724308543825
-0.523809484745113
-0.579552195059739
-0.474757504100697
-0.448988518159968
-0.508596448884144
-0.506510252502401
-0.33992452178621
-0.644550212902969
-0.570228048367931
-0.470282631005256
-0.552198124354196
-0.403705576415934
-0.514032658220899
-0.380724114882796
-0.384869150338387
-0.555560389598782
-0.556866047963437
-0.376280193368463
-0.415361589016857
-0.507727049514965
-0.441009163101202
-0.422173071620704
-0.333199012889447
-0.488767064114769
-0.428216724754874
-0.292851910550244
-0.422890831471913
-0.399722669736568
-0.427819315097607
-0.419918009290232
-0.497853377764859
-0.493575531751587
-0.508424398990495
-0.404784071914814
-0.540285901427926
-0.442862531163431
-0.286499883624557
-0.516400967853486
-0.437396965427744
-0.412534617830477
-0.504897143943185
-0.285407147499953
-0.469576352653797
-0.41333068624457
-0.430807583692988
-0.478040256701341
-0.489594675408163
-0.34887726537537
-0.434370891630694
-0.38763675704191
-0.502128966793339
-0.450387371848145
-0.376449623687458
-0.504140561950077
-0.421157800578739
-0.379720202000905
-0.462867173399649
-0.384904888924704
-0.581514647488682
-0.336733976342843
-0.280920591256277
-0.289013710216158
-0.333028073821541
-0.463955972867121
-0.32486983712324
-0.326881816930459
-0.437243591352547
-0.267936730054418
-0.435705139722566
-0.346154707855368
-0.450477191866992
-0.345999939420224
-0.210589212450794
-0.280554789818358
-0.350410040982767
-0.343481174288994
-0.338515397468145
-0.430567185682352
-0.270334595164028
-0.361813982634639
-0.300333270474682
-0.286539173887618
-0.369377086934575
-0.324773654279258
-0.285326543839724
-0.389203372805226
-0.246877737380451
-0.188628329645373
-0.277852466075356
-0.378065211893225
-0.178867761759213
-0.258667180049745
-0.416028903274435
-0.319342926521083
-0.27199699767023
-0.337206947915751
-0.368186718927401
-0.348242160305226
-0.172591948006421
-0.225593036019548
-0.15555156035287
-0.146855819486767
-0.227526131990836
-0.466667173508132
-0.348073339295272
-0.17496282683794
-0.276801289213883
-0.285627326986882
-0.285293890641621
-0.277431655072029
-0.30625432921557
-0.105569324485779
-0.178052185743295
-0.218788081605245
-0.401818870884002
-0.243495658324888
-0.119379562623978
-0.237309087997549
-0.362456548752667
-0.259629042129936
-0.42284093615174
-0.195796860087164
-0.250158219832208
-0.0882354803189772
-0.124623227680223
-0.175354673647837
-0.214179488492213
-0.212857008622143
-0.271947746144877
-0.313628583609658
-0.208423931894142
-0.158672462388487
-0.101384908333375
-0.255054993956215
-0.178029929271396
-0.20489511969878
-0.000199609954059705
-0.336937007247138
-0.137400185108074
-0.245725509597911
-0.0860852223478607
-0.0875899046744301
-0.200328776926726
-0.0468230590071036
-0.212187104190676
-0.28596676409281
-0.259275929528352
-0.0660103133281587
-0.140954172318696
-0.119515796319171
-0.124770915890562
-0.118535429364278
-0.322470640846422
-0.215711010750213
-0.258542352331166
-0.246632958627016
-0.0593128149257685
-0.109711822833989
-0.240756854696586
-0.0715026328839185
-0.110950584282282
-0.0991199930011177
-0.209070913593962
-0.155016533642653
-0.215400011452104
-0.314414871478469
-0.241036060114587
-0.193578891741474
-0.312377120304588
-0.126082530217062
-0.0771605161077298
-0.132087464983307
-0.0467705615450431
-0.136768434621474
-0.171342720098739
-0.0984931833178951
-0.162954521317352
-0.0438954799103655
-0.191720143507086
-0.122126832421157
-0.0456483745885804
-0.188412914272816
-0.13999946721515
-0.0632671392860153
-0.140318478482578
-0.119326791747178
-0.150798424227487
-0.0333709202022694
-0.0347472133996943
-0.0711399867116595
-0.197995883452158
-0.0467997428299538
-0.0438763388263682
0.0290370037107948
-0.121529800789837
-0.0545250351450058
-0.0780288496904859
-0.102601705167471
-0.122240441282959
-0.125314700244478
-0.211436702744519
0.0792589175004377
-0.0227867485115175
-0.0200576909554552
-0.130572699005007
0.00292136169251562
0.0847036021971393
-0.01339394428577
-0.0688203513686799
0.0306044094993644
0.0654063921232634
-0.122552482496852
-0.179677275919262
-0.0471664327900072
-0.18272780872244
-0.00820494896077045
-0.11871712708801
-0.0211851176303407
-0.0197128817834912
-0.0571958083136492
-0.0354730912908751
0.114407256397642
0.0543389918032865
-0.091343739150343
-0.0752510627781404
-0.0440797328570761
-0.121735629602696
-0.0212290491177238
-0.101600659046136
-0.104544594613646
-0.0270335444199016
-0.115774270405542
-0.0766685815104587
-0.167796535560566
0.0141144771447803
-0.0646318298326858
-0.0182291174338648
-4.58946327370218e-05
0.0918520372759147
-0.0483775498192557
0.00328537211203886
-0.00792990964567061
-0.0483659168663941
0.0373658083615465
-0.099065576858987
-0.0677908172394775
0.0408590567739404
-0.0144261986222176
0.0151327980592727
0.0397132378295216
-0.0507268009695921
0.047237867925395
0.248091585614131
0.050078689658759
0.0112146649121207
0.0542023562516574
0.0377999498188714
0.0688301262092202
-0.0760385867935708
0.0878168732444418
-0.0389101207520832
0.0528248373307142
-0.0522355398805082
-0.0602978379778603
-0.0144991154581688
0.0889278813235141
0.296937367882265
0.00384233689582625
0.117240094639663
0.0241929571229126
0.0353487891649295
0.159097819899709
0.102799729268555
0.0590722348654436
0.0112315429294086
0.171294450279791
-0.00850047111985865
0.201274547147667
0.0732201624766204
0.227750868408114
0.20159889827665
0.0591807526136102
0.0552255060516703
0.0845723346546008
0.0961411312921165
0.018904662324858
0.148615076464616
0.142126346832402
0.165008135848114
0.0817036731640268
0.107560852263908
0.0148154850233293
-0.0698407873131065
0.0834924248729872
0.14764156991054
0.0857124189223242
0.123243548711899
0.197851376080668
0.167966485338653
0.083596440874194
0.125443486824866
0.0962145607689322
0.000338133172696448
0.152253275468563
0.115251077532979
0.171051841019329
0.0183266275465988
0.157743160351356
0.339973410863876
0.0487072369035433
0.13165741963556
-0.00762048267484532
0.0849355418097662
0.129520726734158
0.139544494595395
0.134178003525982
0.263910504715463
0.0622710063305339
0.139876147607459
0.191458608366163
0.230305457308043
0.156029579948575
0.108813267050502
0.285096536170978
0.0660429915188817
0.225733375513132
0.22677868637872
0.106058080502121
0.175701838076273
0.29033979383485
0.242630777184143
0.211726447212599
0.139991706629276
0.165072635188329
0.0776869409693674
0.128089644880762
0.127420326143801
0.207553519712517
0.245072889525973
0.225633871594405
0.138725519773749
0.249910069212802
0.242298239518531
0.21180543322211
0.259264292382623
0.192669262845175
0.195738312591899
0.14283556037611
0.230416574868007
0.191055372570038
0.244426969493751
0.277486602033803
0.18717572488446
0.125590851608996
0.228319766419705
0.174283621424588
0.218106932820181
0.216542969125809
0.277165720214199
0.164386471395114
0.201694197626366
0.153701504219308
0.173365046006718
0.266693897900391
0.195115739564871
0.240944995375648
0.271120839552319
0.378810510303455
0.481775710826903
0.266614455563256
0.20863692800559
0.199789317269849
0.230006540622512
0.215564583148346
0.212669207485254
0.158317327866268
0.34655404890374
0.121822117986562
0.362607930383729
0.423240520882621
0.194827916517714
0.245475857375613
0.17643399642935
0.400708466393401
0.248237891743409
0.213005463540555
0.298207524781924
0.291432669893704
0.148405518591201
0.286290817085555
0.313025004645697
0.394952125624539
0.15173842185375
0.340784277230813
0.424342633552795
0.283652500132257
0.246462371330507
0.362322321760973
0.17151655029182
0.422052028486274
0.381325267236126
0.349412412467573
0.486693357714471
0.417378345723354
0.277954971985997
0.291313455908146
0.356848175534189
0.204819981540784
0.381976794005819
0.214967707309524
0.272620592517206
0.372909210846161
0.300851146475176
0.258666504052975
0.416038375088895
0.561955202632891
0.472428535549884
0.280719210229405
0.226214927382867
0.466235955069426
0.387975948025179
0.350819870466835
0.306692079389113
0.37577452203781
0.402154463155284
0.416751461469205
0.365257933150728
0.254939014663854
0.371812935800607
0.386604441506857
0.343595940749759
0.314339546985622
0.426270101099152
0.390937902822766
0.422165073183118
0.350941671560513
0.4685389629659
0.2929644224101
0.338844331504826
0.270884080362071
0.206693451970206
0.448188297920011
0.432558374180152
0.408812378977765
0.324558064591716
0.412914898847043
0.446908661478608
0.502793204415485
0.411738531850808
0.356723577775949
0.427862779288012
0.422376916842592
0.477403796723632
0.457790874172538
0.333622761331224
0.607488288254831
0.412731674734705
0.583098622400081
0.508277918557119
0.507550616895159
0.516071991534363
0.43843001655746
0.464286396236626
0.548730477629406
0.499175190058517
0.415369662982277
0.537725304225653
0.460758486993449
0.504219245911492
0.428065532558035
0.399347107380609
0.317195204222712
0.31131580847224
0.415768819631663
0.40682483303201
0.436480236149271
0.435627230351722
0.51921316853955
0.41840609507083
0.47594857591741
0.455668181508508
0.488819168572309
0.510332041679645
0.543434210067136
0.3761720933004
0.597605380084344
0.50554039125786
0.381825299915164
0.391351434841077
0.379189936288913
0.512552691620592
0.354907493391601
0.592033160529089
0.559352314567199
0.415756367946626
0.498557718086586
0.608994407554408
0.534984742757729
0.554189334651206
0.563773494215209
0.405835264382181
0.41656547005542
0.531505238455763
0.547156187889022
0.442564776525134
0.377709606986433
0.631609351400301
0.54273020044459
0.530923499410185
0.593858756876177
0.56531894019442
0.527585183719802
0.497828220284763
0.564033300158462
0.459352935230665
0.587013859809677
0.553253524529047
0.435755522368172
0.659241573664124
0.591614875031035
0.648172497359448
0.471957234690602
0.496721993490468
0.467535755623482
0.663680138695308
0.495696320091978
0.596290855717308
0.625131249844265
0.535098923297802
0.629625267764503
0.641180609556078
0.594775776628002
0.684191790694897
0.601951319179668
0.697414231122985
0.519401085562733
0.575260988123644
0.345289002537012
0.509547867765457
0.518456579699704
0.528637302415598
0.64722157773122
0.578671272216793
0.665546335819458
0.529189338131758
0.477037495581973
0.615002713029706
0.762109502594475
0.655661011937383
0.640435500894905
0.470243540095588
0.587532383887471
0.629999480726938
0.579078589218945
0.696964877993117
0.629823480938753
0.481541633678818
0.626996507240252
0.656934841253429
0.575519597988204
0.708732916016295
0.749599481644554
0.433322999296792
0.758737685341767
0.560049596132584
0.745790489541881
0.46733882495345
0.581232350381915
0.697566461886324
0.648739263186271
0.507199403257372
0.646555376487977
0.559063031666358
0.701381325506913
0.710602545441404
0.682502061869488
0.583003186658762
0.786204204048415
0.740518683793881
0.513641433801624
0.648011801197693
0.792681421910193
0.777210304387942
0.62942827204138
0.812374611405223
0.55402212560918
0.661585152028706
0.745478112389455
0.614039247806087
0.666081686946771
0.762101369662034
0.678240945416536
0.75427975265917
0.661921757682277
0.657999824138397
0.756301156378703
0.613090161424382
0.740512676118397
0.631129878714293
0.799368702621249
0.674515697215554
0.767180616128529
0.535365016785176
0.842974906448382
0.741510819882345
0.769731932278293
0.704741622845097
0.738263122076241
0.646365889411192
0.698357174620632
0.794250619891162
0.78682310955682
0.748956853876484
0.665462983318176
0.561500152777093
0.551631345566727
0.781652746565658
0.784078908744393
0.685895708057745
0.801278957493452
0.715102050275025
0.671289090320069
0.827433650694944
0.891850478328443
0.707782830201837
0.795893229196176
0.764929330548354
0.704185532121637
0.789681491389667
0.822120177118498
0.854448163472587
0.866931753463125
0.789532101951366
0.779592029890268
0.609794323749142
0.823138907392232
0.539580630438037
0.902003411880121
0.818744454668753
0.869199806896644
0.81307846723995
0.714444924572294
0.774396180528046
0.771347908511849
0.749864424091075
0.765649982556403
0.848676158244079
0.789847473976324
0.731550508094084
0.630312140581809
0.981480498913092
0.722935037029527
0.816506825240096
0.718481828927193
0.793030286770523
0.841755177675382
0.966649143459727
0.870297838229484
0.72371991607526
0.899873681809021
0.745752940041772
0.752412610074439
0.83319451308598
0.809349148746521
0.784895215456596
0.858149226677762
0.795097101044384
0.919991078807301
0.764084933491876
0.940750043917971
0.902092410790319
0.727508956075698
1.00034434231182
0.809166604702273
0.887528846804034
0.771231820593954
0.855529725509354
0.938932711311125
0.830111166087158
0.83460905787069
0.909765343884471
0.837804571338615
0.905502705785171
0.916095868366298
0.917564611743445
0.935827020220248
0.855354626863056
0.888990058973785
0.856622409220106
0.891802404071644
0.826081250476385
0.73787652026479
0.883966500874871
0.92202048790429
0.997381173983382
0.732886725221522
0.883332073147066
0.922511129759761
0.804150490261376
0.749294689347454
0.758452576793722
0.800305673719704
0.851428591101729
0.822829460233498
0.852586946598249
0.893781358283185
0.991029672816025
0.996070683104055
1.01226636354608
0.79189153081778
1.03578952894366
1.03237197727448
0.963126354324358
0.916175716190092
1.05279818685936
0.948069043153296
0.887061587910891
0.98158279833842
0.923938111692934
1.08569746162403
1.02026823719871
0.999377335214134
0.805252336827048
0.93476676913707
0.992969170157224
1.0900572702353
0.964011266229679
0.988122816209171
0.927190359010164
0.946164809953698
1.0497666753179
1.07590044619478
0.981751212233501
1.00689207765724
1.03207468132268
1.12712888380731
1.05877104238188
1.06050853927236
0.947251334610226
1.02720214308354
1.03479429182143
1.00859586132618
0.90601731291018
1.00986393187292
