"x"
-0.944709004515332
-1.00269802103633
-1.13116734912524
-1.10399889540802
-1.04554469712136
-1.01956702914947
-0.934770839153674
-0.892774087951893
-1.05662847086816
-0.961932707580726
-0.940688725756312
-1.11992339635536
-0.934014970509352
-0.844719949315398
-0.823341058876281
-1.04273553755646
-1.07447887882451
-0.922098767119446
-1.00387634582937
-0.803751374069531
-0.817113121093444
-0.886922640705459
-0.965938318700214
-0.969317902618586
-0.846192494345465
-1.10957199507592
-0.97495112273834
-1.12342979393465
-0.951410556836485
-1.03103692833847
-0.926502714690512
-0.877759728699537
-0.940039783564812
-1.00308627162937
-0.887415085749938
-0.994556087303224
-0.867199551296045
-1.0792710431341
-0.859606380670428
-0.914622394374978
-0.964920663521944
-1.05626116085833
-0.975978372561555
-0.968694822421562
-0.890648100378329
-0.933557750213224
-0.894268774619225
-0.659468441078619
-0.87826856486309
-0.949841790796995
-0.990795481913525
-0.91228934642795
-0.821035508958416
-0.809370674727366
-0.92812336487977
-0.905111704157308
-0.822900442317921
-0.896328145008978
-0.886457391370856
-0.806121528400891
-0.872719813974995
-1.03300851657
-0.896765796697845
-0.823536231891892
-0.896030073062052
-0.863722410241861
-0.827298079040139
-0.87203198652796
-0.839314831719856
-0.948981561644334
-0.714487319958038
-0.746653926062222
-1.02128665075953
-0.908122201159922
-0.778849281580847
-0.868585431503742
-0.963674731554428
-0.727729807661312
-0.907208816098222
-0.769560514845253
-0.831301528876773
-0.74211428912282
-0.984100772728409
-0.758021264168479
-1.02059818311536
-0.818714220926512
-0.981118782480879
-0.845554171501887
-0.753347901664795
-0.751996562956923
-0.794898218594729
-0.80257038548142
-0.820437178178766
-0.827955018896955
-0.806634303794286
-0.781568828007384
-0.766216921587508
-0.677676502462691
-0.902088176646469
-0.741908372133079
-0.747880190652096
-0.810221809871452
-0.603888140328261
-0.682432183323657
-0.768201291673711
-0.786174207182072
-0.734307557596548
-0.687394554468363
-0.835366027584467
-0.749450510357752
-0.592894030059506
-0.825968307467608
-0.836156162634792
-0.77004508010646
-0.860429399116091
-0.852545311365885
-0.772938846916555
-0.791215589487458
-0.611733508580869
-0.752320828024245
-0.634759985469283
-0.876121072206133
-0.826826212249838
-0.85505420707535
-0.854251549988117
-0.685364799117726
-0.858649533219314
-0.725549263199768
-0.782924931616567
-0.687312415125437
-0.695662325907676
-0.725278947653754
-0.675696847547752
-0.836540395561856
-0.732607113395449
-0.764560873033365
-0.676147050870911
-0.782273235654835
-0.660004960016503
-0.644310069252739
-0.628063653223055
-0.574154643942
-0.897871574944043
-0.547280139639229
-0.643598842950378
-0.783626001595353
-0.777477990759014
-0.699121273719007
-0.663766064054856
-0.632631567806183
-0.569474475911025
-0.588085432426752
-0.647336195483132
-0.777924946644367
-0.724067113763473
-0.632925140100554
-0.679577781258028
-0.602471211109086
-0.691882455068411
-0.650853053148337
-0.762497204938564
-0.626591482670271
-0.66928065338504
-0.592244955944227
-0.590846799790773
-0.759426438161451
-0.753484589868799
-0.622853960328515
-0.746009227641949
-0.735622401451062
-0.595027176103714
-0.618719024986193
-0.537454861597965
-0.694612388111187
-0.712985436983157
-0.623693783348001
-0.697553664507419
-0.62350029798678
-0.798495525500351
-0.63776573701403
-0.732492849514375
-0.607561793255749
-0.654422246799666
-0.666639448534772
-0.675341313019994
-0.603375690614229
-0.631355865891941
-0.57480429740695
-0.609734001644456
-0.75083814053621
-0.637572905096959
-0.74901579905401
-0.497939913447706
-0.610775322468454
-0.664008317087006
-0.600228525441426
-0.649703137816834
-0.595695067342312
-0.616055571570994
-0.694385778232108
-0.709864898089274
-0.501543747626
-0.558461123854506
-0.531535572213382
-0.649467601453904
-0.636286726323978
-0.397902510536237
-0.608806523959524
-0.493500161237783
-0.304792213692655
-0.514792971178444
-0.532224205701415
-0.653323494687724
-0.531166038597613
-0.651803817968213
-0.52895379995537
-0.354901074637041
-0.505694884231613
-0.702967947026281
-0.726583902889785
-0.620606205521372
-0.604053347397476
-0.40111764189482
-0.798424582463329
-0.673768103294402
-0.614219024345515
-0.454725975310976
-0.503205569154828
-0.393296169357323
-0.536922843371748
-0.634004635636755
-0.661255915962543
-0.605887492053188
-0.581630130758248
-0.549066919860332
-0.450343736983013
-0.704849414073635
-0.463236224284239
-0.528182663939927
-0.472275204755554
-0.517284319032794
-0.586528001765644
-0.504000360458598
-0.576291203782343
-0.597451788352586
-0.347508865805143
-0.536325119969669
-0.421698339382223
-0.441646769356041
-0.637104355485112
-0.402935502794375
-0.484466702701669
-0.449294428087067
-0.393018742212546
-0.626443121091104
-0.472621774285584
-0.490212340979316
-0.476773232447224
-0.456842163723035
-0.378558623574853
-0.584374172150406
-0.528874713215259
-0.240847294614417
-0.538299786004996
-0.613090047182184
-0.577932268574639
-0.426102139970245
-0.530033029609425
-0.547028317483947
-0.461340339194416
-0.474734022763403
-0.351376338807749
-0.416178951151738
-0.391275380969712
-0.426306363247221
-0.662002027770167
-0.472147795369648
-0.458804538917631
-0.428169642666547
-0.450144757676376
-0.427394022640151
-0.452083784633356
-0.496659170670521
-0.431099158590761
-0.471461110445996
-0.483553800043747
-0.36429263549905
-0.414771682904415
-0.339161526170013
-0.631355284387751
-0.451434740989164
-0.399422133469878
-0.58213146926662
-0.434779891293645
-0.382253440367963
-0.438623253146173
-0.461175683902398
-0.45380102123581
-0.334213880703104
-0.540768886565712
-0.447666800600904
-0.450236832531992
-0.33001315682258
-0.413460899163143
-0.251071202850401
-0.365780984210755
-0.554861387178961
-0.186099596621445
-0.325384559156216
-0.327539487592123
-0.349331829065762
-0.341776869551245
-0.393549556156617
-0.246253124354419
-0.404506967406638
-0.354069314096939
-0.332626056080137
-0.166902948870671
-0.44831756030409
-0.389549827687997
-0.309800766298852
-0.374048165687111
-0.298417157384599
-0.422901711824504
-0.420179408366039
-0.411501791506639
-0.201014869340524
-0.294593104879999
-0.388858980811449
-0.459208205176788
-0.174802496404967
-0.217421063914439
-0.287288432554671
-0.290643520384225
-0.300449259141038
-0.36175708304164
-0.299425665461537
-0.262760883257815
-0.332333160199058
-0.238519920748671
-0.284285862799323
-0.27571179596952
-0.372291047612103
-0.210195072741294
-0.366468173138569
-0.366854483863161
-0.27691112556358
-0.39018836345358
-0.261824093257762
-0.4296095774941
-0.192464314210204
-0.301176618151625
-0.294574363384647
-0.151337474506455
-0.434537483998041
-0.302421953727308
-0.262443228476208
-0.309149388147313
-0.240420741772373
-0.26633359276272
-0.250722525750102
-0.352223082489595
-0.29332966368878
-0.135146955784506
-0.197217086568499
-0.252060476286558
-0.299409562800233
-0.221240830968614
-0.190566352458193
-0.283729254213668
-0.240946882858441
-0.280358569936673
-0.169787473352726
-0.144423014219669
-0.295156012763825
-0.292040593203542
-0.154719823682374
-0.322665092229125
-0.189347854415491
-0.217552540592484
-0.254781273862936
-0.31596492924731
-0.167083980580836
-0.210281176591949
-0.194162534565762
-0.272040950533837
-0.282028922191411
-0.255650539918873
-0.284152375585405
-0.176240258344335
-0.287942080534862
-0.139665104734555
-0.222342663667963
-0.282610545676694
-0.27095639212192
-0.251177926707287
-0.0560539539749088
-0.311073550569408
-0.237168187191719
-0.0119972363967894
-0.143638236401468
-0.315958619746482
-0.0784418921488218
-0.173585016527859
-0.266505779732016
-0.263303395062012
-0.00418261789102439
-0.32572880728188
-0.220611449212102
-0.083969009443013
-0.191796196551603
-0.114955807956313
-0.198526049492258
-0.188120755837242
-0.147976356685891
-0.125300098409516
0.108440096586026
-0.0466206978172411
-0.0872283490072382
-0.177286314089654
-0.113985236417802
-0.128913566265366
-0.141160195982929
-0.129699135127912
-0.131891777237062
-0.183261986944038
0.00117449494290995
-0.0467123146983119
-0.0374482492816108
-0.185349368519362
-0.25506578706785
-0.169057978254006
-0.0983946742014728
-0.0651305399508621
-0.105271852514691
-0.131255632289106
0.0386783469541465
-0.0613707623781288
-0.112385877267575
-0.117919080008139
-0.0983198053409172
-0.214431819684577
-0.245840328400554
-0.21081175874621
-0.19349218748416
-0.21559328784309
-0.157408273140137
-0.269431566560585
-0.200710052886395
-0.136038227276689
0.0693514125323855
-0.0712088657002769
-0.0273580524113987
-0.134149662826724
-0.02897392870429
-0.126106537163696
0.00858911511505691
-0.1378496256849
-0.143409006599856
-0.147521787921629
-0.0650522419911356
-0.0168373433035731
-0.0732617039803473
-0.0635871880242912
-0.160932474440637
-0.16797606375574
-0.146651268450154
-0.020168967983144
-0.0547657154967117
0.00375000145530472
-0.117478959135943
-0.108677594921024
-0.0180840653637038
0.00383874911289048
-0.309120367874111
-0.133473981743673
-0.261067599393827
0.0062895362415703
-0.0784459243993604
-0.0392351739795918
-0.00840367737703621
-0.101502458202578
0.0542034827758866
0.0147399960912526
-0.0540220439342209
-0.000953505515831749
-0.179637264357818
-0.0283821509353603
-0.0874743786829652
-0.175704983571614
-0.00927223492540777
0.120370985965079
-0.0305603357313672
-0.153079269698742
0.0888237973187034
-0.131470562625461
-0.171041891113094
0.00859823686300096
-0.0047243794523747
0.0355833359739975
-0.0348374707236002
0.00753677399767495
0.018023666477295
-0.0154433944725385
-0.0580629040751917
0.231850793979651
-0.156343959720412
-0.02895334921472
-0.0401775550023503
0.0497294964773063
0.0381340416272865
-0.059755381655529
0.00965552014204826
-0.100170988682755
-0.0374193837995165
-0.014414936626106
0.06200172363209
-0.00743546567465257
-0.00624667869103456
0.168018065420719
-0.0750145220962568
-0.0262913358633874
0.039958266726594
-0.0852309846854734
-0.00312398866007184
-0.0523259947895418
0.201253112784663
0.0726382521147047
0.0712415691370605
0.187549762826692
0.0508749617837319
0.0147366556425463
0.145279564981565
0.13152958054728
0.0998276266630349
0.199524197720535
0.0898541949484629
0.0681690689638859
0.171229663313811
0.128670625036135
-0.0575479087633207
0.132309413427245
0.0983829330440516
0.0437099924653412
0.00832397491318608
0.116478487532506
0.0719491051851704
0.138830133592497
-0.0126705804382637
0.0687700938319601
-0.0105748721580996
0.19930247260512
0.11000670376102
0.117498787207947
0.201237991624231
0.046102643189727
0.121576597588664
0.146304900199178
0.114558200148327
0.213573704367829
-0.0149664048945009
0.0160605418114545
0.0571191423462669
0.051083664752136
0.366987715049097
0.2433485558917
0.23002797039638
0.0233451685126719
0.171651694663787
0.0171906013986215
0.147587066445324
0.272581698372454
-0.0139568848870183
-0.0101789152162014
0.0987985829747284
0.196226358287765
0.167639704217681
0.146570876397547
0.204573484658245
0.244792966281898
0.165333072656525
0.210147528557438
0.0834862930162118
0.19016700039718
0.0965622558140378
-0.0225503933454198
0.112924306820655
0.0761757267674458
0.203633705190565
0.279143771078492
0.213788869045729
0.191251067674932
0.25789632410496
0.191193138418269
0.182609527415992
0.207066810577019
0.252413857597691
0.208639133439025
0.157349143726904
0.0947105476751027
0.21580870827997
0.206488507296551
0.212003861937988
0.36997804784133
0.264970030046727
0.0117529249196523
0.238491442674747
0.240896383331995
0.390360312255403
0.138273156240982
0.246069732113399
0.265977124923268
0.149114308078811
0.379050055364493
0.306913145435802
0.216288965958654
0.26203157522622
0.144736751334608
0.30134045566016
0.445158953451158
0.351884021065547
0.161433137234121
0.268971997056622
0.245630264179248
0.318387668781486
0.281755627720273
0.369949113237832
0.18306471395407
0.327150419710431
0.339810848984117
0.20390692761557
0.191890835371558
0.258356472715938
0.342489978005644
0.240805935228829
0.392112227318155
0.295372456870111
0.438954501430249
0.244338022504047
0.27785507816608
0.284702902056814
0.273852801836045
0.225123660125077
0.241645181924353
0.21874032024893
0.373972236216983
0.407086166709303
0.355761250139755
0.24179232038517
0.45389189028378
0.508241749721284
0.387704870866428
0.375067058867307
0.357356344252379
0.0638039270691162
0.354957090122712
0.381764508711554
0.175958079541126
0.424244458144638
0.318594720240939
0.364500192689024
0.385461176333601
0.322168789941436
0.416230818513348
0.278739139272566
0.340952859447345
0.311421394416412
0.301433008132793
0.402460975055465
0.318751590626318
0.365228869276102
0.35532437569293
0.258964087386576
0.412304622843118
0.333819385321524
0.259402667071796
0.323834582102582
0.362391111515791
0.382079389007487
0.473540956494318
0.303066265713067
0.369339513567958
0.395495131397403
0.48718750449202
0.424004465079619
0.386312702376489
0.365349253959034
0.428377872641676
0.364207914319399
0.387930313747411
0.48690968292771
0.270640248754734
0.473484308964839
0.386153032861126
0.369942236103596
0.37272360334273
0.364431476172271
0.492377345238687
0.426380836728643
0.490892579256739
0.343623229553477
0.266517171525103
0.364933945179519
0.603883923122835
0.390938212874841
0.571346944568617
0.358286975785671
0.304206400773772
0.330137844543141
0.448254749078167
0.425973827408682
0.368877361945385
0.350561821863619
0.468345270099967
0.444865523088175
0.660720451029297
0.476586084945902
0.486666633209052
0.47267498174447
0.407409846597611
0.504393887456679
0.409739808698603
0.382804139916037
0.538311419823914
0.61851273941894
0.273378079636295
0.517974675035699
0.44058856634346
0.597102445744639
0.333520785640644
0.417011734461492
0.550676484443683
0.44318224786932
0.511972001172021
0.513611176847153
0.377903863927735
0.575730700809594
0.527109324475037
0.545014395075529
0.267234260090555
0.435116524948799
0.414895113000556
0.326443197426952
0.563814431846515
0.437996424883286
0.492017115117203
0.539769575306659
0.423183150448419
0.360491472565837
0.582531464041298
0.465316635002895
0.406759383818741
0.553673273064155
0.485694010162725
0.502858717615738
0.336228392789588
0.474048084180571
0.584064208580678
0.497795982987401
0.54875700015095
0.530141522201478
0.454410307351151
0.459490640588632
0.546176663545012
0.427152701630062
0.554291264193147
0.537352459064766
0.568769221743909
0.496099227384615
0.482657933331727
0.485642742101159
0.394806821829275
0.521455397177764
0.566196612332991
0.647887968051467
0.649959439708125
0.598552809604248
0.376012584687922
0.547743502677459
0.506962721102918
0.585726942578236
0.487317993070042
0.479390960803064
0.595197916623889
0.586198325142131
0.438099399515638
0.558910749601072
0.509021058069124
0.622713013750717
0.553814857382805
0.462353279092386
0.723071224059199
0.612428621519572
0.621283382533432
0.588327217708613
0.609377397745211
0.509448004031475
0.579047877764219
0.446996439651859
0.641643376305032
0.540831203420007
0.561948439728123
0.631703466736936
0.802097171992401
0.609108495941436
0.731480143247172
0.558721846000893
0.580029804698981
0.676183641890181
0.654786211130222
0.752440723729945
0.715663845696475
0.579588416538564
0.650572895294207
0.711673070576793
0.487242700121659
0.657032734019311
0.545902876993412
0.591406256551054
0.541577687343234
0.545986276763011
0.61917540799423
0.494448163476923
0.635474380095101
0.780823065523386
0.578500379704152
0.738912177849274
0.773662897593558
0.698951653657331
0.671956903119533
0.636628270817272
0.597852055772449
0.649810807576041
0.818196757774862
0.641891879586317
0.552394471955033
0.695522310578568
0.593412619637535
0.507217623731504
0.638830241037476
0.600558967088843
0.750232735124352
0.696338362440501
0.612177303852619
0.537257218150013
0.60839545284699
0.737700083095273
0.671559025672052
0.74971699177722
0.679088097732482
0.738656542398324
0.861571683273584
0.832713300870956
0.552585376474287
0.8034672242499
0.73910371731749
0.793223464792167
0.64805648186259
0.703663414454656
0.772531988234148
0.729682343237134
0.763820493334876
0.739837838030253
0.687162543869663
0.717499484323106
0.788277598725672
0.7102324626487
0.685330012413379
0.712319143208292
0.631632220573656
0.72648122072382
0.745893801309067
0.684487186680071
0.692280468023359
0.649864392329446
0.833426790722131
0.683306634692961
0.662742258405917
0.724632879657689
0.600578662794058
0.661872674924422
0.760016514953263
0.719995551319036
0.777679695918876
0.624129242862764
0.645562099359256
0.635128210872003
0.79636977972771
0.737792424143003
0.866404045872245
0.782114702207308
0.732057765749635
0.87599043921964
0.690590560370288
0.752286188261561
0.777310858805394
0.79884685678741
0.789039760292004
0.887786657300208
0.748122820048456
0.812500828111062
0.751258023609607
0.818289493160424
0.997495962047104
0.914250980677852
0.846244679229151
0.852410481356188
0.938917472571498
0.783567674013326
0.818737189608794
0.8041986942797
0.825519715726461
0.930867166675586
0.785763443589469
0.79607884993258
0.825085991957821
0.994983638097569
0.647377009618851
0.837334338217425
0.767488667678478
0.856177509584468
0.827850006724322
0.824830815176403
0.805481074194385
0.916280362367779
0.625133191782808
0.942674708191158
0.866782722339968
0.648293065128869
0.904651697578557
0.917337192731508
0.949877535312415
0.871309563198299
0.948892148903449
0.771212165605713
0.798026242434091
0.886426087611555
0.997384888110214
0.911370195621175
0.854398899305824
1.01919204934923
0.837223954000534
0.774138675551996
0.964685199985073
0.956378109300769
0.804009961163042
0.843522850243801
0.90605636183054
0.976328097628473
0.928310692142208
0.993985327546501
1.00196889002078
1.01189503264613
0.915943587888982
0.822558533690715
0.90351170408522
0.949066147862449
1.06301318313824
0.917479526810863
0.942989483510799
0.969990238233154
0.90776146770919
1.00382795684326
1.0869421230354
0.906749555010654
0.88798463613452
0.826325976435167
0.978041714198697
0.958462097165354
0.921985040685387
0.908562558654824
1.06333923167663
0.97472844019736
0.946957322895282
0.920044560989234
0.929412728240916
0.844313394407972
0.938258283548965
1.05421012988489
1.03669427277053
0.841866344559567
1.05631523654975
0.990930610946802
0.821660854980023
0.909926418209393
0.938020400069144
1.10610254296784
0.94769261433474
1.08947198568315
1.01132589328607
0.910914977079978
0.803919287940832
1.01729484816381
1.10897935330986
1.11803976175895
1.08156551112504
0.928577058234649
1.08446663181468
1.01581141260399
1.00113631893304
