"x"
-0.93930347799615
-1.02717136343193
-1.13325217100619
-1.08487432742837
-1.04628260075879
-1.00601023549187
-0.912648666368826
-0.904612827423988
-1.04012902490628
-0.947786140066953
-0.913544179255667
-1.1228222226053
-0.95011808863749
-0.864765619712636
-0.810145460753198
-1.01684643065711
-1.07045294726084
-0.907253639645574
-0.994532039700987
-0.814757587559449
-0.824816521795997
-0.870512528351189
-0.968110904391637
-0.96095148506728
-0.83841845081533
-1.10494861858989
-0.977151029399832
-1.10561265888685
-0.959210234149338
-1.02514488400719
-0.91088240242865
-0.848397439074942
-0.973491445096276
-1.00868283073842
-0.888076567162929
-0.999324497204422
-0.883332456205343
-1.08611747329795
-0.875208387628435
-0.914470496512049
-0.962862898228767
-1.06536008712866
-0.961385203573963
-0.963262090038035
-0.889029142160652
-0.935322945260153
-0.896352703649739
-0.67496671110486
-0.878433059355407
-0.943317357259343
-0.993073053959544
-0.910198800392855
-0.82945794695109
-0.819264301658709
-0.909835001818749
-0.920956649445912
-0.837371286384021
-0.880876039300409
-0.885384443190359
-0.808904459772866
-0.88270483137984
-1.04197534270166
-0.902141639179967
-0.831689212175146
-0.888081501495217
-0.871282413039185
-0.805585502885779
-0.871518722988925
-0.838266922625487
-0.958605639507557
-0.688343596026304
-0.72007004682962
-1.00559178261064
-0.90924311654241
-0.774011274241778
-0.847048706876262
-0.949184222961245
-0.741705518720715
-0.887325006533847
-0.791270935191033
-0.826321072585016
-0.776877084557542
-0.972418964489548
-0.733064852427733
-1.04868704968329
-0.818364640910669
-1.00121999316334
-0.839638277626945
-0.738506672480324
-0.72770276164547
-0.786229734333748
-0.820277407467298
-0.830601084902437
-0.81658374370888
-0.783793586920808
-0.776374818817593
-0.743175353817496
-0.673104236534174
-0.889638054688367
-0.718727804645931
-0.755966246437382
-0.830415276422357
-0.620559569514278
-0.684429372250171
-0.763985776194676
-0.789997400720469
-0.715384882051306
-0.68133899215953
-0.820903475815813
-0.738439529925524
-0.602047552380274
-0.819572807232396
-0.8381616285268
-0.765646900405224
-0.87224104192849
-0.850713304854619
-0.758708011923031
-0.760556570913621
-0.603123538637784
-0.769976781171243
-0.628215135140081
-0.884693281195147
-0.817022586501248
-0.840381232066489
-0.832180481818266
-0.683262118082691
-0.876934677443838
-0.747718276305101
-0.787253482042963
-0.664780531531089
-0.690330157106537
-0.738348196141464
-0.665117392053631
-0.851060334919244
-0.727481858567945
-0.751369189650363
-0.677357371355417
-0.80769933299927
-0.650598276444139
-0.63847582580326
-0.620912640502388
-0.572571425657219
-0.877522921681592
-0.558156317132027
-0.669825394970627
-0.785987991903204
-0.77364884240063
-0.688289655881394
-0.650173320233106
-0.642266902850214
-0.56771938060621
-0.573937121000782
-0.658961508695367
-0.774011762104118
-0.754912431386451
-0.648969934660331
-0.694017593856734
-0.612569371549626
-0.69435469380779
-0.643622880477616
-0.763545293449678
-0.626789750342092
-0.672584526590784
-0.559032710250059
-0.608841968000519
-0.742855037911528
-0.727011722411762
-0.609869715365705
-0.756290784279757
-0.713310035550365
-0.594686466639989
-0.631332903502587
-0.531683248058173
-0.698907333053073
-0.709630084772377
-0.637062247114245
-0.710209854086063
-0.639926459994945
-0.812115697370586
-0.65043541629869
-0.734973392921495
-0.617563448641322
-0.645099543969834
-0.686905026909705
-0.668894819259154
-0.621832073846816
-0.608556557789973
-0.580158544467459
-0.625969583507084
-0.737499954075025
-0.645573201109226
-0.742987961973106
-0.527222403213791
-0.635277453416806
-0.656663451078985
-0.587682282999002
-0.676333062258778
-0.58338256449376
-0.648647093881021
-0.703084867578106
-0.710579923835503
-0.503919806225356
-0.543872718378762
-0.53501391283689
-0.665651026858517
-0.648619540271637
-0.404924109592019
-0.594214486689471
-0.473248711016159
-0.311547073925174
-0.51367908590619
-0.54143277671629
-0.644272391252111
-0.529420822038823
-0.624364703083404
-0.537229703522509
-0.346476787939142
-0.518115287436435
-0.712035094487394
-0.732177707092632
-0.602743454378175
-0.586152553462438
-0.406812831838315
-0.809596242181551
-0.707387114038299
-0.620162524634654
-0.421913952879366
-0.490476169018517
-0.377477327723405
-0.560403987796767
-0.644072761601118
-0.670136303220731
-0.590820474806502
-0.607019037341143
-0.551802098649299
-0.461687960858529
-0.708966553913627
-0.449142999553441
-0.52198417830254
-0.476500136544679
-0.522440430720828
-0.597588247631485
-0.509787819097448
-0.584677044482778
-0.593714793616635
-0.359104555062638
-0.545531026514516
-0.438524802284248
-0.428790891586729
-0.642291866297845
-0.38539236545244
-0.464735255463011
-0.414871548272176
-0.381452111960071
-0.627406891281965
-0.454565030827711
-0.480178539888933
-0.497494545500657
-0.448212395607445
-0.387039674144067
-0.58795271550048
-0.533368567115487
-0.244679303612416
-0.539422358976051
-0.628530665170895
-0.569707776850232
-0.437780746258105
-0.532736055063677
-0.561172960457643
-0.461366659317401
-0.474775670489966
-0.359689327567339
-0.417831854380678
-0.404967281141178
-0.44037338650509
-0.646416022466178
-0.438081369163779
-0.472214857894651
-0.438843877509029
-0.456142407545663
-0.430641483750649
-0.443501531510663
-0.510894771832609
-0.41975365159173
-0.474707678739675
-0.493495488425195
-0.383617425272177
-0.435634859668594
-0.345294957437872
-0.632359455071888
-0.483865356252093
-0.408259589400159
-0.583781360377201
-0.441545735449465
-0.371948910715066
-0.456806315779236
-0.458597319442945
-0.471391681252299
-0.334781599620016
-0.543023137680422
-0.480269595726754
-0.438484422868444
-0.331619858365333
-0.414662967278281
-0.235653035000541
-0.371382862309004
-0.532468769047977
-0.176621508813958
-0.34117348148448
-0.309256524959946
-0.328890594270504
-0.350541726282902
-0.389615432925804
-0.239649704980512
-0.423794367437836
-0.342890389553
-0.354069745028064
-0.169872798587702
-0.436047160640286
-0.402852689053441
-0.294090131552067
-0.340682919578797
-0.30055267112652
-0.428116256151867
-0.41119722682011
-0.432839536077065
-0.193693057046913
-0.30435678183108
-0.379610447271355
-0.498837254495588
-0.204983902489808
-0.222916037455841
-0.296000411278736
-0.290019489908127
-0.29290677669908
-0.344500091823762
-0.278128647052959
-0.269812890491943
-0.341777358479932
-0.224046073465534
-0.29292580835315
-0.2507350826092
-0.348755665232651
-0.214017541557455
-0.344750041397005
-0.366069656533875
-0.288717143465041
-0.353093235705372
-0.267058874889302
-0.412227851253362
-0.195552956483117
-0.2988873671679
-0.321114218777782
-0.14827169333145
-0.425094153219409
-0.286487407370511
-0.273830767165343
-0.336191625044565
-0.266475125382614
-0.267880191898116
-0.263950889073961
-0.367806093224574
-0.283408463925864
-0.137562176304294
-0.170298339403564
-0.29825562596477
-0.305593244983649
-0.239419252924475
-0.18324615555316
-0.274946690029099
-0.240561145857818
-0.276620373025861
-0.15561470566047
-0.140193453997099
-0.27305738972259
-0.273661657643056
-0.16299134251815
-0.353138538198131
-0.161712398726217
-0.23409649990363
-0.233558211159162
-0.304492541732636
-0.154308429531645
-0.202212268254629
-0.182335646246497
-0.263613170038314
-0.293701964890136
-0.235612740319955
-0.274574914418344
-0.161104113784983
-0.295736986374547
-0.151238657383204
-0.229619170397942
-0.283899264539636
-0.269080154556946
-0.238823962607424
-0.0267030936427003
-0.311643949677838
-0.240303346130701
-0.00913715751008738
-0.13704874226652
-0.319458510212062
-0.0704169724119757
-0.167105411661358
-0.268637505831908
-0.269862548952041
0.00206667522205027
-0.324568949761618
-0.212933646465718
-0.0939999376896789
-0.184083246400918
-0.130695779054209
-0.184239234976607
-0.173552603098009
-0.116830839392907
-0.131640045849952
0.116709182213064
-0.0226825172432538
-0.0766572552327938
-0.175298407619238
-0.150060306568742
-0.157707461907794
-0.141779454555549
-0.14313264429242
-0.139301775139581
-0.187868448404423
-0.0064959995345358
-0.0622293053404752
-0.0592404317576354
-0.188689125201706
-0.238854527063946
-0.164865859406764
-0.10435306497078
-0.0858818555487181
-0.106990775479668
-0.114932988786642
0.0446206985167584
-0.0577750027079136
-0.124187914333956
-0.117421013282593
-0.103338054336942
-0.20406239792618
-0.240462933119372
-0.197850865585767
-0.157477528106534
-0.223692189465343
-0.167098798437768
-0.286798548863111
-0.202366940338876
-0.118780619806303
0.0726935064705299
-0.0545000312600501
-0.0175437067228726
-0.125421589927804
-0.0365765107145993
-0.113093923836156
0.0109218193808831
-0.119703736092548
-0.142739422996382
-0.150828491449672
-0.0646351716110298
-0.00996178284845193
-0.0794591887048443
-0.0646224139116281
-0.161532089826784
-0.195643079567777
-0.12792511525309
-0.00252765996856817
-0.0359859818631095
0.0080102241576215
-0.0624460663210757
-0.119679334937903
-0.0101187737847332
-0.00137764619826614
-0.314295093992842
-0.134325297875039
-0.236214394186864
0.0206573754554304
-0.0526408737878717
-0.0237452204375421
0.0141698316203202
-0.0999211446181303
0.0371139045550192
0.0179639488596386
-0.0564783732111532
-0.00745821922735785
-0.173744984717125
-0.0346956912443562
-0.0773577255278077
-0.18147526558835
-0.00892583879128747
0.112376594256632
-0.0108146373127915
-0.135405176969605
0.0569875850906379
-0.132043857288758
-0.183050885180603
0.0444348337499572
0.00949443090410142
0.0305946746472586
-0.0302445534286647
-0.01639767074179
0.030577802213224
-0.0185367331528214
-0.0593389452728721
0.230021592921091
-0.155535717610184
-0.0389152449258975
-0.0438853366462812
0.0405320073682193
0.0474838133087628
-0.0589657772667672
0.014646319196334
-0.136596363767534
-0.0248832642298193
-0.0435329213430991
0.0611671678569154
-0.0227961306739623
0.00119806410600323
0.186560283462426
-0.0958912689798174
-0.0316585107794875
0.0107732400001698
-0.0938366883885249
-0.0049768686211077
-0.0463421368393714
0.210015455205686
0.079796154158697
0.068439980068523
0.201966388740927
0.0481341138526612
0.0379378015697555
0.125837179691506
0.160168798670966
0.118868217164988
0.208564373001339
0.090966055353592
0.0685126692548162
0.182186809965405
0.134342527462301
-0.0568380439688919
0.116620168619742
0.0863931448001949
0.0380647279151388
0.00682793527957751
0.0935933492592567
0.0989885338078648
0.131230744139739
-0.0135730540715533
0.0758830992826301
-0.00909062248475489
0.173977371691068
0.0994348195071982
0.125907844173389
0.203396690926371
0.0461793731573167
0.137851448626936
0.15852505780776
0.13277816440331
0.206642038813922
-0.0131431465412114
-0.0131466746565504
0.0611508455235346
0.0351650580244533
0.364578527951547
0.246106404960493
0.238148363319358
0.0236110553061345
0.183600950760553
0.0247806417039851
0.140670577306609
0.255572274314655
-0.0190003952612234
-0.0111268044659758
0.0930436507078681
0.191173232291895
0.12961997405866
0.136506618560161
0.19057875660561
0.233985496220698
0.18147549550666
0.221242798991276
0.0723285922111701
0.179450550405772
0.0879430600899849
-0.00374254079861431
0.120792556464453
0.072034591780802
0.187137111767439
0.262173622008043
0.233065676898202
0.201503354728711
0.279791678973374
0.167118586912321
0.185254514596911
0.195657109767656
0.216748778730812
0.214583619479854
0.146348749136972
0.104354661610798
0.210633853772317
0.2233385667971
0.217660868792657
0.353253889565739
0.231652885231992
0.0142047199636769
0.227188775701024
0.204182339487248
0.372678779925269
0.163624696231413
0.22151176542323
0.280864874713045
0.152464500178576
0.379867080492179
0.278514838268105
0.221022225376676
0.238877024111853
0.154017892377014
0.283726540404976
0.443530493314829
0.32952898334683
0.143652634801242
0.259214799944403
0.239997228966066
0.318665641730062
0.294192887904254
0.383409220929963
0.161246250395064
0.316183173989635
0.347629687070823
0.190329717584189
0.205642376342075
0.274189759753195
0.331810510012234
0.235897375156093
0.417336993763771
0.312605743106339
0.43688351962702
0.257921815632804
0.26866066718284
0.280099490065497
0.267279045024536
0.193355312029273
0.245931639510536
0.211625444611287
0.363272205796318
0.410996361085276
0.359672834586595
0.241764171607765
0.442676614711036
0.516325078350377
0.390576669955097
0.368703360515045
0.368272181755127
0.0781786737813672
0.350517296854563
0.395859489734703
0.174144961396106
0.436518134615577
0.32930716700587
0.360630770087882
0.377456758949204
0.307671230198541
0.410683142189878
0.272677596019269
0.33643825253006
0.293225817385241
0.304407401306231
0.395475258481869
0.308762614988899
0.368522039303162
0.363118065151085
0.278488042732818
0.42332191518507
0.334376579601567
0.273837140105432
0.319442297490772
0.357760485966092
0.389173815723307
0.477432390525069
0.315353795210681
0.365960509123152
0.383988590071479
0.501077549677612
0.431581902819928
0.378130908743707
0.356911656614164
0.410192560357062
0.347144715668102
0.390793307515935
0.495795105603968
0.286476591426701
0.476892617019276
0.38628418938685
0.383985487149504
0.367642956314018
0.351798088537509
0.456616772726058
0.42898687871368
0.489779309599552
0.332135465096648
0.262299635494341
0.368837333172759
0.598179456005502
0.379146373097028
0.576266082460172
0.347377759337978
0.292036894280472
0.358096588055029
0.435148391026776
0.400411373173173
0.382348821073533
0.372292433453651
0.469714577820649
0.445957227038415
0.663120257924063
0.471158936783895
0.490101774458969
0.478218019322717
0.375289140734555
0.50543338654903
0.440789978168521
0.380745093597169
0.525256685855918
0.622444563445623
0.253273715100362
0.506059610343547
0.45460031945817
0.610154020560042
0.317682597744882
0.425003306949019
0.535717643483117
0.422974168928604
0.496746660456882
0.522864274253256
0.378238085926006
0.565858430322667
0.513535722372902
0.544584693706918
0.266042799141806
0.427556442448658
0.433623117015664
0.321708772206654
0.565743863893354
0.418532424685049
0.472440195281231
0.557885772891084
0.434873820686964
0.34784657513847
0.587231757851752
0.459862738899458
0.412191205923907
0.565142275910917
0.470451715261532
0.477132881555879
0.347133717451561
0.489720502015954
0.5778203836233
0.473434932903822
0.553065644357996
0.542441446424933
0.454564544837468
0.44636719455933
0.559066900972493
0.434073268951745
0.547507433168871
0.536625812165429
0.570429068673762
0.492507927484623
0.475532481227607
0.471608513875427
0.412481912451261
0.53663650884027
0.570554221995248
0.656253921175371
0.640137247416875
0.578227663089757
0.361143833311776
0.56855554467004
0.516488668263917
0.609781589723691
0.48626531958697
0.47594488682427
0.594448019630698
0.582788123476445
0.437666180890052
0.585585948613128
0.494185135757778
0.629697004355636
0.548711178161729
0.466491576333728
0.7371019097625
0.615482199885423
0.590497117725072
0.574867046786736
0.643121887034621
0.52649862722072
0.59108290746095
0.437935108541277
0.665458764450925
0.563172609023424
0.561418353562631
0.638121878462147
0.804307465205497
0.633301802893382
0.737376766003003
0.549677087610996
0.557003514377751
0.667658897647244
0.652543392722186
0.753875303892036
0.727035082275234
0.595065859461436
0.656133226841671
0.698569873522868
0.508521106082602
0.649579292854334
0.552830839493414
0.594546995493543
0.54434140557043
0.531831796212141
0.637084002692712
0.534209285675235
0.652469527471605
0.791544915281639
0.558075953332314
0.735914680856139
0.768084976903948
0.680109289596619
0.666608380256276
0.610146452114796
0.601037554537983
0.65567287133015
0.817681407388341
0.672288631769348
0.550654893191266
0.686925166865992
0.572571244709867
0.507318109036796
0.638298461760823
0.619624915034765
0.742095302137841
0.715929266182344
0.604850052044249
0.569759644628156
0.618903417467001
0.693579879693494
0.649389083700946
0.746157405345181
0.685235328057178
0.716063742036678
0.863114974771492
0.834798409303593
0.556280988560842
0.806246558813261
0.710984236088435
0.791448170137841
0.653073263970568
0.713179824562871
0.762096235439659
0.72298321093745
0.752736785007709
0.742081709832115
0.691285378626732
0.718905688077396
0.777299926483269
0.680597102547905
0.703098344170802
0.727002173241257
0.633231126219016
0.732862842328245
0.754903618975862
0.681381447559078
0.687293592831554
0.660703621812504
0.852570370832312
0.69547929644012
0.666776808906066
0.727483748018418
0.611910029012149
0.663767748848381
0.759486545112492
0.732833528680727
0.772840453920175
0.633758941576215
0.660202232055464
0.618921272960402
0.767504536850915
0.7245826705388
0.875281438931933
0.777470609058895
0.750341369500181
0.888959145342611
0.676456127079466
0.750711190903577
0.770418679957572
0.795778171872402
0.796541555904894
0.880667058591767
0.774926175846489
0.825003742557202
0.766365377090795
0.821180491646131
1.00288956317103
0.931454239720021
0.834586197012756
0.839668262793327
0.923342109957056
0.789977899638881
0.791836886917276
0.839359305236006
0.814860424507567
0.949123958701611
0.788833183183814
0.788991197516959
0.83805590951534
1.01753966522485
0.62979737452246
0.83947292829405
0.771106734542097
0.860988158249253
0.833208356595121
0.841737999297523
0.788867087591502
0.922439567012331
0.618801694581392
0.93421950819622
0.857240080874508
0.664423467849645
0.917301655550725
0.923620850613273
0.954531560577363
0.847349330516771
0.961183409603554
0.787232338403369
0.811279149202303
0.897344099950339
0.986589884477769
0.912450385244814
0.859982883595323
1.00845263929274
0.836840382724337
0.781483476379274
0.96062492712367
0.942073463635858
0.823160983335168
0.842806022648348
0.888633405829471
0.970305012223642
0.955850452660865
1.00643766050572
1.01418029222392
1.016333471536
0.913151271917937
0.825467255461249
0.89719690905427
0.961570929320998
1.05703636306074
0.927031479141762
0.946726662457843
0.98218248455255
0.945606155021398
1.00406421803929
1.07119601901159
0.912182496116086
0.894892946992589
0.823533249514468
1.01382822670099
0.961991765871748
0.927902837132939
0.892352630795525
1.08575369757631
0.974666159399515
0.947267095307288
0.917324770734217
0.937474583096122
0.866165491341568
0.932619592393044
1.03280651874448
1.04092842032727
0.81944652334405
1.06439430919116
0.994130110587548
0.816453711561429
0.926574827729396
0.92176899350969
1.11058978556962
0.983989640231694
1.06909613154016
1.02348304924928
0.923207242958749
0.764829979573458
0.979658301647564
1.08937843652733
1.12409218523378
1.076390853763
0.939927944039189
1.06955544779064
1.03066283607778
0.965652722415931
