"x"
-1.12897393243748
-1.02787126272768
-1.04418452279134
-1.00582412514451
-0.930656054685614
-1.0069904199446
-0.891055816352322
-0.973197367821829
-1.10533156800554
-1.08174351581541
-1.0275452006781
-0.98774710083462
-0.921497961041289
-1.03367391393043
-0.882935187725309
-0.986070913163786
-0.891300549729497
-1.01602969925833
-1.01479193031525
-0.910712785703936
-1.11625611437055
-0.978388706015285
-0.902648462016084
-0.872367433325232
-1.02280156625207
-0.898273529631393
-0.895325010581433
-1.0085078184002
-0.94726589274096
-0.944825345317521
-1.06490113872246
-0.869072492078877
-0.889941453441238
-0.798200993479402
-0.845619608505233
-0.874879581108562
-0.786061200347153
-0.923745516555288
-0.916601335306789
-0.962635705185641
-0.895525759779753
-1.08843531199828
-1.06763253383144
-0.954184408049989
-0.835185483671125
-0.920761689115487
-1.0266605737587
-0.855305249142883
-0.781977297544813
-0.897214234040158
-0.888349634964817
-0.891552588151292
-0.841017912343692
-0.853845517514886
-0.870005716879557
-0.847792326734283
-0.907577911059121
-0.841820531749907
-0.972278005397333
-0.949056446294573
-0.841683858061302
-0.862725354412587
-0.903571206432936
-0.85082467360933
-0.879528428616085
-0.949805840317787
-0.899985178788904
-0.813873749403172
-0.917879177087671
-1.02673611701795
-0.961126645585524
-0.892377339785423
-0.966661542097619
-0.782789785963675
-0.845023736102067
-0.846095446652298
-0.902762855039752
-0.902011498021232
-0.892979211061774
-0.663330147963523
-0.874628561665061
-0.83780028961359
-0.831695228862296
-0.845349253192538
-0.913297790747416
-0.832339704583615
-0.758744245073449
-0.875020979481048
-0.789919959949663
-0.916842384639334
-0.795386090600217
-0.732223048918972
-0.846596730419229
-0.83780448675997
-0.768153717162163
-0.844452199576976
-0.838800608525921
-0.735727280209369
-0.782852973623739
-0.701010363200805
-0.857918199294737
-0.755859771741633
-0.743678998648229
-0.692447334346654
-0.724423156004923
-0.909936440029635
-0.648582728358811
-0.689544222068291
-0.740785837673532
-0.792126382970033
-0.841879450518722
-0.88817462150472
-0.770377490267469
-0.818038262794179
-0.853637173290302
-0.820728962293154
-0.869467326524765
-0.598140905371949
-0.779810526921261
-0.741653220518779
-0.75946864526983
-0.882774654958637
-0.823379510549014
-0.590161922147209
-0.487737414856664
-0.675367538412011
-0.69793056108084
-0.737501169754342
-0.756069292592936
-0.829904270228105
-0.764089288817144
-0.743482056081159
-0.74311980674535
-0.716130782624323
-0.639758148872724
-0.786868484540623
-0.783990551013977
-0.820210884865913
-0.584220858866057
-0.67986005277785
-0.660937508423284
-0.728435507973386
-0.711714463471143
-0.677391297700066
-0.613733422578241
-0.758381088789122
-0.784210021804254
-0.754162481339465
-0.626130211960673
-0.592084959458378
-0.545364657919321
-0.643213841004325
-0.671500416763849
-0.610263919004168
-0.732347928084275
-0.701444396267305
-0.848122992185236
-0.778709379391507
-0.573923645648639
-0.674673712664627
-0.699537914975956
-0.699158454211527
-0.815905589572911
-0.781718022595091
-0.70032603731176
-0.812365347413766
-0.622127029246067
-0.550907865308907
-0.628106850982029
-0.547727551601626
-0.650968582052408
-0.616760364272117
-0.650071521653808
-0.601698105015898
-0.625203636233487
-0.653713839618745
-0.524227841123015
-0.598360492281092
-0.540078820568919
-0.73056080662001
-0.685246446235702
-0.674063838454347
-0.645615927044005
-0.624883266094698
-0.579587334217543
-0.58264228188091
-0.640855573527358
-0.685856309514992
-0.558788490226927
-0.698094106857187
-0.605856155848277
-0.58441123227995
-0.601396881077614
-0.462269234588591
-0.58639908848043
-0.637673476775761
-0.603750484772302
-0.637104483633304
-0.680019743730291
-0.52999162222664
-0.545500426283219
-0.606233641347934
-0.658549131283263
-0.618260180347226
-0.484290590321589
-0.638375958403566
-0.543629064958716
-0.563171727095232
-0.450779962906034
-0.55430127113117
-0.589659461763258
-0.515450710873408
-0.446311624872403
-0.492546573740732
-0.56506137011849
-0.49495101980842
-0.359433261544862
-0.532758493322533
-0.5830352099302
-0.469417146016994
-0.579689919384235
-0.546497673612347
-0.705942690433038
-0.541635656909743
-0.562255957762518
-0.432877708506429
-0.502352920100271
-0.671890727648283
-0.435262178432772
-0.544399983113297
-0.543178187290525
-0.597826131926636
-0.440030650857817
-0.567317800089749
-0.556995613248954
-0.525086330392201
-0.370664554076258
-0.43459407357637
-0.51697641862507
-0.546968652218975
-0.481180492908823
-0.540365097031262
-0.682877246813902
-0.53904030004817
-0.43928380670899
-0.703542479193124
-0.318345650977165
-0.574781231141731
-0.506476288229605
-0.542525271768699
-0.408669008044138
-0.621162020814438
-0.324542626009178
-0.699052851237106
-0.602454464409961
-0.452856354416176
-0.482690784577189
-0.539335483997271
-0.473935974285528
-0.493551941031922
-0.396859027916529
-0.484352735337319
-0.481829139163697
-0.293276712807795
-0.529331462709761
-0.602912979980209
-0.457425111365922
-0.40964404295375
-0.484247885653251
-0.473520579821524
-0.310478558863819
-0.375052751694518
-0.55389589905408
-0.556944496038426
-0.346262169664912
-0.37164551160963
-0.374508593082306
-0.400512762543943
-0.582340675552011
-0.501241137655253
-0.563816992998299
-0.290967576166334
-0.548463657146752
-0.378874191025641
-0.363477262881765
-0.318276534538408
-0.331880166560556
-0.626471911350226
-0.376026111685323
-0.543064101718463
-0.656310654939945
-0.338023044880939
-0.55097561219407
-0.446874239171251
-0.449285883144321
-0.414856752290015
-0.390788863440968
-0.440336734224943
-0.427546883922021
-0.313257263753081
-0.324067462635472
-0.520527467524228
-0.423973493008137
-0.488499423408366
-0.50854880657099
-0.392897232028137
-0.355277165256365
-0.309024812971562
-0.441897975729184
-0.290542554498782
-0.466342450509513
-0.405871848578274
-0.342558128419218
-0.41001145149254
-0.334671707987845
-0.455721236554921
-0.196947492653441
-0.244896513566345
-0.312376413664982
-0.470317045993805
-0.336988547664231
-0.451677303759525
-0.417363363943617
-0.366475760539632
-0.474608834472404
-0.305841074359651
-0.235450281405133
-0.306574693958578
-0.402691671753607
-0.307584330428801
-0.347796073428622
-0.342167347646267
-0.302616385014044
-0.13439098938054
-0.409180835754287
-0.306102048684116
-0.320924446268462
-0.401097562946412
-0.536411157785972
-0.342425108570043
-0.421044595377751
-0.18894500027998
-0.326432395784235
-0.333874205095839
-0.223391350832404
-0.147077997612637
-0.358337452118871
-0.145891962177947
-0.389998215788761
-0.302149738609806
-0.295872542798887
-0.405825575509461
-0.0896869591986139
-0.219954289392684
-0.331369570517477
-0.333868190593805
-0.328486588082965
-0.357904741734206
-0.315611364081331
-0.301894385814771
-0.259503982214555
-0.406243948523062
0.00592913554256953
-0.435870028533316
-0.205178191262604
-0.320264630547951
-0.312650285569428
-0.103104184884777
-0.352515652685538
-0.298371406328234
-0.303208534146904
-0.115327945811827
-0.219001727438835
-0.146227597149642
-0.184608171348072
-0.189778375532869
-0.213593395201853
-0.237671632370757
-0.266709590052188
-0.463989406674756
-0.239338242166766
-0.294957425056023
-0.208343263637923
-0.0567761597132096
-0.333904906988641
-0.202008215688968
-0.32108812498381
-0.272005118430499
-0.303935907163316
-0.302747347995931
-0.258673279816888
-0.0902569998526005
-0.115166045375513
-0.18801026104543
-0.245299044938858
-0.17474697272746
-0.258898805015743
-0.3193169959744
-0.18858134692022
-0.276869989628157
-0.209702974748787
-0.286639008565207
-0.125822736656106
-0.357342068692021
-0.195351605158809
-0.198970856676523
-0.285417086684431
-0.151626565515186
-0.204079571075
-0.134843845407117
-0.174904143175135
-0.0956962265547133
-0.0188272796930327
-0.166944025395497
-0.130040175945264
-0.0262783334704162
-0.233220279418602
-0.21963389249916
-0.184169752705009
-0.193620949151562
-0.0706660950687708
-0.232666604217103
-0.152166320045511
-0.0610286691819588
-0.252943993284423
-0.202553932586639
-0.0585833866534129
-0.0290482218447463
-0.127776104227566
-0.153989831624239
-0.158490860411826
-0.17679783374358
-0.267948239684583
-0.0975721077114732
-0.0966976778757634
-0.169185633224437
-0.223157277097729
0.0179570023336695
-0.185107719305501
-0.158482335806204
-0.0811213259624456
-0.086461777793273
-0.0342825194358414
0.0163403959860668
-0.144196246882578
-0.166639730481347
0.186434944305924
-0.0032857008435014
-0.0584997195852613
-0.292960862476425
-0.203150269585409
-0.235807071891008
-0.135877487430729
-0.183555015392992
-0.0873463481409135
-0.154799357165156
-0.0376093972917978
-0.0930921110278937
-0.149366443933929
-0.105023799144954
-0.0540031389444877
-0.0236081899772333
-0.138725016566848
-0.158018629688069
-0.122190580926912
-0.015040594863955
-0.0260125515128785
-0.099486891130356
0.00453635484273775
-0.101043274997072
-0.0125354665243155
-0.0623331804014252
-0.159412655927363
0.0596952008700533
-0.0757640115091535
-0.116827929946478
-0.0558743917716864
-0.0341604458647119
0.0333419490223198
-0.110297524186816
0.0691711412323086
0.131615132375633
-0.0931337979432487
0.0901475982395065
-0.0748816149077465
-0.00502682861941666
-0.0758978939877907
-0.0295644646299709
-0.0496665653513198
-0.148538725348883
-0.0152306436984187
-0.0623952214577148
-0.0484232697199127
-0.013726463718838
0.0880288446866885
0.0762784495646997
-0.0108841268050718
-0.0869314860825269
-0.0285283240729377
-0.0717897230767574
0.0373025665683478
0.125392053767436
0.00451245525644669
-0.0154942100400356
-0.1275494051122
0.208355227892697
-0.105887550431692
-0.18613381615166
0.103422471645739
-0.00736183239981407
0.0549304800507809
0.101720831223212
0.0434281246366926
-0.0117481127739473
0.0242343059798856
0.0516643911111068
0.0843070488640269
0.127337308688636
0.100518093860173
0.0400962983951755
0.0744648523626289
0.0866900585153586
-0.115080403966484
0.182033728805696
0.0481631418452496
0.0178879322693121
0.134002788842686
0.110482059367883
0.0484659901244692
0.00627908678230898
0.11886560814349
0.12797069193051
0.104845048186238
0.0816711860076191
0.207270085657499
0.0221538305103672
0.0570813571041847
0.0277890604307488
0.125817498721489
0.146009789024936
0.121438610974229
0.245474439429546
0.140876184746793
0.0124902676829388
0.0641837982305367
0.151612691558564
0.0753827146155054
0.0469930771399691
0.0368302674963286
0.0555615474018789
0.129965468382998
-0.00212654855626398
0.0907200259919026
0.00547674521758655
0.177385348300579
-0.0444090868183276
0.162171029732043
0.156266358040188
0.104147405841737
0.276795446503624
0.309701605533776
0.229754149689673
0.149683831744412
0.125088624784253
0.0368609325775768
0.177366409763996
0.049643195204807
0.0633918946313445
0.176257676037075
0.0247382975799667
0.16516069629752
0.146503321849306
0.0800802717854119
0.127268355101881
0.180803790705344
0.0662318527369769
0.257688561515618
0.278358872243977
0.134245583348242
0.110144209498634
0.0999710155846318
0.0746585540666984
0.209515354564624
0.177702649779866
0.144326777481573
0.252771351913425
0.0580676520582359
0.337968100801443
0.234373134723751
0.127263961742058
0.203872816221641
0.107966167750224
0.195192436044118
0.269071466976442
0.0652951378253997
0.256412657432139
0.178858576694481
0.0347414625571979
0.15775041723265
0.103794859196916
0.255916366325216
0.157689945171345
0.280919252423475
0.272725653814111
0.124929766484487
0.415455672272963
0.301157689233477
0.0757500878554859
0.173881704296546
0.119492588789056
0.242164366278373
0.286709191729249
0.221697637826599
0.31253046289714
0.327428194511959
0.238932651628375
0.290200741543579
0.306836979363291
0.267022843899194
0.146478194172774
0.172189192934812
0.278311106436916
0.18750896665707
0.306561934073125
0.281761296691638
0.315049193089986
0.256528460272293
0.271012344134497
0.248561502417118
0.306137448201593
0.276998286443542
0.298544354790798
0.286413264979492
0.312074532827813
0.291964580228033
0.235503159838126
0.333089983954284
0.345744081918155
0.253867880551755
0.206511725304896
0.287445430481037
0.336477395321618
0.385414491244085
0.449091130191878
0.28007265529936
0.263802940612305
0.287388979641306
0.379245166016875
0.303044578478519
0.164354920714003
0.366537396259802
0.196551578822588
0.283301616793928
0.261142512327921
0.222986747503719
0.373332867439205
0.385981880981313
0.451996310210942
0.218470462872524
0.323134389769493
0.285779693881589
0.30736216715294
0.246777176660764
0.256202044393589
0.222818143850229
0.391922663163948
0.408730158965924
0.215569136040249
0.333078579717637
0.231039090533698
0.24869800356678
0.203099267787133
0.256902288513186
0.401323973427581
0.369077361495791
0.351904212481187
0.298676035244923
0.243857030802432
0.459440289933896
0.441375319046223
0.562121861113251
0.527047466493606
0.322909935702168
0.418204455361374
0.460398771073336
0.373184145622123
0.424942194602012
0.533090546710287
0.292879703699686
0.343426803175467
0.443734738249164
0.349330296384133
0.351640487500054
0.503879524492696
0.398055264189653
0.303677305031236
0.228552732943949
0.458398473065667
0.298658677564409
0.286376996682065
0.375464089968683
0.319565431388349
0.43749752675051
0.456568090414604
0.331233413999623
0.406912723658269
0.25305374338131
0.401133188726302
0.318502386066857
0.531373390804605
0.450086018056665
0.504586893937048
0.395319854403737
0.378874157285109
0.262847300341229
0.421016776157167
0.527278125709956
0.413947262778213
0.343139221005015
0.457048370703255
0.482961511215921
0.451973364489637
0.344184430594472
0.494364291171407
0.513706373733348
0.464618637634832
0.294725045613809
0.425929717762162
0.40591541121109
0.556655908667795
0.536401125533476
0.37819051851797
0.403986701223843
0.491252134549822
0.430241619835426
0.486415689068238
0.395900079660825
0.4430987760977
0.474558131772158
0.606934467417647
0.527391942826396
0.588657425002823
0.414874770030083
0.549218106432726
0.517405655265514
0.533188876262688
0.499096628100232
0.618180456044696
0.562162647346959
0.497804327207532
0.355606195329557
0.365932543815419
0.492366319615992
0.412923971798889
0.57057121423362
0.443985717233603
0.614079096761185
0.520858099987287
0.490297095919321
0.690853043988324
0.635571520908366
0.629885678007552
0.482690498506007
0.522902917698879
0.414728867199629
0.564529244190865
0.524861543262729
0.513930775167038
0.647817573304736
0.566369937249941
0.52577997581244
0.498278616260842
0.664148760656587
0.610786108352818
0.526781354271447
0.505988820223588
0.639676060985102
0.593595894933889
0.625266226821022
0.386148139638153
0.512059988644084
0.690362785696684
0.530899067281084
0.682739196126764
0.590376691993076
0.636636948596654
0.604391695792016
0.701920862802047
0.613593070591649
0.629988304784852
0.697993272205827
0.526661575853839
0.538760466895167
0.595571369174204
0.51580647524391
0.524987818388397
0.535793867697515
0.620798198994132
0.618736743051947
0.490873034004008
0.618949303985845
0.500512832437725
0.687331860883238
0.658635862094832
0.540504234407274
0.595965980082789
0.487950836308064
0.550041885499473
0.650049105360887
0.650036690339665
0.577494740438379
0.663839621614431
0.541914920272077
0.673896254707687
0.754028793647178
0.413656373457878
0.497543716312279
0.535554737040571
0.630282762178109
0.625977056585128
0.57201450337563
0.569248393301146
0.617474713634487
0.651841428312507
0.670856324339114
0.737048284675833
0.60929274601325
0.753249050951538
0.510674614255935
0.621392156290341
0.722692209674992
0.717206051468645
0.617763235981043
0.556215763214506
0.754813670685197
0.808798090388958
0.594768846529949
0.830425752518502
0.775120343315508
0.618908654226472
0.687424128459146
0.858103027299072
0.749642904429413
0.627756070549081
0.638533640724545
0.688675044708245
0.653612846768019
0.661522643970834
0.60755837955767
0.701076609867464
0.510439016328058
0.790146745361663
0.824839773176296
0.678526690562672
0.621296038204814
0.675781429478417
0.700339989086838
0.650433127744447
0.655735582109653
0.610503124663306
0.678446679613982
0.605341289720677
0.781832194239497
0.701378490867588
0.685208203103613
0.711311130025888
0.597509232479732
0.567829380856783
0.705211573906109
0.829034195666416
0.784581992117053
0.768429187490445
0.631633171702701
0.787753074547971
0.519487354666569
0.88276065479364
0.748909600571143
0.756182659264513
0.657420422095459
0.638829375312145
0.619468973637595
0.85979920486846
0.659390592853415
0.876445714485896
0.792135014962788
0.728434887093265
0.794193774151681
0.669439426790221
0.744235886343269
0.791485036184822
0.721228674009194
0.69349813137103
0.776944107904964
0.743253027301422
0.744276447967775
0.780127057706622
0.815829854129047
0.79084784873835
0.914934386637876
0.803116934453741
0.847056138854397
0.877809636327445
0.844976522264928
0.80266737795682
0.758492657627961
0.611299098535996
0.94517896954324
0.872763941923559
0.888548409092506
1.05972504776846
0.894439257556813
0.852165371519527
0.792268164741911
0.820711014191088
0.940216051521492
0.752721264758542
0.795292605419149
0.849025036908691
0.995437375184497
0.84921442636732
0.82402768001881
0.760376665314242
0.834601393026172
0.887022956182785
0.863251965110856
0.886145553637491
0.727561450854716
0.732196531318946
0.872386018692246
0.856707007130787
0.963770386782894
0.799731760050815
0.957727856046885
0.844506771106045
0.900590469727344
0.801863787664217
0.985912847858776
0.862972672228644
1.05945749591122
0.760379020777896
0.802736061470684
1.02706238751834
0.844092375980496
0.990445695285221
0.91488697373993
0.832399117742353
0.787097258487985
0.960228704099768
1.04894126871459
0.795691239186528
0.941525585928429
0.867313877852841
0.832817187035401
0.95870973789204
0.977342102140349
0.931141163515721
0.886761491337851
0.897898410961283
1.02554058724935
0.841669551143921
0.840170769299429
0.918722739203075
0.922966643376873
0.81481254578561
0.93416434335753
1.02318216859887
0.970764547041729
1.04024707970962
0.892257902358463
0.848750667769348
0.825712109125234
1.02902154713459
0.99964691547676
0.844022338686552
0.936049770240459
0.920457755014251
0.921023387538039
0.91727428883115
0.933625160179778
0.930556184003452
1.07719721625779
1.06055523841521
0.888911425017341
0.988231760158293
1.04031103560443
0.89548690037222
1.0856515500247
1.01237133746172
1.07854157665529
0.984380227424528
1.05192724255322
1.05479003394509
0.901679488470282
0.941682123636521
1.04029905286892
0.993283211829984
0.95170929028951
1.0633337690847
0.961878201427987
0.905562902042221
