"x"
-1.19178058612839
-1.08082551371285
-1.10211982903038
-0.89546601940875
-0.910308677370195
-0.938800312868547
-1.03361346821368
-0.915981906339263
-1.14165629769526
-1.01866081779851
-0.996381353839805
-1.00330697214119
-0.898697802316384
-0.855103021963246
-0.922683763688
-0.954471776438188
-0.99514469869414
-0.96609579824168
-0.944403019919538
-0.89159597667716
-0.929361453469207
-0.989395375695515
-0.85918459652703
-0.930200176748071
-0.980187751197834
-0.847089934529744
-0.93053633753863
-0.885546927758203
-0.934098378444732
-0.955259591696748
-0.985632772056563
-1.02170843430141
-0.925537526160697
-0.912399147465395
-1.0140400090872
-0.957173080600074
-0.909822868636416
-0.906870942171374
-0.826921900482195
-0.841921403266896
-0.913169025807049
-0.801623857460391
-0.803204016311293
-0.812687478742734
-1.00131009140357
-0.894660323265926
-0.902490162944077
-0.953105835841117
-0.886619120775867
-0.883679467743689
-0.792339606493496
-1.00196914433814
-0.860026130262751
-0.861695154402519
-0.910657578618809
-1.04782418237933
-0.910940238469347
-0.917186265185046
-0.978473118949192
-0.903064005276848
-0.69125838507698
-0.946266859094744
-0.907144908927269
-0.759641850488884
-0.791589589530854
-0.693317375885937
-0.861218424286352
-0.840499089819408
-0.820832413408622
-0.831765974126023
-0.854910488399012
-0.837016754184315
-1.0711915937136
-0.959329574785043
-0.944117504012903
-0.933421939536502
-0.845758218800323
-0.709476019395747
-0.772054120603276
-0.841797539006343
-0.835628235930038
-0.832476636090054
-0.857942161219198
-0.826857967728989
-0.769537724130053
-0.73714271179971
-0.842623549612419
-0.881872080048224
-0.869056850878819
-0.786709898230438
-0.744189592431687
-0.723259478853165
-0.777196657333744
-0.632137322670204
-0.80894146145533
-0.898014828694853
-0.840872980086573
-0.734923070685856
-0.788192604286855
-0.727750749200784
-0.872368756257746
-0.799562487149075
-0.826389763281225
-0.874323988252419
-0.828736957669918
-0.8835536474152
-0.769419463984688
-0.807673855374341
-0.830889664771739
-0.768963339566406
-0.796476945366231
-0.797359797220913
-0.777604353908692
-0.638653302890467
-0.811296037562023
-0.87996047557219
-0.640425450830873
-0.709924819752745
-0.643915258207327
-0.664265441996081
-0.667145258757081
-0.780569809434465
-0.730323145714071
-0.795264524528949
-0.708442433164444
-0.682702939133706
-0.70742374980019
-0.566549107240215
-0.674211124371095
-0.769824116109659
-0.68727502458429
-0.866113435232622
-0.608636699646933
-0.612818312865874
-0.725106709182978
-0.797720042265592
-0.756989077358268
-0.703557780818574
-0.655760981564289
-0.771503287307673
-0.689188836943983
-0.770624865239646
-0.783275041803344
-0.854277562889335
-0.627284891232783
-0.768031330656688
-0.649862593248431
-0.771802344486115
-0.748113545100884
-0.731449163631315
-0.567925079835283
-0.658516640494775
-0.786380422979469
-0.605628519545946
-0.779711426925195
-0.73480311788177
-0.604137442918801
-0.713938259650629
-0.753774732322205
-0.754581552963067
-0.689706505922822
-0.77781164143907
-0.602039200556598
-0.608923168109836
-0.70706668233774
-0.567793532498046
-0.562964583123687
-0.72971001196739
-0.567546419059917
-0.765550728134068
-0.71669612129265
-0.662889897223853
-0.738033969220888
-0.567825940111308
-0.730254719843388
-0.675649161338517
-0.681873548619859
-0.614174971029212
-0.685281410408441
-0.681109357064424
-0.69246241098601
-0.618079367312088
-0.611131270573043
-0.565399048019718
-0.68194747712427
-0.634120344558633
-0.584741814479574
-0.662060594365169
-0.673485830438195
-0.83665540443421
-0.529150568159858
-0.675647044657083
-0.640218770016297
-0.639473807444763
-0.640692409390274
-0.674941742309368
-0.546384722962795
-0.728027915438895
-0.556933592921587
-0.587506531136399
-0.59584333160047
-0.688939791125647
-0.635042269106387
-0.645799376091067
-0.629767909029387
-0.654330126211664
-0.408774694518571
-0.492540825074337
-0.759016365546007
-0.67282222958457
-0.561825984065124
-0.486476089613153
-0.50255911962689
-0.49784102704689
-0.712301197539611
-0.42037463016565
-0.41477146141606
-0.7089350485666
-0.598504720252332
-0.564627022670302
-0.518125972411874
-0.494756077856106
-0.648647055566709
-0.428697902192566
-0.488654402410447
-0.642040618265023
-0.680397198397945
-0.478211833073268
-0.392213461656486
-0.433075873299234
-0.629343059121759
-0.559377851113806
-0.361792464052786
-0.593674974300663
-0.503923789718943
-0.545500907047495
-0.579942478285764
-0.429441948999932
-0.580370070353456
-0.533546659353427
-0.559901825803645
-0.393455158503445
-0.579612645167436
-0.494187044554118
-0.363809709934242
-0.524450452477412
-0.587021663462038
-0.560880567957929
-0.448125144712038
-0.458155767561417
-0.56385146327592
-0.535459280991619
-0.518431610951412
-0.539433490934937
-0.663737270125699
-0.460255923966371
-0.40509692088393
-0.372165538594638
-0.480334858602636
-0.550983592279763
-0.454025581043581
-0.413635588965681
-0.532746648586791
-0.379834955747342
-0.485673506836607
-0.444499314613205
-0.465383289429794
-0.470971311123673
-0.364710257386199
-0.357799803307014
-0.489335994485822
-0.526623615883224
-0.466066233055803
-0.319918336729959
-0.438468557686919
-0.418032294563304
-0.403156345590623
-0.50729608246023
-0.548112190178807
-0.456991865802419
-0.327448638459921
-0.378066199814119
-0.543630848132802
-0.427358466814139
-0.393524308599418
-0.364159735775231
-0.440656873759478
-0.46249382030817
-0.309083939522333
-0.355006435744624
-0.40549189102682
-0.56856488440014
-0.391642176432564
-0.388370063042259
-0.415158106106335
-0.310724377153107
-0.539711739852346
-0.35904289052548
-0.477249083308901
-0.500778130041454
-0.341897743216137
-0.391162600840669
-0.359194979610478
-0.383826242661602
-0.221941710642825
-0.239515698159534
-0.362397500335999
-0.444980536437815
-0.289936875357909
-0.466073625038183
-0.308094306770397
-0.567546979314218
-0.470840854057426
-0.243446301869811
-0.413580618398754
-0.272309558021752
-0.390341186229064
-0.530665168210812
-0.276342406988403
-0.307257853490261
-0.303673155512928
-0.357949888966498
-0.228540571585842
-0.221236440059647
-0.317434742032792
-0.330695029376822
-0.368710255542491
-0.321041439531591
-0.485096925848109
-0.323363220041017
-0.33703455121298
-0.304231930866647
-0.123345771821502
-0.428598665900069
-0.441868866984338
-0.445706514472832
-0.325572471702639
-0.388581835325803
-0.303020938688828
-0.414026404009037
-0.279299287179715
-0.415060408060489
-0.309556671446595
-0.264827833871997
-0.352039622986911
-0.283263856405638
-0.427452064755908
-0.288650650406985
-0.241380905883414
-0.282856504365972
-0.48402232515511
-0.347391168472515
-0.253557832064603
-0.223994293621252
-0.296323003816575
-0.340882826147619
-0.289021035225755
-0.353370553330559
-0.186768719889551
-0.313004261885227
-0.253797387518429
-0.397740918338098
-0.354550191105119
-0.322065981539499
-0.264716942179707
-0.393687142141812
-0.291401600513265
-0.263199336643666
-0.136528670529918
-0.127034971744749
-0.154290230162026
-0.30706747269634
-0.304148256986171
-0.212461408782772
-0.297114609724301
-0.167807441999051
-0.266244622081731
-0.0575212506941561
-0.266942767075201
-0.467590820517392
-0.342768360511301
-0.234782486914509
-0.159384530351638
-0.381759524584253
-0.368237721749837
-0.266600464697288
-0.174749847915848
-0.155268304227822
-0.25498626348932
-0.179161402382398
-0.287802445238978
-0.135928102695634
-0.137515966970193
-0.359989643726464
-0.172791875176329
-0.277846501626514
-0.194081778618419
-0.172696185937085
-0.182073928717956
-0.205360589785208
-0.127303068042619
-0.186165205994479
-0.340202700810619
-0.199961814587064
-0.0823279008341731
-0.335959804218076
-0.170107712539312
-0.194459390537478
-0.00239371248867738
-0.192294334410294
-0.1621699296749
-0.094873082614051
-0.249343024311996
-0.201020856194374
-0.165656363051042
-0.36205857610714
-0.121643828913428
-0.297698614695085
-0.13783533803237
-0.0909511299105716
-0.232988046441671
-0.13857745569712
-0.230995296954538
-0.263999403095103
-0.249796926910202
-0.105755635884812
-0.132583192263158
-0.0197038629139179
-0.154790302990551
-0.0484991400279715
-0.2286349351698
-0.287207444031385
-0.236429970649035
-0.17575577626069
-0.241396912072784
-0.0655933933503317
-0.191685148956612
-0.0285839467795473
-0.0871113632415185
0.0478992273960316
-0.0139711538822706
-0.0946738809148261
0.0195289294097702
-0.181145447538836
-0.186831775493142
-0.118384064506492
-0.11466094394892
-0.00108416208073862
-0.18457349219384
-0.0835621486112688
-0.120585039526289
-0.0282101279375669
-0.188301358139714
-0.190282027404623
-0.161465607439646
-0.0640528462919495
-0.0845995963449405
-0.0207433162086736
-0.180397180306399
-0.196277047991622
-0.127682575420801
-0.0323346940124466
-0.183861046808909
-0.163079998334004
-0.162729033734613
0.0461351935513881
-0.0835565924257932
-0.0523475339458864
-0.167642960101916
-0.180999380613842
-0.15249461108014
-0.132421142907483
-0.210977855959237
-0.136404417046944
-0.0859320772833742
-0.124584163903078
0.0996058709895902
0.0260312670672477
-0.147805042723335
-0.116839516650727
-0.137699338688788
-0.0240548372500608
-0.0974410179091501
-0.188192971476511
0.104425744349515
0.12623958197495
0.0459088751960798
0.0453345066047619
-0.174148964363548
-0.0607566059654439
-0.0345516780453822
-0.0219845523500295
-0.0376373435115104
0.0543385122896134
0.0548848166204414
-0.143651835636667
-0.161250420964889
0.104778971340135
-0.0938848363086318
-0.01326719362751
0.0366672934152672
-0.0987732222583793
0.0476480469023857
0.0642215819828125
0.0244666845386037
0.0509702351292374
-0.0923446583646469
-0.181458772983319
0.12772258603584
-0.104968543508781
-0.0392098979801033
-0.00923169347160198
0.0526283373346028
-0.102700746960983
0.0308412449203207
0.174937558057553
-0.0331034312704203
0.0469931062173659
0.117584754534938
0.0720459352924861
-0.0170764633387112
0.111088483006729
-0.00664665751482138
0.0361506569510373
-0.000385901127325933
0.194898620729191
0.145693950337098
0.113507136490794
0.0578499233243223
0.0809268698890836
0.11639747138088
0.0447264324242699
0.0397272470814307
0.132263276589705
0.0581699163758763
0.113527151802083
0.0250949452894139
0.0269110388928368
0.115011232028737
-0.0365006168188156
-0.0213260571025373
0.133233763429682
0.090502351321899
0.0372022124139539
-0.0596945643907571
-0.0122620404123908
0.194960680045684
-0.0240114598139442
0.155240767183286
0.0130186873571344
0.0363558402500465
0.0851279373696313
0.0221625800491949
0.172517924828534
0.0807027688204799
0.225017183901811
0.0462274598368604
0.186826114188305
0.0313777461716869
0.153738684499236
0.039090313676053
-0.0863291901107194
0.0930321692237967
0.107776795491891
0.210698975018636
0.244749366933573
0.239603395219352
0.0254012357205413
0.120585932092985
0.255991160741293
0.153733178139697
0.133271878724993
0.116299936038965
0.097298925005568
0.139059077494333
0.14826913654317
0.0438060997359884
0.123110883870422
0.17353870498392
0.0823958669238474
0.34958368918907
0.0518940174883477
0.209011640124908
0.197681451465542
0.177459534036326
0.0995303836947771
0.24239429613159
0.116059338477584
0.143173945198161
0.315089234270074
0.311064871347846
0.252879501335186
0.125936192233323
0.0904898430983685
0.124112399988037
0.176686795734175
0.121915943312304
0.216031198309015
0.144638132176882
0.315209641648759
0.0993221392541288
0.0729701638629495
0.168534955191759
0.188753579427015
0.380528162207561
0.322650693149087
0.199902483970527
0.335741113766603
0.235356747831725
0.224430740090914
0.266680330241389
0.237290196803065
0.201793650116042
0.134127295895432
0.280682301268042
0.322977820798461
0.288607778672487
0.234700499940579
0.356644090505488
0.252248284015244
0.359886835412938
0.19794088310988
0.131653106249668
0.243900500950431
0.273639372058206
0.307885443258413
0.173263913629088
0.356262249445774
0.240319913302688
0.287791579191659
0.292362645007715
0.117136694421345
0.0730142103581958
0.174670685456167
0.399494847263963
0.272593022499823
0.265570428341892
0.313474627173015
0.353032259090148
0.219527272915468
0.0746791547166927
0.372307279558588
0.288300135346779
0.220259867137814
0.347103393470208
0.0704106532895108
0.335551801885447
0.188446975561729
0.238757488583795
0.288096664682345
0.265514038760663
0.277529738948508
0.372942242049493
0.329822044875708
0.415106124637103
0.395287749157776
0.41966329792519
0.217984076613261
0.414090205740273
0.287154172208913
0.336151688924707
0.204542531424296
0.370975285031998
0.232768769951422
0.520873284497867
0.462590688778858
0.284069770199125
0.316456012433484
0.389426463355031
0.375864055947934
0.24196994141119
0.25512431184682
0.327637985000045
0.314420491056757
0.411087423642403
0.363068345944174
0.275549482972674
0.447314270923846
0.447917102807034
0.415821496397477
0.482144115487706
0.478684138975818
0.346480434911552
0.390476954046034
0.531644898376203
0.155164521131039
0.372915100787645
0.434963208200143
0.255375343750733
0.297320137256424
0.253719168354415
0.521652152438331
0.397654040546079
0.317384241296235
0.516084941773854
0.405045205315464
0.38402356055254
0.38109770998685
0.439413898823141
0.329146269833947
0.502451122065431
0.428350239624182
0.453578835648828
0.41975874273821
0.442609097057057
0.378158529414063
0.395722556689675
0.449259634046383
0.382349054135965
0.41857266952851
0.431630167729704
0.289275637574794
0.386732534971012
0.384301037161604
0.476751852879246
0.379764362226481
0.479785157289384
0.359864797858983
0.422485087261735
0.443150945798343
0.281273392290398
0.413453495810679
0.553016305518521
0.471146109105889
0.565203274142232
0.604108561839162
0.442437136123653
0.451803698127141
0.323467902307865
0.538765341986596
0.467585314526363
0.344772516878975
0.56270862646323
0.503668926188645
0.457847707713645
0.578186353370515
0.437120632220623
0.525838741730816
0.545723418521021
0.580083419686799
0.458799419494093
0.54472112243154
0.433723051263017
0.553529568765567
0.414075971132326
0.38271989515123
0.4620319267001
0.726920751522029
0.510061053507056
0.484168722791698
0.447243684825964
0.505985025802765
0.566182922012046
0.527543212893815
0.390835972108328
0.57726822497864
0.686460973216421
0.453882673378662
0.459853085630037
0.437324410918988
0.376471478440108
0.536813116314134
0.56083997813465
0.499002120894475
0.556544809012343
0.501327417934418
0.442981132525758
0.440853859965101
0.536007971707393
0.548121537214065
0.604100846483577
0.651552854275157
0.644273139946568
0.387448568188382
0.518363209003361
0.566701636363149
0.602141511826732
0.590283933080394
0.436388181401033
0.564179637497349
0.625535251530053
0.622846396902962
0.570946038499576
0.651257653179396
0.563229703207404
0.531241441212163
0.619966187680366
0.586092703198762
0.676251523939222
0.575518222395466
0.604810291570488
0.370390756783065
0.463765976355087
0.598868434741586
0.557378119389708
0.606962886233778
0.526957198530841
0.567635915385161
0.528003846542704
0.555342137217622
0.623863820362818
0.55709540700953
0.443367728714937
0.831219206096704
0.646031882948518
0.581310579477639
0.600178890764989
0.707790061151195
0.500011877885877
0.693593236865515
0.586801164970408
0.593169847945748
0.584283826501077
0.623392914787391
0.628295856986501
0.64604594254385
0.728159405333309
0.583310194339613
0.735958282565724
0.527538158747669
0.604321345666186
0.706286271941538
0.612420878037715
0.586621824723449
0.770973194632494
0.738036808182025
0.615792377917228
0.665109560454668
0.683603398534309
0.723387233616401
0.709315710132285
0.669868431832972
0.762240873123889
0.763505388779478
0.737567949981879
0.572771310508087
0.607126155254955
0.703112925993716
0.730230123865497
0.715111309481512
0.657194732585298
0.526133124037864
0.622286917054597
0.768644586595778
0.594684663672506
0.717196847180347
0.695095803841628
0.831145049342415
0.65872192406554
0.635585423399219
0.564996649681329
0.770783946436923
0.763858913286319
0.617718427053558
0.676930054896388
0.677437219536937
0.686204719873762
0.695572723636145
0.667445106435947
0.722331770781803
0.591156210617162
0.896654249820079
0.625951928687539
0.542391801503283
0.778254756041559
0.738247993640806
0.763881780736266
0.683632768791807
0.849904354903781
0.704560387519599
0.716065494003701
0.696099477272169
0.739865156128616
0.707793728484318
0.812172585611892
0.88640774932291
0.898394932537151
0.738562707711889
0.691966314429725
0.571969295116003
0.743942952239454
0.731945000454128
0.815792170269641
0.747274869863275
0.699946934444214
0.859578663736484
0.702113585315761
0.863314057315453
0.759507069080752
0.671721379644276
0.844143049809136
0.722380686838719
0.945215633549185
0.756849366783199
0.675716782993809
0.818839654502794
0.826435914364276
0.698319673988308
0.754378041214435
0.743328303138441
0.856599861195537
0.761412516000951
0.822746019317671
0.676521186957338
0.660294333635945
0.850165360434918
0.827006059904122
0.809650768506413
0.835354142681873
0.854922731082917
0.933120425120118
0.827806250966087
0.795162765873829
0.894508472879251
0.962801049611407
0.756182432666584
0.902470625761035
0.674960892195588
0.751071911234995
0.850669447109545
1.03473625105414
0.756050544336867
0.88176452331098
0.821353314956276
0.676331111546466
0.834669719169016
0.91296580483322
0.771143663591085
0.784001556042679
0.899978213969824
0.874620925830696
1.00035749177239
0.885322497178184
0.896783705740752
0.883808105792694
0.993293875416839
0.836122474096042
0.868546385146012
0.957798618960417
0.777023531816399
0.967318536314638
0.932600812360644
0.677253073212368
0.872772507492738
1.05175723680742
0.905191099824731
0.724208883001117
0.946625885810519
0.777100400086038
0.904200456994644
0.876503126114893
0.784060458655411
0.854971623480283
1.07534360654079
0.830681686392684
0.822981608592525
0.982124949576571
0.940133386591585
0.897262890423129
0.958660968167659
0.889215708889877
0.898600403788942
0.92259905183754
1.05126080438809
1.04416604229249
0.854170061075935
0.909406845076699
1.06214028825171
1.06282827988623
1.03639304091936
0.972926116175974
0.941798017166469
0.848140135815796
1.0385653227944
1.00732019650889
0.884537981328249
0.787989928533738
1.02374233520381
0.996270316533184
0.805728505955573
0.746711823699642
0.841961461416339
0.966239695475261
0.851045851284041
0.946444150413723
0.823646191597143
0.979351387669905
0.997530958282855
1.06997796033513
0.999316967571146
1.00866870871389
0.98774391559441
0.994067803856077
1.02966700039803
1.03480460214168
0.966174852881303
1.04219274909821
1.26620548866057
1.13436894112102
1.01337570350686
