"x"
-1.11877847588777
-1.01667969950787
-1.04654198332955
-1.00943484651397
-0.930992368298459
-1.01660867029809
-0.879896521924049
-0.966470217514438
-1.07780849885436
-1.08419971489484
-1.00473915837902
-0.962638205987862
-0.915172748803341
-1.04334470921263
-0.874614595025386
-0.978948129414387
-0.895509195760359
-1.00803078253561
-1.02611346539008
-0.908360893730369
-1.09536496220508
-0.997967576488322
-0.877299139094517
-0.849030449349869
-1.01619742249306
-0.905624106639257
-0.882958666206113
-1.02148592035844
-0.966729386964536
-0.912338553280827
-1.06984947172154
-0.860047865177643
-0.89319368098259
-0.800927926784117
-0.845559590198394
-0.884433789743772
-0.799106938222178
-0.921929386989002
-0.873011895004252
-0.944305250350965
-0.889261347659729
-1.05716471667988
-1.07631996765446
-0.966267066350103
-0.853844717076225
-0.941833644688562
-1.00037123000739
-0.842650827176297
-0.802412522573297
-0.914065853167665
-0.87780128970179
-0.892551310911876
-0.844685596799496
-0.83926977566171
-0.86192315245142
-0.83732804949756
-0.903636979880696
-0.830601544324522
-0.97853113073591
-0.946405979227419
-0.85352644716981
-0.880982395581726
-0.912273898753332
-0.854312905796953
-0.882855330785507
-0.957011378933411
-0.924295389872174
-0.8134549575163
-0.905083140705256
-1.03469702535056
-0.943660274127927
-0.878431061742463
-0.967310620916057
-0.801463638686559
-0.822072497739757
-0.871274728870698
-0.887651524448855
-0.897459794158041
-0.881299766132826
-0.661916066500516
-0.857935426201282
-0.847606508410654
-0.803472654448421
-0.860648568036929
-0.907976406196127
-0.845477647874279
-0.786292031462101
-0.879867172252318
-0.80174515836262
-0.917623064403476
-0.79294950695085
-0.742348270529441
-0.842853330749241
-0.834173698137364
-0.780586065253221
-0.843784065130714
-0.853826492510118
-0.729709687519925
-0.797823799194651
-0.704693807645819
-0.85895349753921
-0.740782586782795
-0.74212589823916
-0.689256023468861
-0.721166163233202
-0.909512545597183
-0.642588839593956
-0.731684279947872
-0.746361068696613
-0.797465409277104
-0.818757878620331
-0.870988781787415
-0.784856591540786
-0.802098847253273
-0.875242189999751
-0.835996157164278
-0.901917334635716
-0.591149701609968
-0.795567794205303
-0.766517327768202
-0.767320863316299
-0.886311244210324
-0.815890940543799
-0.580551136606461
-0.46629205518129
-0.65501105239603
-0.706537845346541
-0.747186131800085
-0.756940125063398
-0.803976300082417
-0.756265454954579
-0.7403361129172
-0.740398567147974
-0.700414271010813
-0.65440146187582
-0.817845297558928
-0.809692398801943
-0.829900949555472
-0.581172416887653
-0.700621516385551
-0.63161419518229
-0.732064934019061
-0.685612480421356
-0.701672388998471
-0.634687508156693
-0.76153927267342
-0.802317598515491
-0.772830955198185
-0.651260342896756
-0.559385494657657
-0.532927424335945
-0.633954054182399
-0.673437317421968
-0.603696261581702
-0.735786993130047
-0.670069837393877
-0.844505139691597
-0.779782992502989
-0.557533663465019
-0.664838287545911
-0.694914904774341
-0.688182070678073
-0.769243079569413
-0.808168538279192
-0.691667874965693
-0.799390284125123
-0.601785603820037
-0.576273293174898
-0.673136805382036
-0.531822966737988
-0.629781251706763
-0.644107279596327
-0.64856106727566
-0.594800336785719
-0.643106062927455
-0.644351317018689
-0.517326859695859
-0.596358236886164
-0.537074978884341
-0.739051198731261
-0.689206781154058
-0.6829269273414
-0.659742622268797
-0.596878431274644
-0.56770187968829
-0.607857544196697
-0.634742787865604
-0.683660048928068
-0.568398391710767
-0.684718122268033
-0.599364854995489
-0.609902051916686
-0.60314752440075
-0.447875984658195
-0.603227097404736
-0.633995254012361
-0.597161548898357
-0.625712625835184
-0.672603972184352
-0.543825668091056
-0.554885789648765
-0.573381684636749
-0.669355838800965
-0.619319943660911
-0.474393477415894
-0.646052977765532
-0.545076359084891
-0.557695036006523
-0.449467200191106
-0.537983256234142
-0.608404070640058
-0.521888104941435
-0.456521349951083
-0.501687039344406
-0.565273256147082
-0.494768199537891
-0.359659881534555
-0.555670564255231
-0.568878533204979
-0.475911667175432
-0.578245860192346
-0.527702623531201
-0.705587693911427
-0.557300661552327
-0.561461325229061
-0.425404846161559
-0.481930336908317
-0.695948541498029
-0.440612575513759
-0.554580887872233
-0.552079154349774
-0.599658231219766
-0.436004822884951
-0.552804594113118
-0.54151965846237
-0.525983643918708
-0.364718768085965
-0.421181892220215
-0.51167847013848
-0.514966908377852
-0.500593815570196
-0.532072379175207
-0.669302831995778
-0.562233334588246
-0.413564649320189
-0.700007477889554
-0.321399820641013
-0.578583385193901
-0.500587880821812
-0.522306679579791
-0.397278658403848
-0.632020650679611
-0.324012004022988
-0.724114838405736
-0.589634928214968
-0.456238169612825
-0.499158396727328
-0.535339475510038
-0.471614740270583
-0.505771397419024
-0.427536393508053
-0.502656193644191
-0.479836949647931
-0.277798212986352
-0.514425128139453
-0.627925584715593
-0.440020911629373
-0.415382625623665
-0.495528600255111
-0.480869020511981
-0.31952824215214
-0.38045836132871
-0.55570647465696
-0.568283335890575
-0.340587000936479
-0.352315501373926
-0.370118049590492
-0.422319603103897
-0.596905817373009
-0.516792064992211
-0.524981275724771
-0.311200274052985
-0.547199771117608
-0.389990714396126
-0.358671387569758
-0.301376104664595
-0.322613745996942
-0.640848246434935
-0.376483201643043
-0.516607335754364
-0.677373851540476
-0.343080758246954
-0.547740090289989
-0.438125383025002
-0.434504196114258
-0.396382810084377
-0.406254742873414
-0.460767097871106
-0.416743178372521
-0.302307592460849
-0.333127934318727
-0.551884385232151
-0.427874191952527
-0.487806616393685
-0.494580609589766
-0.404328960999711
-0.36565551997264
-0.299599914978053
-0.44952888271755
-0.29944543915377
-0.469650620472903
-0.39864365339503
-0.359361421490639
-0.428674090385106
-0.308886529739266
-0.459020077250242
-0.220077332021618
-0.234042876438672
-0.320410540735399
-0.482849507707883
-0.322257676764773
-0.448123520159629
-0.405828734247064
-0.359778079685117
-0.488160103946265
-0.318579380695658
-0.235585627685352
-0.302920769495099
-0.410286772095857
-0.315886675524506
-0.34274659812276
-0.325521023992863
-0.283243308721293
-0.129960763346112
-0.419766629980286
-0.291145770227213
-0.332114585910795
-0.399548182094341
-0.525724930087795
-0.346855829024425
-0.450829407141797
-0.170544989996214
-0.309464678548954
-0.346484364864957
-0.195401331772759
-0.151194217502721
-0.33919131122814
-0.142162043442984
-0.389650910916993
-0.298878137431478
-0.297870300234809
-0.402289719298205
-0.110831820740012
-0.20330177192505
-0.332130165082585
-0.330714673080072
-0.329557700207538
-0.363252368133689
-0.303656472026812
-0.322104399421279
-0.264073399620588
-0.410164603258385
0.0110686525297681
-0.425757278232996
-0.185501328630071
-0.331638555633997
-0.318770743548747
-0.11750041340659
-0.350928954000347
-0.318199224522526
-0.286277831238077
-0.10388882565981
-0.193990043381095
-0.15038097170042
-0.190559246947787
-0.181261887463372
-0.195608581353379
-0.232355195543943
-0.258211795302807
-0.445266453647229
-0.229755159884207
-0.293882840765442
-0.197792412722048
-0.0686896238391018
-0.335102330732715
-0.198166096028186
-0.342074638329744
-0.250282402727418
-0.288578001894971
-0.296837310846986
-0.268798249318595
-0.081838020547805
-0.0947621160422142
-0.201439190256565
-0.261991335361754
-0.157551777340637
-0.261346510834535
-0.32626545884255
-0.205082993458922
-0.27700409875299
-0.176847695476582
-0.295038953258163
-0.137640213164849
-0.345940012880723
-0.19215032784649
-0.200841795963261
-0.257049585423038
-0.158211144465618
-0.208179956776258
-0.139967081611079
-0.144057309219084
-0.0792962515948695
-0.0277859000465142
-0.17346095863863
-0.135261481886173
-0.0245420700814808
-0.238045636871368
-0.218253248811831
-0.153758311008422
-0.166942996506535
-0.084896618010761
-0.234325365347039
-0.159211062369924
-0.0748646100292689
-0.266946977669213
-0.221457147163395
-0.0821574028980653
-0.0629444430075632
-0.133050170136702
-0.149798481514132
-0.128058640283545
-0.172084163137699
-0.286121187881509
-0.103298301269254
-0.0908957685418358
-0.177204490187163
-0.205225008936812
0.00503871808020535
-0.181765251739604
-0.165516863524408
-0.103806076890831
-0.0852945644497388
-0.0191379716991935
-0.000416877161021624
-0.142267405450568
-0.176475508687959
0.182990160064796
0.00812913603408144
-0.0617094379789996
-0.28433382898197
-0.180599441648416
-0.221470053227198
-0.137846559218529
-0.1823868515663
-0.07876862978207
-0.157055515739131
-0.0668811793241299
-0.100703805376593
-0.122485578371974
-0.130149734000606
-0.0544580785333508
-0.0168064090003561
-0.124470808136969
-0.162318084754367
-0.106137009371974
-0.0297434245019051
-0.0188613512524513
-0.0794472038491392
0.00338395981932419
-0.0904618400054333
-0.00387791906900092
-0.0528039393266087
-0.151048637435358
0.0459059783774056
-0.0648599248994785
-0.11877056128763
-0.039054463346704
-0.0337037657297712
0.0265507161084714
-0.135458498195694
0.0745569498713906
0.129769549088767
-0.100344477952067
0.0995370778216687
-0.068917684315609
-0.0158348585295861
-0.0745632342125917
0.00762702430038156
-0.0497234875698899
-0.116443655392079
-0.00913159523384508
-0.0620945278581656
-0.0462027202656224
-0.022220542686753
0.0993464966266878
0.0872619831890061
0.0200384556007197
-0.0692854346639738
-0.0351764853293925
-0.111961072866893
0.0181970625765906
0.12495336628879
0.0140334300981989
-0.00425401963175924
-0.129960640898985
0.21033053478078
-0.0983674943471436
-0.210417211978371
0.118989939358979
0.00920291594476239
0.0674112002465664
0.0983104835553368
0.0379456719966509
0.00838282038136054
0.0347147451408758
0.0609865017475244
0.105228775169027
0.127923601438341
0.101172184461923
0.0418010668710431
0.0735579045595268
0.076702387764667
-0.127152326789713
0.184554649338864
0.0526552689127772
0.0222911627899296
0.144773636695476
0.110632411811345
0.0477672958751109
0.013975478140292
0.10954043049746
0.122644706720676
0.0971312437431874
0.0750527152218725
0.197745613482756
0.0324255306709479
0.0305632733005279
0.00443902303289399
0.136460779904468
0.146567726429285
0.114376143880419
0.23810635866904
0.108414426741439
0.0198317447089736
0.0685198729461492
0.141082876805456
0.0798023371987447
0.0590351862961566
0.0274386649877394
0.0425359418041708
0.137261454917546
-0.00344444598378628
0.0821712337314634
0.015881431380403
0.174749796138373
-0.0734092169426466
0.140892302404042
0.156806540911278
0.107715399427558
0.278720248376794
0.29535943474268
0.211906195171156
0.143980027178137
0.140977989091831
0.0601907178794144
0.208754541320517
0.0541485572741032
0.0497299715072465
0.197948295644243
0.0249833338338579
0.178975657574553
0.155463283111225
0.0603226548161794
0.129325208589269
0.167824549191257
0.0854329295171554
0.259791974726994
0.263860196854704
0.131434375316563
0.109207667041425
0.10488718044484
0.108626943408628
0.20593902712249
0.190122764822218
0.172770743215872
0.26091520673433
0.063541995120395
0.343615721348814
0.224244500924684
0.135000149572067
0.205905128844385
0.11725056647984
0.207209341710247
0.284601369147718
0.0651367353798837
0.247468619075134
0.192860847113744
0.0437992998952715
0.178128356653996
0.127650482890872
0.244683929976157
0.151260494878084
0.274257699585038
0.251808057407971
0.129279881696692
0.394753105973967
0.28977318369932
0.0741862120548733
0.145366694314659
0.109455219949292
0.21727306410439
0.273101900493026
0.255415945648786
0.307706985097636
0.318618607353759
0.273605420791779
0.250029012851031
0.306373265428407
0.252379590671013
0.147000785266766
0.177482017117465
0.246201495074623
0.184584277900736
0.318517537042849
0.285630407200128
0.347484670540535
0.271123455131601
0.273038467771842
0.265384452148154
0.322389442292024
0.301074477395457
0.312703764149335
0.277939348555901
0.303811199235657
0.315545613560541
0.234066373592362
0.317223041347469
0.321858904738735
0.269823068540883
0.186299758131172
0.277658170074007
0.320860583800591
0.388309686376713
0.439498033319438
0.266982190935747
0.253493651230619
0.29403402310083
0.387257638428495
0.314443741286866
0.144780364706092
0.320898517584867
0.190663886357701
0.282794980142813
0.249890968155997
0.255091106460138
0.374452653710683
0.357557025061031
0.437640014195113
0.216327446159006
0.347960924295767
0.271623167580616
0.294304162638521
0.256546748188512
0.264948360713666
0.23545627581483
0.380627078242146
0.431876273106927
0.2147352940274
0.342343752458257
0.226961881412162
0.240707659556984
0.210276736265311
0.277054890594819
0.422339639374657
0.369022724203769
0.323948320773748
0.301282333695991
0.268956613060347
0.461428103284503
0.410337652386118
0.567424279078449
0.526446924058833
0.298768026514195
0.400864672233445
0.477626854517363
0.354796877735343
0.43944358000412
0.517468082793274
0.275501468484473
0.340906254481222
0.435631518409675
0.336716333466528
0.33700660496243
0.514096290990464
0.369383930097054
0.269000887292653
0.254707928319882
0.45164748756156
0.283445519678383
0.301109620401377
0.370340900792007
0.304331957673495
0.422283429603743
0.44142220618297
0.327000842445383
0.418042206065769
0.246006225038871
0.406054249692581
0.330489078116772
0.52194338010232
0.442346481370394
0.520778235499513
0.410264302843504
0.382266092862673
0.282203531215978
0.40954960360138
0.544783629809373
0.389405888663098
0.372184677171571
0.448933936303222
0.472713220376291
0.46971750713989
0.371198668711421
0.469700595351187
0.498900416033427
0.474613227998236
0.271742322036195
0.449943347529703
0.407328289116934
0.591301406693304
0.558905765416451
0.390755295840837
0.439351744858255
0.47817327199557
0.435037494970969
0.476114348211631
0.374259507395805
0.451365115387795
0.497567863206686
0.616165857878933
0.555271049221639
0.590857939672328
0.414325367601765
0.570469655579578
0.524109588726127
0.541477335895323
0.491030479447337
0.606284491061359
0.565083538664232
0.511267525701255
0.367809684154422
0.353813886014333
0.482949706576614
0.393865281804123
0.564474447324666
0.443648384905011
0.609886508834383
0.520859297622
0.480324301681438
0.700569790815971
0.64503182473227
0.643103957642368
0.455703870737408
0.516722236791211
0.412193409161976
0.54575439141274
0.533013948729089
0.527412294394477
0.630830167207197
0.584747402740309
0.542451381559917
0.494316666129584
0.662496002080745
0.60734998695416
0.52430407490315
0.500928267635721
0.641878703949601
0.58890506962466
0.633860467146098
0.362303803637248
0.492212543267228
0.694313317959313
0.529658487242517
0.651812228564694
0.57327467935395
0.619415651255188
0.604940182275456
0.693337519512928
0.5927057892885
0.620669654795823
0.706731530026184
0.546766336136543
0.540108201264479
0.557913347931651
0.483427406428673
0.531644139174271
0.535964984722883
0.610879028044275
0.644374726230437
0.489651138137464
0.617935342937985
0.476828899310011
0.69997459428224
0.632264416238308
0.543843892868343
0.578275918344622
0.467425962744056
0.535040336288776
0.64684554510971
0.650884571202659
0.563587772451504
0.653273258338629
0.55032681871024
0.681734352016784
0.783433299306694
0.427314997981752
0.502235170524227
0.530053541686654
0.640982841686022
0.616796652787698
0.57169626229531
0.611649946753172
0.613285354773231
0.639137381757033
0.671247115659736
0.757928811912941
0.614320181296507
0.736019586680496
0.497083482749254
0.613243607089277
0.705821970560538
0.723071930535836
0.620750754204994
0.565893677410474
0.741936374985954
0.831996227942544
0.599886175055233
0.831747169388784
0.761320248825172
0.633278006741312
0.680279081350828
0.843856833193913
0.751672428671672
0.631634188009082
0.651165518004701
0.677816381796956
0.676105316560453
0.649109529880643
0.566649345235516
0.703233820985723
0.520455117315009
0.789340173147454
0.816114330622536
0.676910776173566
0.594127890838594
0.654372803850262
0.708492015826394
0.661089930960402
0.645653231651391
0.607737006273392
0.659332521478447
0.607320176216063
0.773138873018338
0.726306488855228
0.674455235790924
0.705339226694192
0.603089456962787
0.560671650377193
0.725259734157813
0.834139989422094
0.757927851706951
0.764094480441905
0.651612441457958
0.800285615919171
0.529522029144654
0.879559726627076
0.754320715161692
0.788904127021672
0.640568016883092
0.649027358378403
0.610883771972824
0.86573627757649
0.654139260322518
0.876681952903834
0.76927672883345
0.727247868143095
0.805261967444414
0.676171085929417
0.757916040139796
0.78874656420671
0.717761569529412
0.693916765927057
0.782677595787164
0.765878914677775
0.727278782655782
0.784833745960716
0.813309744462554
0.807850484988941
0.925073599189448
0.796193388545554
0.858091991256114
0.866156822998184
0.82777659871151
0.785582901535417
0.744739340196496
0.614789037594546
0.903328767446587
0.850369011096128
0.886451166895471
1.06568595967855
0.889382057338111
0.868887046687367
0.793956809911146
0.833055024604051
0.922711983752869
0.759997056093067
0.778336608916863
0.868855404678402
0.98317370648371
0.830785495015699
0.830191687758258
0.751375861224838
0.837934255695018
0.896545268562918
0.882059960262891
0.885403307241186
0.721706125626639
0.729522714096995
0.881569462400883
0.881947160132022
0.971756580160652
0.816573055639128
0.946338197861721
0.871789027025332
0.910140743079807
0.788119321786701
0.991630481355259
0.841634826404349
1.04785166914808
0.787611115677608
0.801890079327372
1.02048521167569
0.833840292865566
0.983162615523891
0.913493841132682
0.84321180109518
0.79429889986166
0.966430351970918
1.06445543796237
0.77915364866921
0.929420622676765
0.886410961123719
0.850012857649314
0.972211053079587
0.980648062510916
0.926869188565559
0.874486143779049
0.883228738277201
1.00352828080876
0.848498229328348
0.83716422589297
0.935426261683335
0.938114339448238
0.825234746417339
0.924928287698031
1.03264580992278
0.93620104180994
1.05404716264892
0.866613930195254
0.824377368213293
0.843359357733616
1.02202376214374
0.97998004317404
0.824598969551904
0.925678572463696
0.952264852915127
0.897409225045084
0.909101536214237
0.922797139970843
0.927165571929237
1.1034707573152
1.05614456886836
0.89012770222759
0.992609820853683
1.03064868941113
0.896243697771684
1.07965532303436
1.01628605759156
1.07823858470062
0.993243319888861
1.06944284154402
1.03952926651109
0.908120421049289
0.939418377939118
1.02277385471772
1.02325093318056
0.942465785050569
1.0790415059715
0.955977109822718
0.903632466167041
