"x"
-1.1920842431175
-1.10442732831214
-1.11921542483623
-0.902768998330025
-0.932379936026486
-0.928567047057988
-0.995349526963433
-0.914258565993907
-1.15793479053166
-1.00356431540453
-1.00383908796971
-1.00042806465849
-0.923304066279571
-0.841855569345151
-0.943117263054542
-0.9762952388774
-1.00978890178657
-0.968777316918515
-0.965341597906325
-0.923006330013254
-0.925696715540301
-0.97724093275267
-0.840639161993399
-0.909828524826032
-0.985282889923724
-0.822533975230226
-0.915699096327287
-0.895339354246855
-0.937721375453616
-0.961464538257779
-0.963473525200992
-1.03613743374394
-0.938681623760093
-0.919891377267626
-1.0130239360538
-0.940042391959949
-0.920491306006379
-0.926859808690552
-0.817663019932436
-0.832619369474097
-0.887817816006662
-0.768947799525142
-0.793574179925688
-0.794877597339492
-1.00779166030268
-0.901944967696719
-0.888159790686788
-0.936963633003757
-0.898566409836542
-0.885669907475804
-0.799850884738412
-1.00344016548812
-0.860642413901378
-0.877836071202738
-0.912061828986195
-1.04053373667226
-0.916872633098518
-0.908458210194869
-0.95982557202553
-0.930175711124693
-0.718219765514275
-0.944388348654413
-0.903493731907445
-0.763025361841303
-0.819900765333547
-0.714589011355491
-0.899509787421403
-0.828646712008751
-0.836661351201479
-0.851619518623236
-0.861153843077633
-0.846978047311733
-1.06943948866537
-0.94050407431391
-0.93293265726049
-0.910997237179523
-0.843697843525244
-0.723087602138396
-0.765855155969171
-0.824035610496068
-0.831005530935211
-0.84433334209253
-0.868162365495829
-0.842843968536257
-0.785885358585246
-0.730858595378047
-0.829005086786448
-0.867459643903069
-0.866427450079503
-0.802199109625978
-0.732018935206872
-0.719692421425708
-0.770992108392114
-0.623318029273153
-0.796816101898545
-0.90923373753783
-0.844258974558339
-0.699267242474951
-0.791363395680318
-0.732524981744407
-0.876478324376177
-0.792914246537798
-0.81753666023698
-0.883459203137116
-0.816140984305084
-0.860912542227718
-0.773851133581072
-0.797369192349111
-0.82785191970515
-0.795725141462451
-0.799320148425891
-0.802771742315551
-0.765779315158385
-0.626057813718534
-0.786478214018935
-0.882009448494624
-0.652047955862314
-0.719305902255073
-0.633984226381055
-0.675733567678451
-0.672322802145242
-0.778263903730873
-0.718014093141183
-0.815150181922882
-0.711608189114885
-0.712694675467995
-0.712390555652438
-0.558406074587122
-0.68078102224153
-0.782981150478176
-0.6834004894308
-0.867087808373588
-0.620167195993043
-0.623591407926743
-0.711574805044905
-0.794712301395571
-0.746598034520411
-0.732001755447942
-0.637048855846355
-0.771805029144896
-0.677220916178284
-0.77105493917481
-0.788066230228948
-0.836922598673068
-0.623897885705764
-0.759813309806725
-0.637812399446216
-0.758931013902625
-0.76789493893896
-0.734198376487687
-0.552115603596962
-0.657902091232046
-0.780715161679208
-0.559652094370665
-0.768402392373214
-0.737721291072225
-0.593206627662272
-0.721852927730663
-0.756392627174447
-0.756111375867016
-0.69051691579305
-0.79148169089431
-0.594821576859507
-0.605358081201268
-0.682864517381646
-0.576215977078348
-0.548095891931457
-0.715340312651383
-0.550784739906756
-0.778903181032902
-0.711582023006372
-0.653255488650217
-0.749877681125665
-0.569567322674825
-0.699614102094153
-0.651845851917017
-0.687580432879655
-0.603609245636442
-0.683404987293396
-0.666816712446642
-0.68053451929998
-0.602693005733429
-0.584837482192905
-0.573205922356303
-0.673590488321109
-0.632785710629087
-0.594795229515763
-0.66298400736473
-0.667863962785463
-0.834045885199808
-0.529273901480629
-0.664367003216365
-0.651051602773059
-0.646763522532166
-0.631344364322498
-0.666847812363937
-0.570208550534291
-0.735991137972865
-0.541070066267446
-0.57551001157651
-0.589979098507061
-0.704010955021088
-0.636306478256481
-0.638916372098938
-0.634197582781531
-0.662236071822078
-0.411332494569279
-0.511942311018829
-0.748267982164458
-0.656722731164795
-0.557357309646299
-0.466408685368686
-0.537845360315439
-0.516189300837387
-0.682538416013737
-0.401236351769234
-0.405975205661481
-0.717992992709801
-0.615069412012898
-0.548358957611261
-0.524882763842843
-0.501827061137361
-0.636315330480682
-0.412853278641982
-0.492201506613448
-0.631633430584423
-0.678390045365881
-0.455082697154897
-0.386742882818258
-0.440730242121077
-0.631048863121097
-0.558655642573621
-0.386423160851278
-0.57809978415467
-0.500921473071537
-0.560793915635021
-0.587575818264068
-0.430807023976257
-0.568930677530188
-0.534718033203261
-0.567687240089788
-0.407650937808764
-0.590864589362386
-0.490882907397102
-0.382380431697235
-0.53244531744375
-0.583359045040873
-0.576339356931456
-0.454991230958745
-0.485742576338762
-0.555397425692163
-0.554027032671744
-0.51346642711511
-0.542797796465008
-0.663176293460642
-0.464978005013212
-0.400624823600858
-0.387575207750004
-0.477047532301282
-0.552780826297226
-0.477031624954901
-0.420487342755786
-0.533537834014782
-0.412428646354505
-0.490258056953407
-0.438168093966826
-0.465103891269295
-0.470803640714488
-0.334434152363757
-0.338643508571909
-0.489255570686082
-0.545915945529013
-0.498397779911243
-0.313737568837643
-0.458972200830959
-0.44825763379616
-0.389160299074121
-0.511037331432546
-0.53949311599964
-0.462562714916085
-0.30086906640176
-0.376737415601879
-0.52189718257933
-0.422873943150148
-0.385651730888472
-0.354296724073769
-0.469786609626029
-0.476535234120623
-0.319325133292673
-0.351250483435164
-0.413741850654693
-0.560812604412868
-0.392437779536798
-0.396355075486788
-0.413909637006856
-0.30344239077428
-0.563536451910738
-0.366659333648468
-0.464571834545586
-0.483770497179411
-0.347920588040182
-0.41011200673593
-0.354800397519626
-0.393460938084377
-0.211306573870733
-0.236842427238744
-0.365476158916485
-0.450877502537737
-0.281964090197547
-0.48050701413893
-0.306407419415991
-0.576403584308646
-0.477377714750515
-0.26197073321009
-0.394876828049352
-0.283664101667266
-0.39392940440537
-0.537201780853113
-0.265850980100246
-0.30768113935036
-0.309771169021194
-0.332950129588001
-0.236637358988457
-0.213658164852257
-0.313434512001671
-0.326807734066863
-0.352360232105039
-0.308163104140931
-0.463508959334352
-0.351047917030709
-0.336212077114076
-0.308873360470266
-0.138898280354748
-0.406102426152666
-0.434636978854817
-0.455133712219156
-0.345830406402972
-0.400497629158759
-0.295885725501867
-0.413639324083387
-0.288570842721406
-0.420061322806754
-0.33623561628954
-0.260586785996502
-0.342338644818645
-0.270094307859799
-0.420732939979964
-0.282364623594154
-0.257080965823012
-0.262519691177694
-0.472697915701534
-0.340373720013313
-0.25571831211371
-0.205262842041678
-0.2892466558387
-0.332018076814132
-0.303990638486306
-0.369189485794433
-0.199032767074055
-0.287537292331008
-0.254202747579985
-0.387327343376695
-0.35423887741775
-0.317853426936913
-0.251524365767049
-0.402856679576665
-0.286790156002687
-0.264856308919255
-0.141359186423409
-0.121911457137717
-0.146486343546682
-0.322043477976041
-0.337718476173288
-0.221959399612741
-0.299885902730775
-0.175173673507867
-0.272125769945638
-0.0467295534556325
-0.283070545158807
-0.454915688104794
-0.352461837917099
-0.225884709419921
-0.172617359552967
-0.387083052949285
-0.372231364385051
-0.256725815098883
-0.175113915328661
-0.165460470139509
-0.250918707121128
-0.152771639474873
-0.268901589834654
-0.14050842704535
-0.141381577092755
-0.363038539442739
-0.176981415222168
-0.294482557196294
-0.184799626201622
-0.174101457481406
-0.20071529847723
-0.216617729698563
-0.102117461343272
-0.179966273618748
-0.326893146060601
-0.208803641537611
-0.0758919325446568
-0.330304570124982
-0.172834607727144
-0.190013661640601
-0.0170032814682208
-0.177385621621871
-0.170604051840187
-0.0911026898825326
-0.252786678064542
-0.201008493439044
-0.164868509155168
-0.35464639210398
-0.0982533433401761
-0.29557342660835
-0.144609229074381
-0.0884424458809368
-0.258131548343358
-0.135454940813023
-0.218255793040344
-0.25044618720728
-0.248806956447909
-0.101536058491699
-0.114592357022413
-0.0225156697322788
-0.161743881224567
-0.0434328444359678
-0.231036625300476
-0.276671747211761
-0.237885201729163
-0.201586567444342
-0.24354812098987
-0.0671243982756737
-0.17092684741392
-0.0228658109603105
-0.0584840367697284
0.0461537597604835
-0.0160196417832827
-0.130565213958313
0.0250177307074423
-0.170864524356054
-0.182402258777223
-0.110994728187634
-0.0992836384378999
-0.0174643511484129
-0.180429173453935
-0.0759632500291467
-0.129934076476829
-0.00711995361582048
-0.197736292406357
-0.168604396547443
-0.157278464529296
-0.0734945451274107
-0.0783711837364384
-0.0146771649743256
-0.186905156916332
-0.191489566079376
-0.118737944214841
-0.0373946353888597
-0.17143394390806
-0.160618331865573
-0.16202617274762
0.0359477905713625
-0.0813063526549654
-0.0421637367355176
-0.157903737310537
-0.152517661238966
-0.165580052722688
-0.132012232059433
-0.229284249865084
-0.123051388741492
-0.0618453937600081
-0.128921584697388
0.0854046594682146
0.0198976711237014
-0.153821328979915
-0.120369330176373
-0.143378523439456
-0.0156666304790182
-0.0865231831864844
-0.177381080532743
0.0910216234027407
0.101504336885846
0.0505620847209515
0.0161839856223123
-0.161695014143018
-0.053389731659601
-0.03693635800857
-0.027719234081037
-0.028553144641359
0.0333731870233379
0.0572790531430524
-0.142749082079654
-0.193422998296902
0.130048259651538
-0.0933038500823353
-0.00973729479131528
0.0626018069613911
-0.0922400912907907
0.0456120882570561
0.0463880969202059
0.0240435972207861
0.0440426213077944
-0.0864800954634038
-0.189971381039288
0.102639729826121
-0.0961276869820687
-0.0520859959938349
-0.0179479351114539
0.0392564744160196
-0.104808240448501
0.0277501184037857
0.186059012536949
-0.0487694981728
0.026430187109625
0.117224321989507
0.0847929834679825
-0.0139716116463803
0.10629827833088
-0.000559747582531948
0.0556368215720569
-0.00279074756865401
0.18985205258873
0.133699046390165
0.131871319993014
0.0476841650616427
0.0959364829091125
0.0863177753927399
0.0457721795404142
0.0310012043868972
0.129735520933851
0.0544027912347311
0.121951900306954
0.0291373051658976
0.031941943078227
0.107230001531264
-0.00443893146229681
-0.0498888975481413
0.145786265553458
0.0799676298335076
0.0341298227782062
-0.0500957789418311
-0.0219223822273081
0.201148888474598
-0.00892424059262957
0.136988696139387
0.0065270962265653
0.0181628302957011
0.0909827532211296
0.0234803776110175
0.156120085130405
0.0847296294321245
0.245976443512712
0.0443257298071527
0.180450214453895
0.011156374315631
0.15990343007965
0.0499276789275034
-0.128762481236082
0.0991256027170705
0.0729403764595418
0.212090358590254
0.262304655816084
0.223000463275995
0.0174042981651846
0.11947148072719
0.241975764355839
0.134018784645207
0.109831737706264
0.124533892611673
0.111120472567775
0.151414831704116
0.142204703104844
0.00729557777953922
0.130294286872931
0.204879653885431
0.102068148585236
0.320870103301902
0.0379690565763176
0.197699868618873
0.205413478127365
0.159914659185191
0.08987662590916
0.227822413461124
0.11217461668587
0.1506496917445
0.305059300985205
0.305323081059682
0.268400148125429
0.131804732966957
0.0826777066967063
0.150727787951383
0.172995213255319
0.129939905955684
0.211728545196229
0.176295311069456
0.281931560052541
0.129127956394092
0.0707678961966365
0.206121363413111
0.171009838099739
0.367990831090097
0.31653069231457
0.194491311895901
0.3614839929352
0.249061027307764
0.218200507910741
0.255195209855784
0.241799734799992
0.212066498153733
0.150305479391567
0.263243832193903
0.308930118690189
0.282265035615737
0.250821585142094
0.357634112216212
0.23848155987939
0.359506715678732
0.227470840005036
0.149331033039257
0.231183647925073
0.263699200943051
0.285775189615789
0.172693756084156
0.346311581282514
0.24729363035819
0.281881705014342
0.293431457397686
0.119202371680152
0.0732028616173873
0.17991911081936
0.390925010597449
0.260679224170984
0.260249716036606
0.328741294455882
0.346719278369234
0.212609074794922
0.0888053828681877
0.365916912196071
0.307618280122229
0.239961159111224
0.354215455219944
0.080635463008611
0.338040115036805
0.227256543651381
0.244477887051289
0.273988088868708
0.275825803931825
0.284077494988213
0.387432484683683
0.346315030113803
0.417212742309307
0.389171124504969
0.433709567176427
0.237266800269094
0.388461036878689
0.285034490642146
0.348119927573673
0.201834151057025
0.378030649007923
0.219417854017151
0.50783242997642
0.470168582755381
0.298550558498833
0.319803712248669
0.389728985385575
0.361001986843717
0.221293167185527
0.258810889022372
0.318115695333107
0.33281448446093
0.420676414810902
0.39397096412382
0.268964651406111
0.472797241311839
0.453514859074001
0.414855624564295
0.48341682100412
0.494335631884096
0.350123862101524
0.395737083481733
0.533814765102149
0.193106951410112
0.357819294462827
0.423477285840614
0.262284260607252
0.281515974942657
0.232882105322621
0.539408180687197
0.418337711133799
0.301666306646855
0.493317372860659
0.412986457188629
0.38668161652045
0.366633214593075
0.437832072535556
0.352083471714787
0.485739448202505
0.428947682647077
0.450959890622894
0.378331539526451
0.426858509655053
0.35882109431594
0.383913058637415
0.442162417110601
0.385841329045253
0.407054477311021
0.424937846754012
0.301867077300137
0.387939779620894
0.401107812479639
0.489516672782569
0.402551075556609
0.470910603451165
0.372442475584157
0.427394616740193
0.436953417073008
0.284124783828368
0.414304222761339
0.535049335823535
0.487122621403364
0.549911131044712
0.630572140869729
0.433232981954165
0.47147869999905
0.338518528925758
0.537581115198175
0.484194014368325
0.34153480461056
0.56944585461188
0.498635704178672
0.474611373915017
0.585238744698597
0.434621589557034
0.539684869609285
0.528305050776109
0.582030940282971
0.452172926273996
0.5754131260409
0.407512623587614
0.54483203379602
0.412061529997222
0.408871665889165
0.460340961920431
0.718118685692918
0.523990105285021
0.502971820066149
0.42520698309955
0.508150539240607
0.579468419821976
0.541662558375062
0.394509679766944
0.567681868046386
0.671884318375742
0.459698818241738
0.458831240394644
0.452627845043348
0.376362268305542
0.524946149109086
0.562777651866894
0.455711488362393
0.515477264430218
0.510482034430412
0.442739490360845
0.43700980363978
0.535174767515766
0.525952968205038
0.608071591147253
0.646503586115812
0.608913507958818
0.356315758340673
0.498985748521175
0.581395436898907
0.589028626453747
0.605902389547092
0.432537352796802
0.556061099057912
0.618989094126551
0.604024191289437
0.56950604365529
0.666288437920666
0.555745741709133
0.538483023352118
0.623518869893637
0.556253868759049
0.664383928031852
0.562530285781192
0.58779280952482
0.38605330777417
0.459644927332923
0.596592908811542
0.546777793129929
0.613432933914624
0.531990375203898
0.574440369482927
0.541427620965986
0.565065650967943
0.621221684244111
0.578633489461238
0.442533146351305
0.823938633480413
0.635408360369702
0.576483278052104
0.597679809730222
0.704351932010647
0.520641782976947
0.696704006888698
0.604477011722087
0.59374767184638
0.596121345253735
0.620279465717836
0.628192912119743
0.62909758846858
0.726042491331946
0.581686090259891
0.741917454587308
0.55100397112448
0.58996153084421
0.696963678565234
0.582960823679155
0.585594007672791
0.769761378850259
0.75485536870944
0.611837084226628
0.640604924016079
0.665804749849452
0.70293494666017
0.707469859275146
0.657020940515858
0.772379981786059
0.760645398284943
0.733269026456257
0.579317423889498
0.623559868454383
0.710665014875034
0.743379947401652
0.732132241293048
0.649446948780004
0.53603669307454
0.628897345093231
0.779644452292793
0.626848822491187
0.72498638374723
0.702987915495377
0.814577002072605
0.643831924811878
0.647821777008282
0.571111550799785
0.779391995682747
0.76881356674051
0.618564825636001
0.658329945282408
0.687804113277678
0.69887076520817
0.703698100958562
0.659939523905804
0.722901380003838
0.59897263315682
0.880895433222307
0.622532804385681
0.53721880751981
0.772703758143928
0.757707003877677
0.751181603370904
0.683860211009032
0.851596617148379
0.712160111539848
0.750250028548784
0.717473340180321
0.730087344962935
0.706402555700576
0.833420752729277
0.86357004123162
0.879199849399622
0.730851383509968
0.699559248912759
0.561222030491888
0.726272072517944
0.728435112710528
0.831988983178591
0.755532363395886
0.688374182832564
0.879545791406184
0.699085335544081
0.855654826483826
0.746226417263649
0.69844552696775
0.844409410702075
0.718788432233309
0.945131101524145
0.763882665633376
0.663823618813665
0.825449581525778
0.832557589211752
0.698266576644719
0.764710313079603
0.746163554989178
0.867985496515318
0.777818541153485
0.809561721890217
0.68305274031536
0.638303533810274
0.879006489117283
0.833073384888585
0.816943704287034
0.841344784495376
0.835347172806135
0.943230923650454
0.832733716440676
0.785442925026289
0.904794693798781
0.960768030392222
0.787590711784328
0.903515281493103
0.691120339168688
0.754210784769197
0.842040462140925
1.02372277612726
0.763640494988375
0.88309226569198
0.818883273870405
0.675698554110216
0.845374970895234
0.917091115774447
0.784517257480871
0.758368725733373
0.883282092776661
0.894749305014049
1.00589265946962
0.87941001850089
0.900476190011879
0.913482583627326
0.988846693918593
0.810913336249655
0.855210421244993
0.946590828818749
0.7594234302615
0.960180473627416
0.949467828873256
0.697385215764062
0.871798646422909
1.03575401670217
0.920051802882003
0.736562123186701
0.96218759789226
0.786620706832408
0.910389079048948
0.873324642640586
0.77252480383501
0.850412687458958
1.06481087552019
0.837771396017939
0.814459084507462
0.982656353144374
0.946995967758317
0.873988780871647
0.966589440066267
0.893869048035256
0.895469793221293
0.919128293417596
1.04322654658684
1.05560370325139
0.854091011219944
0.922878917785655
1.07923191185241
1.07105257433897
1.02237288238503
0.998514461325261
0.931499190739036
0.839946173812664
1.03525912373055
0.985538866493886
0.89474325979157
0.797542184796599
1.01666901820201
0.999316949068441
0.815217483716594
0.747366259464406
0.838652879938009
0.980540246238225
0.852171693261719
0.968782648936815
0.814932741816462
0.979697782237091
1.0043223825589
1.07588697953862
1.0007570205877
0.993987330432062
1.01468005230515
0.990824692161735
1.03434492046953
1.03778567125483
0.981255780045831
1.04755361601698
1.26779588631076
1.1547299843077
1.00689735495991
