"x"
-1.11937837453588
-1.03963640797669
-1.05464466646004
-1.03661191380143
-0.920955115996833
-1.02012365533685
-0.895332939153194
-0.954431850060629
-1.08026185502919
-1.06942802716926
-1.03156194185216
-0.979737736856366
-0.918146290122231
-1.05126603146969
-0.879894886155285
-0.98889263356722
-0.913561555103293
-1.00929130186423
-1.00636660019229
-0.906852927557832
-1.08466506257993
-0.985726650517446
-0.889281153434043
-0.864375952837567
-1.02891227284585
-0.902298305829405
-0.874223071932748
-1.0365823043887
-0.940350103264103
-0.916086957105282
-1.07519906356664
-0.881313589175466
-0.894832456701044
-0.804149414507482
-0.831053720166793
-0.894765206757434
-0.783061336714457
-0.918749098257888
-0.886371383279614
-0.948794314886038
-0.867632162030084
-1.05505291956279
-1.05265857434421
-0.962446270653368
-0.822667659467954
-0.947225915659833
-1.02400438130742
-0.848508576951548
-0.805629543744479
-0.899335069140583
-0.893084980657145
-0.887684951607557
-0.834617749669232
-0.833134900439324
-0.858397272321837
-0.846855581137229
-0.921582924932075
-0.829397913410814
-0.981855630284551
-0.951698343019703
-0.83306146947207
-0.880808299917585
-0.901646361513651
-0.839961131617862
-0.878233411217122
-0.937668756896481
-0.923662651342552
-0.831536967159575
-0.899973075056125
-1.02978604257538
-0.968922632620856
-0.884654994343431
-0.967744005016004
-0.804207430214812
-0.83459606323964
-0.863762940016695
-0.883923868467146
-0.884387045859038
-0.863173195646407
-0.665786773819144
-0.893194279690882
-0.816049038437887
-0.819925876251819
-0.838367930123982
-0.913271847216219
-0.849601773801515
-0.777570128150644
-0.868339088405662
-0.800751668024197
-0.917454054614558
-0.79853294670518
-0.746436302912442
-0.859857856684066
-0.845691991979121
-0.803215500386722
-0.864777885972996
-0.837204128149298
-0.732688872113355
-0.776169866203494
-0.686564294182269
-0.858156983715377
-0.74629895387766
-0.740677560850997
-0.714318082781328
-0.713845457066105
-0.899083972019183
-0.628241303381692
-0.728218773185443
-0.726999101830542
-0.793112653602855
-0.839165797266331
-0.875336455948615
-0.79094256683835
-0.796246049658504
-0.863675738467029
-0.815969375311579
-0.890546021537588
-0.596132678078706
-0.765081328403394
-0.77368676160591
-0.759116337172618
-0.879461059114133
-0.815899406405918
-0.589528591882557
-0.481997572746161
-0.674287141392802
-0.714676061135421
-0.770260520143387
-0.76661643975166
-0.814454331487232
-0.759014433874513
-0.750344622029604
-0.753560883861142
-0.701193845629
-0.642428461108886
-0.795872117004529
-0.801283691374057
-0.827485384184109
-0.572835442916132
-0.698057767122879
-0.642340870763301
-0.732329531878433
-0.70073479718469
-0.701126782747645
-0.635715951843464
-0.742608574557948
-0.80217935890159
-0.750912868108761
-0.643201434739366
-0.567312676230357
-0.577736083872023
-0.657984600205592
-0.661479660421672
-0.611740549726338
-0.714921591839837
-0.66296143235728
-0.83814919526797
-0.771935011203839
-0.570809665721037
-0.686140783492925
-0.688415822611463
-0.705787836838109
-0.800796291257
-0.789637065957849
-0.688616901014382
-0.792053289813316
-0.598355063051763
-0.548348230218329
-0.679071303185708
-0.522740865469574
-0.634475562233683
-0.644667620368606
-0.639860241782452
-0.603742218367303
-0.65484225251282
-0.662199467990396
-0.52833942522146
-0.579212259353843
-0.545739781895295
-0.732144053808585
-0.692998007470162
-0.689483500151637
-0.625390464885358
-0.611267093411588
-0.569624872917721
-0.610628544654266
-0.659136953439295
-0.670150587767636
-0.561767146225637
-0.696591955030101
-0.614242406693267
-0.607239178847143
-0.61938943151733
-0.458336104943043
-0.605251985569108
-0.626197123283176
-0.615726327570439
-0.631190490230991
-0.666500389505137
-0.553632880837683
-0.569191706698634
-0.599389073603632
-0.662887551953966
-0.61403695026196
-0.500662317480143
-0.647534019631891
-0.553060822972845
-0.574997929538074
-0.44677286320961
-0.55122036704016
-0.585655504043684
-0.511727340084881
-0.440388412497489
-0.509141952494224
-0.578824662574069
-0.497178178213821
-0.363590296500229
-0.539562446896797
-0.583707051879691
-0.501852620461558
-0.58003657035752
-0.540484150429216
-0.714605092943326
-0.547164463108824
-0.582236247172445
-0.413987312601412
-0.481370460627058
-0.66059997722378
-0.449936176810605
-0.558643804572471
-0.564626974938053
-0.605179063499306
-0.437625141650887
-0.567865314944831
-0.552916727577278
-0.531209229888722
-0.361725102147057
-0.433178972575999
-0.517773988566759
-0.531544515123358
-0.500800722597009
-0.527797486019363
-0.672856210726409
-0.561111378452315
-0.435570743809135
-0.690934268451735
-0.320033280691165
-0.594265194791948
-0.504534467179251
-0.542977419031481
-0.417081137006437
-0.62613734616824
-0.31729863940135
-0.702978359765263
-0.609036018378337
-0.45568104591143
-0.481840562511506
-0.52437326674534
-0.474109715734213
-0.499740491803956
-0.429214744496124
-0.512923569352747
-0.455831440724606
-0.314438080769467
-0.511037881889764
-0.616524569498367
-0.432819192923934
-0.413147451637315
-0.507120211416848
-0.490124003927748
-0.30905856409021
-0.379755460340921
-0.555532112379799
-0.568664980018884
-0.352133307255565
-0.372563168727845
-0.366685765199382
-0.421884509181783
-0.584746830201549
-0.505569138670602
-0.549585293195478
-0.303208626469009
-0.543183386825043
-0.382091423501311
-0.369596953350611
-0.308598159125
-0.319997901378082
-0.641320518207304
-0.36528546334273
-0.527104382280084
-0.67843158259685
-0.327941935054495
-0.554334935946163
-0.466463569846588
-0.451088676359301
-0.404382601303953
-0.404676475982599
-0.450832163324046
-0.411994005351976
-0.305601418152363
-0.318499797017801
-0.543218663730348
-0.421497544276425
-0.496773146162252
-0.486212628246038
-0.384998739531824
-0.333946568305638
-0.31128458509435
-0.454497518767602
-0.301733355948025
-0.464332587882321
-0.400080066714703
-0.348650121026971
-0.411790866007897
-0.317747412496587
-0.466575934950937
-0.211210017485739
-0.234330377344725
-0.317417299862796
-0.476412216609754
-0.342434486584089
-0.436500340051152
-0.42822842892151
-0.345931781585526
-0.472245854858968
-0.305455672168855
-0.223498680753483
-0.310514214760705
-0.404990744554069
-0.287571614025158
-0.368097949170156
-0.340474935304575
-0.292857001213936
-0.126683546423615
-0.428666989200423
-0.300068766499518
-0.306100776433444
-0.403567842510422
-0.55810093092224
-0.354769631457241
-0.441880811235928
-0.176075487147076
-0.320583173594355
-0.329332423191418
-0.193479499027428
-0.160380224934876
-0.356473233845617
-0.162250959489863
-0.393726813096428
-0.304126807568837
-0.279864570790217
-0.401771239725652
-0.0828094339579381
-0.196890149708779
-0.338123559335961
-0.320795561950477
-0.322070677667351
-0.365673512207085
-0.305368728034721
-0.313617992240758
-0.263651080379941
-0.400931212684656
0.00911832580827835
-0.432277927426282
-0.196751776907421
-0.308021506358973
-0.307690398597934
-0.0845149529093611
-0.36377642108959
-0.313052546295639
-0.293320797049794
-0.118014351075749
-0.198745663244467
-0.137915106156053
-0.186778593016785
-0.18403188354862
-0.211562913181064
-0.253959103098097
-0.256762129225698
-0.44980114478273
-0.228603913987755
-0.274131853393312
-0.216372588367402
-0.0740855580062009
-0.325199400630095
-0.196384835666518
-0.349688407239646
-0.247198064567709
-0.297096227491304
-0.289584982738882
-0.237069137171125
-0.0860301470756046
-0.0931316601925157
-0.184374888633163
-0.246110609380056
-0.185003975224156
-0.272220299608848
-0.337148425405175
-0.190976422853418
-0.300198755854821
-0.180820979373909
-0.29707190350067
-0.142483224339352
-0.336195105875234
-0.202202071354664
-0.211992980665874
-0.28193303925522
-0.159073661847431
-0.196499357343841
-0.137553703477028
-0.158475522437946
-0.0778642879374966
-0.0350304471378352
-0.155573378227198
-0.141797112694967
-0.0235575105412399
-0.219637778905042
-0.240419674647748
-0.184005842910078
-0.175789259807184
-0.0606304777069207
-0.256934669487239
-0.152089392687689
-0.0838722566754369
-0.245480552105222
-0.194528997321032
-0.0730478978495964
-0.0392926226173955
-0.132705946668824
-0.152741900252592
-0.125146897484306
-0.152865172697021
-0.272389046721501
-0.116437039605544
-0.0846590576504264
-0.174369808077567
-0.210943868087308
0.0174435329794901
-0.184344052485748
-0.14412213930922
-0.0997071310705783
-0.0687817005511087
-0.0270105566518803
-0.00169407221527164
-0.144361294361579
-0.163132394505926
0.195052935000266
-0.0155914483607952
-0.0532243097982203
-0.280389449739442
-0.207407810091747
-0.23453279768084
-0.138404704100196
-0.153942131529261
-0.078482437250171
-0.157699164544413
-0.0589569559877561
-0.0936628727357287
-0.117901408855709
-0.120924475606681
-0.0604259346312922
-0.0281195232795983
-0.137845311045719
-0.138114771669495
-0.107403358838578
-0.0130231759467691
-0.0112154024211193
-0.0865634907216165
-0.00374729648947968
-0.102910777674283
-0.0267263485086122
-0.0607535041704771
-0.140257344030589
0.0439513299266295
-0.0691095263771292
-0.112770681111447
-0.0488073257194776
-0.0378804639674151
0.0368722057921391
-0.134989691477444
0.0716092612947879
0.141986329793436
-0.0878402404997787
0.0897646288715989
-0.0591631616809528
0.00323195489543108
-0.0540660588050035
0.00448929966102861
-0.0616238059457881
-0.135858580577407
0.00983481174227233
-0.0595180923075582
-0.0509021668179285
0.00504845818618505
0.100292179688497
0.0741410819918928
-0.0061635162819972
-0.0673668626540364
-0.0316440254162326
-0.103659729292571
0.0107921064267698
0.133792666117066
-0.0132356261580898
-0.0155952081579375
-0.120020930748863
0.221064698175572
-0.0993125758910105
-0.190239950247688
0.0824977406145227
-0.00964531971302898
0.0603806955788462
0.0742501441502053
0.0417919673994943
-0.0257592694876747
0.0430547559926067
0.0391864826482313
0.102511497940834
0.106794442057599
0.0841918319863032
0.0394364848397547
0.0819612051002522
0.0847526671894786
-0.107590611454427
0.188505566552917
0.069006986033302
0.0516939833495189
0.128137528991906
0.0840501934258994
0.0499725948280961
0.0108274693944618
0.123542481402866
0.10990978735314
0.0894557137135864
0.0984705318369217
0.200563299473665
0.0159543397712509
0.0388841335956839
0.0167925361862403
0.114076016302414
0.144805660200357
0.116674611028061
0.238635789156889
0.126906557641927
0.034292113664887
0.0607873023273128
0.171254029445754
0.0743582211524526
0.0428878611868625
0.0293079079862765
0.035188444830577
0.150529490182646
-0.00871993172496787
0.0985542490144584
-0.00279753121622709
0.181448826510022
-0.028698587316465
0.171091490918314
0.172641370100982
0.103176763728752
0.276919273978563
0.292482100388977
0.210947256460935
0.147227641185115
0.11139841511419
0.0636783773211206
0.18782483573762
0.0583981167910496
0.041519401910024
0.198949268013342
0.0342012075712876
0.155766342441487
0.146578480843906
0.0481479511498662
0.151860225937457
0.170571665735352
0.053116914437535
0.250769342970187
0.272518180700002
0.110853548128149
0.123488164994297
0.0930916400292517
0.119645808348644
0.218777165883432
0.178538177724979
0.136647123695701
0.251300710441846
0.0640477329860613
0.347178460339603
0.230853945525314
0.136216323468387
0.187999236342925
0.104706092877619
0.19113639630615
0.270063245238846
0.0384578962827079
0.254498738466604
0.171316954297462
0.0350373293228308
0.156351703826066
0.111119893971332
0.245811768180897
0.153445504490787
0.297049759559961
0.2521801129632
0.115728798895632
0.379767180248469
0.298312314052779
0.0757893550841014
0.164844898060325
0.131308496566645
0.226396961845656
0.277696370682666
0.236004202713739
0.308850697473459
0.320594471857321
0.255742184896987
0.263173705326019
0.301271292009415
0.275421330673993
0.151080977297263
0.161702329794968
0.265843681776967
0.175903250160093
0.314146906807802
0.278934154348509
0.314384522430856
0.264598845231662
0.26894246678044
0.235991207976166
0.307966509573234
0.276397079418948
0.314410187658044
0.288152950384301
0.311447038286105
0.276525902467809
0.211388283461383
0.326220519876869
0.331118695365491
0.282615597729283
0.196871510450181
0.273795001480281
0.321328748406247
0.377256506407869
0.451956825036717
0.265837421769536
0.254106276078525
0.289838071723042
0.392695680811638
0.30775018297097
0.159177931890993
0.346740847959309
0.158340068290346
0.263838270593698
0.272485489245921
0.268775097779995
0.362694200341104
0.376254737707557
0.441479261658438
0.214781037996124
0.333861275182405
0.281268296990267
0.314632537491547
0.27347134809657
0.275415044795073
0.252718713080666
0.381604480762062
0.429035014726158
0.186166590567959
0.329133516556157
0.228716256174167
0.251804343054737
0.202934801978639
0.285749189001737
0.424831377200323
0.369163525962217
0.370217713588673
0.304864357218721
0.243407968551779
0.471416538804912
0.433218496182559
0.582325840726816
0.515649782634242
0.306185477679368
0.417602171877679
0.459481033008488
0.358765733068717
0.436524947441838
0.532839315660137
0.298495119411554
0.346292566313245
0.437788002943561
0.360476883992408
0.347675350870885
0.511269559405637
0.398513060135265
0.281668717151992
0.24209171391301
0.461907099651089
0.291255129430818
0.304036652218655
0.362884381313497
0.329314703223318
0.431302365169306
0.437748805854007
0.337832137248216
0.416114461423551
0.268545121628365
0.395731108468878
0.342229832941583
0.530825454775771
0.445149761279182
0.506123159810876
0.421406915067843
0.388468833618477
0.291241895243394
0.427051286798349
0.555707411013907
0.400614971368308
0.371589033933448
0.459615748836756
0.469489367005436
0.455753888654299
0.367143968929041
0.476112591770981
0.51739669139488
0.472505288763986
0.27738173964303
0.420023591349066
0.417632079224252
0.585612889376865
0.537767047368208
0.376410536463869
0.383388538061876
0.468611424134884
0.432869048547999
0.489482752018086
0.367506482214449
0.453589288025609
0.484554933136265
0.582634895038109
0.519069415514207
0.598538971029133
0.416202395645741
0.555625759099921
0.50977927198467
0.514867070833611
0.496730259452257
0.615342552946535
0.54570157952283
0.509075452675384
0.371749929483076
0.344110059530139
0.486537781807157
0.386578121371048
0.56847842474222
0.446722736063707
0.595708560686353
0.542731795594532
0.474088626222277
0.698057946414414
0.636601505054918
0.637040328462359
0.48275482774155
0.545082162095046
0.415393898002656
0.565766079033358
0.534124305090746
0.526762567154735
0.618104186116591
0.575113541703942
0.54223021211327
0.502356097061498
0.644368522407088
0.6169994136055
0.516299683699158
0.505583244581714
0.63139019294219
0.607996276753017
0.628774155547898
0.367123617223094
0.509982802486366
0.706495517783647
0.534089430515027
0.671089749793676
0.607926338374098
0.627836821766904
0.62309391260594
0.706800545848449
0.594161672177307
0.640812259438233
0.713804981292361
0.52701968686
0.547400157702994
0.585617880255861
0.490931348427058
0.533424739897083
0.531434863562749
0.626168748661597
0.631763451460209
0.483991363079251
0.601968368933758
0.517423927157291
0.68200953641523
0.651435624227134
0.533107474420501
0.57725740855133
0.492312030650137
0.515622335730675
0.621898055095078
0.616897986697579
0.557616280001154
0.650555697295664
0.539249449957111
0.684113633760762
0.781414020222387
0.419743999485192
0.509521743107341
0.538511578767922
0.652559122791089
0.644396560560428
0.593364464883399
0.589779149252762
0.618687430664103
0.641554493346567
0.670705239907593
0.745600949477312
0.606134400591504
0.744030967877818
0.503724198566149
0.611201142218989
0.728440007051823
0.703959149731824
0.631476887083806
0.557198112164956
0.752950743790521
0.827627929535024
0.595154874011421
0.82749393854536
0.763150931338526
0.635284690858153
0.711924723683599
0.8537886232723
0.761737514624927
0.620327787573333
0.657542858731724
0.673069279279199
0.66945673542292
0.663539952984716
0.582651569218803
0.711743641347748
0.518577973512514
0.775974966372908
0.839990504510653
0.672653717181112
0.600117724947893
0.652943730874746
0.698516470257425
0.66469630728619
0.64254254473278
0.628129129594018
0.668383165379337
0.604526642174294
0.78824291496825
0.716842653474904
0.680512505314942
0.720086200615164
0.611438321202518
0.558574575531955
0.73564704117474
0.82516611916085
0.779154415147077
0.767282145382819
0.608358662897941
0.77510474555463
0.526693005890195
0.874360387690901
0.751970841099061
0.772711432239752
0.661454914656084
0.641651130980742
0.619564691657216
0.847378381714098
0.650609610174279
0.883835575390062
0.776779696023741
0.732121688695025
0.789646880982112
0.660047714505898
0.740735770878411
0.787625069874191
0.738753873936487
0.692580248636175
0.78918520495831
0.737790214858717
0.742484688428478
0.786279573666911
0.822915504013457
0.798045699481419
0.910778836549922
0.806405409748112
0.869509135912054
0.843087933240128
0.840792906348422
0.807717996353719
0.773655622286203
0.64103215638871
0.906236685538777
0.855494053047883
0.892220073189335
1.07069333701269
0.911066437191217
0.860825237559552
0.778650903519286
0.806742551158946
0.937553070846604
0.772866998358613
0.78328504440963
0.845737839560406
0.982556584931873
0.839897841580569
0.843121498817072
0.751195643262069
0.842236486640638
0.871646385970183
0.860110077558872
0.896495621884337
0.732147996981762
0.739090791182261
0.85521086262331
0.882538451567589
0.964529089423269
0.808732323622834
0.936812033665501
0.85871318393193
0.914032547779892
0.800495431211328
0.994553433767132
0.838040677808147
1.05575253922002
0.765955448866885
0.840503651350169
1.03467032538962
0.842321039031029
0.981478411931621
0.936998324306384
0.852255956553082
0.769847882319159
0.95507922038319
1.06182389325668
0.764732170016204
0.918388942336166
0.884408492043565
0.827910361918026
0.960919264307052
0.987336636529333
0.919148674438795
0.878239663104124
0.903352689135989
0.989243926270799
0.860808260232705
0.830180867265883
0.944056081290074
0.927110589721959
0.824621775588016
0.922357616772933
1.04629342525083
0.950290568675382
1.01870596143223
0.903175191365126
0.829755909573059
0.848765058384758
1.0008411666225
0.972444697792564
0.829864952851485
0.921205391041653
0.940613368306852
0.912813005507646
0.907130538523889
0.921905446494705
0.910900048890685
1.07785992752752
1.05420504919172
0.879127644658974
0.991867293341497
1.04169380256223
0.903307699423885
1.09880764981921
1.01549582217269
1.07903538535948
0.966780523417443
1.07724804283627
1.04867917016835
0.919301018510295
0.951510404542655
1.030386862317
1.00795106179437
0.934563569571941
1.05609894030613
0.953508394867109
0.905290155549495
