"x"
-1.05270897084484
-1.12174584368323
-1.0125997855117
-0.933930042637774
-1.03451175872287
-0.994605602206429
-1.07760527767105
-0.976393495247373
-1.15862244789902
-1.02555568522539
-0.966069553695567
-1.02074693458123
-1.00543473657581
-1.15648130750668
-1.10595913158614
-0.989495585007699
-1.03013170641633
-1.11034593022225
-0.842639291880032
-1.01867958699035
-1.00524207442517
-0.900921264166216
-0.917933310167562
-0.959498541155502
-0.909898708472781
-0.859098933087306
-0.996011887658612
-0.86352929232964
-0.920106952473758
-0.873373427845846
-0.917794366375943
-0.936720207522304
-0.995670946010479
-0.822159495143909
-0.880758463936567
-1.04667643808673
-1.01924975517327
-0.939665767375204
-0.864672984752495
-0.978948726347193
-1.05160167424786
-0.798143365655341
-0.990313429178612
-0.974547581730008
-0.945602605681074
-0.939976879792191
-0.988172680969733
-0.932977311689055
-0.879575148852025
-0.963388535340419
-0.91985190875231
-0.934618914070961
-0.903903270418562
-1.06714960965184
-0.883690205100068
-1.02837085262651
-0.929769808860396
-0.711296634790821
-0.776468691565085
-0.884436636085451
-0.882911856885454
-0.882539209888778
-0.733640787221958
-0.860977563545889
-0.949958646069057
-0.854266361645975
-0.934185364096742
-0.992557795155656
-0.975849954634154
-0.818560552030988
-0.776559496105961
-0.87459888335908
-0.811255586307183
-0.823294289648245
-0.958008651164302
-0.853163524682284
-0.89625280952411
-0.650658434340196
-0.843387111805629
-0.740691290285816
-0.713689145096676
-0.744946612087388
-0.871495263173152
-0.892963367032775
-1.00168308166653
-0.813169174697812
-0.8025007636054
-0.901875495278549
-0.791525729357811
-0.871206148501817
-0.780541811353257
-0.849847733869583
-0.914685383524025
-0.801027997259034
-0.773850797596291
-0.704845042833196
-0.717115186079242
-0.727283936528439
-0.728841839449269
-0.730768005216573
-0.850129390276387
-0.740854053297663
-0.613439796383412
-0.872607967633983
-0.822438148857612
-0.795231219234533
-0.865229236407821
-0.787761209948221
-0.75305484791121
-0.700092264402211
-0.722647731586577
-0.821545053933628
-0.709010739423261
-0.877642121335141
-0.71105997778418
-0.893629152752533
-0.745016023021355
-0.912975724079885
-0.664067783213443
-0.87705457433521
-0.725514919586877
-0.797684837188733
-0.8218910545598
-0.957843600844469
-0.73990797848303
-0.85259406640591
-0.73820297257131
-0.637011217414325
-0.696225110505933
-0.681165709941394
-0.695058753466359
-0.794835158451143
-0.804482562987528
-0.879852503130692
-0.912214171075306
-0.792293512793208
-0.641938216898821
-0.619390152151684
-0.745770724366417
-0.665560694556768
-0.796957057474519
-0.466458130230399
-0.693516263761093
-0.751084087891648
-0.618030763628271
-0.505729980962723
-0.871198410039623
-0.560288870566323
-0.684406207597695
-0.613649247751097
-0.805961666217164
-0.680703506965571
-0.807012988519493
-0.736709379340163
-0.593268075181772
-0.63002271667787
-0.58140552265126
-0.639728610948496
-0.602633545599697
-0.695384374540035
-0.621534553415693
-0.719430380794914
-0.618521354917752
-0.517659529267038
-0.645282674248065
-0.615172764255673
-0.709522205931471
-0.592326677771546
-0.5840685416265
-0.688076041282621
-0.752013580165521
-0.62066275202364
-0.658624806447401
-0.636364686468391
-0.580677698420062
-0.507954624317645
-0.562153017141549
-0.580741516931616
-0.649722704994582
-0.65763851482249
-0.728820133715942
-0.689065645738763
-0.434202186588573
-0.600689238139455
-0.624617233120789
-0.690258294250723
-0.57708723840689
-0.569935212754441
-0.752429976076516
-0.613497766930548
-0.68957974671506
-0.625677322545599
-0.738591662413128
-0.686169385158171
-0.508221767410663
-0.643973704715814
-0.641516979827846
-0.664949723225799
-0.726570339990757
-0.509931749193945
-0.662311951890303
-0.6248035034157
-0.652308094936146
-0.615995917746733
-0.593288276680173
-0.531191622914397
-0.659637112749644
-0.577747428869105
-0.629744187300142
-0.470242845839905
-0.505103078672061
-0.496575909456615
-0.564385765288089
-0.483039945581098
-0.531886539966152
-0.530915298360936
-0.477401971560528
-0.504130943959671
-0.584035000257763
-0.589367403982005
-0.553617332355658
-0.598015259344795
-0.631225058960391
-0.529982031611812
-0.420041255567639
-0.584460375559211
-0.487487276814096
-0.603410582376293
-0.511336627852723
-0.478724410358031
-0.421042596032578
-0.596794570675793
-0.499672858699603
-0.51602012995705
-0.545299835677771
-0.474128273918318
-0.536138372511633
-0.529971440123581
-0.592187316307658
-0.523399955214267
-0.574408885672441
-0.574045083311198
-0.476289438840628
-0.637457571559462
-0.522685564657966
-0.53770247411818
-0.502155469740746
-0.548723862284806
-0.480799931179428
-0.531939404677845
-0.531067007029856
-0.592142714344974
-0.376034575410271
-0.622980635622221
-0.469895407382438
-0.549643388009634
-0.506756605689015
-0.531124092579371
-0.461482752949715
-0.503010131812354
-0.613663899669391
-0.618768958650551
-0.342105646743338
-0.565102044441757
-0.418357274654069
-0.488599858356483
-0.418804858702284
-0.523052789688441
-0.429036796605597
-0.394354555590897
-0.313300708440702
-0.442536371570665
-0.57005014160154
-0.453869241008633
-0.413208646076383
-0.322926089889348
-0.462819030924657
-0.48206142749177
-0.53136141717784
-0.411837872432695
-0.4637017634383
-0.539741634039467
-0.307381165146027
-0.41971646159821
-0.421326640521176
-0.372741310044008
-0.385314847706347
-0.336158589600016
-0.322704900546154
-0.333761183814103
-0.441302174266028
-0.265921257083418
-0.308195300161325
-0.529034262635719
-0.362012490636967
-0.387886833655536
-0.443650457224528
-0.244443204321449
-0.447902473398721
-0.417754303255825
-0.446576832476708
-0.366187870034249
-0.385284305408152
-0.487835653907331
-0.323298993254267
-0.390770564602347
-0.379477170087517
-0.470666483764548
-0.454221222397337
-0.351979019827143
-0.436158357214247
-0.302075173250764
-0.304580623222408
-0.419914261488685
-0.338415726023038
-0.334707976213677
-0.4211746015842
-0.176244447059851
-0.434215987790174
-0.248533115065495
-0.374384458844559
-0.4055194718279
-0.388105294849123
-0.387540171339002
-0.352542387015912
-0.462219706898469
-0.14960094026672
-0.34738420876195
-0.361492605305652
-0.156983955940538
-0.355652859990547
-0.259805700238076
-0.363960691399357
-0.313398740823218
-0.348050558439245
-0.435398768352911
-0.34468695960785
-0.413589571527997
-0.398307321403318
-0.232622275736358
-0.335449077890051
-0.377895055184739
-0.248570418179188
-0.435624354661036
-0.363807044645363
-0.245975489308592
-0.375754418833227
-0.480404906389226
-0.434388850451691
-0.214327522431399
-0.310800445143173
-0.305626010867797
-0.205663383744063
-0.264136534042907
-0.21475382921264
-0.264749733592162
-0.322283602701309
-0.275375583340075
-0.439062223150102
-0.218661618738141
-0.378587834205446
-0.380258007736577
-0.296676792326706
-0.274542840597727
-0.183776285378756
-0.415838447596231
-0.305819732662823
-0.311264902553975
-0.172965465389985
-0.197633259819408
-0.234284287291279
-0.300464944041246
-0.284954089096014
-0.383724766186467
-0.251677227540156
-0.207891687907208
-0.315516448213175
-0.248390175486561
-0.325126563098049
-0.375921240379659
-0.290713924325231
-0.249332256149865
-0.390608222286207
-0.22094351305135
-0.351747214967441
-0.322356782353779
-0.386857848716922
-0.191728643688984
-0.214449780113619
-0.243847899490554
-0.181128294870173
-0.156808216400509
-0.261166009821358
-0.0433653332715866
-0.362057808488457
-0.220098720759119
-0.20232797340901
-0.15249676324197
-0.297341305346721
-0.311948062912514
-0.241450723288388
-0.115347757736073
-0.201127965813706
-0.284005503490208
-0.33850704229385
-0.0343693949885874
-0.0624092462803793
-0.350181810713182
-0.217538359382304
-0.22613265875345
-0.278080041620052
-0.0484215197598419
-0.183166493098134
-0.243766908178204
-0.205394959523863
-0.153087446058889
-0.21744694789064
-0.176979225535314
-0.0823850106987562
-0.176986651361211
-0.0959808372684482
-0.210410039954613
-0.132734803445641
-0.207289410933625
-0.203693306834025
-0.0466746538857288
-0.0784449387274203
-0.166601736580212
-0.0723996240393868
-0.00631008729718414
-0.100956610802629
-0.0961336096883893
-0.256027372832596
-0.161018164173673
-0.0651837153767579
-0.0564916816627482
-0.0813488209852037
-0.0841962006425208
0.06497411942565
0.0311707702005366
-0.214926712903765
-0.124165243850848
-0.0490281536357241
0.0849639488561908
-0.114618540764247
-0.0601633383244498
-0.156226831587075
-0.0778174634163717
-0.0809200931294942
-0.284048365370926
-0.14163495736978
-0.110227528355411
-0.11766165325344
-0.220667413343733
-0.021188378047455
-0.108831002487353
-0.0346539541955686
-0.0471225337286243
-0.0549266086473317
-0.113375832194212
-0.0745160995381204
-0.0243541203419105
-0.0392416832582124
-0.0533811146695822
-0.197821195035101
-0.10813525927086
-0.0541850438424936
-0.145101452200722
-0.152965542633892
-0.138848950250665
-0.090731973216583
0.161004701259817
0.100678207923173
-0.107320754939972
-0.00653774059493586
-0.0477005961397081
0.054978302229823
0.108354863880696
-0.0129354012185598
-0.0574431284507891
0.0204647646144042
0.0779477076985288
-0.00773113900237321
0.0130175602223104
-0.0384429689923364
0.019265599869633
0.0436218173432318
-0.0937696848508388
-0.0642604606121122
-0.00969301232425305
-0.00334549028275177
0.00318863960073991
-0.137828773856063
0.118381703053085
-0.0337050075288717
0.0655025097962672
0.000553404636763664
0.0234942619019668
-0.0778758918736541
-0.0408178766444781
0.0128762409958864
0.148246230806755
0.0515059429726469
-0.0599910955835305
-0.116192252727917
0.206604278241411
-0.00911372947947155
-0.0339694665834837
0.0788599654965439
0.16146745060991
-0.0249484143619152
-0.0340838068630178
-0.0728816139758053
0.00185838657671795
0.132726403621042
0.0461832766996333
0.126076795305642
0.0770507235938001
-0.0388063737072653
0.228773540386316
0.13151161679427
-0.0556486646159496
-0.0882530510218559
-0.063905021751604
-0.0755268995121725
0.0485442893570212
0.0923935736321302
0.189136388328891
0.120531991980851
0.043587884288373
0.0596418694109237
0.0602164916279351
0.0287038048808072
0.130971411659605
0.362983857536855
0.120337557569652
0.0726773172834206
-0.0255916197765723
0.0593055747246386
0.0893188203945807
0.120152821405305
0.145800296213674
-0.023813780152328
0.0715415118000472
0.203220527814249
0.0690526636997911
-0.0210510989106871
0.11414917894143
0.0318501218500094
0.0988444614411619
0.100275853669481
0.12471785019209
0.179995605389102
0.0640279872007911
0.0684979980560995
0.101772067988691
0.0405035778966353
0.120604611873541
0.131781434017732
0.127338427597102
0.205859740507125
-0.0278172561886034
0.0965355105717714
0.176918999465877
0.249961347173206
0.0464095662848242
0.0381653941136769
0.191574513317925
0.00992248513573401
0.193179641216783
0.0353507520892902
0.256293708891634
0.194583795876904
0.10868951128648
0.136380835435886
0.0657586000616351
0.254867122806909
0.0558191179929448
0.216655757316627
0.0121975716116077
0.257768037143617
0.215776173479907
0.112007503438568
0.0844204909403787
0.354647592045738
0.248286183034909
0.233961637573944
0.191237354847462
0.0741027146219366
0.0467596365209531
0.119171464499143
0.00443175805029151
0.248777341161092
0.284385795790291
-0.0307576096146396
0.254787526565115
0.299276952621079
0.231032680666314
0.239878847773554
0.20173193462541
0.156173414947641
0.170412143839
0.281523954036327
0.10598472279777
0.332832620047484
0.301235601844219
0.165618440745116
0.22367375348445
0.240714186562073
0.266775903652232
0.271086699486131
0.089141723372774
0.209895720257303
0.271560168387214
0.272058741296156
0.380894532861633
0.270575471361237
0.210144846799357
0.266346180283388
0.240607376120446
0.134134655761633
0.270024280036376
0.299995066653411
0.0574658732636411
0.197075121760563
0.22887096863703
0.388714368392064
0.177996671340428
0.361691180940051
0.358377297990513
0.282424395993392
0.148441560385566
0.283188481611503
0.24386365021838
0.325034430139313
0.184478892680769
0.396530005736282
0.443580825196772
0.292659374468506
0.269533984906995
0.256592397653806
0.212029413680124
0.401099260195207
0.44530933882872
0.327376003839727
0.200706235994566
0.114315780646613
0.460144030674419
0.318547670866777
0.216463580651626
0.305650050149265
0.257961814206334
0.387711931755106
0.250622377585675
0.292974679657473
0.249561234451875
0.239517087651814
0.406672067052362
0.298161790007543
0.469541359348263
0.306858742524075
0.367008509515351
0.371420963409463
0.369362799595121
0.287081128087733
0.261394561142742
0.416570274033844
0.323161871968307
0.459975935216844
0.318256439416392
0.457012342398121
0.351902974105092
0.292637537391439
0.369833213822092
0.472326300468223
0.441910391936052
0.409336238277954
0.352764532255344
0.353114001651534
0.315841477009865
0.181945692106424
0.461374420763373
0.206011475723842
0.198499654938735
0.41861072005088
0.417725628612707
0.428097839924287
0.346422362613072
0.351335633725431
0.36154358761454
0.372486615545406
0.363508137891959
0.345101450387512
0.347646993676392
0.378322205242326
0.339167023323308
0.296611038432372
0.388327240471617
0.442040190461798
0.343749857857832
0.41323247249589
0.324721181949088
0.352508880978318
0.294367803031652
0.231305639760617
0.565820142020904
0.461172099197323
0.343056550944123
0.415428970517528
0.515185129124541
0.424989802123083
0.450799747285506
0.345550934811719
0.347934674735792
0.410330967542476
0.369225730003789
0.284547934507013
0.403910574919483
0.296286476271741
0.427222185799373
0.510888609497253
0.475247719513262
0.47217359622077
0.489975686276751
0.544569258906416
0.446005994326534
0.498407224910644
0.410524603973353
0.640958445237893
0.35299742366004
0.518947232162523
0.447127263406296
0.386936723052901
0.509364963793114
0.413166639670036
0.532613623373536
0.485912854117624
0.321575112934084
0.383451958676586
0.421916900003944
0.398455213867472
0.593204613281105
0.631338035394283
0.672194045392802
0.449344919691724
0.495323781686612
0.594236907350841
0.491590230773571
0.429444816848091
0.477535195851054
0.469428313459588
0.553133730999354
0.496109659867243
0.624159196384339
0.331542428965983
0.614686391003954
0.578427005690095
0.46791861212814
0.644967827018032
0.55072930782338
0.572296138461277
0.653010241657833
0.534824480833038
0.452876190626888
0.490027773276918
0.598433192045692
0.488570771010934
0.47748683941863
0.613125425606058
0.562237038467785
0.522002874246528
0.567829390842414
0.48793418131231
0.731515770029349
0.70216479401467
0.398066977896939
0.458856301845716
0.565113979201044
0.562333736498123
0.483324744418038
0.370438268348463
0.463113427938145
0.536893565125179
0.575086746097351
0.608341112269426
0.452088015432727
0.700111896966426
0.645064350356561
0.574677014717816
0.561464305712701
0.69409639194144
0.436137798960727
0.347514202426456
0.531667407477403
0.507902158352124
0.52662490179809
0.483456981305103
0.447494509987527
0.581217427684776
0.557006010008594
0.847442398542479
0.663367254575502
0.580607718878792
0.639685458644441
0.688695870752367
0.642435201315772
0.672924828491538
0.63411626982874
0.587881706472678
0.565786104793282
0.556855931654488
0.688626032595084
0.529990538513033
0.674584764369964
0.685548215771704
0.688585623579392
0.755789956847243
0.589451826522422
0.692328871879196
0.627469064400263
0.675324449094018
0.598270727327902
0.734015406693486
0.839976146623722
0.828263600723044
0.645776104207951
0.604954336111325
0.681202134075704
0.806695038880161
0.642226632200035
0.719116787281656
0.701023946613931
0.651542647373477
0.564487932164031
0.587386048004248
0.635791507141855
0.567077517851273
0.791253640969248
0.603253061707303
0.629428282621953
0.481697506147801
0.614575848994836
0.648736249669074
0.523001797696193
0.687133483475148
0.651412699011971
0.741223873389497
0.616732688017395
0.722002514703391
0.662879008295828
0.543538231960926
0.632147200974531
0.75687996970324
0.791949235959752
0.813151688460072
0.716651952716396
0.732058923210288
0.766251723861754
0.64576340060738
0.599578636593632
0.76624882001758
0.720244903160273
0.743041870569379
0.753357417796389
0.801548307658603
0.682113836055298
0.809591686859422
0.817288679435116
0.679870736404752
0.647664599624845
0.685858169075769
0.716307393674358
0.840841765269125
0.858583183550137
0.579454053926582
0.712037210166692
0.869307071616029
0.796713803320651
0.795811327040853
0.659237822947438
0.853784692415437
0.785740439477898
0.807742151075163
0.731671720541796
0.779777173594825
0.90725015547131
0.636980140665909
0.860711509538777
0.79643584468111
0.780343213902652
0.729385388272933
0.786685375739792
0.874133692063684
0.793863283189777
0.803744134531426
0.794919967268207
0.780697786122711
0.747372528700378
0.780325779475403
0.847274705421462
0.720489013203163
0.596977583081679
0.963752212128895
0.689054788553549
0.895661123970788
0.879982559501182
0.866235945351609
0.695751973611234
0.83161806072542
0.893888934400019
0.735231432068389
0.839599680841679
0.826574852742647
0.873066181444729
1.03153448579819
0.866625976479062
0.663130217558723
0.748897024373055
0.790320123571379
0.883647185865552
0.797493160575033
0.85015901053296
0.852840642688468
0.839830620099506
0.684585093040395
0.862392477031087
0.825221883733875
0.965566680948301
0.884119796390585
0.717016342224829
0.959394931961731
0.838499529868879
0.818101460506592
0.722086883642764
0.840572636489545
0.797024853671281
0.872922254759465
0.932515647751336
0.84614979328596
1.03658597124817
0.869728809416208
0.868794598953932
0.677689054897332
0.979807467275163
0.949366205097702
0.934645333204747
0.84260113997213
0.917136629626525
0.862035476920018
0.816040301863771
0.81868597882586
1.03855849632697
0.957531060574797
0.8408661824925
0.903287555460699
0.894552567015129
0.901819999037224
0.947784982524597
0.925289036712803
1.01581012197051
0.998449837219509
0.900169736213
0.801029619475222
0.843109750764985
0.90526209798828
1.01191877459497
0.926312259331372
1.01529365878058
1.03947092153193
0.998160427426837
0.902315050246923
0.817682780497396
0.882428801415713
1.02147398406415
0.859439421305992
0.914593798876515
0.952279984590829
0.908382517071765
0.854486590993123
1.08173314542946
0.90297379805904
0.764990322811218
0.887335477275106
0.895405583784566
1.0149414420834
1.0307717467162
1.06053494434755
0.952515583988795
1.04101346298338
1.09223177915215
0.976104129774042
1.05024077928925
0.983877022055653
1.10785537522685
0.974965789018815
1.01555769352305
0.988233176961182
0.927585501620387
0.957301887014341
1.11451114334971
