"x"
-0.925964836607443
-0.841843046152931
-1.08148293386579
-0.86809483104855
-0.868882721011466
-1.04103822295588
-1.09895715832984
-0.941961143416863
-0.947034282029397
-0.907097847277136
-0.96168841466422
-0.989871643442803
-0.969683502868941
-1.17947221409874
-1.0231574548195
-0.991012737003974
-0.994035955114807
-1.00294207384512
-1.04052127480076
-1.01956640483973
-0.965250904994114
-0.851189361745783
-0.967610593019028
-0.854658818001778
-1.00570749523322
-0.933649035317183
-1.07279508184009
-1.04178028301388
-0.980777017152418
-0.898942726506249
-0.947294481815556
-0.820968052785023
-0.878183852992237
-0.899441945940862
-0.811413808821083
-0.860292014367801
-0.709172323420019
-1.00647397634285
-0.87171075315489
-0.895533556087945
-0.919467175915042
-0.863787886875783
-0.890409854951704
-0.889316036178918
-0.831975332280224
-0.837578050937743
-0.905747914075027
-0.957084718938042
-1.01150965192406
-0.79622595938974
-0.876117922305402
-0.896317675124265
-0.73053306157846
-0.845321585933609
-0.832405203795493
-0.976270587129663
-0.867333479593745
-0.983326603331665
-0.834658587649825
-0.900740419385966
-0.780126917023564
-0.918125857583243
-0.808998837204066
-0.919211805616753
-0.949611391708677
-0.91972096692179
-0.829157284921034
-0.897952032089886
-0.922602020604708
-0.906291378284736
-0.79163633438329
-0.841734372241788
-0.956375602310962
-0.806677137765096
-0.741109400657469
-0.838790866905666
-0.817983778691105
-0.775930664569715
-0.687667179243273
-0.861865771711086
-0.833083627205747
-0.695654309841991
-0.91758352775909
-0.766657620311212
-0.821870720057701
-0.874338631953378
-0.859064327115536
-0.877865584258498
-0.818798038678191
-0.859573230008154
-0.71860421946926
-0.885678778424505
-0.895611639239351
-0.710388981504308
-0.870266652377626
-0.782024922828958
-0.749855499556862
-0.645810352772622
-0.721591866640167
-0.879880677078435
-0.815241600510837
-1.07078803156507
-0.739527400673318
-0.789093496926883
-0.559443039196908
-0.740186289659779
-0.837983412961043
-0.831035905778852
-0.748231578691607
-0.811853931796361
-0.721716471753895
-0.783006210874314
-0.789753454979715
-0.704947199074075
-0.795154127352346
-0.824355303434684
-0.722550978956523
-0.779118972200383
-0.661864261113686
-0.822780360741215
-0.618849175895459
-0.84933766629319
-0.872042173394976
-0.671221961512955
-0.868763090321188
-0.737037028049989
-0.799844269091125
-0.61167583285953
-0.859252303082649
-0.653966101248208
-0.690067831620444
-0.699926401938792
-0.679113573852214
-0.684065313487056
-0.713927223911862
-0.676011697137827
-0.718144295965314
-0.793356458198115
-0.689196521300747
-0.858337818976986
-0.780407041641321
-0.757933507091793
-0.699312337796555
-0.799565512443547
-0.719938125153919
-0.434303755322384
-0.68193965523276
-0.755886347383944
-0.789827565201737
-0.691838763492177
-0.749239382823935
-0.631846401263989
-0.760510139003988
-0.69220240711558
-0.744707214302197
-0.685653764648399
-0.75305472084416
-0.696202477131203
-0.788820630876274
-0.769854124727779
-0.758866489759941
-0.738158723649347
-0.603749433369067
-0.652453196243771
-0.553524769372243
-0.760592528353845
-0.612124926371924
-0.665815249068013
-0.623838758890749
-0.653987808203879
-0.642585721406165
-0.693781108646624
-0.670080604367815
-0.727246568082885
-0.730183392642592
-0.648661647411883
-0.685142500613119
-0.590516612454695
-0.743754728100445
-0.683029924415117
-0.798829474933626
-0.662376758045763
-0.69923261875472
-0.554295534330842
-0.696069716235499
-0.652712716910821
-0.601433917409611
-0.525151947574655
-0.652962450027033
-0.560582462455637
-0.574533918137543
-0.507145034427633
-0.610431988023454
-0.453000366955696
-0.693936617208476
-0.548903302931221
-0.623395314812028
-0.710635048564952
-0.523773869791322
-0.537181472095611
-0.573491281003412
-0.554496494587822
-0.674244095705999
-0.622546845907818
-0.638226159468909
-0.676024125499372
-0.528149210628011
-0.690212997058312
-0.697935608920933
-0.554591658381313
-0.550556218814768
-0.562604048951436
-0.447160459579548
-0.526929637627052
-0.575250512404199
-0.453748460463106
-0.624266392491913
-0.518091599978756
-0.613446563654156
-0.497765452060502
-0.669471971305821
-0.575748231589298
-0.651384013491201
-0.461946524139124
-0.504640476088078
-0.579165362441438
-0.583805790061899
-0.495216460110277
-0.611097194295761
-0.566569287367615
-0.55272630308971
-0.490250790188199
-0.394302306806937
-0.526996636717952
-0.530104916522323
-0.536483198003373
-0.439580238292979
-0.505345371195681
-0.524220848260599
-0.446371202228593
-0.473787692896074
-0.560731713116609
-0.498520749361302
-0.641235139351403
-0.530353596837184
-0.476024444086031
-0.551299238421276
-0.469599158203849
-0.576485817870493
-0.444970269086132
-0.546536650391247
-0.461255686983448
-0.418302348055036
-0.33203531886383
-0.59053061309173
-0.385710863656554
-0.521727627035682
-0.551067083624014
-0.46334567239338
-0.431855896148355
-0.504149882196841
-0.485740144678734
-0.32458457361554
-0.64204929941389
-0.556953975748772
-0.481905607250259
-0.536344759113501
-0.384532773507552
-0.49637876259953
-0.37695310256427
-0.406502282478956
-0.539945088494889
-0.544548261573131
-0.364746376817398
-0.390021969547487
-0.522463082311304
-0.460962430894729
-0.424207744743413
-0.333669856999768
-0.481947189736448
-0.422037389154784
-0.286624186630565
-0.417529980363207
-0.406633465673614
-0.422584307382157
-0.412111077860915
-0.480015245970966
-0.480705012851737
-0.499858002670187
-0.392941475957846
-0.545525166673633
-0.430234786246692
-0.27966301144596
-0.533833145784523
-0.438508801831643
-0.436613785848817
-0.518386841133213
-0.295197581801599
-0.464803174885295
-0.412975366961948
-0.404377825462422
-0.474536790983312
-0.490086754521987
-0.352056396587082
-0.431026154126452
-0.414224955951904
-0.48604395638201
-0.44495680167699
-0.398801785261111
-0.532528899555855
-0.417331609208581
-0.375423770918203
-0.479886404576122
-0.406702574400781
-0.587504095985426
-0.310855828182953
-0.262287293049157
-0.307238265470713
-0.34530600855325
-0.466577772270183
-0.323359130100956
-0.326848542127593
-0.433149169247731
-0.238253730784158
-0.427857951085511
-0.348660719795506
-0.448993328896571
-0.356677850648374
-0.199624576393526
-0.281071819071614
-0.349070032089737
-0.359033607778218
-0.357333023097109
-0.409116874332014
-0.252168297349331
-0.395886464322718
-0.345443524589207
-0.277629121697742
-0.341580959968254
-0.326836957978474
-0.28745294616845
-0.378886638768883
-0.248237030369341
-0.18618935591038
-0.282510958015743
-0.385099546637672
-0.172262856085479
-0.278369433160201
-0.415922655056534
-0.316604466966201
-0.27075814518864
-0.348696705779238
-0.358938918536035
-0.336613266134881
-0.183172700571365
-0.21285388278602
-0.160820594467236
-0.155967762282358
-0.246555632619157
-0.474844606938798
-0.343302993351086
-0.201123006347949
-0.291303561422969
-0.284547672775912
-0.295704229467518
-0.279885967048897
-0.279378160830618
-0.107610033500465
-0.164662329659891
-0.207408603411713
-0.413090450093381
-0.262637710565504
-0.118843177473028
-0.24273366625922
-0.390961498775187
-0.241788122302317
-0.424857089266884
-0.187126136987338
-0.242782264151921
-0.0820554189767639
-0.116162829979165
-0.166469851447183
-0.229540298172127
-0.230615361686872
-0.242769803258338
-0.338183445102014
-0.203271729401411
-0.157614591097975
-0.104375740332363
-0.262746529328455
-0.162150323557009
-0.204451637503065
0.00111145237402508
-0.316221853119926
-0.130613102353177
-0.246410411385791
-0.0796113198450545
-0.114403957342846
-0.22347389594368
-0.0568267815277493
-0.219102602930814
-0.298696086919687
-0.263671701828941
-0.0960377043342284
-0.153419334948387
-0.130944362073722
-0.110897668438236
-0.11695716871589
-0.344577878592235
-0.219703640863815
-0.245738794683478
-0.248920547013697
-0.0329007901254638
-0.109919263807962
-0.2262531901062
-0.0714092443953256
-0.127908406491469
-0.108118822155324
-0.200148193076621
-0.164250844951013
-0.198831360114408
-0.308065051287784
-0.249984264528123
-0.174170919804841
-0.296400457455937
-0.103433472808906
-0.0660393742113172
-0.120295325634613
-0.063768200853405
-0.141855659237089
-0.190242592450282
-0.109464771073124
-0.15857921988381
-0.0672953549568217
-0.191695977442956
-0.115563723779577
-0.0414484251815724
-0.198272456081602
-0.14566670011417
-0.0651270866403558
-0.136122947556171
-0.127571525849432
-0.131537345398727
-0.0282668402919492
-0.0471181451918479
-0.079714309865746
-0.206614651006941
-0.0266472314718861
-0.0386002197587185
0.01690832040366
-0.11811566473364
-0.0369900340253096
-0.0884929689166827
-0.10901679505949
-0.120762724162004
-0.140132524015919
-0.208628851345129
0.0697883774607231
-0.0355604193436548
-0.0203414125086303
-0.120529917717654
0.00868639746846011
0.0769002340913703
-0.0237080908069858
-0.0685874176490291
0.00313802083788197
0.0432845214615286
-0.0984860560595391
-0.14948341733624
-0.0466772415716452
-0.20063219547064
-0.0235685505815973
-0.110308406238857
-0.0344786208838752
-0.0122090248154778
-0.0540971500401212
-0.0354038932758977
0.135428958820231
0.032343247971125
-0.0791869269404567
-0.03472334409946
-0.0222836169707633
-0.130961725237067
-0.00135120818780407
-0.0726508323789717
-0.0859863193534511
-0.0202479970687677
-0.12892690107583
-0.0539928232986679
-0.186992617033026
0.0230036479829861
-0.0507966513621496
-0.0384103604765476
0.0146662330429129
0.0852523912868463
-0.0633863897301188
0.00320259360525202
0.0254577530130025
-0.0360463269926575
0.0518742189127528
-0.0954059384108463
-0.0597860228445316
0.0408225380008824
-0.00090384037864039
0.00808051271850337
0.0298461256903254
-0.0334025716992686
0.0288085539957384
0.230156569524267
0.0303757238773955
-9.15407514529728e-05
0.0497492564573819
0.0389056837524929
0.0355713540369529
-0.0868789698655519
0.0946912770928169
-0.0355908990810922
0.0413784218773417
-0.0447535354081632
-0.0579724117743964
-0.0480653971379231
0.0828207389810478
0.287984548522771
0.0156738377520983
0.105691297665665
0.0175274963701318
0.0473914789033767
0.164709504940093
0.0954566930420166
0.0523232234821409
-0.0181809169100532
0.190659767934372
0.00431574908957749
0.191262545611245
0.0699623794692956
0.212165143766461
0.192448376465987
0.0674332512316825
0.0543301883424947
0.111607325762298
0.0966190888912097
0.0248071964175295
0.152146773948283
0.166046075632551
0.160290435654432
0.0698449021622146
0.116353287449513
0.0124041701207649
-0.0546165542193598
0.0871005885659169
0.160289561535988
0.0644314836906407
0.123709283717289
0.198975938071434
0.153766316065491
0.0859975848679251
0.115111217486925
0.0706069203880827
-0.0164797307126683
0.153061028759056
0.137845624380454
0.1899417583058
0.0253948339847295
0.143249278695043
0.30637488132785
0.0793761959992979
0.128718198541033
4.02478970570436e-05
0.0899463629262226
0.156236928021069
0.14315762473708
0.125585171760114
0.258916937307021
0.0771356748449044
0.161288770309747
0.191687644381727
0.215030428578327
0.13020696409843
0.121509092838596
0.291431681104422
0.0639496415136056
0.215576155804884
0.211949905434679
0.110716185288051
0.176714015594478
0.304077376639225
0.219677651570384
0.206250914889193
0.111573129623722
0.147534993484298
0.0968134764606254
0.16416200930997
0.123343557511422
0.228934130685676
0.237674225324247
0.229902784440085
0.155058207117382
0.246099228200936
0.245087777883182
0.220142460096155
0.277322697837191
0.215359720534515
0.189667070715577
0.16255740180747
0.207635632639098
0.191078887632835
0.215308085082639
0.281434414325719
0.201026191283586
0.12949315353554
0.211448703769369
0.174708070583642
0.204815648363307
0.204140163614083
0.265448756627047
0.155696007393654
0.211766109918795
0.131061475305957
0.176851580076788
0.258532747223153
0.180668107177202
0.252144600359639
0.277869478394415
0.387596921362298
0.464588471929439
0.271910706184855
0.213334092224006
0.214206918710796
0.235013774067799
0.206172606575627
0.212228208441339
0.164041837073046
0.31490752128357
0.127299066714678
0.355079983770569
0.433671700452055
0.190029158469202
0.24927869549201
0.13831244271028
0.371142271724262
0.246292737348783
0.18086762186416
0.294962545426453
0.312515411138149
0.144084568497029
0.292575911513628
0.321334545322584
0.397763383625529
0.169619492679685
0.326031656207145
0.430116320372973
0.281815896193487
0.232654673082025
0.355684372752229
0.151286787917955
0.405397799396985
0.381148253872483
0.346379776316782
0.484692966500107
0.412370104011385
0.279446806656195
0.296048933723425
0.356283118851367
0.203857373913392
0.391412427640084
0.208186097675439
0.255541431079522
0.356556514672384
0.327056520484533
0.272339611716428
0.424812115970026
0.540124180440413
0.464791235481279
0.304855890695544
0.237176948198725
0.453045490260509
0.377492286900106
0.360701375132461
0.33256009056853
0.409770584423776
0.373784397387509
0.378068757084174
0.342178258007483
0.256726913296169
0.380929378284252
0.376268856698764
0.346873963880684
0.310206436984501
0.428530271533584
0.384810249451879
0.399697499004742
0.355915933724441
0.449541841982972
0.282531760012986
0.344538713357382
0.271897110837926
0.202281367891655
0.463291693303308
0.424297898571362
0.412320446442307
0.321534877461451
0.413701710058487
0.461889478345107
0.493252346072813
0.409042211023561
0.358445018846025
0.438047129634406
0.434149435507119
0.486998448407528
0.441156784905415
0.353739230832395
0.59402451068912
0.437691461509223
0.569558877492944
0.517600202725506
0.509542604141451
0.527693925465983
0.422483749323759
0.45067175692626
0.536449655741154
0.527407723253393
0.412466252151036
0.517803349169016
0.472644312752527
0.4692307592341
0.420701616253686
0.392841845501837
0.314979329437377
0.328746684989083
0.428499318326673
0.408633780954067
0.418351153545383
0.411240766013781
0.512734267931996
0.426160545125364
0.47302007142568
0.451767320846519
0.504334482210427
0.505935561561442
0.527373559643397
0.374884808495535
0.575588268102817
0.505822791559601
0.388875594376617
0.401885248095413
0.409322468561984
0.512825702401696
0.358520953812422
0.586258295033529
0.576497776761555
0.449718570756
0.520109957191885
0.616222798607903
0.547233217838714
0.555608010279471
0.557746758665249
0.420760608940711
0.40531100709287
0.519352970833173
0.563875470407473
0.420161256455028
0.389128195711908
0.635494248650189
0.540757850389378
0.541741441781611
0.600327242305238
0.578579054777735
0.536423560043251
0.528638506803289
0.582275995666675
0.472019185136115
0.606599498641676
0.545141660901784
0.445735732426803
0.664677730902982
0.586072080136004
0.626396295956884
0.457437398309432
0.48881915682883
0.476147903049089
0.662221873007606
0.502493758878999
0.581281229701587
0.606709212809656
0.525645131830538
0.621221097223258
0.626414665433567
0.612296022566934
0.694031828380216
0.593082117643133
0.705126107814745
0.517744120330289
0.562554010199554
0.352252740266134
0.540117044723208
0.527051337540952
0.518077169280738
0.646257385646168
0.58726145660761
0.68800777662073
0.49574888186058
0.466614158548634
0.611213989549069
0.761798691075092
0.669770832684647
0.649839865705378
0.466846428203971
0.595998643497642
0.637930331575368
0.58405113965745
0.712331996454207
0.65264785464948
0.474670394999066
0.614556011738578
0.655978558300598
0.553828956465764
0.696128290514119
0.768696175350753
0.436138668834511
0.758506774921298
0.557381708083323
0.747759667214222
0.455164381226646
0.576934295216831
0.713300367550109
0.624106175399904
0.516842060717647
0.653822587971216
0.552272661283128
0.728308292579757
0.704687565830599
0.678232910392496
0.595632816591146
0.795624531515377
0.744951734579011
0.526371764039508
0.65985974179684
0.791689762785438
0.775936480682289
0.618518547686805
0.823300432627671
0.567367843130408
0.668837571338807
0.731854397068044
0.612331068835495
0.671081432982639
0.746896869233166
0.68488141395238
0.752001851026932
0.651295303645505
0.681475649635913
0.735482913792253
0.613872752993023
0.750099353106583
0.638753895884635
0.782419551683272
0.674674113659564
0.765803705106573
0.538459205043933
0.845042759913906
0.737871387932079
0.751718192814645
0.710313207915734
0.734186751604061
0.665907182061862
0.699754322054115
0.800879596509993
0.797429057640013
0.747355075321971
0.673702490929936
0.556634638288057
0.562763331759737
0.792521901025514
0.77089234864268
0.672859829466436
0.77127777611427
0.736979106583136
0.707374211526935
0.832830598246705
0.879920026108755
0.717991247078624
0.772478111582285
0.792020697775146
0.692913267174626
0.787913394659005
0.807877457672786
0.837588018997898
0.842510088984163
0.804050309432869
0.766535352485446
0.602123818221683
0.830996193014359
0.551126345127981
0.867576156899996
0.832498121876721
0.869679806487193
0.790440105239959
0.704175288910053
0.776093015109476
0.776474323584684
0.744093107021378
0.801540522981393
0.84371847194946
0.791709238316577
0.740157843622588
0.650322570890314
0.979271649664575
0.752539844489939
0.810668770263361
0.702986111796912
0.806817353849281
0.84608091276941
0.976163689981347
0.858706549294319
0.755039832504897
0.89064986449208
0.722624437414672
0.756846536869575
0.831179773826727
0.806831264255566
0.771198664887415
0.867317516902306
0.795049799583767
0.942830422314617
0.774418464389761
0.944651873070373
0.903748701741118
0.727172057108122
1.01170923875687
0.794729177023539
0.886077309838038
0.773883781214703
0.833525705918172
0.94709866732069
0.819635155850148
0.838832972577835
0.879399293021823
0.868091756926325
0.897403270479186
0.926162771609333
0.913709605350379
0.932924034851022
0.865791143389682
0.853482714696297
0.845698331461401
0.904755877579004
0.843415591682568
0.746333837551931
0.894929933218877
0.907155581540797
0.967411393027754
0.714884576178303
0.862037245025788
0.925960153124569
0.818852390238119
0.731830528715258
0.764302830896368
0.809500424707453
0.856409262080839
0.802168956269605
0.871483051693252
0.88779265905957
0.97802936817337
0.989781463387914
1.00536583098064
0.768083539503645
1.02643949372102
1.02444965411779
0.984887262814724
0.920718641197652
1.07456000459983
0.960498350158349
0.878790130345805
0.992105407011658
0.923100566785466
1.10527499961419
1.02856303636291
1.0408822422887
0.79741472610358
0.922326219483007
0.981439709342363
1.08736123337729
0.975530919904583
0.984833956889656
0.893878858274467
0.952304170697668
1.06785024455251
1.05502998713372
0.997175840490835
0.979606559054421
1.04941040894994
1.09812076590006
1.06516131313785
1.06741752078776
0.936939578968701
1.0203316988059
1.05037013107725
1.00421502892236
0.896707889998292
1.00870694867054
