"x"
-0.962436127353468
-1.01753351444977
-1.13047193753918
-1.0945793947426
-1.03589568161241
-1.0096458434687
-0.930171569359711
-0.895580905260009
-1.05619875660026
-0.941821946588446
-0.922529200463065
-1.12473084811646
-0.926802246952932
-0.854009078103297
-0.81491148616447
-1.05216609030773
-1.07380193082298
-0.914947840386449
-1.00498135353845
-0.804350648640025
-0.831765014410323
-0.888764533977392
-0.968346724207748
-0.969966564767238
-0.831415786487384
-1.09194435902553
-0.971907846340888
-1.11563708359158
-0.946563826405053
-1.05090301851411
-0.918992949989363
-0.882896348577474
-0.946977996107525
-1.00992447062431
-0.880536406255625
-1.00186878097057
-0.88287532977977
-1.08705288594585
-0.870586573207956
-0.899830848195758
-0.977389264748381
-1.04806848273677
-0.968526884985588
-0.962742999631534
-0.898382809453158
-0.935398747164783
-0.881406639234885
-0.681178259926525
-0.874950427968421
-0.956027332380998
-1.00196655094741
-0.903588555108498
-0.828231361606334
-0.823715226209974
-0.916173173793029
-0.925851139246576
-0.839354921018193
-0.896055244929393
-0.87256306721514
-0.783622640645616
-0.867338387110373
-1.02796642734473
-0.899557928881506
-0.851274917467754
-0.905300751184666
-0.87512875734787
-0.808969106040747
-0.881967839406567
-0.832942114124757
-0.946784509318039
-0.717490328148822
-0.735991779544563
-1.00023869175075
-0.90193984179123
-0.778693585735178
-0.844330866866816
-0.949159106611519
-0.741311504754673
-0.892750812834785
-0.781766501619623
-0.81791114395056
-0.773939517567118
-0.971621315703576
-0.765914749597788
-1.02612292258223
-0.817638472616323
-0.972969619199898
-0.830103242018906
-0.740726583793021
-0.739244587038999
-0.78370834805146
-0.817819120259549
-0.823537094945521
-0.794891672043876
-0.788778118100663
-0.804283634690032
-0.779169579557505
-0.686150497308676
-0.899297178015321
-0.72131336676128
-0.743023018646769
-0.803591581694535
-0.612517112296615
-0.682341378462195
-0.780539879249675
-0.797390963644112
-0.703724985154081
-0.69410854290496
-0.848614143976858
-0.749061098720404
-0.584068634584099
-0.841705208135475
-0.848273056610625
-0.766374646657708
-0.848596787742793
-0.838360087249304
-0.739632600634702
-0.763684668972064
-0.618371504657623
-0.770570465880851
-0.629867205693958
-0.904371707310539
-0.832860025281607
-0.845358967352962
-0.850512469935842
-0.699979977410104
-0.860218801644221
-0.745417228884861
-0.803216805125202
-0.664068068425368
-0.6902776063966
-0.722059252650042
-0.665261937713819
-0.838882210325992
-0.748171447421807
-0.752207850038802
-0.667032544126102
-0.795066762537436
-0.662521961300774
-0.639935343185224
-0.627508160759977
-0.572895159532491
-0.876168340324062
-0.561713856668797
-0.669883070789274
-0.759611845335381
-0.794198383148331
-0.705317652799432
-0.679431713478553
-0.633126400638628
-0.579986031607543
-0.596891283307443
-0.645651182514808
-0.776116320456812
-0.731875877941613
-0.641060200514382
-0.672490372115984
-0.610175420792513
-0.70198498016794
-0.66513682930499
-0.778448325801412
-0.628543314235203
-0.667152138046764
-0.556716878318812
-0.589484621848776
-0.734125388720315
-0.742763421097376
-0.617906316480094
-0.744043652196862
-0.726717375370238
-0.577187342896867
-0.647607015778563
-0.533196657012355
-0.670651162555128
-0.692165218580669
-0.628178449658923
-0.720842836830465
-0.627264873534353
-0.81035610390958
-0.644782697354507
-0.740119170071222
-0.612917416141915
-0.641640026288973
-0.685889460672814
-0.692630854121694
-0.600923735353093
-0.623205709066688
-0.597067717467934
-0.62579785246886
-0.743825451975164
-0.644695661467185
-0.734798946508282
-0.533881430954923
-0.626187867622364
-0.666869560921957
-0.60559046685973
-0.656090440266741
-0.557504513363444
-0.624774819899976
-0.696997851333444
-0.698709085382175
-0.510798496759401
-0.555584935238827
-0.545293375438686
-0.680528930569672
-0.643356169151804
-0.381242912613962
-0.603236707270226
-0.478148201194804
-0.30764283782574
-0.510089212286505
-0.511666732546225
-0.659066207566832
-0.517289620576517
-0.628862318960045
-0.535473444894379
-0.339587869454195
-0.523265523116681
-0.703339510192262
-0.72586821412416
-0.610281320534327
-0.597536203998989
-0.406253049509507
-0.799368985944877
-0.703403170587922
-0.619257819067009
-0.448500670857012
-0.501154028710766
-0.383287551756064
-0.570982495199784
-0.644777787734043
-0.665010410169041
-0.621567620317074
-0.577739307277089
-0.534541624715882
-0.460163525066801
-0.721326647651674
-0.455896516069705
-0.522069505603809
-0.480571957241237
-0.543075491816831
-0.575560913678248
-0.48412692737574
-0.589453593780008
-0.606807298882923
-0.360485858013213
-0.530891479202205
-0.424383190739522
-0.438193516107061
-0.641025871317004
-0.392509804159731
-0.475981015208252
-0.440864807318148
-0.375403294493715
-0.621375264667732
-0.46985222128736
-0.484395252640265
-0.483140440875121
-0.456412291264333
-0.380446255854343
-0.593682686025893
-0.545741625920033
-0.263153981590615
-0.536036761523578
-0.612044743306783
-0.573020933604378
-0.444868703221289
-0.536153940187823
-0.55781189813729
-0.471482505633622
-0.472081109968776
-0.353729250231059
-0.415852253878425
-0.422111200130348
-0.431898384322868
-0.66030580342137
-0.461618665767448
-0.483304927566378
-0.432361804036534
-0.456500590994357
-0.423645133129209
-0.443996352078985
-0.504619597307318
-0.411994467489394
-0.464676113229499
-0.498942012784744
-0.37575984064468
-0.413766205074501
-0.332331489494202
-0.623633664294771
-0.480994978671841
-0.389389802438886
-0.595726328542817
-0.431001516439626
-0.374910774515277
-0.422138989245657
-0.449569876671261
-0.452692262674428
-0.327004391750798
-0.544514495253011
-0.454595009424865
-0.443386790947726
-0.321749100506352
-0.413703852759507
-0.247097160108631
-0.373566405613911
-0.545853074901755
-0.189813953297754
-0.335518176534637
-0.319246957875227
-0.34118006507264
-0.328362871330798
-0.398974200836684
-0.247894314883166
-0.404606183247256
-0.354262037896557
-0.330774333529686
-0.168732908793441
-0.451518911528986
-0.389462595808028
-0.310482224470462
-0.346247337405723
-0.305446343069325
-0.435607091673398
-0.424239630707594
-0.422172956503092
-0.181477270548091
-0.287531070488167
-0.36522077280215
-0.473996543267643
-0.182607745665934
-0.216179932288332
-0.28106875020667
-0.287119549336277
-0.292552050388023
-0.366423969993656
-0.273417857300236
-0.270796513865654
-0.341997784086494
-0.23581519608185
-0.298628796204445
-0.24552255937438
-0.362128485739605
-0.228192508229806
-0.347639730219655
-0.369185566194503
-0.288463214658382
-0.36730897115235
-0.285099800842004
-0.395624942974255
-0.199276202925892
-0.274167457984847
-0.306765990979782
-0.157959160644475
-0.405408183931466
-0.288910227271978
-0.275586211753765
-0.313659256721733
-0.235018288750274
-0.264260498130546
-0.24676483319342
-0.35948804454332
-0.297536306239061
-0.134410791639479
-0.190520098767158
-0.297206604663194
-0.314723676052667
-0.223560574566244
-0.201681326870516
-0.288251713375098
-0.241605147270572
-0.280465738583762
-0.173485306797511
-0.137460489545599
-0.277336358819587
-0.297321633697121
-0.16980593705212
-0.33499526270427
-0.178137200554147
-0.234136305312587
-0.246536050158031
-0.314112341300448
-0.156752520945552
-0.179799163685663
-0.177902558017294
-0.263647579680687
-0.292607463300464
-0.265941408322029
-0.272873893715918
-0.173141643630988
-0.286015581430097
-0.159984629251419
-0.216057709465125
-0.285516220944638
-0.273410853033364
-0.241068440716446
-0.0520679714415877
-0.29953339904611
-0.242575527512661
-0.0318805591590827
-0.131396136024715
-0.32731084030192
-0.0704446039962791
-0.161345795792104
-0.283187250111739
-0.272199037860279
0.00901239228299008
-0.330909273930572
-0.221048468670662
-0.107592845900357
-0.195214918655893
-0.0821616565802915
-0.168800519913076
-0.167245414460554
-0.143144514387972
-0.117747854317209
0.116492184496167
-0.0245959661541128
-0.0578057098121117
-0.166292788575206
-0.135372669180395
-0.144744147859658
-0.147637244942965
-0.139073827407461
-0.112716371609288
-0.191614900433705
0.0149871596451947
-0.0337268355602301
-0.0555076777294856
-0.193794670127895
-0.239238324444118
-0.164763408750282
-0.0971381852727171
-0.0951575206696184
-0.112629227094401
-0.123009099434189
0.0499633172118942
-0.0676528863329814
-0.114631145461389
-0.110889401827075
-0.0994408602849584
-0.19899591475397
-0.243234292249468
-0.217625668065924
-0.159240360659834
-0.198518656544919
-0.154334118682279
-0.286801995115271
-0.195905369459886
-0.129516224861653
0.0717290649294878
-0.058897175819694
-0.018521979947018
-0.12831726751748
-0.0496212024351971
-0.134094076208573
0.00497330542612678
-0.111083431294566
-0.139187070827232
-0.141784784396902
-0.081247201178502
-0.0189427981435962
-0.0818354435762195
-0.0469466630504364
-0.155373886940773
-0.196485597496499
-0.133396722914221
-0.00672889480787457
-0.0134296768522879
0.00934839541196276
-0.08775530125
-0.121161759783898
-0.00696435758049072
0.00843482433630236
-0.307472521017545
-0.117361194308682
-0.251290992767738
0.0336539360193374
-0.0590179678663236
-0.0132465721604832
-0.0182066265525643
-0.102518849207815
0.0572026768436691
0.0108465626980861
-0.052429887382234
0.00701137090941152
-0.180639975180586
-0.0254591544181038
-0.0845433444796027
-0.170225394745117
-0.00475955640753446
0.121434882770623
-0.0345617640344871
-0.14409236871114
0.057633604707156
-0.114698110263502
-0.179285036769243
0.0276222813991603
0.0132287782833404
0.028291614067371
-0.033563238227716
-0.0340789822633946
0.0357060313593535
-0.0371044250130454
-0.0561094659439177
0.231553995506115
-0.155799446186428
-0.033326684226054
-0.0557138499977458
0.052118356663115
0.0295078831080477
-0.0658563652076254
0.0172457228125999
-0.131130395205525
-0.0276349520025602
-0.0215369602484958
0.0605665047440404
-0.0162601231622591
-0.00583576238236138
0.180829044813576
-0.0890687771814228
-0.0278996795699803
0.0406183412201765
-0.0606178022934238
-3.17358252245232e-05
-0.0368106669617856
0.182657007824747
0.103424346819136
0.0748122908779032
0.214780205288563
0.047276008121034
0.0354101387288401
0.144959671652264
0.136614254349093
0.0859115015647353
0.212054104323468
0.100628638742437
0.0568741367244593
0.159521730242539
0.111902607791069
-0.0861297548834408
0.145691185486174
0.0933522881693017
0.055830019586264
0.00538332790697373
0.0921140179931194
0.0866354975950234
0.14427165254129
-0.0106171699324218
0.0804709489914372
-0.0214576132071305
0.185247281596068
0.111495694886673
0.118469769819914
0.185298746849704
0.0449510831531355
0.140925568807095
0.150531121040603
0.127328886485978
0.200243061459471
-0.021029356250037
0.00987751648904483
0.0706197688771851
0.0511095818503541
0.359996557523777
0.251189355828728
0.228858131042806
0.0320029107737093
0.169145049325619
0.0269252290837198
0.142547612090967
0.261045552544461
-0.00534353761857806
-0.00753458231054816
0.100654444484493
0.188935497031425
0.163038963910256
0.137685312530421
0.209018166048014
0.256343110007799
0.174996787401938
0.216080589396584
0.0755682213738644
0.17355814657392
0.0988697343702469
-0.00660897009031248
0.117552963845081
0.093595869179558
0.18227381176266
0.272153081088513
0.203154437699021
0.177068006773672
0.26930353826137
0.150637216198964
0.159332109869322
0.203062931613337
0.24204657180082
0.209944278068437
0.154654606440866
0.0759856937761221
0.218360527863674
0.226103153655039
0.226340512589671
0.332319935667772
0.237817235818158
0.0116533723858279
0.236350097647705
0.208003978110499
0.366231105172716
0.135576617749921
0.242750681523622
0.258865986236102
0.139058123682709
0.38595791273356
0.285503743755165
0.219038203720513
0.254301839968969
0.128861393085201
0.288571366829046
0.436238364063436
0.352108281229368
0.164065136622332
0.266407949353287
0.244535619921138
0.31174950904958
0.293899503576854
0.381297248905589
0.182221655267974
0.30490882945245
0.334901256587602
0.18339353203035
0.217292013431201
0.284520982111129
0.341962215593699
0.245456593146222
0.406927304702699
0.297234354041097
0.453939109721285
0.258784936100807
0.273355821851037
0.284855293051987
0.27013908058566
0.225467890347815
0.240105691947365
0.196980300166574
0.36823052763602
0.400314404762262
0.343314061043827
0.231143543067949
0.46561481559788
0.526231416388345
0.402366539276836
0.367201766083844
0.377365747266878
0.0763987731885086
0.353261142557882
0.371335443703732
0.181465416687817
0.449847696303925
0.336440859823951
0.329909504599966
0.381768639736485
0.317454372919024
0.415879640441452
0.277835823561993
0.355515917538515
0.280705046628488
0.306218119514511
0.38654465710125
0.326973794553108
0.370811871609993
0.382678418138025
0.259320868653672
0.428454367772297
0.341125328614345
0.270984147895128
0.312248571347216
0.360132733875529
0.391516442526941
0.452093374259978
0.303235952006982
0.369291258431087
0.38062068681999
0.505932303260303
0.427535781972655
0.371345446368888
0.367896155609203
0.424255810736449
0.336470866776277
0.396116409033609
0.472734086221819
0.272544908356357
0.482874472276761
0.39989513796445
0.383928686654746
0.341713118115454
0.377995557147918
0.457411619282106
0.42222949500863
0.487791458527664
0.343577039855112
0.274856257151855
0.384647061026847
0.602352765935436
0.375614427731696
0.556483820422815
0.336642591655469
0.298544508972111
0.342241879629645
0.430954604705721
0.415053242471969
0.40062392846442
0.367975175167128
0.471778197137831
0.444388087333533
0.638953576405779
0.460349010644857
0.481872467965698
0.481720609004134
0.376385345171469
0.495063394101362
0.439333751054348
0.367847311626195
0.550302145140592
0.622984618765797
0.261363549538725
0.528359632799473
0.459704031155279
0.597224211782596
0.329865619492764
0.411090954921443
0.531185272884443
0.442024424585786
0.50136293769677
0.508710347498257
0.387665240349229
0.552259522766374
0.531662396206739
0.53356302754615
0.26084319055617
0.44193457959833
0.415442958267516
0.328937416759197
0.585331984579162
0.391175713163397
0.481444612742974
0.533294498498872
0.422504022281217
0.367606787508919
0.598530290897837
0.446932317703834
0.393370367828839
0.567262440151125
0.470407387478377
0.480811973024742
0.333622011060001
0.5021563901602
0.555397853985077
0.480941389037471
0.564585120213392
0.522505003016691
0.447784588479892
0.479380206808211
0.589311065715631
0.42059777674952
0.533230502706269
0.562824607959631
0.569953072109115
0.497930090982426
0.506879783779925
0.490952798073121
0.407727672369209
0.539704444620733
0.55530643229561
0.649581134734806
0.661734638238515
0.593568519404703
0.361084353515938
0.546091620693595
0.514682068157934
0.58742055887954
0.480397938938668
0.478281169846452
0.59683431052112
0.574843754161422
0.442421285772108
0.558030083481704
0.514352875636883
0.631989087624632
0.54707449987522
0.459016391904316
0.740215838592325
0.605259433788197
0.613601488486579
0.572248902475924
0.621681377993068
0.507068785814504
0.581280352353076
0.434044022329077
0.641762340912984
0.539147280230964
0.565194858115227
0.652945373888139
0.777209899703714
0.634600629014536
0.722404422536428
0.560472113912925
0.549573550039221
0.663650948530807
0.645602147166973
0.764129526225134
0.734726332731046
0.587449605600795
0.631000730876505
0.712819175065022
0.503999992667159
0.662083652150869
0.532760938185627
0.587917979981676
0.552954637550633
0.532182224451302
0.625263260659972
0.497232111399462
0.633408772442029
0.786848473780769
0.560067177947683
0.749421919578169
0.740176346610779
0.695844962619174
0.665485284358496
0.624400956637781
0.609481598995588
0.687981433620048
0.806234357333958
0.646568712449895
0.551037013721418
0.722537007022247
0.59575407216314
0.537736895166135
0.635505819033597
0.595154859174283
0.766507512269013
0.694679935556664
0.597080859527455
0.541628113211034
0.616181706600016
0.724122307553078
0.69025967189466
0.724481750834581
0.693516122585516
0.730162959687314
0.865818194775036
0.842805721646743
0.549647200270162
0.798909387721244
0.711711134030169
0.784432845666807
0.636216433436164
0.697146774431239
0.770433693723034
0.739819471230099
0.738830174162099
0.750851384885263
0.701759400436064
0.725450867466825
0.778674697422012
0.701286410900718
0.677853445884391
0.732795804422053
0.64505889081951
0.737003449857023
0.741416861238975
0.681030529202202
0.67878710859729
0.655896213362129
0.837565562285325
0.689700009481074
0.647501523952208
0.739327377515327
0.59714109333395
0.675891016259069
0.751028253305472
0.719821474248853
0.764898073859501
0.613044823486801
0.666818806437234
0.634815696775579
0.786644249730038
0.727364799856526
0.871586114482271
0.76831743721061
0.748757712343264
0.872906234397161
0.696299952176088
0.757924126211723
0.782411966735142
0.781509373464929
0.780009245361323
0.879044242492499
0.77175091577494
0.84054800331184
0.754892574122072
0.829798561797714
0.989158763414752
0.911227517419376
0.840290866847112
0.822240566178594
0.9362251528101
0.774653604175839
0.798873972702809
0.824380996698784
0.82248785528863
0.933542026025605
0.777947860469874
0.793162699484472
0.821414813557828
1.01747522356031
0.630822874184675
0.841371238767712
0.795015491979379
0.859356940262885
0.815229436932557
0.809602528196147
0.79806927754358
0.941772677991739
0.617712972036578
0.939132656386812
0.845708472548376
0.672685894646933
0.907710244913482
0.922571760125182
0.950011272907421
0.851523631039697
0.951649904198126
0.770399610984061
0.8061290182219
0.879811841763497
0.992939200044303
0.900780570055479
0.863517011442808
0.987150198161556
0.837294217825227
0.790071293118134
0.949307811589785
0.966547865627845
0.813837587138413
0.839415098858559
0.881058711420542
0.970784407150875
0.932743710138483
0.993153320645828
1.00198842662373
1.01728725243927
0.925399031232364
0.834741085337525
0.915391975314362
0.954426407274248
1.04447746135422
0.940430251110911
0.906302268044995
0.987166489194069
0.949341493081072
0.996009811375565
1.06830109444026
0.932964106965242
0.898861620082459
0.845385076508905
1.0190107847598
0.94245288654674
0.923374978434797
0.891276554538561
1.07498593976017
0.966939163739882
0.973340289546673
0.910274501935158
0.936646541089481
0.864843215546022
0.930477376760019
1.04613645295969
1.0298720428903
0.838942537351341
1.06470647597386
0.971261756963781
0.817216547958308
0.93229671763515
0.915745167290451
1.09726431567703
0.98483974431229
1.07302764010261
1.01702662520079
0.910497700922052
0.794634074979534
1.00753419805759
1.12235870981761
1.11942353180802
1.0525125466577
0.936369362754384
1.08195925780711
1.0290689687356
0.990913216713379
