"x"
-1.04633648633965
-1.132662047291
-1.01827601611034
-0.943632961533222
-1.04759124425651
-0.98668442871265
-1.09840349899269
-0.981745398100805
-1.15189391624769
-1.02389795378217
-0.962296570617883
-1.02769573117924
-1.00052071657781
-1.13243886632058
-1.13955322919174
-0.98485572153105
-1.04174635856077
-1.10462009645196
-0.847399998127677
-1.03408726061815
-1.02067578246375
-0.90323463735188
-0.911745004803824
-0.974169946021901
-0.924438622173623
-0.857130021491588
-0.999992967244698
-0.876022445217164
-0.937188365967666
-0.89050357479852
-0.936620343318773
-0.9139338965779
-1.01358997104396
-0.846208586769824
-0.886788192248197
-1.03502167982143
-1.03877153071898
-0.946595580592982
-0.884070127186026
-0.973947079414927
-1.04682148013541
-0.792851682403307
-0.989721180929002
-0.994939340414907
-0.948958761930392
-0.925965700376601
-0.996504682033002
-0.931614054182369
-0.880164627268095
-0.99375976008233
-0.897135241985374
-0.957065593204608
-0.88740581519855
-1.07340948385179
-0.889827740880445
-1.00713292601431
-0.927449978848658
-0.710996742466667
-0.764703925820432
-0.897491235302259
-0.87801155821799
-0.872387072180373
-0.702452553520832
-0.87225938935321
-0.937079577041032
-0.858064646538241
-0.928117022948996
-0.979890997675288
-0.979236285939206
-0.827826891896829
-0.760392854814766
-0.89491217613197
-0.816200859509645
-0.826621036095766
-0.959613077973032
-0.850328917643344
-0.888510744212817
-0.643807443271041
-0.832346359966399
-0.724419386084636
-0.712737445696714
-0.772276795056906
-0.854563203904604
-0.901145593289942
-0.998513578855107
-0.827471874185601
-0.789793001444196
-0.901659651250559
-0.785041136437679
-0.884693111578989
-0.780350497689405
-0.846704073583248
-0.917451282511179
-0.789850073173708
-0.800604688831512
-0.718296824628109
-0.714453748062309
-0.715635502541875
-0.722711043492122
-0.723103511209812
-0.879163456037512
-0.752873127820457
-0.61391604878543
-0.887150388160811
-0.82022191701416
-0.790869903858228
-0.870855827440787
-0.807923534781944
-0.750351330849083
-0.727529278950389
-0.695327277512826
-0.793507270181928
-0.715267444545046
-0.853504952916239
-0.709625248581752
-0.894554791489465
-0.739138066172838
-0.902170070278589
-0.655738519751895
-0.883297686553521
-0.71518246594535
-0.825079105371053
-0.827169074356486
-0.952524245113033
-0.744760936855144
-0.832374990013453
-0.740902661563986
-0.640817894253413
-0.711966409792853
-0.681104261488123
-0.692525859528156
-0.798276741892737
-0.795219171115008
-0.890118411842879
-0.912981000902478
-0.802331231720372
-0.62626026913064
-0.613905619981398
-0.752891312879735
-0.685040316089763
-0.811169470936818
-0.483033829382443
-0.666962500478636
-0.768259042832127
-0.634256331297688
-0.521501140136726
-0.88411887196049
-0.547893094847562
-0.707486370982184
-0.614743270455043
-0.802349823229822
-0.668710940560537
-0.810393299602775
-0.721458793846858
-0.598519900589252
-0.649400635711185
-0.573267126292148
-0.627736489640249
-0.619097425416643
-0.668932806846216
-0.596586218507587
-0.710225837484142
-0.634985412285231
-0.548564016471197
-0.659916906863196
-0.617877526154257
-0.703627449559467
-0.617582685563
-0.589933226392412
-0.689728085537001
-0.762133622529141
-0.623488631919685
-0.653157126527652
-0.627291865311791
-0.595338796757361
-0.51568155929833
-0.599490446644401
-0.567483701700486
-0.652690351088967
-0.670666437580332
-0.732881460792725
-0.706527272521626
-0.430660780104016
-0.589609447142945
-0.610405549747747
-0.698944736943749
-0.579929011102899
-0.599407572156114
-0.73567828163712
-0.602023292513323
-0.706205712373967
-0.618306964324408
-0.759233591387715
-0.677949749579137
-0.504242684412114
-0.652559697183396
-0.653921652571488
-0.655095178567152
-0.717679870951522
-0.515502960195151
-0.670017598415972
-0.612187473211783
-0.644133483057469
-0.603640432063618
-0.58830596938786
-0.500416205833374
-0.656542230024924
-0.572549039570627
-0.637306057686826
-0.495294863120651
-0.499181500364887
-0.478216450921997
-0.56152463375699
-0.521571182848714
-0.503352958154477
-0.524559040928089
-0.4720519509167
-0.519259339795609
-0.600120780218434
-0.584284752970222
-0.561841401467674
-0.58829242922617
-0.59724363301968
-0.535317251384072
-0.420209642929361
-0.581255676347035
-0.500375885438732
-0.598300460664299
-0.540717144665347
-0.482143084010974
-0.420729290824971
-0.595253505700144
-0.500040671252159
-0.525019800335392
-0.529771066586081
-0.495496554076724
-0.531313097336828
-0.541369525650745
-0.58669164269077
-0.541915700925396
-0.574785609307316
-0.576351633349701
-0.488055621765475
-0.613666930050301
-0.530753062878305
-0.533422668596747
-0.503765987574809
-0.584299620641537
-0.467981505598796
-0.550596306334286
-0.514860974372862
-0.613580608358042
-0.377546305530688
-0.654784888058249
-0.483828128530899
-0.566210515006924
-0.500639789995528
-0.524418934145361
-0.472554106597789
-0.476514694295088
-0.610429606995582
-0.621255500273012
-0.35534773451866
-0.552708360443748
-0.41780002383212
-0.486642539820837
-0.415828101833745
-0.517963185171446
-0.437120661161965
-0.379950276180265
-0.311245771380386
-0.438085424779776
-0.556572052145764
-0.445403576627491
-0.425376034204235
-0.334314057264475
-0.469848613992703
-0.510727350320682
-0.522514585419454
-0.43605553729678
-0.466069685339662
-0.5264531302707
-0.306089290386279
-0.421124769011305
-0.42572957893385
-0.368843315293607
-0.362229657307675
-0.32604929663113
-0.327527186568798
-0.347762301524316
-0.445779606600107
-0.272973699113682
-0.320519336077164
-0.523887350552826
-0.385159554018369
-0.40440231074731
-0.454345446726053
-0.22588613856622
-0.443982285030212
-0.405626437967708
-0.430558367894165
-0.385381308273863
-0.35656668499632
-0.488744944929246
-0.320665266081008
-0.394479786856577
-0.386574022542398
-0.459707065188603
-0.449693570220339
-0.368741481301253
-0.442006971572551
-0.301305629810266
-0.314142150381277
-0.413545503964233
-0.338150534005088
-0.328055179994494
-0.436661433880725
-0.193457603175586
-0.453946453664033
-0.275081385847251
-0.360232383175032
-0.406024274552905
-0.39959958919044
-0.394594290272486
-0.362590427052447
-0.462526118194714
-0.123634073543098
-0.339995759858324
-0.35107703959138
-0.17422478687847
-0.327763489715031
-0.26364479447275
-0.373973132158368
-0.314264539858306
-0.343341842794153
-0.436765911874248
-0.340424183265433
-0.401730986234884
-0.405016139075891
-0.229001202612834
-0.322859848212134
-0.38425022422432
-0.249986672434653
-0.41382746794831
-0.373348577182967
-0.211641609453567
-0.374293119590764
-0.467985034904665
-0.411437547690119
-0.225304489111941
-0.299059367072943
-0.282621652657083
-0.185326935702643
-0.277919396956846
-0.209264968423853
-0.25074834425524
-0.313880224273873
-0.279995717334592
-0.40908451758349
-0.2372600877863
-0.39167586484193
-0.388023707255512
-0.292671826533705
-0.253807902385273
-0.1979728577888
-0.418982647864452
-0.286459935838433
-0.31950472550646
-0.179257120417541
-0.222787848721566
-0.248104607299443
-0.313487977499337
-0.283406742315306
-0.40287544396024
-0.236653745077314
-0.226665992781127
-0.29876100881327
-0.271481175654881
-0.313696821320865
-0.370300872407494
-0.270994093988608
-0.234603672410397
-0.376707062217433
-0.240078833485268
-0.340252502399339
-0.317827546776012
-0.38716599705531
-0.198279932631686
-0.234500872586613
-0.226232667148883
-0.183631452755129
-0.159881409280144
-0.260496078358034
-0.0511937933576073
-0.355046043712106
-0.23367364813428
-0.204754894954746
-0.158692588872573
-0.273508268421522
-0.311946489481622
-0.247180823385183
-0.114345051506441
-0.190865358190635
-0.288764996863055
-0.354989085582589
-0.0275713932189658
-0.0707293722653083
-0.376223168866494
-0.222651838862062
-0.218283526355458
-0.299640430242227
-0.0412002715246144
-0.162137319839293
-0.25849616555828
-0.208936546388929
-0.156358682087513
-0.212563591957415
-0.18348772739046
-0.0749487914666691
-0.158369877907082
-0.0968899214090635
-0.209609742371147
-0.141200542656742
-0.199066105533684
-0.203031228620506
-0.0684317800689861
-0.0667236476643781
-0.178388431609663
-0.0861133864458599
-0.0254175170120654
-0.0770958712955616
-0.101855251154889
-0.248426459727158
-0.135630612240523
-0.0828931349586753
-0.0594020727689266
-0.0890169912857521
-0.0485185529694136
0.0614294121976175
0.0058910826588323
-0.225049187182089
-0.14171218324218
-0.0771052437958592
0.0886302489180232
-0.145646982846398
-0.0490436181930779
-0.17017379570371
-0.0733472471345688
-0.05715481001796
-0.276449594700012
-0.125530418950393
-0.120273730691102
-0.120817218122505
-0.2031347015627
-0.0380461813380145
-0.0940163102538146
-0.037793197028524
-0.0268552210508465
-0.0442938772773737
-0.122141376541878
-0.0754239975892483
-0.0225882540159713
-0.0347985073525546
-0.0604193295303452
-0.187227542001502
-0.110930118186596
-0.043335703539589
-0.15443186221637
-0.140729637545522
-0.142807743244968
-0.0886048374617619
0.147332603664186
0.0943081253076261
-0.129115128836865
6.55522124223238e-06
-0.0282168185807815
0.0636356353553418
0.124700751184613
-0.034447617554829
-0.0678455526289882
0.028491520392956
0.090111316668158
0.00456675806359351
-0.00744205728447611
-0.0310794846629452
0.0171077733155788
0.0488360590305291
-0.0899315201320753
-0.0790750543618902
-0.0217312089333764
-0.00261340371547253
0.0342592487669839
-0.134987255998964
0.103123525787098
-0.0406274761896152
0.053436777379073
-0.00645056514597481
0.0285908578962934
-0.0809005302369741
-0.0472742699684786
-0.00243725854119951
0.139778161456844
0.0568625200012052
-0.0486605443181841
-0.106396999190533
0.211589683599724
-0.0249684920212996
-0.0201492505011749
0.0784883776171507
0.129052515905795
-0.0248930010997753
-0.0450432706914526
-0.0746150347450557
-0.00179931939722235
0.151979435241915
0.0489872923939162
0.155736684050377
0.052749551883013
-0.0332061613456763
0.203574059758421
0.122443081395448
-0.0571062342851294
-0.0813966768602536
-0.0455284565508074
-0.0847474868135383
0.0363944036105212
0.105591064139858
0.177453321756827
0.134860714033859
0.0501814439577452
0.0819267627625117
0.0504786312008675
0.0471828730881323
0.122712193683363
0.354268231117772
0.112682510857164
0.0775680824490742
-0.036876945363683
0.070253730899204
0.0949972897150302
0.127372724259723
0.165655551302544
-0.0117702707734739
0.0752366430685898
0.211058765566459
0.0662589438026413
-0.015846010450828
0.114564684690035
0.0418601937340796
0.120996685679619
0.0757570422367063
0.112249113442074
0.157505947845429
0.0689306903184913
0.0686675530224649
0.093955388649919
0.0365096324894934
0.12500684093326
0.112269667689751
0.14400066067866
0.203224831323641
-0.0545327012314817
0.0742516933768056
0.171540834135812
0.231528788091027
0.0449134134068571
0.0289281428268392
0.186905623511999
-0.0283253214907477
0.200077265493566
0.0145783280506602
0.238152221263689
0.201277957686645
0.136070119604393
0.118494314216076
0.0873417646024771
0.259328624848391
0.0543832374837511
0.222192199158187
0.0242741424337322
0.245257497427684
0.232738724969611
0.116880972869699
0.0984588186386088
0.323104939820515
0.23620027088214
0.254214473683258
0.177553034659986
0.0799662996702453
0.0696254320002643
0.110462677969506
0.0329049295642502
0.264688022845703
0.286578823680382
-0.0324633930725464
0.260655695698141
0.288055487108987
0.246669970575786
0.242875073389857
0.223631199800389
0.128278286129017
0.163215664536047
0.268826195171437
0.0788975862303829
0.317342610642703
0.297859506973916
0.173077848667788
0.223492555592123
0.241045411272708
0.26173750708836
0.300794657031465
0.105627957519491
0.205986653926119
0.278456369371643
0.238394445495201
0.391408013160595
0.264887291690597
0.242224390947275
0.268566719629698
0.243258299832337
0.1526051386473
0.264411928244679
0.302981500386873
0.0586447390742606
0.20203270248994
0.239804408765345
0.405191797940933
0.178461755653296
0.35883143440977
0.368289368118335
0.282243865367275
0.144736849522524
0.29031762965103
0.252195590104451
0.326004568124097
0.178658293237994
0.393826024315581
0.422582174467457
0.271785498085284
0.253624467934533
0.266388802503011
0.220106046156938
0.392453488525304
0.445354467952357
0.329222972017631
0.180267284307692
0.136451557588832
0.46098807599349
0.303487041553151
0.221265248878982
0.329123175909763
0.262855088383686
0.400798738652656
0.265262947494295
0.284415264799642
0.248628653602478
0.249343328341889
0.374508105422479
0.29367396844157
0.469164707783567
0.302740320269386
0.368086735753674
0.366022964834207
0.387846039206599
0.299617440015728
0.254687412870317
0.412672737806139
0.328677818637458
0.461695201780365
0.318033616563822
0.448302490621662
0.328534072391703
0.27806216944651
0.350806547733477
0.467124872776129
0.439162921228799
0.42148495114257
0.362582511303565
0.350895307500289
0.311240795231281
0.176973374852377
0.427545500523134
0.200547791931628
0.229903079520818
0.431020709858039
0.441813191175726
0.410016021287183
0.364362489519497
0.346437586056739
0.327755395680287
0.368798287750725
0.359218309010476
0.330133136611724
0.343915717138085
0.379624165900309
0.329907674560104
0.290401245272344
0.36363631631591
0.458552622636233
0.364845241418236
0.413207411953805
0.307993961823252
0.346252425603489
0.285265134230486
0.220134897172758
0.565120795311332
0.469198702525937
0.329868110180826
0.427555140073969
0.520047013815642
0.430872383260137
0.475856275940536
0.331886693458222
0.355139441028439
0.394897502042445
0.352006340311342
0.317282612334328
0.407382679445077
0.30393940215732
0.444536005375976
0.502472144164132
0.460576739986815
0.451945317192194
0.473703498562241
0.557856318560249
0.453803644762883
0.503891449800143
0.411834629824691
0.631018859561041
0.355020179601956
0.5395633254699
0.415084122092494
0.422490268908627
0.505316577913472
0.423030176963762
0.564283856370782
0.517176094959924
0.318905452973302
0.366833959766235
0.413429804517307
0.390067503951403
0.592246705925395
0.633803287483751
0.68545814916573
0.454353251369708
0.479708683414305
0.599082051929685
0.518809323116948
0.431343344955632
0.469918549038394
0.476278910510923
0.548463217937009
0.470506192247821
0.635586596152329
0.357844775195548
0.615212989531826
0.586235432075188
0.448848049932903
0.658781195027069
0.57151413631447
0.595313047389022
0.645313989545775
0.521760827022059
0.464393153725098
0.467009610905959
0.606881385722599
0.485857391186153
0.477501046633186
0.602723269972621
0.570409024347645
0.526593836553924
0.585449893997892
0.5032481141552
0.738145691193991
0.697171769245291
0.398387223788305
0.465590319415696
0.566839557292459
0.574015825503468
0.485789011668053
0.376302713079689
0.454090268365321
0.540966123861799
0.59899201552703
0.593954032371701
0.421884132387516
0.705635253572781
0.637294160707486
0.578696622655849
0.578510072164713
0.674503505022409
0.440704900424614
0.358122084112021
0.533485140134608
0.518470364009256
0.53861758213541
0.488108784920893
0.439775569220935
0.581154149684843
0.576768155065075
0.832122207560498
0.666119962057839
0.601343464792834
0.633836735832436
0.700836898917457
0.64056130247625
0.651239785771851
0.65466274499682
0.568307720336674
0.586423014624911
0.586421309474191
0.67157018839009
0.515458976823845
0.678581019343886
0.695139512861786
0.69113892128802
0.756702058504045
0.584280154229072
0.695257826146336
0.625847659054941
0.660490941309802
0.589357026235843
0.7377818841238
0.833374265441093
0.809875021356387
0.645294124981124
0.610592616243607
0.676052649489976
0.819254028337133
0.667123604607025
0.715207189462893
0.68905294738147
0.672703442970592
0.554860138875363
0.574386369740722
0.644549302815368
0.567199948241412
0.810654336706078
0.587896226162944
0.639720874111008
0.497861039640787
0.617521790055553
0.646919798055761
0.51657521673832
0.676694061193517
0.647700466047067
0.736708981054015
0.601864534492249
0.729233113507186
0.664695431445123
0.547648799950536
0.620397164324308
0.74308653771602
0.797460859745376
0.831565260610972
0.718249431270672
0.726810152217748
0.772284002986694
0.633799436454803
0.610400136848603
0.766582070311107
0.732345735047071
0.732834196820245
0.767897925640187
0.811261859596346
0.703913443854912
0.80526222704232
0.802043874394853
0.665983818111688
0.630011845619807
0.657151083134754
0.712358277897858
0.844851725445316
0.845205057496811
0.589658994840065
0.718495098931859
0.874561723856038
0.784210922677591
0.82542747993906
0.655172026824712
0.871432746806671
0.770491974863926
0.793517035982981
0.753361439739518
0.79675618502836
0.914910122751109
0.675317359157743
0.847249439469638
0.802000347863782
0.798828710758438
0.722375924383072
0.768601131109847
0.876736736447516
0.793318698276481
0.797634506918749
0.780664612411705
0.792640867512567
0.751285125389717
0.78160046695014
0.836752397742268
0.713223108324224
0.596963436663673
0.963254369434188
0.687273608805427
0.884005508647859
0.873707249551894
0.870543214908883
0.701644348704944
0.836508459894653
0.91678025839997
0.726568141265045
0.797920847183266
0.815733761822361
0.910188443731871
1.00993390858396
0.868695128133916
0.638375284385747
0.78109378269616
0.804284748462762
0.880923876313499
0.808886972964904
0.847404139648359
0.842145944171889
0.833034641336346
0.703549507377111
0.893689300820239
0.827378801011585
0.965719098389802
0.901518215929085
0.731641965715966
0.963786068259956
0.842673671654628
0.821642251837606
0.71634534325316
0.848904783369273
0.785548471419577
0.869877389822318
0.935181304478373
0.869140827431723
1.06429739873033
0.86888602183777
0.885429114567267
0.707719362253361
0.963212338474124
0.952919379763507
0.947111944133663
0.844234337883323
0.930999502997275
0.872656774832969
0.804758322322424
0.826082602309287
1.03915001293041
0.952165318147554
0.865482532063692
0.913097691445101
0.894924464209464
0.900780809477571
0.947022583609194
0.933597207243723
1.02408860906076
0.990041792866407
0.912458098861499
0.784042125353102
0.82458972837006
0.901611792655997
0.98723056514537
0.925276921372325
1.01298767124386
1.02659112525849
1.00030467151685
0.900419375047372
0.828763938604345
0.896406759209386
1.02116919912304
0.851949197165413
0.928277309146255
0.954937967171405
0.900128818854761
0.845235295444871
1.08478056497844
0.917432081817654
0.764240337708608
0.889068765971399
0.88602707050272
1.00370589854581
1.01386394055585
1.04312040170638
0.939120252533371
1.04947218789342
1.09405277975137
0.968393673559845
1.03434337860491
0.979096555515462
1.06903893330613
0.987199291566488
1.0343454826142
1.00077070113261
0.952133156839999
0.967941385107602
1.12708697996303
