"x"
-0.924726831920736
-1.00619930084168
-1.14062767377701
-1.10575983685698
-1.06490071613789
-1.02030056300447
-0.920287808670539
-0.911872443634097
-1.05711687561117
-0.94516431696847
-0.93580965749544
-1.09036166202763
-0.950139295894734
-0.856501154344774
-0.808493092172522
-1.03865385456825
-1.09101916402788
-0.903692541900833
-1.01155262464618
-0.81273854007703
-0.81755018795771
-0.879290257821892
-0.966426278303792
-0.959244139472034
-0.836863750507647
-1.10639110573819
-0.974708428984631
-1.10491209395182
-0.948319101257652
-1.02453967323014
-0.925455285247269
-0.886065508705784
-0.955246655746711
-1.01020470482098
-0.883093725595327
-1.00208775457484
-0.889911871679414
-1.05810148853903
-0.847690625481643
-0.925099516856097
-0.953241540844106
-1.05781697846875
-0.982744058705029
-0.949833431120197
-0.897155753225031
-0.940163775564872
-0.909953778471016
-0.6896975917918
-0.886036565400438
-0.965351398902592
-0.995603143774179
-0.892124897977748
-0.823131155423266
-0.810364714436597
-0.923922184647816
-0.917188766303801
-0.839499375901719
-0.901005307067239
-0.893999796177888
-0.790852527753564
-0.867742137808021
-1.0522690641901
-0.90042273879351
-0.826919801675691
-0.899887856027521
-0.868937888109611
-0.79994807997226
-0.880196764086329
-0.840316280974574
-0.977801358720921
-0.700986407747622
-0.730424879933886
-1.00767068449509
-0.905190455923116
-0.802092276184697
-0.859687564255207
-0.962603931952615
-0.742628179546024
-0.888733933549053
-0.784255971179694
-0.818325561603987
-0.760778523913911
-0.972711213030418
-0.761596467879343
-1.02742846366974
-0.812109388407146
-0.980862073601226
-0.837579877557018
-0.757248124687865
-0.717328310623641
-0.78342396101443
-0.8289570911969
-0.808411733075495
-0.82997998049578
-0.782059751087511
-0.799906947733221
-0.780643491795105
-0.68745270577529
-0.898336500852802
-0.715670622470407
-0.761338224709898
-0.827507645521279
-0.607971607092768
-0.672640932732204
-0.753175047347342
-0.788103948885894
-0.726362904020594
-0.6947924958903
-0.821907927832558
-0.75723878462941
-0.589942525972302
-0.823405654063943
-0.831980880141868
-0.771772507026235
-0.856932177048752
-0.85298133531442
-0.748073893254149
-0.750595470251661
-0.583133847393764
-0.774454301620913
-0.636381962001999
-0.897770279071897
-0.812231776426414
-0.847398949828863
-0.870562213999451
-0.672619917449755
-0.845958246570734
-0.744657167201728
-0.81863863412829
-0.681028847311926
-0.68999282325829
-0.720869717304135
-0.663228977509877
-0.829076634629414
-0.729970854033244
-0.75917742158518
-0.674714633131513
-0.782879153677133
-0.658496153252885
-0.629451857914509
-0.632735787524899
-0.571980923583009
-0.901386747568372
-0.557166408328962
-0.686285410285674
-0.771146868579907
-0.75561359791238
-0.694423040172194
-0.665001686875711
-0.649496081233152
-0.573466576918881
-0.589702526863181
-0.64123333583902
-0.768571360241145
-0.73398505458732
-0.638817346815814
-0.70422923570299
-0.614186510263532
-0.680775831798517
-0.674272074146194
-0.788430104074276
-0.616735822171148
-0.659844681878289
-0.560955891491519
-0.588939873372528
-0.734338472602027
-0.739833126889548
-0.623757220755357
-0.761677863192481
-0.728508250233043
-0.583032187520037
-0.619604852292505
-0.544932699366099
-0.693931928123299
-0.699315076569294
-0.623375513408102
-0.711188299095645
-0.613558021865148
-0.812732273551541
-0.643108433721139
-0.718508614176328
-0.618858432440333
-0.661967823555111
-0.67581697141084
-0.693359367690051
-0.60919176912016
-0.614925213182646
-0.586357867036551
-0.630399178918504
-0.756269431864266
-0.618986699772586
-0.736886092910898
-0.503880443576807
-0.622120660972151
-0.649322273506628
-0.58731747859548
-0.674180001059248
-0.564570899348947
-0.622857408525326
-0.69713640476856
-0.713760640023024
-0.520034205762533
-0.546155220611233
-0.529240821204127
-0.678913760341201
-0.636121830202809
-0.388366928014427
-0.598990569209487
-0.457195941565279
-0.301671591303514
-0.521390044751496
-0.523239052906568
-0.668972981373248
-0.504383540616125
-0.632495518011817
-0.534020657752353
-0.355891168492625
-0.526933609850756
-0.705185191296083
-0.72552746255586
-0.629784271110034
-0.596197912329889
-0.415735002806103
-0.800064365641442
-0.715639979245046
-0.613628828103007
-0.443603977221422
-0.495933274653875
-0.373322130251179
-0.572641900579334
-0.658774848619215
-0.66033026644162
-0.592361490146073
-0.583473773488678
-0.523838329588791
-0.443258916083538
-0.732381009942849
-0.450799045690982
-0.546593707833452
-0.489353647763732
-0.524186842471277
-0.582500495666419
-0.486429112336427
-0.600094710788313
-0.584795334903368
-0.351893380785322
-0.52247518862554
-0.422485628997927
-0.435412402428956
-0.658656717147341
-0.388824377425295
-0.473492644351694
-0.425375104180834
-0.375277855798133
-0.607244850635369
-0.457035586636755
-0.501199586327191
-0.481187564293253
-0.477855703249192
-0.374176928220605
-0.587151970417028
-0.529221477704224
-0.245894830939498
-0.552359156307239
-0.624788658861663
-0.572003698337084
-0.411886844456177
-0.525409028983438
-0.533965135632656
-0.464748044639601
-0.474832527834968
-0.338042084799504
-0.403234416173311
-0.4012558192607
-0.441906577116954
-0.650653356217114
-0.462444749697921
-0.47937077467468
-0.436148272017123
-0.456090096739758
-0.424245044535062
-0.445171814210711
-0.48380812662098
-0.420957184446637
-0.466140204219019
-0.483616422987142
-0.368436690844968
-0.428641324562286
-0.370191788392712
-0.623425287151435
-0.470301296619971
-0.399120917305221
-0.584659557768598
-0.454956681422134
-0.387974937412611
-0.458683475899145
-0.440041181651004
-0.452061596150219
-0.311481740794294
-0.541465700566809
-0.465918951974568
-0.440613670032196
-0.341811650701859
-0.408138148605379
-0.246110240844181
-0.370988789798157
-0.542226233687004
-0.190100195033593
-0.322538821109011
-0.347466902740788
-0.334599778493924
-0.332154408968532
-0.401170139487879
-0.247315752836506
-0.398571869720203
-0.346607852020219
-0.33388994451679
-0.176722586447693
-0.455787897785027
-0.399232526778675
-0.314143312844938
-0.358554870444951
-0.317141954994223
-0.417398259053579
-0.413916830133967
-0.411358055063331
-0.191376264329542
-0.30609280968809
-0.377402474429439
-0.473862129040007
-0.197172317622889
-0.224680069812231
-0.28898160928087
-0.278213954804022
-0.306688117555477
-0.349042789833827
-0.299071735158995
-0.254342444748594
-0.322511263210383
-0.232075679516223
-0.306987147096783
-0.247876665346743
-0.338678756752549
-0.191341254999026
-0.365563812769264
-0.356094529220814
-0.287526687908932
-0.367600569724855
-0.280592703430887
-0.391724592055653
-0.197360303847865
-0.312215992474736
-0.29823600598066
-0.171442829504518
-0.416694187742972
-0.314817390436427
-0.255263382524048
-0.326397486350012
-0.24356265411865
-0.2545785107963
-0.274628334617766
-0.352699372923621
-0.286770458199193
-0.11399032071034
-0.206644602420807
-0.279716812039767
-0.29664030254182
-0.231037754513636
-0.217741435742588
-0.272517983699123
-0.228241953886368
-0.269771069958229
-0.139953188344155
-0.148200268779031
-0.273388371221952
-0.263683638093602
-0.179412301626238
-0.336379437382235
-0.166324121023661
-0.235271239828368
-0.246022094995014
-0.309720737394638
-0.143774497826284
-0.199526887550118
-0.19152851782955
-0.260218396553525
-0.277810438766288
-0.252187203051562
-0.27621079791908
-0.163337364256007
-0.258425626921664
-0.158013101860677
-0.226094172992089
-0.268912977919674
-0.266809840332877
-0.245932691200541
-0.0461329378534373
-0.315726735516562
-0.240188833092127
-0.0292794710119341
-0.142644809231161
-0.299765782362432
-0.0757236332029022
-0.159768666844286
-0.285993702565554
-0.269577386028883
-0.00457861564343807
-0.326278442881213
-0.229324683523031
-0.0908448482972933
-0.198068059697653
-0.105607380220705
-0.193130955587
-0.184748052016273
-0.114423494113217
-0.120433503256633
0.0966931264958267
-0.0396881450955828
-0.0734563601593161
-0.16771730125104
-0.145763018775581
-0.147544655760952
-0.148400771070927
-0.139549804362085
-0.114658206302353
-0.210711200726046
0.000848307515450275
-0.0496524500854075
-0.0445067325904401
-0.185641848858502
-0.236641609118853
-0.169987491151078
-0.0798550539033608
-0.0804212263817306
-0.134939664559735
-0.119669705172714
0.041207504435246
-0.0534842539059051
-0.126595761430451
-0.107715868086185
-0.120157654966226
-0.216022860692791
-0.261447219232906
-0.210667138667986
-0.157396168575096
-0.211223199243093
-0.162289063106864
-0.276712547648306
-0.205426289129755
-0.117383040007087
0.08384361449479
-0.0669799901672526
-0.0120876593703341
-0.13654708333587
-0.0395041476361203
-0.133809693716621
0.00933765416287185
-0.113224652642383
-0.141471084053605
-0.152042028565788
-0.0685820645174824
-0.0134899112143315
-0.0811426722771069
-0.0687001075742179
-0.152618929526059
-0.178128927308308
-0.140510664875027
-0.0247354255670883
-0.0347271139268047
-0.00409968050582298
-0.0925630895766145
-0.100964468868408
-0.0461062608940526
-0.00329732748592448
-0.343796021741942
-0.157553776534753
-0.240567366654248
0.0202764962637729
-0.0687512721233659
-0.038722537163852
-0.00902274185006933
-0.0977664502371181
0.0621357795412443
0.0121802579067544
-0.0429995124791014
-0.0283763770395878
-0.178567278835777
-0.0249755587183777
-0.0893206532391277
-0.15786407430451
0.00489539802954383
0.0993946892080828
-0.00454820062701794
-0.151165505685599
0.0830531587051264
-0.122715097693554
-0.183343745200366
0.0314030358074026
0.00926622175636412
0.0231560447328135
-0.0510256466588936
-0.03781380488811
0.0173652684374716
-0.00997633489712278
-0.0702217090629504
0.221589402321732
-0.149941090678916
-0.0350181171195793
-0.0433517839170203
0.0664004003966739
0.0519686204840771
-0.0468337455708703
0.00090770069672305
-0.131143431203753
-0.0340649535037918
-0.00904306067108578
0.0702199375022832
-0.0289830586594377
0.00656100270337524
0.192412134429782
-0.0837588178882403
-0.00837281081866019
0.0148667946902899
-0.0656742737376692
0.00829210376204825
-0.0442192514625671
0.191581419426086
0.0972704972296342
0.0764844303045673
0.207059364510766
0.0320928244859429
0.0287555284356586
0.142133330495209
0.141715292314695
0.0998715389718068
0.206380177172156
0.106832261442363
0.0681804676420953
0.184106613403591
0.13674800406977
-0.0569401556097326
0.122333138343768
0.0804962999074698
0.0460853265613414
0.00781827628514526
0.0959610286293684
0.0720695883011839
0.130385286848403
-0.00935540798400671
0.078291119617474
-0.0168342084662889
0.181512309131956
0.09695269611078
0.12281028694434
0.201626912730433
0.0578442817531177
0.131448976758933
0.147255971408872
0.132525040653287
0.208484982764694
-0.00860234033633328
0.0119494732071585
0.054492440308735
0.0534047315803929
0.378468291683942
0.255232294152245
0.239796754292692
0.0307499333374201
0.173986210320421
0.00221598617782216
0.129620099840573
0.255140764981503
-0.0148121085306413
-0.0149290496276214
0.103714314647103
0.181084049989008
0.162342590394418
0.150262620555832
0.211260668001464
0.243357290397571
0.17774402899453
0.229093120027617
0.0818827566704527
0.200761644066315
0.0982881582808435
-0.0210723534594434
0.0989297311120924
0.0875636512513678
0.187393457220342
0.275346850434688
0.228838858666727
0.194935770456364
0.280809112867803
0.183860360714391
0.171585773950554
0.184649974009674
0.240893638972755
0.207620920132013
0.132247736772183
0.0986765295794103
0.214771857398699
0.224822814765394
0.205039618135849
0.369145180820349
0.246903888192507
0.00894813891603073
0.234385758441437
0.203542828523973
0.371720217331521
0.156037538976534
0.250994013414995
0.271660115365984
0.160193202584162
0.370579509622682
0.269744424202504
0.220561937679367
0.240469973107685
0.141590704965184
0.294893234219593
0.440921479723124
0.358709738503353
0.15885278270408
0.284274376801889
0.252896006521263
0.318433464026377
0.294852930108906
0.375187257691714
0.16562395571357
0.321965451417249
0.325769764561281
0.187236422883997
0.185247317345045
0.260164632109426
0.34669650252458
0.247889913591415
0.426129914069957
0.284361528041894
0.450038548646885
0.247688644165763
0.26925472917977
0.285480612313983
0.283528876210161
0.194920042478331
0.253077071231651
0.193917770917182
0.365230159555914
0.406056699294182
0.361958628643776
0.246672370848677
0.449232367421615
0.506599352289262
0.40520254204967
0.364283960224165
0.358642978999147
0.0798255795835873
0.353112562611569
0.387311961477796
0.191902325343619
0.416545405023305
0.33436369382391
0.348848247668847
0.401714648043019
0.337101953581364
0.434393638576259
0.280643308150377
0.34864490918766
0.322371025141178
0.320310101336026
0.394835523150595
0.304738583548812
0.369471951320898
0.375498220599871
0.253485463557623
0.429502760642055
0.338894514939176
0.271955839457494
0.315164610344116
0.332554959637245
0.393211125528856
0.469261754702501
0.305033993203414
0.373320762178562
0.353363903610709
0.497421585251693
0.435616085614168
0.400751880025475
0.372834400238828
0.410235497928442
0.37201389036911
0.370658089121982
0.472021958393771
0.297650394456065
0.485112241249528
0.388579854635688
0.407519842443834
0.362847734350768
0.372676917489995
0.486657125624973
0.431484606311452
0.502892860785805
0.339098654192164
0.271877795627908
0.371165581978934
0.624008973107317
0.368291984995567
0.579967758781238
0.345030164185493
0.298219863401209
0.32657077683478
0.441825494174049
0.414851804030734
0.39867680911309
0.345057673775232
0.459129934690205
0.474469018992232
0.649798821028383
0.473814668732995
0.498246278617792
0.472776736764053
0.378467226591292
0.495080757355868
0.440217734474084
0.34563680626724
0.552822407383201
0.624661828471639
0.265592006602021
0.515650930718442
0.452402698385787
0.603452747767971
0.329214258669827
0.412767345049275
0.534435137114093
0.439906890687649
0.502408471195445
0.508581943312647
0.383957149416627
0.555705825419345
0.523133475006379
0.531111257245731
0.270918406166673
0.432167163622316
0.426192433100708
0.357996464730028
0.569999602533291
0.418897113106055
0.484537113043118
0.551853940292666
0.426493745303034
0.345555796909106
0.566595297813066
0.461854967654661
0.402577979831648
0.543380509660188
0.497671762483706
0.481876180362238
0.345114620802056
0.461267869495211
0.575536506338437
0.490179983353231
0.540404202466918
0.513599637099318
0.448541987290481
0.471503853935372
0.571848370881667
0.429423706614839
0.553911650200152
0.556076411609011
0.570085398039908
0.496506943825998
0.477288466099071
0.477004712717232
0.412869024911502
0.536856308921264
0.560664407657693
0.650687099128388
0.655586541745604
0.565433353802906
0.363289768192613
0.575403907526866
0.508022085229575
0.606472663905956
0.486800562084716
0.487443105428645
0.60795075237431
0.597317448865038
0.433168090302178
0.57598065732499
0.512793740273519
0.62283493623548
0.552953711184613
0.463486509584351
0.733665814827242
0.615512795937056
0.623633978396395
0.576832073992251
0.633974185887801
0.525216692569214
0.613852555523645
0.458185271923559
0.663946308252899
0.553545921632494
0.574269685743179
0.651861325008281
0.801416228168085
0.621492260520826
0.706597014200527
0.573358114718196
0.570826110080629
0.665298180179708
0.655631285910593
0.761436181154423
0.706429520489101
0.590762424204771
0.647943340132694
0.697492056342238
0.514580020314711
0.630573244782585
0.552614273877818
0.598268922484298
0.537748533593494
0.539604345051295
0.62398798620362
0.504495022022298
0.646230702938967
0.772243093826596
0.571420561829768
0.720640400540492
0.758689370010281
0.693620959735082
0.678213632542506
0.618633187024219
0.598214708757666
0.68110484747385
0.799618813808315
0.643933264554435
0.554986396891689
0.695258120959895
0.57519340018468
0.503269726495373
0.661789507657675
0.60026753351761
0.762052436983086
0.705393491263917
0.602071264983299
0.528977345793341
0.604008511323969
0.710621558589279
0.694536958156516
0.7491288250417
0.668603141633624
0.739431677189962
0.857123016829018
0.820106203629544
0.563790842499771
0.792364998693909
0.725349246978368
0.795296172102834
0.674645426922042
0.716791665429979
0.774851940760708
0.737002388565927
0.756477354186698
0.740111584799376
0.67895453795507
0.726353379965628
0.77559761141429
0.705169476994621
0.709198495396858
0.73871510254428
0.653281865181048
0.707312546903498
0.753915682540352
0.675973160264106
0.694081853089373
0.632776100894181
0.836887251200138
0.698198799654411
0.645406688723616
0.74201823471263
0.592602259396316
0.672103707063083
0.747828626912002
0.712047070156258
0.778426384730312
0.627435643516143
0.646894879377244
0.63960366463377
0.790370141032791
0.724701924125581
0.867112191116461
0.800071684026766
0.762241619719254
0.87701924631628
0.685318762066646
0.720623637647744
0.781061036466142
0.771410947724978
0.792236728587206
0.882414276822406
0.768955648520994
0.812756401055109
0.75036956985176
0.813684947105751
0.999515937945084
0.923996519081516
0.858325214433524
0.824451778322193
0.954823335547875
0.778040057832879
0.805597745179373
0.814809349338531
0.806115742465981
0.928688290001539
0.788617195253965
0.797918013892022
0.826395591860161
1.02607107759441
0.637470510076995
0.813055813855582
0.792898500631502
0.891643396846086
0.791929085101054
0.820804355812884
0.782186056062999
0.944383059895667
0.606058933860779
0.945822732493175
0.865769130935963
0.66995840804357
0.911827096021988
0.918444964311445
0.955942499275608
0.871098822415923
0.960855616401557
0.796491354259044
0.805487324338656
0.883193243143727
0.97053078487638
0.910907182778755
0.838721099975144
0.999577621790977
0.842882597651282
0.783570573083918
0.96289430839991
0.941760585799549
0.79928818395594
0.836993142260482
0.885305876409273
0.969972863010735
0.935399255354575
1.00026115766558
0.999164160157267
1.01838750191031
0.93810916106321
0.815726740587951
0.891139550441302
0.97596335339826
1.06134505559442
0.944823058314206
0.930678060860826
0.991589589185318
0.924848621518541
1.00123950493653
1.07028039546329
0.91124762786149
0.905440612626769
0.842883146720155
1.02972042577883
0.96700972017988
0.933086022200573
0.880047766027007
1.08470292534708
0.978441355555179
0.961729259745723
0.924430511778999
0.944441040450889
0.885049330949976
0.917897229034704
1.03958469713927
1.02776216454828
0.826917957418236
1.05480533505162
0.988178156514799
0.795688523627604
0.913722036740991
0.931602935596224
1.10506311392321
0.960263176433563
1.07923612201908
1.03478651631005
0.89777517956556
0.790751097427607
0.992638327755926
1.09955688561927
1.1471711736473
1.07359946635965
0.931019667687274
1.07040739408837
1.03574084872829
0.998103684941244
