"x"
-1.10766139813765
-1.02080192646773
-1.04440321461606
-1.02624647825071
-0.929568906258605
-1.02271335046375
-0.895496304276262
-0.966835233210145
-1.10398603457051
-1.08249651378488
-1.00784046023531
-0.966507862075767
-0.912462535483028
-1.0489253892276
-0.867760221595821
-0.98904002467069
-0.913705088127101
-1.01083833286502
-1.02170500945189
-0.904646770362222
-1.09916704212155
-0.979187619420218
-0.894973303250666
-0.843220124926773
-1.0134265407304
-0.911930313312449
-0.899702407699672
-1.02785947326556
-0.971264199865038
-0.921166373925514
-1.05769258323618
-0.866651626815149
-0.886327114817604
-0.808953020143988
-0.848906755493914
-0.886495491173087
-0.794014555364728
-0.912551871632697
-0.896210594766378
-0.962097369901158
-0.891900059601896
-1.07673420023189
-1.09651045097277
-0.947593047177426
-0.866119338177625
-0.931030626720672
-0.999881291940842
-0.872520203814258
-0.787395035598854
-0.874187940492727
-0.88482472554326
-0.879473413588587
-0.836987872743423
-0.841991507536606
-0.870759092212237
-0.850181386580227
-0.906554641771461
-0.83263032646327
-0.978203251775399
-0.947371449909863
-0.8438421205359
-0.865894135859597
-0.896557489470191
-0.840476016285211
-0.872864015475793
-0.94756113612632
-0.908287845956663
-0.834539250632245
-0.903125753880743
-1.03970962557629
-0.958190696032835
-0.909121427039879
-0.960571768345727
-0.786969104741197
-0.855644113443275
-0.873615882132611
-0.897957167046739
-0.891163597269282
-0.859029892986309
-0.676110941059917
-0.89689235904872
-0.837566090656443
-0.830888579445884
-0.853179053407353
-0.90579272572544
-0.831421806348936
-0.791543957645775
-0.907138925632363
-0.778191163175702
-0.93035166779562
-0.795253483769417
-0.723543099699966
-0.857521991481136
-0.824059299731245
-0.778070784016632
-0.872493849808289
-0.837701105727398
-0.71037148679681
-0.784072351904853
-0.709995862558594
-0.853197062867877
-0.74238289745235
-0.737377970393476
-0.710124302200335
-0.722993320536854
-0.908566150391109
-0.614914901277805
-0.711331028435646
-0.72368625515172
-0.798567806926909
-0.822622197121777
-0.862236798450616
-0.77150743804445
-0.817811698524345
-0.856602740100463
-0.823327251639944
-0.900368361335274
-0.592266095300125
-0.791727241840046
-0.750172761155325
-0.753424545832301
-0.891702375875709
-0.826540173056026
-0.606075362832658
-0.478911395787074
-0.669869790596514
-0.696528321254922
-0.729143090328669
-0.756182848725714
-0.813568607302724
-0.748944720624553
-0.738683849813161
-0.740287277718756
-0.701210581926561
-0.658520897573551
-0.813214502344637
-0.803800917380808
-0.847598324397199
-0.567434400688624
-0.698062922968081
-0.654903260120471
-0.737838710980251
-0.686018742096698
-0.683659865461034
-0.627842569184701
-0.750101917685112
-0.789925477106021
-0.745193624715815
-0.654360033157239
-0.579653057002227
-0.563586836692776
-0.644627999592579
-0.66450107815495
-0.606602135021913
-0.731283647313562
-0.676682052967671
-0.837529714434843
-0.75701809131705
-0.584354213823568
-0.666833201296992
-0.699023926735213
-0.684067748698475
-0.793046551298907
-0.804377602043751
-0.719885945620604
-0.809756278736682
-0.606596162960954
-0.556432667746391
-0.670164838206902
-0.521393087183552
-0.645174983273026
-0.632977448238857
-0.644682957303247
-0.603798148296374
-0.633263032300542
-0.640277436968579
-0.531942808944484
-0.596681944574458
-0.550411405990966
-0.748172483689435
-0.684187856627363
-0.67868302336842
-0.643550031533068
-0.591269615566989
-0.572943833350465
-0.589911798220768
-0.638049004978331
-0.691821331181485
-0.538962764340305
-0.683294377072017
-0.609388824237963
-0.604091554207527
-0.605971358834976
-0.468738073800753
-0.605050826870666
-0.639105314042976
-0.609962895004155
-0.645192002121975
-0.668442428518154
-0.535490840948767
-0.584603219362099
-0.574451840737257
-0.653003475621606
-0.61894648192368
-0.479571549184828
-0.644031417468511
-0.5352175438565
-0.567814638712405
-0.433069211310005
-0.542185562336692
-0.606256908068901
-0.526016001425136
-0.442374678665437
-0.48796046118239
-0.560638114384991
-0.489778333299112
-0.362367502721241
-0.539826908430446
-0.559123692587703
-0.484618520496204
-0.582608774395898
-0.553021310212037
-0.69769211172476
-0.536444134401128
-0.571222376710729
-0.421010320238637
-0.460077756448215
-0.672733685705972
-0.444097042193467
-0.552219068704338
-0.552433036270767
-0.595767089571005
-0.452662506513747
-0.57347176619933
-0.556281079487184
-0.518427381068376
-0.376629269064348
-0.431045347811678
-0.536987724175641
-0.521406652935526
-0.485026371410832
-0.544665277197737
-0.676632458699934
-0.551262338394068
-0.440407804523325
-0.68022530066466
-0.302751675247578
-0.602094551558013
-0.478930094775087
-0.524180186838233
-0.391234494512908
-0.630288396876237
-0.302494832386738
-0.706063992307701
-0.598507048821479
-0.459299985941183
-0.467799861649489
-0.511442870223542
-0.46725021395025
-0.483241394945867
-0.41010884086356
-0.504520912374547
-0.461529252002831
-0.282519126114629
-0.508508803866321
-0.626428989114375
-0.46026494807496
-0.40805084623989
-0.479039840716227
-0.490828314758799
-0.295590393952521
-0.376104029964933
-0.551159736245163
-0.571364961490955
-0.352382977954291
-0.360201351950043
-0.366833072691255
-0.406823901794819
-0.589215685638186
-0.510718655122016
-0.549550177658336
-0.326416391496118
-0.542941181742264
-0.382918424045776
-0.337378830369568
-0.325932448915619
-0.344303228596305
-0.644802570818045
-0.388853798330063
-0.517120946942668
-0.649078429167516
-0.330943861559287
-0.56033403009965
-0.4529189547242
-0.430982843015551
-0.40803203243409
-0.408452977360132
-0.445027774220701
-0.427496129281555
-0.315663412179053
-0.341569736024232
-0.537287529071232
-0.417527619929936
-0.494500514060406
-0.508684842566685
-0.374753129919422
-0.359431336209864
-0.310979928705208
-0.445505331441801
-0.299564719353558
-0.451911434270275
-0.392910050128071
-0.367448367510326
-0.408779906120887
-0.332587008897963
-0.460533052658694
-0.194864721367435
-0.241241284455916
-0.298529060002775
-0.490061632211471
-0.336643362503022
-0.439253463360091
-0.410923179359452
-0.370232791400525
-0.461162905087156
-0.3195017754222
-0.234235817824607
-0.300165619034829
-0.393191795534808
-0.306370936139196
-0.328650369386906
-0.318712718460371
-0.299360158257837
-0.136055071048465
-0.400578198523618
-0.294534127558294
-0.330256962503544
-0.413076736995379
-0.54328130454186
-0.347628823518031
-0.420645722879681
-0.168974382100988
-0.304118580525564
-0.333259878971546
-0.192419250553781
-0.137848834443063
-0.348525808091513
-0.160471551626884
-0.385669008553766
-0.286424979095377
-0.290164657793577
-0.410153949423793
-0.0925583747985326
-0.215639402564836
-0.363176037813369
-0.320741906775065
-0.328202608910326
-0.333166730035955
-0.311594562911079
-0.327456624506571
-0.276761134441113
-0.421165354950199
0.0138486046755405
-0.408219152787091
-0.198977742019341
-0.329368934027949
-0.323940031902394
-0.0969349902365812
-0.368454563552101
-0.303527722023434
-0.28166420888557
-0.0988269394228863
-0.209306954037154
-0.143855593089713
-0.202790030802494
-0.194646766818864
-0.198473247589969
-0.241624612677092
-0.244135796716559
-0.457081568473345
-0.227155899891945
-0.304869436784294
-0.177368026856766
-0.0678688585935689
-0.329367573392279
-0.184939537019563
-0.35174294430246
-0.248194329780145
-0.283513252876696
-0.302819391714519
-0.272819576262979
-0.0660974802761888
-0.0940429224077996
-0.179406718814585
-0.265247130106687
-0.17639135142777
-0.272838324992008
-0.334300406471669
-0.206121221515532
-0.269236882364901
-0.175658331726315
-0.278880446960827
-0.150866002401346
-0.346067241033104
-0.181059567998123
-0.203661911838464
-0.271643117441432
-0.166399936947131
-0.205992949045217
-0.151622119868373
-0.166125700559164
-0.0813175365909871
-0.0322962466253204
-0.16410252317438
-0.132685599245125
-0.0256566864293708
-0.227266371270145
-0.23767335624186
-0.187367464132253
-0.212499058659832
-0.0720865632510058
-0.25423342727336
-0.148429981973451
-0.0799368084064804
-0.26246916466151
-0.209521556294248
-0.0737301282234497
-0.0514484340810753
-0.138255558842103
-0.147970938628879
-0.136198036571582
-0.1531969184554
-0.268523748806544
-0.111640522897658
-0.0863912455647333
-0.153097327493015
-0.201537894837939
0.0115729712331731
-0.211065005934865
-0.172832632507646
-0.102990084590158
-0.0872346228852597
-0.0386964150060676
-0.011481728303915
-0.152601754770887
-0.156636151831393
0.205476973191278
-0.00264106863878466
-0.0672707954212552
-0.299246807210351
-0.20350278260136
-0.231941342482062
-0.131711416148254
-0.163995542168116
-0.0936992462400199
-0.153233513261602
-0.0514909696523099
-0.104194169242621
-0.142130359460768
-0.110421578836088
-0.0590682197455791
-0.0180893143615351
-0.140084490166759
-0.145566761790866
-0.117957383507237
-0.00172327408375971
-0.0185536925335906
-0.0780487769543197
0.0089210969628401
-0.106011259324157
-0.0223978860516577
-0.0588423467262425
-0.157847909098304
0.0643757348728996
-0.0612701252028228
-0.111946309461382
-0.0398135288543828
-0.0548260738663479
0.033492132774175
-0.126379467279493
0.0544725772535235
0.137209102838688
-0.103533110271009
0.0991484902542042
-0.0650779226697027
-0.0174421857231161
-0.071762413283158
0.00526280786170053
-0.0631885430541269
-0.151670536200882
-0.0025008277054689
-0.0798150812678657
-0.046011530480453
-0.0124848639115101
0.114877516300541
0.0859570461190943
0.0114598718782775
-0.0876938981750094
-0.0420786646004301
-0.0998259254514209
0.00547922154530561
0.11823533099906
0.0012196872013061
-0.000485602266061807
-0.133210960002199
0.205706782172737
-0.0904921597938179
-0.173477289242664
0.0757981032848528
-0.000459017042332527
0.0412854371244923
0.0706154843775075
0.0469536482334658
0.00861457380413598
0.0246069601991911
0.0430363070459286
0.0895894546207173
0.135675101362979
0.0817760363207327
0.0485937317946443
0.0661931099236948
0.066087141291403
-0.115666667881572
0.205155764616109
0.0557831170665679
0.0227533252858984
0.14938828318536
0.105507834441712
0.0403015024579584
-0.0131971766237369
0.123230977809059
0.112814084539583
0.113844015733029
0.07280142393732
0.212824191100088
0.0204992870308309
0.0696005717391317
0.0174611275355795
0.146952555434697
0.156260020082513
0.0941978362987898
0.250033667447974
0.127764206839609
0.0316918551430657
0.0572106571746558
0.164674067222088
0.0807111266616926
0.049648923071285
-0.00153019761433298
0.0462352570087006
0.129635819951299
-0.0218480164821294
0.0993546169707355
0.00779241013515854
0.196271921394431
-0.0602790268196255
0.172431095122738
0.142353326358713
0.120693540416826
0.283008918178051
0.286262764824847
0.217490283813566
0.13619239668819
0.136944812817269
0.060195721962717
0.207529267770574
0.0643127362133105
0.0603957948723654
0.19357015295611
0.015858890601847
0.178046737662553
0.152060792870373
0.0555945866719742
0.138154520250743
0.177212878791599
0.0588017179172618
0.255528650655809
0.271408914342946
0.129753703917414
0.128594434158123
0.107334068795638
0.0885456951229744
0.217561555098853
0.182701378326512
0.159207352689938
0.244485388734127
0.0744495280324471
0.361349955467281
0.22039142901611
0.157303647934977
0.196935678930776
0.0999698111831486
0.186816303456281
0.263655079429776
0.0473795460065394
0.257758277996814
0.188419419713733
0.0391112415543637
0.175944409797084
0.110303228080451
0.237588548763769
0.148063874454465
0.286257849047526
0.273527026054431
0.136551484680186
0.390484626955013
0.290747563489289
0.0838869404676646
0.168994309539425
0.11438120472202
0.229873420887758
0.301078664699848
0.224052152824639
0.304842034269427
0.311056928651641
0.256202524938259
0.2764084752031
0.308689812068929
0.261964010427521
0.156816263807973
0.183394718005625
0.25440903123698
0.187911720166122
0.319161638944248
0.287956106134457
0.336369521413787
0.290583320663856
0.256905523799506
0.247512454177053
0.314992790433882
0.321501835036394
0.310118333416097
0.297495082197767
0.300168787309382
0.312702816994194
0.235088110114672
0.32182003513013
0.349492695153543
0.274021592090949
0.213799642003224
0.268352385842451
0.34822878984465
0.369346322824674
0.437309721834504
0.268879654091353
0.274135121205501
0.290330648717652
0.372599701852727
0.307768177973836
0.149479452019414
0.350526607191379
0.189648114426015
0.302775581946336
0.276144042543058
0.254484136215162
0.355665177704667
0.363875173059912
0.44381127173782
0.215440982098708
0.340350867816901
0.274016386197207
0.306575593284393
0.276740978446924
0.246507692918602
0.224414446522707
0.395714403705928
0.432164997766685
0.210829875370977
0.338555115892521
0.225349397481527
0.24690549391018
0.192692140791546
0.270130754197424
0.414850026871877
0.387600672715358
0.35268417911208
0.306898679701465
0.241887562364635
0.477274101876566
0.43205931578897
0.550006760237975
0.51275906659348
0.318776761457389
0.410895194864199
0.482502956626446
0.369940222040678
0.408688970585824
0.523081257509277
0.309667836039746
0.337221754139764
0.45886439951582
0.362336045058831
0.347691662112626
0.499337860590257
0.386804214866203
0.278567458863787
0.239100801772035
0.434589414304038
0.312184264103008
0.297721059234383
0.372951330750086
0.316655893990405
0.439125758835309
0.443538239900055
0.327371550165957
0.400025262102944
0.271655529297263
0.397647727842353
0.334865865990307
0.54150659003075
0.460493322752999
0.517562963740439
0.401937504489641
0.372625110428638
0.283635805150092
0.417272441201435
0.532260040445749
0.407632320088483
0.375769883568845
0.449694845264652
0.481603702679216
0.446517132615036
0.374571170047867
0.481050831393277
0.502960709894002
0.476483488083171
0.294752377433487
0.442593004732633
0.412644583077974
0.590489596376303
0.540854443162222
0.411229939339907
0.401329086580742
0.475162516002439
0.448608607612349
0.491524672118738
0.380480145356963
0.446118205242276
0.462895248465799
0.599918204121147
0.532545907831278
0.565577761096352
0.414348520537484
0.557733332546872
0.524298875763971
0.551684431888688
0.498708094807523
0.619924254049216
0.546552367525936
0.491537696901741
0.363521398098358
0.352018981027608
0.483548224337802
0.398612995600919
0.582114497099843
0.452095692664187
0.6021234877364
0.525510039059409
0.473814647810048
0.706324854249635
0.627355965170796
0.623967574497735
0.480375770097056
0.536000583511533
0.411971443264251
0.564227441039693
0.526792787591209
0.506477993456063
0.636649726798195
0.585162229687059
0.562724824899489
0.498832303415633
0.662342901020228
0.600012415004969
0.518618663491638
0.494013292430197
0.632442992882289
0.596267352226604
0.630611720891812
0.368059493572434
0.513891030596404
0.686421432145253
0.521991731898654
0.659119151043279
0.586822346016939
0.630458421567108
0.614168350968577
0.702221706602759
0.608131196215063
0.639044597804658
0.703201343746971
0.52712672893729
0.540511132788217
0.573070513360843
0.501486544984655
0.527522410217604
0.545445885175413
0.627484800540985
0.64022668487947
0.487912251172804
0.620712506135717
0.495867236016733
0.682733539048652
0.651061996165436
0.538337977269621
0.581178920775491
0.455645001746441
0.523781587591445
0.618483601691973
0.653055647542842
0.580046207166419
0.652778974897382
0.547551318425083
0.682122469050879
0.786270503668605
0.426799940229774
0.496609010258323
0.562136379404255
0.629154494188154
0.616416353879875
0.57458830397961
0.582636349733436
0.627753764038675
0.647563702088533
0.676667702241454
0.757994240415071
0.603209583308666
0.756190255304731
0.503334218179223
0.601281014715435
0.697749424624392
0.720058606718017
0.621564047471765
0.535342082247026
0.754305242312248
0.823949811995343
0.58648851556461
0.816197427394505
0.780367958566428
0.626179444645235
0.691336786191031
0.842226738702035
0.766399001532924
0.606307109341658
0.657411539215909
0.675506884244151
0.653256827623853
0.626935881900675
0.57948964376312
0.726741472634085
0.534685823626103
0.775660927027633
0.820602839547459
0.670283672650265
0.609686315529237
0.679862827918646
0.715539535884813
0.646967521283494
0.651197310119965
0.609258941020309
0.653577246100041
0.595990096106241
0.794239285269384
0.705510341532409
0.676982577530856
0.72621979997051
0.612754934617987
0.557401681605061
0.710505859881123
0.836889949213063
0.790867938174365
0.770061062028346
0.632904666933567
0.78855779691627
0.52635584180667
0.878410470016216
0.754080695864056
0.782007484617386
0.656064611676143
0.628700343039141
0.629778611342463
0.868496977533388
0.638952575116987
0.868542014494294
0.768036034257439
0.717150812600376
0.777051051615043
0.676270258777903
0.734641243410993
0.779046785694202
0.706216873788438
0.70242782663629
0.772929953348754
0.754825305297709
0.747675478527025
0.780460716559205
0.833270024352878
0.818662582818675
0.920857709197097
0.805318143968568
0.864358794626608
0.848404642802789
0.830142848483758
0.792388231111104
0.745707747492832
0.609042370920553
0.911440866238946
0.872693095545121
0.893277282953792
1.05474204956088
0.885314974131723
0.854988745158098
0.788554543270915
0.832594719497863
0.928373071695084
0.761087674714129
0.806140582648226
0.860265267283087
0.970679732337603
0.851721363312401
0.848571980538033
0.769187869521142
0.860808410712242
0.88495051207299
0.869537794528465
0.870448704572314
0.733134452091447
0.734072177415348
0.864593499164021
0.874320721142373
0.958399937815964
0.834010750987305
0.925696965136091
0.86321763948983
0.904843540037407
0.808370050217782
0.993664443775513
0.856457486888418
1.05034385311568
0.769546299095795
0.816921688658704
1.03790875187159
0.85293304477236
0.982374618723132
0.913839246687978
0.857246094658506
0.793503093498489
0.956484444879655
1.04850885924304
0.779618726155322
0.949533533775041
0.862686823651781
0.838938607614676
0.993501127972035
0.956476724970231
0.922141557402478
0.860738681305444
0.879434434001585
1.00523687296096
0.85090337017256
0.834660720274106
0.935085890360936
0.931801633837726
0.829897497917197
0.908936528445868
1.02153716638402
0.952927047083439
1.01279470070483
0.890007145187462
0.811578233107007
0.84341696117107
1.0131961810798
0.975308924966871
0.811417436738545
0.926151866350829
0.938444164256635
0.904800599754896
0.921978949552081
0.929699948295413
0.906245259180849
1.10204905072279
1.06206042221542
0.875218892193523
0.994186228549771
1.03167169499838
0.911962595779818
1.09443922917673
1.00749922297508
1.06923603854577
0.983710153320733
1.06652149024854
1.04257047529656
0.915117599731621
0.939507312877804
1.02630256565991
1.0127965077562
0.941777565726018
1.05116803066804
0.958367844359657
0.913982166024482
