"x"
-1.05851998781217
-1.11083056757309
-1.03439852482585
-0.937857905555409
-1.04609947417579
-0.987140041803104
-1.09204801389705
-0.960690545084097
-1.16255169779094
-1.01643325422791
-0.968051774275588
-1.01181247178497
-1.00540403299437
-1.12647094870865
-1.11704460083304
-0.988484485613171
-1.04172222813845
-1.10909543937272
-0.852549593490344
-1.03963559265876
-1.01043536470886
-0.90385820349409
-0.922274666738656
-0.984433007697664
-0.900840220586605
-0.873637657060261
-1.00946145056552
-0.859003856175557
-0.918001063916053
-0.875388463387705
-0.931186226713291
-0.91484061157077
-0.996170294314617
-0.843285992801888
-0.873172117755567
-1.05530943387472
-1.04817349331559
-0.937930575442335
-0.884293161388415
-0.963858765471026
-1.05722023290519
-0.802267907595791
-0.969643432061577
-0.98206619793863
-0.950864586934259
-0.934864703036788
-0.984939100388462
-0.948764732066138
-0.872545223003486
-0.972327731364551
-0.909981426306238
-0.955822493080381
-0.897928947778921
-1.07217838098333
-0.886881845773514
-1.01708202783864
-0.909720998045691
-0.718951188086246
-0.760586384370087
-0.881675932666235
-0.861197632593451
-0.887057345471809
-0.710944185371077
-0.86985553599604
-0.950241707940907
-0.866869776209079
-0.936595731903466
-0.97459165736846
-0.983660782358911
-0.847000222884147
-0.79175164081924
-0.873992641294269
-0.820357733476536
-0.826094919106854
-0.9500059496818
-0.851539166598662
-0.884638668370439
-0.641448945673262
-0.844188789311567
-0.737668882143607
-0.717395484727288
-0.764848550426526
-0.864063211850814
-0.892967210573594
-0.994528273683628
-0.829425639172082
-0.7904760449657
-0.877942314466377
-0.798303512695202
-0.908967601187638
-0.783664664349323
-0.851319038564682
-0.926852176585938
-0.789121281965665
-0.780197918970568
-0.730424573286137
-0.73711500060674
-0.729175488746188
-0.705011941152762
-0.708201769788589
-0.865263826789315
-0.741890052531435
-0.617963494785627
-0.86420031700582
-0.815977967696943
-0.808148452965898
-0.86224852885374
-0.787916237369962
-0.763186094544489
-0.71179684237593
-0.7041173144215
-0.802490876154519
-0.698898122802721
-0.851224464189982
-0.701462554231329
-0.906861594979957
-0.724294080500665
-0.892420764654445
-0.675396326771481
-0.89808560726381
-0.720711938488585
-0.806880177260409
-0.822977848275883
-0.939854554049703
-0.750786259867231
-0.848165852248605
-0.741707858099824
-0.641312915988999
-0.731559939940341
-0.694087641906726
-0.698326111376776
-0.796522422120886
-0.802830373161519
-0.875801658689283
-0.897378644433419
-0.795805465788821
-0.627233962652303
-0.635211247669467
-0.736116759776368
-0.69632153923694
-0.786790796572492
-0.477208949812678
-0.678252071725774
-0.768767899587495
-0.626717461082346
-0.505270671078014
-0.885680790869777
-0.554992745532882
-0.683148244495405
-0.62704793786184
-0.79041103980522
-0.69079890643141
-0.800643230038926
-0.752424422204303
-0.588792018715562
-0.651832100640613
-0.584067573422455
-0.628032125165593
-0.604749848487082
-0.685604741330258
-0.608600596675484
-0.736720596223802
-0.612069110002173
-0.522202560128666
-0.638531623667234
-0.616594224637836
-0.712154297234438
-0.59696449492538
-0.568428943901766
-0.707714288935372
-0.773452628262596
-0.605243903658823
-0.651567674182033
-0.640984865374209
-0.591527656743008
-0.494972815128878
-0.567278114155609
-0.566565537959396
-0.656533700736062
-0.661471720186966
-0.745299562803071
-0.681636702262845
-0.426429391121879
-0.595989313572149
-0.612071176795304
-0.698922092303212
-0.579348551015542
-0.584029108888532
-0.740335610046012
-0.596139869147945
-0.706697844030134
-0.632653101108432
-0.73919778388505
-0.693898966079256
-0.510039028066686
-0.652360240583078
-0.624634114276328
-0.6841745019475
-0.727395252741858
-0.505010536518765
-0.659028972955985
-0.619854950704048
-0.645245952194186
-0.593722558439199
-0.592971499891539
-0.508718683659106
-0.644211155368436
-0.595875360589632
-0.623817433313955
-0.510666796710076
-0.504352227574533
-0.489983975108031
-0.583963571465899
-0.492555376349278
-0.513619319203299
-0.549604460746662
-0.458923660898672
-0.498087655302493
-0.592884022479252
-0.578645732158155
-0.553466867665613
-0.585108934347847
-0.618887871548489
-0.522674458888546
-0.426447213274435
-0.58638066994558
-0.492284241853563
-0.590736599224446
-0.53159869437235
-0.47547739582005
-0.432097077479361
-0.596528922609413
-0.502274189746056
-0.50312435733179
-0.558794947328811
-0.479427082443163
-0.528659104445692
-0.539845367461052
-0.572708815226694
-0.529539334873655
-0.571541551622354
-0.558157049636346
-0.466455582135659
-0.628318289239916
-0.527197107713462
-0.522791263859057
-0.504418348257395
-0.572011859798549
-0.450262423005967
-0.52674305241637
-0.522391546250725
-0.596515973032548
-0.414475813225158
-0.631392482008919
-0.465564768987037
-0.556904330179411
-0.527132714968926
-0.519258438263092
-0.465753132553856
-0.497989876461176
-0.616709424605863
-0.607234719361327
-0.387831881371816
-0.535282483968292
-0.414623870113177
-0.487404823442297
-0.427587043959327
-0.531713055731057
-0.419973138960121
-0.404979833501328
-0.322627588008185
-0.440923444539287
-0.568301694201619
-0.433577169344664
-0.396612848748552
-0.345993802478929
-0.449930853939634
-0.487348394717922
-0.526554258107585
-0.440647898342795
-0.475779295634175
-0.53857599716369
-0.335286539876517
-0.419710103333608
-0.4463893224156
-0.360114865207405
-0.385877838595606
-0.338954580355357
-0.321288939938983
-0.337345565519584
-0.445231622546313
-0.26868289609095
-0.293838128640296
-0.537713086803573
-0.354586444930873
-0.388819615912191
-0.460016294561126
-0.236750417065618
-0.450791851037748
-0.418688847704501
-0.449197583882914
-0.382171584652796
-0.381654099004999
-0.483505731520028
-0.326374723612981
-0.388241263006314
-0.352753553383998
-0.464230183303489
-0.453543052906628
-0.340791148698952
-0.438978445835702
-0.281218466767096
-0.319049812414334
-0.424319589858655
-0.346886503144893
-0.310904001149218
-0.426430846005847
-0.162284366118849
-0.448463330202079
-0.244655227679867
-0.372273992620852
-0.417933659073303
-0.408941015472985
-0.397146351242811
-0.377174165375341
-0.469930672927053
-0.150994468159175
-0.338689745281902
-0.348433533534092
-0.179166754642175
-0.346546784895302
-0.272574833133837
-0.367666686425982
-0.311620889655608
-0.358762484689155
-0.433101056291128
-0.340502249811641
-0.391175272359294
-0.389903306958457
-0.236218923391009
-0.319976195285836
-0.367938705296159
-0.23982697224712
-0.426876462126209
-0.362492614320883
-0.222309313753365
-0.368627332277968
-0.483934007604521
-0.415313279042957
-0.215686577505152
-0.309236217112047
-0.286111630118776
-0.204682640742757
-0.288015944799986
-0.224882027040037
-0.250459613367923
-0.322377317170246
-0.295808981225189
-0.421975017669969
-0.223813496983584
-0.384472956114402
-0.371814516488128
-0.282272113973206
-0.27411457342018
-0.183503935764085
-0.405041528401358
-0.29913844218413
-0.337383304145682
-0.177050210129155
-0.185806444131252
-0.252941917442422
-0.298854358338732
-0.261365266328728
-0.403734213673139
-0.252060323429464
-0.187034092086557
-0.30863065457911
-0.260756159986703
-0.316345003807321
-0.381791272886415
-0.289673421848613
-0.251838991869859
-0.367338130016832
-0.232817461600091
-0.34292194021253
-0.330991402189464
-0.392097350256734
-0.183376117713985
-0.222768332514027
-0.214892891682421
-0.169584411601419
-0.156660636762001
-0.27785705657589
-0.0629851546279431
-0.377597068095912
-0.213264748862476
-0.21708900605447
-0.138865383381287
-0.268791705872826
-0.320482525383541
-0.25036510443177
-0.112221215982796
-0.211513555996722
-0.271550955412173
-0.340909881967989
-0.0276979194370835
-0.06098113199394
-0.342288207626662
-0.216523267517824
-0.221184635118949
-0.26653124564046
-0.043597809229262
-0.161762678646911
-0.232440164477407
-0.220837735383743
-0.156032010112508
-0.232165408913515
-0.186334586940309
-0.0682095921671071
-0.166184844715713
-0.103535653407918
-0.191618599343892
-0.154112898730319
-0.193541596860505
-0.205071180225824
-0.0636283916146312
-0.083127794174639
-0.175807288742349
-0.0742481049893008
-0.0137494018229336
-0.111738295302697
-0.0724595869681815
-0.262249751283851
-0.170362128255559
-0.074133160222266
-0.0458556131654261
-0.0884920636372501
-0.0621871648505023
0.0675588620501691
0.0170473091564073
-0.229206248071989
-0.132156709233892
-0.0550974305411928
0.0802967701046962
-0.128238068900251
-0.0646198716203388
-0.149043721695458
-0.0451128722836484
-0.0721248214076587
-0.282673704060866
-0.126941112216048
-0.116394512422196
-0.124564067728839
-0.203282118752332
-0.0211531673943945
-0.103111716148706
-0.0222707330218035
-0.0351852840322801
-0.0370028486784946
-0.0962804548825196
-0.090051542738067
-0.00420275934335004
-0.0365611654226703
-0.06235854294181
-0.175901386024241
-0.12679368462923
-0.0595562454760092
-0.132851432698067
-0.138462335990365
-0.139123532269811
-0.074951569766568
0.176884929283742
0.0748211957576357
-0.102063114098733
-0.0184297717880061
-0.0309219248492496
0.0503333816437011
0.109733947827967
-0.00910991533296044
-0.0629237473737746
0.030036456837161
0.0855616218992423
-0.0167428427618968
-0.0111924838349554
-0.0395635158694791
-0.00889884564368302
0.0301745251282113
-0.111696396047431
-0.0734022379381706
-0.015228475327342
-0.00566900974615179
0.0300646849886367
-0.120057694558764
0.10502249826698
-0.0321905693605588
0.0692563260046528
-0.0130311459029394
0.0469746483965839
-0.0703116766762786
-0.0116165434924888
0.0173184214137528
0.117630203402821
0.0457666529063013
-0.041652604030789
-0.126096481704068
0.211071554418032
-0.00646512687883731
-0.0377190000458781
0.0881411048201189
0.131571902068879
-0.0167779016596055
-0.0240433746001979
-0.0754530998094445
-0.0239556915626951
0.134060126306358
0.027297424197563
0.13126233170771
0.04799759443249
-0.044100879020089
0.227542588828498
0.117094613679509
-0.0433694526441507
-0.0837333781298822
-0.0427199872040468
-0.0806593927123553
0.0514004489117967
0.112592551165547
0.186405027616619
0.121494896544385
0.0632840743414231
0.0455898075078258
0.0512214486547493
0.0299794913229417
0.116254888911478
0.362317123351776
0.114153174110156
0.0899901206894894
-0.0422890007309628
0.0694881424975793
0.0794199066030045
0.119848974633653
0.156602718407878
-0.032130540562601
0.0688929411778188
0.215560478371957
0.070476670888216
-0.0224295780398522
0.126782993296057
0.0165048576973465
0.113746176604214
0.10631720577456
0.100569271341629
0.163640878008415
0.0701991069606301
0.0638751405092073
0.10179582409522
0.0442614485454695
0.114654443884854
0.121411996303985
0.136021079030424
0.204237166543614
-0.0450649505514607
0.0865394286358765
0.186812294718205
0.251701196697833
0.0410113068930709
0.0248656915414389
0.186452040454616
0.0042123607292026
0.195637853607037
0.0039163937019889
0.256868949823278
0.179319036289346
0.155805991177632
0.125847458160709
0.0951753009924204
0.257018179154536
0.0730984799699313
0.247790851502449
0.0245095373742908
0.260802883018159
0.224610063509998
0.124093033863721
0.0986101547622949
0.350895617260209
0.228302799512438
0.23842032972121
0.19991069032866
0.0832233285378238
0.0747711398504294
0.108669042192587
0.019960780877182
0.267860145650594
0.298193110543739
-0.0482273459968765
0.260531961982644
0.303594233582451
0.249084805995387
0.242467831409774
0.192472365805857
0.151951524549433
0.164896809583858
0.279940873519914
0.0913688746687478
0.316076052668898
0.294227425610559
0.177398330338262
0.238306331384853
0.233703203893492
0.241381237037024
0.298409561502913
0.108057631104737
0.204863512154331
0.250174110775554
0.274153914819164
0.392274968880413
0.261427226647524
0.221252638506112
0.264350059163929
0.256538310845334
0.139470058009324
0.250235020994295
0.319310004760089
0.0715283819748404
0.179633561877231
0.232278048993351
0.363927069262138
0.172148133691393
0.380075333189286
0.358558369717513
0.264122340055304
0.143334607998925
0.277695003830493
0.279044418666848
0.356504476518062
0.19095823293389
0.385219470824114
0.426063795180431
0.266734207854881
0.257927181409666
0.246029032254187
0.207908160247309
0.40472034389268
0.455909149432723
0.316995808618242
0.208967095958694
0.132299242909409
0.437841072868536
0.298763057159408
0.231749706870695
0.33894930151629
0.252866434205761
0.388896804655196
0.282149141134801
0.282303939405803
0.277621747351982
0.248939724889322
0.389629979977988
0.304595640516122
0.489667757872889
0.297121729558892
0.383604501578477
0.354764094223338
0.362360404012847
0.304074511973309
0.258556419504577
0.413040986138298
0.326474329202107
0.446690150211214
0.311960972276291
0.451920132699497
0.357233366004782
0.271041325433068
0.378746921453364
0.467558053247405
0.449654719081481
0.407814114674837
0.379207773524476
0.362301628320328
0.323739889694023
0.16709396638949
0.432506095125612
0.20256257165866
0.216801786449389
0.43588746138506
0.452530147292728
0.403717005623225
0.364204435685724
0.335868334048576
0.346161778204445
0.374482350769512
0.361142981190342
0.333706776718096
0.365847782172728
0.385153535925689
0.338957034716018
0.288894415931085
0.380026246040084
0.44554256977643
0.373982920119563
0.429522824643017
0.317603386906322
0.36839546550912
0.309160054732604
0.227298122599925
0.565570055663824
0.473742575035824
0.336140309986181
0.421106698140066
0.505920869648289
0.42310749262406
0.455044246372475
0.327687192209805
0.343003362860011
0.404947310982788
0.35772383017722
0.313638081005853
0.406519468509759
0.291808469438434
0.437851477191616
0.524434490723576
0.486324081542392
0.473508000952898
0.482307994508458
0.547776549226452
0.45338519558544
0.501068677905255
0.40643726493249
0.646534447441727
0.385491792517242
0.519068933546328
0.415438511097469
0.416051952927558
0.529278876834993
0.424211543549701
0.544940694614225
0.504271017801068
0.347737156530285
0.383496852699519
0.4155247192286
0.39806294572874
0.572241263638751
0.630961574568494
0.677297394771285
0.457223692184114
0.468080158287262
0.58071843655559
0.519330791175522
0.430540172787757
0.507130650154842
0.460527134284608
0.555079738769145
0.487651010287197
0.631608594637201
0.337175160840842
0.591250420194154
0.576275780963451
0.463535899148323
0.642176726504858
0.558072050000327
0.574367618385193
0.658730290477302
0.525203527996644
0.440119500659845
0.48462935335602
0.593541481451027
0.491296351948384
0.48686791313963
0.608870058220868
0.570561034413473
0.519242250853232
0.590633621758621
0.495377783310339
0.72887683097608
0.714968418286104
0.392888326256768
0.453947781361882
0.568470639132713
0.56471596625799
0.474984274533155
0.372302680428372
0.465812324545397
0.539244931258251
0.575728951595863
0.574286667285511
0.436609361566944
0.684650353314065
0.653226742825721
0.572811934257358
0.575523984589734
0.694911694945141
0.425675156398952
0.349731651894786
0.539842575955692
0.539958402395892
0.529820488476608
0.465225746853475
0.435351877082751
0.589846825279038
0.5669226102448
0.853132826978679
0.677996961189375
0.577723243533836
0.609161047641658
0.713533367916304
0.648876894724925
0.676521112685963
0.646054002221757
0.591168859078666
0.576333681453505
0.566754960833311
0.66560256922938
0.510040384757027
0.69395546948933
0.688849225965392
0.681803184762994
0.74563062596128
0.579590508018788
0.686381241491531
0.631730013264795
0.687839493927777
0.594151220432706
0.738253413893973
0.815679626475539
0.814113576713436
0.640263537930424
0.619671500752716
0.673480591919713
0.797875343867024
0.635759048665482
0.720586888417828
0.719813447358403
0.677174674678813
0.565241891845
0.598423292932008
0.623843085114291
0.564602245767713
0.799302612937035
0.585799686941055
0.640027115673033
0.47616533451283
0.611949225694178
0.647947499209687
0.530635199264019
0.67274374203964
0.644420885051393
0.721352712016159
0.621126331761063
0.730556097541955
0.662970879458267
0.530005207484384
0.608270679118895
0.767335954843685
0.794573487315312
0.820326273042667
0.724535830108955
0.711981008642926
0.790620506553559
0.643287373690337
0.612005848014014
0.766868537830917
0.728872772358132
0.722039944054472
0.752510933933576
0.78579326705456
0.689637895352925
0.791702498841853
0.796612418050781
0.649403731431162
0.650408916706272
0.662262582439108
0.692774700419571
0.840335134107019
0.854726480558096
0.56497908447365
0.715169675923079
0.889563006097039
0.774563441191912
0.816817791363015
0.645168184633094
0.878164674185489
0.782060539546556
0.801787304832912
0.778329463158876
0.785918911825452
0.91273483376665
0.651610989846052
0.838836564304184
0.82211911215353
0.772498347934243
0.726110385355993
0.766335491001478
0.88586207197302
0.8050710817137
0.832794037395729
0.776244929309763
0.774543629650934
0.733306407508866
0.759087852503924
0.835109606965614
0.71111520524246
0.588695425936132
0.962574958057224
0.686033429897387
0.905241639371059
0.85751892219706
0.842300829111772
0.706793088885678
0.834519790044844
0.898840430562443
0.73875654135703
0.818368822047852
0.817410135472451
0.912932722940768
1.01193685276685
0.875876055013095
0.650139997592719
0.760904811078473
0.799672238199787
0.898779489306877
0.794639518570592
0.845528422966984
0.85703207076293
0.835813388074298
0.696201635854363
0.90475161408199
0.835435483134931
0.971851920020892
0.891183769487148
0.736939041444096
0.958702970697181
0.851530912345095
0.81947041663124
0.747992776000273
0.834184375449017
0.796944923041002
0.871635906476684
0.924397781746865
0.875742742699504
1.05333300426173
0.881555960055531
0.868109471916429
0.68317700642973
0.958426420826677
0.955381313110812
0.946707533191615
0.839628990820579
0.934254450032773
0.878553649608917
0.802962188402959
0.819195748778231
1.04330553215453
0.941451802728413
0.863802654269615
0.902014731922836
0.864605334179562
0.901089517687867
0.945315720256174
0.943791285638188
1.01788958350809
1.00076925281674
0.906415775164407
0.803933724079504
0.847908601285511
0.91712917982781
1.03068398623147
0.932487196727266
1.02561387073765
1.02956682302165
1.00908147742656
0.894510497775375
0.839826985731034
0.889259521145597
1.01029529442994
0.840407846093295
0.926171136046237
0.965116008619195
0.917819936727879
0.840765141456977
1.06675059415095
0.896068238538834
0.774224785488647
0.881450761176716
0.884030617864741
1.00437040499064
1.03012308914892
1.04095807204375
0.957387960089913
1.05299985283615
1.10955123842983
0.99261115365034
1.06235117793516
0.979068132001714
1.07709951326919
0.989976964366721
1.02405348361396
1.01512066029808
0.970201329517728
0.939663285197541
1.12121856087742
