"x"
-1.18225640119854
-1.11013309160061
-1.11192321788904
-0.908941363488612
-0.927492512179172
-0.947022799590198
-1.01633144498839
-0.925461751307741
-1.14462754968038
-1.01385204263884
-1.00570396318081
-0.972796364441592
-0.912730239147966
-0.85461639535739
-0.928656895090103
-0.984181290139563
-1.00109878630667
-0.984706631049757
-0.960823902914262
-0.905895056805598
-0.922008326406371
-0.976165749206551
-0.867034532076278
-0.908148671506815
-0.982862253069772
-0.815119904893715
-0.90901492178761
-0.876330864802823
-0.938089962103629
-0.951211177155183
-0.972342405109978
-1.04528847173757
-0.919339737605119
-0.900717068453335
-1.03231241225716
-0.944178691232332
-0.926188584560136
-0.940353382730834
-0.810306735974748
-0.827350907307563
-0.90586114319766
-0.78608417811441
-0.800094762538059
-0.79469085431312
-0.998427339506739
-0.916077356720476
-0.904736960402727
-0.926006130970394
-0.884034305906868
-0.880206780268174
-0.789051876878582
-1.00314839032519
-0.863305089928038
-0.865270763508902
-0.890545320663057
-1.02690355088966
-0.929718783823857
-0.918795728947449
-0.943619786752638
-0.920188772857058
-0.722744300838695
-0.938176431843446
-0.897089385184144
-0.750355534503184
-0.797814648573777
-0.704460432493972
-0.899840912368899
-0.846513842657169
-0.813385263209795
-0.822312239688413
-0.856655536656391
-0.831711240397088
-1.05976689616467
-0.95093389261634
-0.951070720249146
-0.926954847029432
-0.850524582284906
-0.719480935968356
-0.770576214759734
-0.846864193901583
-0.824608675656052
-0.85085517582002
-0.85358179070101
-0.838929778039912
-0.791145729098313
-0.74318085976543
-0.808598935032927
-0.881321877056233
-0.86358570765928
-0.791650357263736
-0.730601408069625
-0.723809264472899
-0.761843886264575
-0.632371911678318
-0.80473336056807
-0.918933988988635
-0.849537552575234
-0.711624274118557
-0.788622106223505
-0.731306752717241
-0.875300154046925
-0.807260969762216
-0.827429253821969
-0.854210003900236
-0.81879724711579
-0.864814334024755
-0.782511116213292
-0.791984289994655
-0.821158323970578
-0.788253672024776
-0.81126031284543
-0.807152173118932
-0.769265215392096
-0.611802590635983
-0.782896468692565
-0.895116514256105
-0.650811505062854
-0.711496493709477
-0.634543834455283
-0.659877570017557
-0.672559802750603
-0.799934108660388
-0.717273220362324
-0.804794885434
-0.701990146636896
-0.686286851536736
-0.70407609403443
-0.56547572515626
-0.675576372282203
-0.783853896125654
-0.657300587845328
-0.873029802224182
-0.606322968785164
-0.628440828459771
-0.716187877668628
-0.787588677573407
-0.77391102387919
-0.750579305785903
-0.657848538744323
-0.764513439543807
-0.668223498553713
-0.776862388724354
-0.775570952092375
-0.863932478318328
-0.638620848462157
-0.776720155603585
-0.636165900043616
-0.765345883212773
-0.747459085896001
-0.745218358981616
-0.545865964529114
-0.655457814078841
-0.77073915693405
-0.585659775353778
-0.772018219464338
-0.714786541763501
-0.592588831932891
-0.724196383205601
-0.763159037909158
-0.770747395686521
-0.693234317700342
-0.786892736565043
-0.599377548456031
-0.591292956184246
-0.69589000995383
-0.566194799982248
-0.565334622495801
-0.707153346737116
-0.556363597920919
-0.753184019571607
-0.711453738602787
-0.664810422764243
-0.739198330616835
-0.552504663783614
-0.727292795554303
-0.649657966947753
-0.674554253074053
-0.606457324416947
-0.653254925857825
-0.633627920206097
-0.6994188453005
-0.614118194552448
-0.591500729064152
-0.575621432080115
-0.66701819475027
-0.617749116724138
-0.611341371933421
-0.653298293097701
-0.644017748015597
-0.854162429300029
-0.509005552091711
-0.65819435236311
-0.645953668452738
-0.612940954985344
-0.639075585776211
-0.696981670747306
-0.546406651401883
-0.72568831285422
-0.546001315138337
-0.586900020280946
-0.591506317231945
-0.700913265030305
-0.635172384735371
-0.639445653463034
-0.613492687793471
-0.641568623749477
-0.436228841737323
-0.508430116306255
-0.751403861031913
-0.647655645982512
-0.57457374893778
-0.488632399351906
-0.506710832422105
-0.520784857568318
-0.692560915794378
-0.414584844855664
-0.417749775751156
-0.699410634642129
-0.600542976421775
-0.553708218299465
-0.515122396264786
-0.487679541585028
-0.633059778607818
-0.407339950570172
-0.497704302937626
-0.648742308448476
-0.685108435893571
-0.461859453504482
-0.396466435633165
-0.447320536302852
-0.616209879433216
-0.559986111823755
-0.367002424324445
-0.57892223180942
-0.503663962484024
-0.546913747566001
-0.577929879183857
-0.422729171651206
-0.570317529097524
-0.519859651310657
-0.55999069634596
-0.397220931982579
-0.575470127519961
-0.497018723664991
-0.393898649170159
-0.52121435937938
-0.591774733638574
-0.561805879156161
-0.424410609038552
-0.474530021410564
-0.577526257431078
-0.539300068659375
-0.546847798018492
-0.556033705859312
-0.672078315301085
-0.471531940234527
-0.419026749768639
-0.383680392765652
-0.472329971312367
-0.537317279881712
-0.454839386764835
-0.427273988308633
-0.537420764451125
-0.415945078114902
-0.489994474683253
-0.430395566931268
-0.46538522515121
-0.477264944790144
-0.354860855653358
-0.355278878119983
-0.500332535891201
-0.538846929989964
-0.461688569298087
-0.310391607169158
-0.466810073202878
-0.409367104446077
-0.389018193870055
-0.5056664723303
-0.557879318816609
-0.470016455914316
-0.310465960912998
-0.386953163991797
-0.527691799285253
-0.414347309529663
-0.372815593271458
-0.370289768509683
-0.45774419880535
-0.456359577627786
-0.324374794365016
-0.370920762487215
-0.416185282030297
-0.58243948259443
-0.402364789309671
-0.401067511712836
-0.427856063694085
-0.306298002445468
-0.551405600890445
-0.35468132058819
-0.475530135182375
-0.485359551941065
-0.361988179450679
-0.410293626744565
-0.362904414791507
-0.381900601554815
-0.223032735975458
-0.252146073042434
-0.365030984137964
-0.423984241931244
-0.275244617011423
-0.481216675799008
-0.318513796621932
-0.571281134274938
-0.476909925792417
-0.241000820477792
-0.409078290894502
-0.280414540079138
-0.388588476139432
-0.539307081376002
-0.276391973067806
-0.298989116235953
-0.296288492677275
-0.336168036058829
-0.227851953305802
-0.212601481720051
-0.346061207921666
-0.316751788052689
-0.359983610751594
-0.311806640943398
-0.467584314575891
-0.337679226290282
-0.361558504649003
-0.318874748622213
-0.143636951946567
-0.413453528092831
-0.459966694355174
-0.446883363854788
-0.321447835708211
-0.397586954367992
-0.300270838591289
-0.397787994252037
-0.289665648393314
-0.416462026993672
-0.320463005129683
-0.258909207650916
-0.345579751185823
-0.261191079115408
-0.412614281148102
-0.317489346139199
-0.242555192092811
-0.272644825242444
-0.473825564016913
-0.358419555377897
-0.253596429906354
-0.202368204699639
-0.291827196839557
-0.363474206963998
-0.302222217826893
-0.363543475504109
-0.203820773444781
-0.337007435272322
-0.250193193787098
-0.422572586629481
-0.35005260446132
-0.319253855870698
-0.278836325018621
-0.389233663137145
-0.287818828321864
-0.258983275034498
-0.149067853298071
-0.138811392299185
-0.147816219782968
-0.313754720423369
-0.324690601814867
-0.218902342653781
-0.31955278220554
-0.19000220308151
-0.281752384001342
-0.0610725350690461
-0.283514678640852
-0.453497456459515
-0.330838864409927
-0.228816117977531
-0.152693183440232
-0.377914924728636
-0.383506076339923
-0.262087227409991
-0.178619763033095
-0.136958118370764
-0.252725649481943
-0.175992208222899
-0.286565552406567
-0.135421143640224
-0.122564941830117
-0.356123498298223
-0.159066006498501
-0.317399801560721
-0.205469550946907
-0.182993235696729
-0.165375290889647
-0.215625318721591
-0.112066474740284
-0.209088139631403
-0.331229058492654
-0.211555737001909
-0.0637251435358591
-0.322759498886604
-0.165571644686627
-0.180518464155494
-0.00472174012497099
-0.17733623511118
-0.178960298429614
-0.0945733555263824
-0.241036704926173
-0.185365207249021
-0.136812614242576
-0.372229482617924
-0.0908040462988249
-0.312701562239655
-0.134427024411818
-0.0882198390944219
-0.249694191070862
-0.149638600912712
-0.235844753827201
-0.246623800630198
-0.274520337004585
-0.0932257232694181
-0.111567626948275
-0.0233295885048081
-0.176215968525882
-0.0675854928717072
-0.224904677212538
-0.287069610945162
-0.229331491227743
-0.164416904967144
-0.235433049769851
-0.0768183461690661
-0.175634944374611
-0.0195829882027522
-0.0772014873806237
0.0442542832055784
-0.0138541938339381
-0.0933866978185579
0.0184006973375754
-0.195454701748586
-0.181029937882803
-0.113191725836854
-0.124976040024347
-0.0174686533493548
-0.182088703429274
-0.0760520609737144
-0.124100250516668
-0.0278189192131768
-0.168233982654375
-0.169940554505078
-0.151961324507706
-0.0715968464287877
-0.0658701079742624
-0.011970347125661
-0.19998813214103
-0.20548394040452
-0.113453977114291
-0.0272104933718548
-0.191683856028011
-0.177707771975399
-0.164286559204531
0.0455774675757495
-0.0865659159630223
-0.0311311406326074
-0.167581250780604
-0.151471805736472
-0.153539164182403
-0.132329565586306
-0.208828881789043
-0.125453163727916
-0.0760113226104675
-0.119626525255802
0.10343372038306
0.00685041412866502
-0.13887496672601
-0.0819983227141283
-0.150219522272043
-0.0302950876926183
-0.1033780315834
-0.181099879752556
0.0834451666343334
0.111718156448092
0.0675789180963234
0.0271588235078379
-0.178003325845227
-0.0535782620554012
-0.022042458783258
-0.0392886783260624
-0.0170867180105329
0.0431748118134341
0.031119071502415
-0.140421145686468
-0.182962781508486
0.100329508601952
-0.0789928806764246
-0.0144544196170914
0.0535625947510862
-0.102030996319334
0.0528068267507588
0.0417446382146629
0.0422931129050072
0.0101607996485915
-0.101616781287045
-0.173644475854832
0.0867144396475346
-0.113934816197792
-0.0399073963189074
-0.0142703945084707
0.043444786493948
-0.103568510114744
0.0277178358350288
0.173651916244619
-0.0726787634515788
0.0429413219037075
0.126499573354597
0.0834915881313768
-0.0163996030328653
0.123958698052434
-0.0127811021047216
0.0344120688833492
-0.00442836751444041
0.202039354238022
0.135455498969718
0.130267397874031
0.0577829671429526
0.0845228411556482
0.123957578071999
0.0517946235629079
0.0308230342911538
0.131740100959558
0.0537853484605725
0.123003390659287
0.0456679677067662
0.023784418994144
0.0955626245182329
0.00577047351847089
-0.0258007656281528
0.172274133125878
0.0845603566075525
0.0336964257872788
-0.0516246954189512
-0.00418369468232241
0.203878668612975
-0.0178458722672052
0.144770366090646
0.00880610432686276
0.0465990683432274
0.105033556759244
0.0330761292437752
0.165791325347216
0.0751704210047813
0.231828117622045
0.0456229879641946
0.185215929299055
0.0385149417958711
0.156142433102143
0.0367434963652889
-0.0980424332212287
0.102347790925916
0.0802769119028553
0.214276898430096
0.256155667645856
0.257154080994605
0.0167499983050391
0.136606099138885
0.256974051007575
0.14930309415235
0.104955376959245
0.13143517114339
0.109034866945998
0.15443530818622
0.146993592816912
0.0083674028540325
0.138026929139656
0.189272725603114
0.0886412921725702
0.328330328747583
0.035424741867852
0.217991477215625
0.191821142172182
0.151324091681503
0.10621119770318
0.223123729030476
0.123869919962775
0.165725131562598
0.304318574442107
0.309029100520424
0.269900352905403
0.120495133469292
0.0828081944622469
0.130447786856693
0.19346992149402
0.130043043555147
0.205384135020698
0.1627665716649
0.297847423021527
0.107812666474077
0.0641867569286761
0.203034882354346
0.181658259204468
0.364192947803108
0.323848217278618
0.194932609916427
0.355528083969779
0.234381541474927
0.231572939485247
0.252249036412819
0.219593661733183
0.208992329321577
0.138590020952048
0.262175671291269
0.298399432260707
0.305224205410653
0.249866565210426
0.342539071495077
0.244471492032962
0.354113403750137
0.214339835117563
0.175955502125765
0.248834191969222
0.274722258652024
0.296591441286498
0.165479734477104
0.353100974533001
0.238591973292139
0.287430853387792
0.2786672332811
0.124665596588695
0.0696298869020132
0.171136702186844
0.400237660562294
0.288184298778625
0.255458715118406
0.307823319444728
0.359283130676189
0.221983731212848
0.104387128940497
0.368134367233474
0.293352940642612
0.230348060233127
0.369641870739766
0.0707838289445647
0.31407089146188
0.191264623466225
0.240192450550291
0.274198832196152
0.2745762516159
0.258318064506091
0.385077413391171
0.337626885241737
0.403609811685894
0.379660969184464
0.457650042223429
0.221073055965012
0.393549959385706
0.276362660891782
0.331698130630771
0.196305952543991
0.372749541370975
0.232562020504346
0.527123932745323
0.459817423722384
0.283280077729884
0.324196737215084
0.374961690403619
0.359151388289523
0.232626738684744
0.270710747802941
0.328778039033257
0.337077623677468
0.410790210297537
0.380980675808994
0.260364566714925
0.464781877423363
0.458395664161399
0.40093948997389
0.499541480303761
0.481714484239916
0.361559932519867
0.400408952729297
0.528451097910526
0.160004577780317
0.33584616219756
0.425556122214995
0.246642374666843
0.295277160952049
0.251595007151994
0.509594594005541
0.392685466972999
0.31407327787245
0.497067803319146
0.389579456225676
0.379258420551972
0.384056184379618
0.439423412442901
0.335446785825771
0.498961784074284
0.414484565114463
0.435022563483731
0.408655293441671
0.428612854252475
0.378903465037749
0.381199440622284
0.43681048126294
0.372288470928804
0.394944555890261
0.415371442442007
0.281611133327223
0.386963326072982
0.39565528396305
0.485698568195685
0.391131901689746
0.454591583858245
0.376561025239825
0.446720661876512
0.446739375292168
0.263761634047484
0.421251368578719
0.561880308404019
0.494153457061898
0.567508313942178
0.616514576294244
0.442233513747711
0.452099428430099
0.333310135066325
0.542274295980758
0.482728929331302
0.344388504490122
0.563466847494536
0.498903261221684
0.465224552428405
0.574508745814863
0.45105497546653
0.531439752968732
0.545369878200102
0.579627986880964
0.443091441930217
0.566704805839651
0.41299642169223
0.538406925244728
0.430682162487238
0.383324720994821
0.453920530155712
0.729205218272557
0.529339186316666
0.510290025683024
0.433651182189618
0.520566983376451
0.555076582363555
0.536879422594411
0.392039656923839
0.554044974453435
0.664712550975698
0.466301527641554
0.459906141115717
0.455620707902236
0.391285383788208
0.542073859810674
0.566491988504666
0.4809603904141
0.516854018743549
0.503901160254391
0.442056247264818
0.427312386817022
0.538584284376002
0.543834570090605
0.611760752278572
0.645646960628388
0.628829354097009
0.379158172559383
0.506230316631845
0.562168096544405
0.604424779612835
0.594407905653288
0.429075860308292
0.553908811780808
0.635922011518414
0.621865087941867
0.551208417487692
0.661535802657115
0.588141717819799
0.543288907935481
0.621438624570049
0.546062619203139
0.656930879311696
0.568198975497586
0.592013397764574
0.369930285919432
0.468029169268961
0.592749852265307
0.540748934464782
0.62756432002283
0.53022207258542
0.587354463280779
0.534284070732134
0.550853975018031
0.622377348555111
0.568407421810684
0.43737586532186
0.825999957487569
0.658640506397152
0.563930473482917
0.610116787197769
0.703209725496574
0.501313100728661
0.721017262439159
0.592229640819026
0.594913760806087
0.593323898448254
0.64647049193504
0.623045976005688
0.638014407394126
0.735624950351192
0.569821157278845
0.736922560092104
0.558496990292261
0.593500290486388
0.700050865195455
0.59905721846991
0.590158997266909
0.752802362737267
0.752099746321272
0.61113545869837
0.664084429656709
0.683499600511326
0.711864633298128
0.717799753086513
0.656911761390114
0.772224744527871
0.773868582406641
0.716613016443455
0.574653986828616
0.599188785120912
0.710414324652778
0.760998181619577
0.720471546388526
0.645674136908725
0.516260730860408
0.627690535961743
0.768683506373402
0.620883905655204
0.72786706171411
0.710449150337171
0.802352513249847
0.653203234545943
0.627357625306951
0.587327977068389
0.768362000248567
0.750816544305828
0.606122446253495
0.668202821678166
0.694504533680753
0.700847159993558
0.708626374249247
0.665875955017762
0.725691853925007
0.596181861737909
0.88790221664098
0.626252369675397
0.535567738569381
0.797190715613777
0.72655795681356
0.77072174903888
0.683683883944799
0.840056866909238
0.699843887294844
0.720072235699887
0.726132666874766
0.731403943764948
0.727227585798694
0.849284510889087
0.886147273683764
0.888647730638257
0.751197942376379
0.667508573852507
0.569208520494681
0.718079935376951
0.7117262465524
0.835530995940528
0.748101640411243
0.6991192381344
0.887519714042161
0.70066269715367
0.860674262225035
0.765520324673928
0.670992142700771
0.83690249028635
0.701740212956122
0.935609686562487
0.73893220980743
0.649985765034145
0.818707035676458
0.832935876190512
0.702316781566988
0.77791483334345
0.729643286311425
0.854739209051192
0.756557838451034
0.817133558034258
0.678532920576692
0.640340066478482
0.874920736274331
0.848525141239255
0.80377378057266
0.865490467317094
0.847169849147801
0.908751763163379
0.828367497882765
0.814772448203699
0.899783224716768
0.96608080688349
0.785936712337936
0.882073900236236
0.673637354539519
0.751969192147687
0.839986220342949
1.03476339300603
0.745622186193744
0.899959622183023
0.812373406099277
0.677965403824329
0.857482236025805
0.915573561063602
0.806240316258315
0.761929455759947
0.870524456349937
0.893643203130658
1.01124084617627
0.871680660289996
0.89551889379751
0.884574140723015
1.01605114448757
0.821755420175389
0.862166948146621
0.940809047985674
0.782718807355707
0.942010095850592
0.948306601782227
0.678511342088855
0.894037403486186
1.02579576783492
0.909892587801663
0.741025745876606
0.953996431541089
0.797608701199331
0.898251205511314
0.878503931116202
0.770087953222822
0.844495625015493
1.06926840953836
0.841239207503897
0.83437508655743
1.00146403205159
0.935143197372489
0.877907177031647
0.961612160715457
0.890227817621703
0.89608576873814
0.930946622834655
1.05377632129023
1.03550771996183
0.829411003633948
0.933516685333591
1.07870962127051
1.05943527589405
1.01920905961059
0.98009721820683
0.927036722961626
0.825673636410771
1.01652424207939
0.981249580500082
0.904677014767996
0.803158122102275
1.00740617151942
0.988476348040355
0.792928759856334
0.765778787641922
0.827979383748566
0.960564937291425
0.842072697031234
0.97033172188234
0.837914282965447
0.973063612944545
0.986343055083405
1.07521796591432
1.00660642456174
0.987125359417099
0.999915123706953
0.962378588321842
1.02674571985262
1.04449206327455
0.987148667130042
1.04612677742698
1.27413780822027
1.14219837156997
1.0166916925702
