"x"
-1.0429404997515
-1.1210674741205
-1.03002101088947
-0.951437644135862
-1.04555343732817
-0.984908539578589
-1.07521456939314
-0.97454411516139
-1.16333661400148
-1.03867647174908
-0.968672103773785
-1.01458229381922
-1.01008899352254
-1.1247612949051
-1.12916246516012
-0.995429372760006
-1.04185888672932
-1.12618621579562
-0.843419856422855
-1.02280051151375
-0.992410409519807
-0.876383089714335
-0.9104703959404
-0.976933776964025
-0.891478058990792
-0.885602821131419
-0.997470697474158
-0.867584290767426
-0.921388774646751
-0.90265249711988
-0.91768999579842
-0.918670416423357
-0.986046415834135
-0.830809126703249
-0.869114542460818
-1.056817099492
-1.04070149629404
-0.949900023786698
-0.896957540468291
-0.988699847217275
-1.04407132509816
-0.796392661637015
-0.977239591118205
-0.967472784062741
-0.944537775324795
-0.942569805206662
-0.989553926434527
-0.939881797478062
-0.85524903593714
-0.984096128745057
-0.900593879492379
-0.954934224431392
-0.886457268894135
-1.07129859680823
-0.881929152939523
-1.01634406047987
-0.935293438697149
-0.736293750864611
-0.783516592998117
-0.881557820721385
-0.888617880974917
-0.900286019647304
-0.702827099396805
-0.874738206708482
-0.935003038602634
-0.864397351592063
-0.917477715707425
-0.993143504482411
-0.992939923464171
-0.851270678764516
-0.793445417491809
-0.880761017858889
-0.819364804476193
-0.825332363321259
-0.952734421763747
-0.860604127517113
-0.885079232741546
-0.657110430763383
-0.843651319551378
-0.744489142932139
-0.718327007430963
-0.75753782747375
-0.870775294826406
-0.911892945693014
-1.00092421405629
-0.81406402037745
-0.781461909408258
-0.905139440241719
-0.79170532698572
-0.868374125682897
-0.800795825499814
-0.833590198269299
-0.939957367681216
-0.802302170501727
-0.794465476800167
-0.706111129927325
-0.7195712701489
-0.732344863554789
-0.708312630510648
-0.712950560943499
-0.868239779740768
-0.739314411212835
-0.600503932601414
-0.8811248810204
-0.816751316889069
-0.789100005710497
-0.878767590774373
-0.81121151950551
-0.774384754849764
-0.683628932154132
-0.691506664576547
-0.83713434976118
-0.737718386484874
-0.870316915175552
-0.712311913614767
-0.917311153360627
-0.722061132260215
-0.883079472711925
-0.644087104661705
-0.888475453481128
-0.730766758272781
-0.78958772426185
-0.817810136933558
-0.970252715329034
-0.740989054508748
-0.82998174857058
-0.735341227796454
-0.625718890333901
-0.711724842582552
-0.692683140584248
-0.6871277160254
-0.790978512930694
-0.810201890245606
-0.883903915965452
-0.892255701299529
-0.803378664619637
-0.659029682527473
-0.633297531096867
-0.74828625516132
-0.68850154579178
-0.803819612925685
-0.462479502008959
-0.674964862552034
-0.765511935108705
-0.640209664758274
-0.532558086315844
-0.873425142605587
-0.554694405650756
-0.681444482174803
-0.620784714250873
-0.806222686547872
-0.688079041118924
-0.802576064091813
-0.739824781342831
-0.609365249415411
-0.649631378271645
-0.587281274389299
-0.629671726045058
-0.601387139876668
-0.693438747597306
-0.615848469765565
-0.720608024452004
-0.598675710070014
-0.533487472367013
-0.659174881580304
-0.611967004748646
-0.702936998758041
-0.596947702385222
-0.583268044200055
-0.686869174544022
-0.760644371246462
-0.624661342082756
-0.649699676712632
-0.635750125983637
-0.569922888573157
-0.514511267285454
-0.566269668334523
-0.571331560015932
-0.658081183192411
-0.664211632024676
-0.728706324552744
-0.696736135471421
-0.431169463651502
-0.593773773579217
-0.62120593363549
-0.716232201793691
-0.583911274544376
-0.582788423349723
-0.71686917785605
-0.597358702557609
-0.693324758241034
-0.611622013754266
-0.74891439616352
-0.68046922022583
-0.504913594215895
-0.64590268413076
-0.630415057578042
-0.674874061910827
-0.726456323102064
-0.506629901831489
-0.685982487448894
-0.630146966398677
-0.651170289545364
-0.610564398952229
-0.602741825370482
-0.513379720367778
-0.650144938345434
-0.589087882815227
-0.648108267044146
-0.503853721786111
-0.513984356759374
-0.50656497839019
-0.557657344029219
-0.501669188659238
-0.505113411058224
-0.527483856955925
-0.457334317980502
-0.508399726055305
-0.610788879714889
-0.595568077450189
-0.573861887812208
-0.574173990790142
-0.619675360863184
-0.514204688073033
-0.421892199461944
-0.581072183098706
-0.517360372779279
-0.585016266964787
-0.529284282498849
-0.465423164585696
-0.436099471425299
-0.602514793544702
-0.487321659488148
-0.52040259386537
-0.544351929082643
-0.481883573635868
-0.532971339191146
-0.528906587503936
-0.586927751598891
-0.516270553981619
-0.574165906472717
-0.558742218217076
-0.477714834602178
-0.620280050009079
-0.509115529817274
-0.557686591650245
-0.512527821919175
-0.547090956751524
-0.480881654722135
-0.55350798722274
-0.524268550922008
-0.591849034442971
-0.382665282887154
-0.617435257462493
-0.471006452209099
-0.575920917831039
-0.517146670424052
-0.538684013428186
-0.460297585575893
-0.484170359518062
-0.612994110244136
-0.610449815081234
-0.354680179444512
-0.549988613783754
-0.426866280562298
-0.493946082682399
-0.429579914187133
-0.526170519723471
-0.423016544832447
-0.401639635023917
-0.319235379696011
-0.443482795918922
-0.567758091088971
-0.450404689411905
-0.422275167379728
-0.341779751552744
-0.462668338495735
-0.480991823627467
-0.522398557250272
-0.437102370357906
-0.457461601374663
-0.541270619173293
-0.31801933272711
-0.429980604787196
-0.432173220562446
-0.369695056561488
-0.37250494884207
-0.34045375439464
-0.332984238179116
-0.319852786660879
-0.445496991994771
-0.280355685690462
-0.318759981152949
-0.533118473678922
-0.360468769713696
-0.394989649766032
-0.458812259755594
-0.239992845289609
-0.456816043219753
-0.416760843378425
-0.409031217750148
-0.369295729359308
-0.382055423581346
-0.46934610241802
-0.331580563249913
-0.383752817795675
-0.386641594248506
-0.46486491599834
-0.449640680227048
-0.359829085834898
-0.421303582155159
-0.306403617359051
-0.306361316804527
-0.416521335361395
-0.32637026005413
-0.311230498505724
-0.419599444143083
-0.165899854158557
-0.428023928500097
-0.237247740399626
-0.365855062246723
-0.397841948451219
-0.395519838993542
-0.391800890498555
-0.372060715846667
-0.465213378698838
-0.133790908873182
-0.327020698555717
-0.337696067015596
-0.179868521363375
-0.336931496701569
-0.255125793598325
-0.364146533006152
-0.328420488667426
-0.34350385739228
-0.440042396794629
-0.338257300172568
-0.3998766592883
-0.403180192991612
-0.21594470047847
-0.323207526442182
-0.364244586576208
-0.242987901452074
-0.443925422626483
-0.377515595120138
-0.231600300543867
-0.354204508985196
-0.477906587152798
-0.424327249505724
-0.214490024813048
-0.311472126856144
-0.304206996579291
-0.194389378993847
-0.258705925323434
-0.211050352035479
-0.257317660487737
-0.323593034701916
-0.294605400479172
-0.41090440145295
-0.22040309157449
-0.393254321477675
-0.381883757480478
-0.300871312832885
-0.270802128801581
-0.197805095994553
-0.398150161679164
-0.284025990042458
-0.330342363466297
-0.161934137627406
-0.20316009038733
-0.242634755203973
-0.32535890848338
-0.278874324782663
-0.399981417112553
-0.252621862043423
-0.222942558372305
-0.288391142227899
-0.275110980136746
-0.320712527022253
-0.373891296987681
-0.273378711141609
-0.23908350620775
-0.386511786547138
-0.240260225418368
-0.374406578136932
-0.321723918318756
-0.374705355691662
-0.183757264598386
-0.1954125714909
-0.217394885359308
-0.195420667421384
-0.151058373526451
-0.276910366083683
-0.0663869879962377
-0.359013903655589
-0.20020255869623
-0.205805939437072
-0.133606425096557
-0.28177629903315
-0.289041741817504
-0.248969227797717
-0.106769642547123
-0.21164601928662
-0.281202400002018
-0.334269765020437
-0.0487784258410085
-0.0620948391204955
-0.354247318637286
-0.208016396372448
-0.247757889312808
-0.281263310744055
-0.038033342784682
-0.170766594816715
-0.240169605695413
-0.210617221701608
-0.15626679959039
-0.210255950020323
-0.175050002194323
-0.086266263969128
-0.151589245034646
-0.0918252420275212
-0.188334072550508
-0.159219375660892
-0.197127225449413
-0.224295189617549
-0.0668101240499927
-0.0766686423254308
-0.176773856573059
-0.106814658763051
-0.0033810500503223
-0.0935121204379604
-0.082061031642091
-0.237813741615392
-0.157799324371914
-0.0645105892924231
-0.042236349722159
-0.0905947357135959
-0.0510072656449668
0.0864660993399951
0.00216383196398267
-0.224027112955373
-0.131308095509363
-0.0698876428690539
0.0981985852210438
-0.145082500166642
-0.0689681388116749
-0.157530176757215
-0.0456884532017987
-0.0497551455616851
-0.268906689009023
-0.124280850096502
-0.107909724263195
-0.125318659169651
-0.197793858217557
-0.00944676204943151
-0.105555580559055
-0.0420601893577274
-0.0512440124830709
-0.0462944472280419
-0.133420323272551
-0.084897028941048
-0.0388823284265495
-0.0462778848414573
-0.0515932769854866
-0.162970186196891
-0.104715265446408
-0.0539263007597503
-0.124391819686121
-0.13706432675371
-0.126508229007523
-0.087932425633041
0.146660279781764
0.109974648900435
-0.0988739662648298
0.00221395949108818
-0.0135971212881327
0.0404530258262716
0.121590972686317
-0.0263090574291778
-0.0637642750723942
0.013604136438003
0.102886111658494
0.00709896961087239
0.000649516650948062
-0.0409317419376321
0.00393411822847959
0.0414282465731828
-0.104806155095198
-0.0853316105497864
-0.0203693579559987
-0.0178812971930141
0.0164723017994839
-0.15297395943569
0.134970309432381
-0.0453784078870602
0.03087368970067
-0.0019089280111144
0.0248426689187038
-0.0923288179657527
-0.025393384518982
-0.00710732241327879
0.128361013411586
0.0548615880809625
-0.0629370904734905
-0.104956286474203
0.193191664598017
-0.0146453784102252
-0.0322028052891953
0.0998494990775753
0.151226099763682
-0.0259346122077057
-0.0364431997544683
-0.0913458025450216
-0.00520412402554955
0.13536111570602
0.0428087201258022
0.169488389922666
0.0534689862426497
-0.0307261758735277
0.244822029787681
0.121838808917428
-0.0425330548436173
-0.0919928579828244
-0.0388299260063532
-0.0725856995883322
0.0376061467001837
0.0902085950569832
0.174779637486622
0.162727119797358
0.056110176774099
0.0599988812772523
0.0539771530841305
0.0545218709588006
0.121185261653166
0.34720123522108
0.112638584762613
0.0620044638191464
-0.040359449811166
0.0751978594719112
0.0795317070531172
0.126190175739219
0.149719550079802
-0.0249530052579321
0.0627012959252601
0.230335925362593
0.101688116989202
-0.0181756180006462
0.117129987909229
0.0182234620337691
0.0964434659021292
0.116241214735974
0.0797198800797616
0.158917337287603
0.0597239557110397
0.0679455020473162
0.0854365990467924
0.0263966810552239
0.120710178932301
0.131486657530775
0.144734587497857
0.197003769174211
-0.0595183922697764
0.101941018202628
0.144988841978111
0.238026930231569
0.0353246765860472
0.0477978665812449
0.171186822374567
0.0179674958160045
0.196487444247581
0.00373655836227991
0.255016079136525
0.167624813296277
0.138862234227876
0.113766673078308
0.0927815904942751
0.257103981034704
0.0691055082652295
0.229976083402068
0.0104530867322573
0.259350086478718
0.221541085888331
0.120632954976283
0.0966416893421
0.367443499728425
0.235318059850497
0.239356344511236
0.194589495079762
0.0755448207530115
0.0606572713560088
0.11844240518038
0.0277740411420441
0.257405862478609
0.280000540889847
-0.0550705245896151
0.259800221395157
0.288342383182685
0.222890770143063
0.230277560464299
0.178491717106227
0.133542127995576
0.154142155568053
0.280687661796647
0.0976205847740136
0.336084213344807
0.273196226557744
0.159661973381221
0.219162471685069
0.23531058921571
0.278574114577378
0.305652545021173
0.0831441449606793
0.204527029401939
0.263377890270989
0.270928558734338
0.385709864867757
0.272237652239262
0.217248607836621
0.267103043384314
0.248355042579818
0.142980865603177
0.245654693140385
0.293902241817298
0.076824755568421
0.204658291920495
0.240559099719237
0.380879639663758
0.173235679086338
0.365301492503962
0.356699090361157
0.279499845586094
0.131615944086189
0.292522937743107
0.251092872062213
0.329036351728425
0.193566089179428
0.384614585062903
0.441066185412726
0.292093326740689
0.264646521679293
0.24747288592594
0.221780126528711
0.39793682371835
0.4622622435156
0.335476582072175
0.196887375219138
0.124035844495637
0.440695420024944
0.293406963456707
0.240971527395641
0.333373617613896
0.276521909575027
0.403022192359472
0.273565299013374
0.271068823303664
0.244827744261503
0.240176527600443
0.396747258463931
0.31134585190254
0.459733225311688
0.292312309101477
0.388394627231975
0.337666833454777
0.390375096019575
0.298616889262959
0.255357414513159
0.404968988110092
0.328257153845654
0.45134788542488
0.324562827681832
0.435676817019341
0.318429132673945
0.289733601096786
0.380496239036243
0.475656823375972
0.439928566034028
0.40386758995321
0.358138529355033
0.340784169752405
0.313333456853838
0.177458458402807
0.43110675587677
0.214254249340265
0.216791165517466
0.412788754623734
0.446083846392953
0.414297597326815
0.353114146165069
0.355354943034705
0.33891696033824
0.347598962698513
0.358778556296341
0.338166302137092
0.340422749349945
0.393413277046951
0.330451449914115
0.292643817183374
0.367703166475482
0.443996609530458
0.363557020896031
0.422356937841625
0.327768323970724
0.351072317948516
0.286252269420736
0.227880399537581
0.558796810455509
0.447341290900187
0.325688697306834
0.415207021422942
0.532650983460089
0.425485315761711
0.449744844336606
0.326671524370937
0.371649336502927
0.417582678225107
0.348916259069366
0.319638207512215
0.425058815409241
0.307179796244249
0.428026920393263
0.506212266765686
0.500928957300591
0.467349856255205
0.482169571668527
0.550086911220947
0.45056311073879
0.500124692247582
0.432802487025534
0.632204258215023
0.365725083834217
0.521976750214714
0.423947766453646
0.412390386844324
0.513703186074577
0.423077398618653
0.524587959240602
0.503491025717268
0.333142748924142
0.356606007698786
0.414154000002035
0.389259529895434
0.595912322288932
0.608004137362094
0.66517708404559
0.45021068702389
0.494911403609432
0.596941174748914
0.492223109098256
0.449850338758928
0.496131247479428
0.455260987692202
0.549328878650214
0.488985723056901
0.633953694677291
0.358149130286686
0.600084969216507
0.588026822325304
0.456218670189042
0.638958819582047
0.559616173064341
0.591909726010406
0.656745511497518
0.53024497112229
0.450040396436928
0.474258020060992
0.602904452516261
0.469044537800635
0.475435591535943
0.601784678028785
0.568205796517344
0.517497846911479
0.565097226553581
0.491614237257516
0.724429870843086
0.715751198026381
0.40224375989565
0.450422395694145
0.564143008353044
0.55551144860669
0.495408790182502
0.352449878031143
0.461275279487972
0.537273179467392
0.584778028915349
0.583399617556689
0.447846042899052
0.693181304153492
0.644465294506561
0.573672879268932
0.583381270624648
0.685666204798677
0.415660684174171
0.368837084289608
0.545269578734597
0.519535058038606
0.527697745614592
0.479172754501835
0.427629766031685
0.574908064632588
0.560437245980763
0.86082083819411
0.684601871539821
0.590885947306553
0.611696191047173
0.705443929679003
0.62793989594712
0.691892883842312
0.637809239902109
0.57670705513982
0.572616402935261
0.570493224265201
0.685623866304914
0.53108075446143
0.686454134045104
0.675375515124431
0.683054158648755
0.734288809707379
0.588491873006224
0.694806377304722
0.615624488585069
0.672592782007828
0.600482202553956
0.733911232445245
0.840571099493583
0.836213812367628
0.626958839805105
0.618285312901378
0.677243266311094
0.800196540237691
0.641842760998017
0.720701310509769
0.699831418492697
0.674193382030237
0.574888458013534
0.593815595922307
0.627817405675881
0.554335344703048
0.802608995455602
0.576559483541655
0.613767042467183
0.501274156691481
0.617438037753447
0.657966960574674
0.506302645471618
0.677243010217957
0.638649628120778
0.731774801399428
0.617438371314911
0.731780348772039
0.659969488215692
0.542512213457965
0.612039574234362
0.753009135986109
0.78709781524112
0.81995377613787
0.721953085367577
0.709849675061831
0.775367819450492
0.630468787646633
0.607103171116057
0.758387978232805
0.736429528626114
0.717460899712927
0.754863998240212
0.813615780463764
0.659291591464572
0.805102113223652
0.793443044326532
0.654147294392883
0.658279937781967
0.668925449636524
0.695518206972861
0.834382816521921
0.843514573778823
0.581259027599963
0.704289860374108
0.892236154988086
0.769475370865768
0.831556843187746
0.662316802416548
0.856074092614347
0.76814011881541
0.821688358021433
0.75995286877596
0.78658105017351
0.90623692993711
0.65917309623399
0.847082751028566
0.811377755622039
0.783351458622203
0.730448062730673
0.764414754550887
0.89038571098912
0.793203330938196
0.823269108412015
0.778475458715285
0.769035966807881
0.753157674541634
0.776508632377466
0.836150266175997
0.695942016961215
0.592357627621164
0.968036428897377
0.685305022015697
0.885478932106654
0.856439163569065
0.846618227710757
0.705189510631629
0.832332740230724
0.896067056745864
0.744722762924983
0.800000970698789
0.807534183382168
0.895070882833028
1.00974817773753
0.835687995664888
0.656208102398445
0.765408950956284
0.783439946104426
0.907132516617967
0.788751293120505
0.852556625950206
0.854560181969858
0.838282172803037
0.704590297071041
0.881251100397287
0.840876419373137
0.963685404507876
0.89466086157352
0.728319439784204
0.95932765321445
0.837958969846849
0.816488802817119
0.732465782551118
0.824108333101478
0.789631184752011
0.859898481831305
0.948211203258086
0.864791866861953
1.06733046212111
0.85968022424647
0.867874695987135
0.676696552820589
0.976298528603505
0.969246426789221
0.934076102276499
0.840449223629202
0.935080228713418
0.86072353726789
0.81994629586876
0.829286707367145
1.0332704636525
0.96235441375654
0.87419738017122
0.899674670608477
0.877281866647022
0.906088716684398
0.953644081148084
0.953532047040371
1.02118493119196
0.994098539835356
0.911573634775795
0.815994181599371
0.819358372901408
0.905342430435049
1.01122625560407
0.917626714425865
1.00187390360428
1.02686954041822
0.990961289450974
0.884560962181997
0.824061091145362
0.908301173028058
1.0395701701714
0.848690863043663
0.9128720810941
0.953096799203573
0.901101603169844
0.864975324332305
1.06365368842665
0.921339451185266
0.768102856322434
0.891112055268614
0.870728306488304
1.01120078017026
1.0211458090974
1.06858458250415
0.933103773413286
1.04907955784156
1.09727989084891
0.972879523310294
1.04042804344916
0.958819350088396
1.09411366390639
0.969149532358557
1.00700693999435
1.01391420997437
0.95693706743735
0.951438621296426
1.12349486950805
