"x"
-0.925887487987159
-0.842060755926652
-1.0630725670261
-0.866086607017915
-0.875473016514851
-1.05198974628618
-1.11974298413935
-0.934303875111801
-0.924251177704149
-0.921058128914451
-0.970630312485868
-0.991720718197629
-0.972752980845889
-1.18552950639782
-1.00654849566261
-1.01357487475073
-1.00337974607461
-1.01958584992096
-1.04517919287261
-1.03147940867793
-0.958829929781013
-0.844992267149703
-0.984060299401815
-0.8490142785657
-1.01072411324885
-0.956221853562111
-1.08801246018354
-1.01179600327204
-0.989783538428472
-0.898022293018
-0.973110265050994
-0.826621610493658
-0.863636142232735
-0.902397507746811
-0.78532224118551
-0.870575577120556
-0.749380903951936
-0.99690680845872
-0.86481152740018
-0.874487039488265
-0.890462329721966
-0.868123373875818
-0.882057136832329
-0.899396807864788
-0.841366656203953
-0.816396060827637
-0.909155667948551
-0.959139317341597
-1.0152902892148
-0.78307219393822
-0.887974020291404
-0.88009274118827
-0.732350800471267
-0.854631128767851
-0.830695375261024
-1.0022619836594
-0.865713060902203
-1.0009363158534
-0.836907013179232
-0.881102414821748
-0.787734099182158
-0.925550678683865
-0.830903670997305
-0.926059214737717
-0.959505824737614
-0.922977911133007
-0.813579171309556
-0.899443190497583
-0.902884551925523
-0.887510794996721
-0.791102800853328
-0.805751646941856
-0.965287142980538
-0.809230334003973
-0.743969339470381
-0.852508024262916
-0.806557598034353
-0.76383467027057
-0.708875023002614
-0.881684725575024
-0.826081263874875
-0.701034811214276
-0.905949573750499
-0.790334403229258
-0.829886772449067
-0.863722331017667
-0.850884020207518
-0.85285125250819
-0.810659786203749
-0.834523263340442
-0.716537396730917
-0.895567564345366
-0.898042530188179
-0.725404703781295
-0.863260408191106
-0.733619158710016
-0.738531297432475
-0.67493126024351
-0.745646950332824
-0.880141585998418
-0.835148880402991
-1.0600721746497
-0.747517719163152
-0.782777643716427
-0.539551038130313
-0.760393619469268
-0.840164032202673
-0.822733975800635
-0.727914205650677
-0.809526357856059
-0.726904043116132
-0.794189794893967
-0.80214770414127
-0.671919920904428
-0.80888686822996
-0.818453752170148
-0.732339130862706
-0.759588801768578
-0.658507819895604
-0.852596895904255
-0.601865678877066
-0.856544716002583
-0.87146798317239
-0.682030763033853
-0.884417277939478
-0.758306992205097
-0.817587589016912
-0.62191441098634
-0.853680118564859
-0.644037426126485
-0.712475701139042
-0.691505227992443
-0.682808710070561
-0.6979894323704
-0.703270688224279
-0.679730438941838
-0.719618684163208
-0.792613892895251
-0.697804598270184
-0.853704342872244
-0.773962409110451
-0.753689888609936
-0.69631536606601
-0.818225880979519
-0.699881144803185
-0.425132097362932
-0.677117550554208
-0.750143019348349
-0.793384393048765
-0.679978317332819
-0.735377974552606
-0.640007635473991
-0.76384834254383
-0.683727654163893
-0.744883179165573
-0.651123444866413
-0.72969338267463
-0.697947858623738
-0.804491146039139
-0.771556964092806
-0.763356033972609
-0.756261641861451
-0.614791673122732
-0.65166210632083
-0.575515454777076
-0.745135231678391
-0.590125972960888
-0.684901701883341
-0.634821816187487
-0.63752998771396
-0.639447079596437
-0.707323008828428
-0.666603597360248
-0.745125794354207
-0.729585298848382
-0.633324620370484
-0.661299258494331
-0.609341699214715
-0.724743355823226
-0.680152817263615
-0.781138248930788
-0.641567867556037
-0.703641188374535
-0.554074068014376
-0.718695858667318
-0.649922257989042
-0.606721378188801
-0.527036776388925
-0.653128970260081
-0.585382257070036
-0.570355355136748
-0.496418765168276
-0.634822250067827
-0.455085565370554
-0.692929191736498
-0.533762521328694
-0.634041511970234
-0.705594959093305
-0.529323208507774
-0.53776988055752
-0.564504353819715
-0.5543573647083
-0.68887690261021
-0.609868136456571
-0.60815693566919
-0.660560863778106
-0.532233503332926
-0.69616488790243
-0.693200827814773
-0.561055697422376
-0.56288023783476
-0.570309501957368
-0.436040837807494
-0.525780978806634
-0.586652747418491
-0.434774967553482
-0.631611803333637
-0.509313978695474
-0.591883568741391
-0.479493889914436
-0.661943291707644
-0.547800708083149
-0.641677026343246
-0.480776842321032
-0.520276664010457
-0.59900792641161
-0.594658545141125
-0.505293449330262
-0.636416778501837
-0.539043085368745
-0.578806788030718
-0.494139841104506
-0.381921907340734
-0.511299116728115
-0.512615028700136
-0.521248082700652
-0.41250589814606
-0.517378497978974
-0.514275496912816
-0.459250816250861
-0.475981816432313
-0.558521958383881
-0.502669727246412
-0.647656089815053
-0.53698434373888
-0.451023193676925
-0.572538300630669
-0.479521382023227
-0.549222545534598
-0.431056942786288
-0.557716001924572
-0.447334692968855
-0.407614680985903
-0.337251628782707
-0.582836623878568
-0.397699977517903
-0.506613574978707
-0.572464549554669
-0.462812678514394
-0.450363391829241
-0.496379214150413
-0.493691304624168
-0.322214371436014
-0.654993184117653
-0.542923648116491
-0.467232518067255
-0.546973100647651
-0.410334477206038
-0.516876691105579
-0.380649820206334
-0.410224969901422
-0.534079122121843
-0.558200224566121
-0.351900774313112
-0.405777460080167
-0.518645766284105
-0.474482227324834
-0.404078092786814
-0.315804708650924
-0.489918616549689
-0.419119596646774
-0.314404795286752
-0.42371935735383
-0.394815190104261
-0.420379384732756
-0.443306353736899
-0.482216732121184
-0.497181079342688
-0.494287997070643
-0.42062831076736
-0.547569418112581
-0.413275338601045
-0.284255254063222
-0.520010333659
-0.42832914382436
-0.401940599467721
-0.506837252776005
-0.275324550605018
-0.490515652451017
-0.406482386215196
-0.406823313725127
-0.449088249387946
-0.478127110254748
-0.319162695005802
-0.446130745051195
-0.410704154824247
-0.495458772979573
-0.444677755581428
-0.379390796047961
-0.490024000399516
-0.420096801766006
-0.375055575317526
-0.478727982456266
-0.40228567947707
-0.610979817405196
-0.338484453786561
-0.276867326397967
-0.312072086312417
-0.349044788657195
-0.482591747386538
-0.319366851201961
-0.316837976871276
-0.438767497858813
-0.262631758709311
-0.433469018163215
-0.374680314592268
-0.44958534909323
-0.358576329175874
-0.228657486533118
-0.280639074570995
-0.340832241854191
-0.359033349346274
-0.326497880194198
-0.397055036847695
-0.276764305256504
-0.379592183023245
-0.328913450404525
-0.288373143147579
-0.355138983209214
-0.323916300033237
-0.305859209832037
-0.376550904541756
-0.237290128712718
-0.205357661825221
-0.271523084587976
-0.377005527118008
-0.185886907327867
-0.259550579777934
-0.41229663028618
-0.326664068573329
-0.275345100944905
-0.337971764849339
-0.38651109284091
-0.328786032082874
-0.167824071239621
-0.223784497551835
-0.140317367707352
-0.153950888454787
-0.215895922275343
-0.483423636245688
-0.339569049705651
-0.189420769083931
-0.283252089437591
-0.285460441779856
-0.29133180054655
-0.254422462926872
-0.266452217315273
-0.104877915922393
-0.162860512193917
-0.225388011826298
-0.420222688878811
-0.25678555372251
-0.122615757942637
-0.251243934064697
-0.372417515268365
-0.232508162255224
-0.434647472461485
-0.190075204523988
-0.239527065339693
-0.0821552472070465
-0.0965525382185612
-0.169178929886205
-0.231938042632589
-0.22669016791117
-0.253037657171965
-0.310567515780988
-0.227164103163977
-0.140262632631622
-0.102675073349017
-0.285060076928493
-0.141578124857475
-0.204538227899685
0.0165805635280159
-0.324752613741224
-0.126786615384523
-0.255704398136269
-0.0867386904892777
-0.109707430512913
-0.194734957811741
-0.0478752514457476
-0.245008743375644
-0.295876131352847
-0.282774785088715
-0.111230320044196
-0.142481160192052
-0.12268163650183
-0.12290511097055
-0.108686123578026
-0.330827145015155
-0.237171286867626
-0.240215543121866
-0.245907303006246
-0.0514295678582541
-0.106818401199028
-0.233177961593109
-0.073128299779568
-0.12589566169238
-0.0819318564476334
-0.206520845191128
-0.185427630391462
-0.210081204729983
-0.301366884804021
-0.236687980873313
-0.199886868578915
-0.304632479714677
-0.123788607753282
-0.0746098364387279
-0.124886556373331
-0.0501848813326482
-0.143086864515622
-0.193843794335944
-0.0899498590371757
-0.147862292110044
-0.0533034692280167
-0.17250603250094
-0.109766475440085
-0.0452263882355024
-0.196596233142192
-0.146121752856764
-0.0576031506034389
-0.14331953469623
-0.122534110263089
-0.122501515735527
-0.0328077319211433
-0.0553955966739679
-0.0760617547424194
-0.212934845604036
-0.0404973677705438
-0.058811288004358
0.0175419144607743
-0.118738218704513
-0.0489947178267612
-0.0857276642391731
-0.098668647121761
-0.120760498666587
-0.129117620767049
-0.200660517156646
0.0775221116027556
-0.0213679733854401
-0.0108914878580904
-0.145544322651328
0.0158966604404494
0.0831923742976868
-0.0225536731563435
-0.0559555164716676
0.00393551854010574
0.0608818110774277
-0.118205291291569
-0.169040373140829
-0.068040889391997
-0.201789920171576
-0.0164805315865215
-0.117737633314274
-0.0331313540043627
-0.0117660859340546
-0.0201214880854862
-0.0201755053369013
0.117048304979406
0.0376288598405202
-0.0963355001741357
-0.0443961592339172
-0.0208952961911475
-0.113608689537084
0.00604121898391671
-0.0823137104682621
-0.0894668144926457
-0.0216498015416536
-0.133835090978323
-0.0547309946298194
-0.200746982931643
0.0125289963534104
-0.0510464742924304
-0.0284197440996411
0.00782315429217555
0.0901787341281549
-0.0534892020161523
0.0107532163372507
-0.0122826390385989
-0.0398034342367334
0.0396231516273859
-0.0958407263411672
-0.0685575057120411
0.0331555767261951
-0.0131848161348032
0.0062110888208336
0.0391969540966613
-0.0474357896160312
0.0286175219149358
0.240623983970465
0.0454295336854051
0.00477429673983747
0.0834190835951706
0.0369254091421252
0.046000018677347
-0.0787847392267611
0.0951047299362434
-0.0319543457946239
0.0623942529205787
-0.069748814925049
-0.058143367072204
-0.0248438474662078
0.0875352611917902
0.28296838064486
0.0295033798170078
0.0957854029664055
0.0275422715598887
0.0448652660581313
0.151499823788557
0.105127411402573
0.0407346739718134
-0.0185212392774261
0.169440603759888
0.0194150930242114
0.186553164911495
0.0658391714283314
0.215385249757229
0.214345123565805
0.0710172465477134
0.0371282160861398
0.101227448100957
0.0888500948526659
0.0334721562686488
0.160421267308818
0.160370261205554
0.146101726144847
0.083143310538713
0.0983225221006613
0.0116014577792978
-0.0490102965975289
0.0877178834038289
0.146853013024442
0.0653645286345102
0.112197315367129
0.208599828049569
0.129812082796762
0.0737337028027288
0.113779607537158
0.0923449885927691
-0.00753227027618732
0.160274266974758
0.134600703754825
0.184726940931508
0.0197109676794706
0.152484252391265
0.315520459842176
0.0581792073430166
0.133139826865134
-0.028355237679727
0.110261391630294
0.148915870898692
0.137457491590357
0.145584032003229
0.288948173336391
0.0621412088079814
0.128954109549961
0.185274498011372
0.212142133309235
0.138968328754188
0.0991266107686194
0.28607587284773
0.0435405759596488
0.230736776400327
0.219886078709296
0.105234237656371
0.169603787893048
0.300973071621723
0.232431527799456
0.202817253103585
0.123389811559163
0.136322962676267
0.0797980605432382
0.147757540780346
0.123567536411389
0.21381350537497
0.226287616104045
0.214468480005613
0.166588939065421
0.249699547762937
0.237362495970909
0.240098756200718
0.269395047376884
0.20317409923916
0.181564517702414
0.156924659681363
0.228965401540334
0.19515143885327
0.21298555261374
0.282431235562434
0.172635600907251
0.11221872399528
0.222669012280364
0.172140812050174
0.196316538745895
0.204733491299923
0.255438908521307
0.167214222566676
0.200572860322339
0.146065431120861
0.181509017578795
0.265530020132538
0.185838465207241
0.249695312778516
0.278691747021405
0.383702616842142
0.489580518484166
0.258241681417763
0.211569654659126
0.221967129057094
0.231971125022491
0.208406520824801
0.217602933327783
0.167695849399951
0.314696366953565
0.125112764186135
0.354919697757006
0.432899413752434
0.1892942349818
0.252102513026304
0.173684402781971
0.403995771733739
0.257200599859313
0.195137128898423
0.291439827282384
0.310847141098438
0.155987535448711
0.288271797293065
0.323731503584658
0.386054684450948
0.157026940551449
0.325421046904647
0.431128783903121
0.269683776500066
0.234770299938646
0.363009318335089
0.156499432919062
0.404248238279732
0.385047370868292
0.347149588768333
0.481241508888778
0.419407979433135
0.290820111378637
0.313883816347187
0.350371211763739
0.215213534859623
0.378543137250515
0.231638779319913
0.26722050077282
0.363572700296672
0.307036415098281
0.27178342749568
0.402973914235493
0.55152959932619
0.473096814508863
0.274395946201527
0.233090729082387
0.449025392350668
0.394562628695522
0.357158432782866
0.328445995177053
0.398837892895743
0.397213905121058
0.407144948414958
0.325343817682201
0.24621980291546
0.364264466067385
0.398511625000188
0.343963979452966
0.297948436327832
0.430925382706035
0.394369802325605
0.411926826758574
0.350048684522634
0.452786152967616
0.282381544601119
0.341656477519044
0.244558137318048
0.21469883920687
0.467663731194818
0.397344215682031
0.420679580895041
0.337328149274396
0.415837955280405
0.457285401124707
0.505058332435283
0.405378966452544
0.348168963745325
0.419806539302074
0.439667296346349
0.474692991963972
0.457865056693659
0.353052448891627
0.594236489798792
0.436008678735756
0.575589530297882
0.527181035587392
0.50177278362311
0.537342218468057
0.436629848120908
0.452523548483282
0.543390778082636
0.489746685678887
0.42758259124892
0.49936083918246
0.470265922551279
0.486772686120848
0.419014815539856
0.385167376894741
0.310557773497296
0.332930181147433
0.417554007505481
0.395636784097262
0.429320321147657
0.423307435460964
0.491135509693773
0.426856192759342
0.458835330213643
0.478240013439825
0.500974247824484
0.520657346785003
0.534334903720264
0.380015162809533
0.579469886630815
0.538624513131524
0.396937485778894
0.392819875900929
0.393872476989773
0.523883127520769
0.352635798389657
0.592638608223904
0.568958357627223
0.434505500341716
0.516916070150682
0.603116483665098
0.526328965547619
0.571925435784843
0.58575602002401
0.419556601317605
0.405106763671467
0.527228374218956
0.557819229820333
0.438262849625599
0.370880540435158
0.629208126704631
0.553394138852649
0.541734837888379
0.598746593724463
0.556134642946078
0.540859096976555
0.50875231970829
0.586417554782081
0.458260254893409
0.580768206257641
0.566555730216138
0.428756423219391
0.658671406130589
0.570056004188406
0.642569582682819
0.463603016050903
0.505389360535624
0.492741303330858
0.67797055792806
0.512098809066435
0.579664929016127
0.610181167037857
0.53430856169819
0.634951857309789
0.626048674933804
0.602579138385026
0.69714415446743
0.6310457656801
0.699042733869596
0.542106727383669
0.566774274109398
0.349834747089363
0.540121170040304
0.514186112487487
0.525631224054774
0.645240763482125
0.57720832760847
0.678137390634529
0.514079293694811
0.481461476460987
0.610881706728222
0.763988355504572
0.679973479676368
0.649892258550776
0.459415596007456
0.576351942343648
0.623139514787832
0.59947068557839
0.698828585662672
0.653198752028035
0.483730328958497
0.624582970388551
0.665733913102973
0.55269790367231
0.714523713643631
0.772162650462971
0.446772241709596
0.75500276039742
0.546080288939461
0.731708501113236
0.45436952051524
0.603346453101071
0.703536000503022
0.635015299757332
0.505082111755304
0.637497705691487
0.556251457031254
0.732112987957603
0.712798830495219
0.691139037037646
0.573519325906133
0.790836219115457
0.741774782034923
0.515280253085549
0.674912540002983
0.806481216634756
0.798747520325797
0.626694088462686
0.81030362651829
0.562111013151081
0.65414785385843
0.742637569563394
0.622414098973508
0.65126693840528
0.742983058946884
0.700221797354018
0.76398048784985
0.643075103571196
0.656862131094472
0.754060109407691
0.620122388289652
0.76615524458098
0.653631838956136
0.794098890223713
0.686909109825881
0.77952120233557
0.535153254236928
0.84766557714909
0.705461614686777
0.754961621389229
0.711750668571185
0.748749682451535
0.645732507863548
0.710560673642431
0.81689950170229
0.781608650439538
0.740592311095437
0.666504954458462
0.561256718629186
0.572876330532607
0.816030938998649
0.757990767771742
0.690322706836089
0.783156788111602
0.720673282946596
0.683407495275221
0.86206808893249
0.887644241773379
0.706345445025668
0.773306396284469
0.7596740677535
0.688093961427294
0.80002072394405
0.82435385864596
0.841563042465562
0.863808199373926
0.801840891621488
0.776042511305481
0.59615806291879
0.813159105109432
0.536821168785782
0.869648931445468
0.824859362243825
0.878667493623276
0.794403552367864
0.699642951787281
0.781161611997754
0.768813732784994
0.759286737234092
0.763746395644496
0.839439006585969
0.784193410080614
0.747584482348564
0.652048077726233
1.00088002807905
0.734716242726923
0.836102947681074
0.707016912391978
0.800738764360511
0.850377286053332
0.967229386435354
0.868084161547233
0.744947051585048
0.877061604907062
0.72000991040544
0.75826069591691
0.83591411709064
0.82260209948574
0.769552371991086
0.878174373310977
0.811130839159835
0.948685578183513
0.784381647540094
0.95100037675334
0.917550801605108
0.717570621974252
1.01416415279357
0.796788677400021
0.878471208067923
0.763112404269208
0.827732990683677
0.921245124232022
0.802800992703494
0.831736567317801
0.910517478057317
0.858222600113278
0.896699194050295
0.914354912121104
0.890997158705888
0.927766723597435
0.852629031558397
0.864538124426896
0.828953111607339
0.887434016387993
0.842798012724818
0.760174430001781
0.905233712850958
0.882892962006497
0.978165106730074
0.722304533384796
0.864998859782587
0.932788034499598
0.83162745594657
0.739930761921054
0.766621085798216
0.818539630817958
0.871259265659807
0.804968550947875
0.870449116015474
0.900161254852435
0.982107841888748
0.994236040091876
1.00071321265242
0.781377105701544
1.03401134670328
1.03837996998249
0.968402703419267
0.932460517345909
1.04661414813517
0.946666613024294
0.864777235191072
0.986740210057343
0.937661909808429
1.11183705919989
1.01919742239636
1.01682011566835
0.797219497891378
0.923539921401772
0.999143387970189
1.06964366615421
0.970758768409966
0.99499618544446
0.903596640060881
0.950704906052125
1.06795182287247
1.06640819206037
0.974486352931783
1.00228589022359
1.02761360391669
1.10277148076522
1.07352711938934
1.05368509119989
0.956880490101554
1.03646169471092
1.0419356661088
1.00597402365921
0.917451065488968
1.02643999440687
