"x"
-0.930412221398383
-0.848662313124029
-1.06339094779053
-0.859016146854876
-0.896855931985446
-1.0168224892275
-1.12013866200691
-0.925924747521905
-0.94437310460578
-0.922222987576586
-0.988365092072962
-0.973403874576191
-0.955334820215853
-1.19721555835014
-0.999252883164987
-0.987607325082833
-1.00809966620264
-1.00240976397474
-1.04745294386596
-1.03385860987005
-0.974213894610728
-0.857431683907928
-0.995403194707534
-0.854003260274513
-1.00148702980171
-0.940740483677528
-1.07087683999359
-1.04148555831603
-0.965482625904132
-0.889924635201612
-0.95380456907307
-0.828784365902654
-0.863488300386054
-0.891756029793975
-0.81385324655823
-0.872467271276891
-0.751960754026779
-1.00382398024092
-0.872894172026661
-0.866713080531434
-0.894966699223076
-0.860816503810531
-0.882252346340244
-0.892145630704648
-0.837569882058958
-0.811197913455265
-0.919410728226568
-0.941621377560723
-0.999271408336514
-0.787071397426098
-0.878950093294067
-0.884744355337001
-0.745928994303651
-0.841531802875653
-0.819077716884674
-1.00222854193626
-0.891760491110528
-0.986429649628307
-0.867782284237875
-0.902686397840699
-0.794954171374068
-0.921517100321279
-0.83057898934256
-0.921840947579933
-0.958992779065039
-0.934756701177971
-0.829377501357238
-0.907262325117946
-0.90687417201145
-0.89840094978798
-0.79143184073594
-0.806073607995198
-0.97066334545342
-0.807533527040894
-0.745653108180538
-0.834477344545821
-0.804731648429741
-0.754752297722421
-0.702118107725516
-0.875884511818236
-0.841551400020179
-0.691819808113903
-0.911927226247442
-0.767914537698541
-0.82854811890115
-0.863000776437061
-0.867468563297659
-0.846861480488003
-0.816305511242245
-0.860956608008229
-0.710057247466664
-0.894302517210778
-0.88696004134625
-0.705819741924255
-0.881622041500929
-0.747253576564571
-0.749357101729287
-0.657204283634991
-0.732299877454876
-0.875915857889862
-0.842428678027588
-1.0585942797987
-0.739037049092193
-0.770040425768076
-0.534215344200363
-0.767416232359185
-0.832226054470758
-0.8154721078979
-0.747642729377276
-0.799084595908494
-0.719233715704625
-0.773492264854653
-0.780070860243235
-0.690050073591143
-0.817874053383558
-0.826931324013238
-0.746011514408416
-0.782921328897395
-0.647660472550855
-0.837898116425027
-0.629267907468432
-0.859826185555748
-0.896970393368579
-0.660695849254128
-0.901491967549915
-0.737131808795741
-0.788883964605962
-0.604190668583218
-0.847986652954091
-0.65784377597509
-0.716762621818503
-0.670880652649932
-0.700308492302852
-0.68485966891408
-0.705123915445533
-0.689566840580742
-0.70265101579131
-0.780328258790205
-0.690704900728179
-0.863099232470375
-0.796427874093422
-0.782864887544122
-0.710355036554556
-0.806338053078792
-0.689484652337284
-0.412188451705717
-0.676373009136552
-0.743652691746034
-0.779495425084867
-0.689436144980901
-0.751098242387166
-0.64381263171348
-0.772261481357264
-0.696622154817237
-0.745144916127527
-0.685398671454465
-0.749264511046321
-0.694831415698251
-0.805637828738833
-0.742016414128679
-0.757757933851972
-0.717072187329363
-0.595221653320821
-0.640584731503777
-0.565942544067353
-0.755846325358886
-0.602312933211903
-0.684917649210883
-0.663822676874862
-0.644477158649746
-0.650070188738291
-0.694444392755497
-0.672588463900937
-0.73471063180159
-0.737879390426615
-0.632388156886527
-0.680053706619381
-0.583324667700435
-0.743943126513905
-0.675709393916906
-0.798020973714508
-0.659527238806877
-0.68610683812693
-0.545461587235756
-0.69823504627661
-0.656479888156838
-0.603068045444833
-0.51874049538317
-0.647234168425798
-0.550184466156785
-0.59381576233453
-0.516996672543995
-0.602135331561687
-0.460218828605166
-0.693890694321271
-0.553115527629582
-0.628684392433047
-0.707592638947993
-0.544274845434345
-0.540839940823482
-0.575778586550606
-0.542716695128187
-0.667022010429471
-0.592023294215489
-0.611281562206338
-0.668472364447245
-0.539158831693246
-0.701596105693565
-0.680819029083026
-0.556627493252792
-0.535401721428331
-0.561967707081329
-0.45060151743338
-0.503896525299904
-0.581340159444465
-0.435158203100997
-0.623049638448176
-0.518556336629728
-0.598799822617949
-0.486132406021362
-0.675127085614734
-0.585216752311234
-0.669662969593835
-0.460168697598917
-0.518450505021182
-0.591876911872299
-0.617066415621305
-0.488255862396469
-0.606801532665155
-0.565503982428594
-0.561726595878618
-0.488905040560091
-0.393805257924161
-0.520982511939481
-0.524858224827626
-0.525467436737358
-0.431747641360489
-0.493020698083852
-0.516755885523426
-0.439213152292543
-0.487470895538991
-0.566352352560718
-0.517597201091164
-0.641594003291514
-0.542156611376475
-0.473067006682647
-0.56934746727995
-0.476071473408052
-0.56652487889526
-0.426900740454136
-0.556128890128437
-0.44494357135822
-0.406933377292153
-0.317490651469704
-0.613360645004989
-0.394946671967561
-0.504029079749793
-0.57060242302815
-0.453529147581685
-0.444192817380114
-0.522343125993567
-0.514379730091714
-0.323502580586683
-0.644698213441325
-0.569370383793888
-0.480276574584363
-0.540112766426244
-0.386292658282247
-0.490064408672012
-0.383266448556776
-0.393576383274613
-0.540234607561544
-0.577631322979922
-0.356844093614929
-0.38246364378753
-0.531750885431184
-0.446320473754568
-0.399822253089856
-0.330764085739615
-0.490026782605772
-0.430394161571839
-0.271692072769831
-0.422131574415282
-0.404755029064149
-0.455351171567376
-0.436860742025678
-0.490577733681664
-0.509051029590814
-0.516489521616163
-0.377566058708028
-0.526631720431354
-0.422227383846696
-0.303363790480925
-0.511147133922568
-0.428742122353843
-0.423612339260786
-0.519085671863013
-0.304902133009926
-0.486000470497866
-0.407863118891022
-0.415961674736073
-0.471481484737886
-0.489686296366755
-0.321835144121141
-0.432176381940053
-0.391173369019789
-0.502624516708988
-0.433417932707492
-0.402470012444475
-0.535719831987841
-0.430129563800841
-0.392452548971833
-0.485986335381032
-0.400617798230441
-0.609970123930865
-0.338585917697173
-0.268251860731404
-0.313508149028301
-0.338732361182522
-0.467294995958987
-0.326081451383033
-0.321718029114508
-0.435190093629099
-0.254791112564081
-0.434327904062702
-0.3594738927517
-0.437615580716313
-0.352746039157228
-0.211106262776426
-0.265414472398943
-0.319418715351446
-0.356020244785667
-0.339748652220654
-0.431892126016921
-0.257497896375822
-0.394253172708616
-0.325072950891622
-0.277310262048363
-0.361786707041825
-0.318499409417854
-0.280333225251759
-0.367744422838832
-0.256202223393906
-0.169230721569989
-0.272366449777828
-0.372333467238427
-0.197680228765505
-0.247225865718792
-0.436797986457644
-0.346671116247603
-0.266082777154144
-0.329911217793308
-0.346781023562861
-0.332673745002687
-0.154202713631836
-0.210938552099931
-0.149090700075891
-0.16918934040025
-0.212904405125707
-0.47590860105015
-0.341532914295434
-0.1851880451266
-0.288330693565893
-0.290750368816209
-0.295369888867467
-0.25703921319355
-0.282392383676641
-0.10377110144291
-0.176276147454029
-0.207362784709394
-0.413624943997032
-0.250284323727099
-0.123068982437231
-0.239643002604836
-0.381890033268388
-0.242785845287313
-0.394699175311954
-0.182562483301832
-0.255542569836651
-0.0917874653506792
-0.117707878228741
-0.167312818418022
-0.218053523418084
-0.221423364341424
-0.239275788858998
-0.316200007804831
-0.226148023439274
-0.123981395794308
-0.0999489834866582
-0.281282544531381
-0.162535300531305
-0.201442716837322
0.00828782996741827
-0.309658542518376
-0.12804254898969
-0.2437720310057
-0.0800272563876957
-0.0912556327224363
-0.212764996472292
-0.0458281780327899
-0.235767960487549
-0.299073681967811
-0.268022651170053
-0.104532583943158
-0.153401033878508
-0.124899678546667
-0.118271439620192
-0.121269215442579
-0.333707478751572
-0.204757707508162
-0.244667558208377
-0.257053363419053
-0.0568879832859179
-0.115607439210189
-0.236616194880773
-0.079028497810316
-0.14061649409172
-0.0752137914831638
-0.210301013212963
-0.162162493619631
-0.197656714790762
-0.321567499493944
-0.252069388997845
-0.177067349411841
-0.306973526834595
-0.112409211580339
-0.0817419472697519
-0.13638271121023
-0.0231611494161836
-0.121382884868733
-0.196922647746178
-0.098128101171607
-0.172053071334796
-0.0311734599089724
-0.15432305229875
-0.113364087499363
-0.0526836316735464
-0.17550744568336
-0.136686311483124
-0.0616210734719991
-0.146916395207977
-0.127862668905615
-0.13369176130982
-0.0314355658361716
-0.049319499782614
-0.0907400916060785
-0.208133541334597
-0.0141361846426523
-0.0457910234633077
0.0154440059499448
-0.132264691844349
-0.039907852757515
-0.0583815082659275
-0.105150101427554
-0.119665315330579
-0.142155792865606
-0.209468125449865
0.0771944201923492
-0.0284975076308668
-0.00563175994158882
-0.136724523425006
0.00388733671002047
0.0761593779453105
-0.019181720214445
-0.0665304214177169
0.026289061734098
0.0744462759647273
-0.113542458390086
-0.171646567601517
-0.0325547667697079
-0.195269229788529
-0.019255668578809
-0.109338693310056
-0.0148127963973998
-0.0193949063653242
-0.0573935724808076
-0.0236016851423087
0.114127080571283
0.0252451246754528
-0.0917097776508358
-0.0511079020125983
-0.0123050019541568
-0.104527396243636
-0.00689162356675724
-0.101057163483037
-0.0743291952759696
-0.0173360638843141
-0.127041369935016
-0.0743031704049661
-0.165764868998988
0.023834792870056
-0.0595656533944092
-0.0327305715720059
0.0121581457096615
0.0759525737136025
-0.0533599010212272
-0.00892491320002307
-0.00600792861349684
-0.0197669940192893
0.063331897501387
-0.0954312969120137
-0.0733472661348846
0.0228134834770387
-0.00841044522916168
0.0166701709747896
0.0321470778172652
-0.0463805396964995
0.0413280193452356
0.245100021059282
0.0575472032583373
0.0297097651538137
0.0754732502015093
0.0464024310327631
0.0729021119192254
-0.0613194547233112
0.0990223173122121
-0.0545369222901473
0.0563300577461727
-0.0718305760480593
-0.0640693520813805
-0.0405672548546817
0.102672900344864
0.284129822742621
0.0256564600695972
0.113060502056319
0.0221297567580248
0.0361450982605612
0.162893987889678
0.093738004797431
0.0644825539702051
-0.00759694919153055
0.17377367854149
0.0251520428272363
0.214973932712885
0.0602568675141699
0.205745404387563
0.210030487401726
0.0710702233449371
0.0462114663450107
0.0895001474195518
0.0938578363602035
0.0182489111694339
0.148453168159701
0.170465104391316
0.16356308704232
0.0548229947472544
0.102693597231615
0.0064108078088839
-0.0588125459808675
0.0990441041131431
0.159693760306646
0.0919444579166189
0.103677007108984
0.204177550114976
0.153708005621513
0.0817252679065823
0.11471070807816
0.0967445501233466
-0.0195979588183644
0.148871009386769
0.108224286947351
0.190483173491559
0.040244939384882
0.152772804667997
0.317475720509928
0.0751066580714417
0.121768550893815
-0.0066929592541132
0.0913068011143573
0.15425608874636
0.117960998607104
0.141592176461001
0.266061909254478
0.0638356318107325
0.164823946884319
0.184597591471673
0.225239506052038
0.14416322525066
0.115426370135348
0.310119796869956
0.0428733598349673
0.22573326286809
0.202567693259124
0.109854224952008
0.176918794918564
0.318808594922423
0.246227842015611
0.214416161757827
0.135745883631892
0.160253551174867
0.0576800014217656
0.149364332900514
0.117685275572229
0.208793137976123
0.218185823068776
0.214455563268158
0.141873850813243
0.251694922402525
0.237621113279087
0.209301196024623
0.25949171261582
0.190720644734706
0.190269625351627
0.134655788205368
0.215145873400145
0.18799939928046
0.218572753824057
0.281741515003331
0.180173418103645
0.128321309820671
0.221136667491202
0.167304875200848
0.223735217495831
0.233527004216245
0.278235125085136
0.164539036416247
0.208426720012471
0.141256067477267
0.154635201349912
0.267376377471588
0.182347749400411
0.232524178022637
0.268280050261024
0.376939969107782
0.454655841259186
0.261846161092867
0.205263247585168
0.201612749373723
0.225143359669121
0.19981498898232
0.214851731550981
0.173170642268546
0.333336442237055
0.105247164555888
0.355213746863751
0.410269608306331
0.178397257866529
0.241890057921121
0.164004978677529
0.390038991315099
0.263289992482104
0.196060914487963
0.309715194024769
0.313291930979289
0.136667671621719
0.288282369680775
0.310862668903054
0.386781668096582
0.154187327709981
0.329034484301144
0.435170022942168
0.278733708787083
0.235292707983114
0.366493026714737
0.161369849096086
0.414793375461473
0.377127740256471
0.354497597128433
0.475794871754284
0.416983800877871
0.275611630317779
0.306655150720513
0.354743974207022
0.192498588967345
0.376730111788064
0.207053220081732
0.23449053694648
0.378107069689885
0.296121074758345
0.250363989910331
0.401944516827325
0.577844945460311
0.476427627265604
0.273751622399609
0.245770553201956
0.451826993931098
0.377184270889045
0.349030851629256
0.310985190933169
0.401037481695249
0.401726838219078
0.408124554541424
0.354062506570818
0.256526837395961
0.375187241463578
0.380485190941738
0.349899172186138
0.337895217565983
0.419522914727888
0.363326917799809
0.426432919271587
0.335161990464625
0.465158465876497
0.283262594746853
0.358177770158843
0.246609043043758
0.208031370458885
0.455499315665794
0.419712510492838
0.421504433876862
0.325936540602764
0.412998697534763
0.464393408387128
0.498826506061313
0.413336047615068
0.369659134347837
0.435126951812705
0.409212548696447
0.481415198423913
0.420555327531568
0.321100258224541
0.60139099001033
0.440257292695919
0.590691595567576
0.513466112211149
0.517866320704965
0.511247100056977
0.436609585561736
0.457897369644513
0.533823426508494
0.491591915404018
0.427230638944821
0.520572000250524
0.484312841542473
0.482664738874243
0.408072258189108
0.381218789268851
0.306114153875726
0.327274185599871
0.417346885307336
0.398242278469257
0.423981371913013
0.414566083690979
0.514136305643095
0.427639065236709
0.468166192251864
0.450515829424907
0.482654665722572
0.508526587186188
0.538367091846836
0.373874414478643
0.589382950262487
0.517767241526941
0.387287652080524
0.404414883602865
0.389214108360081
0.51740956741784
0.356191856710295
0.602357723908765
0.545439112188746
0.442219965387325
0.495644480566106
0.611584961241847
0.544986634666981
0.57115183754054
0.565287077614451
0.409945205785742
0.402781121169332
0.544333052601648
0.558708550894995
0.437531736573498
0.385502929624368
0.624206601240363
0.552526045987322
0.527734233688601
0.591881533468821
0.564797225578052
0.52620899187672
0.506244992918269
0.598826594388233
0.454991574392245
0.597833585540302
0.554561886854722
0.425737625921192
0.646357855027943
0.586840131758128
0.635460482019379
0.457763199547598
0.495247968129699
0.458761539828636
0.667332263969584
0.50054543034656
0.59740325917962
0.613244206382365
0.53134122818554
0.642397454158187
0.626484388310156
0.603413590861293
0.669674565661899
0.612032591019313
0.701808028726691
0.521295459388098
0.588177119850092
0.379623824681743
0.535952251695016
0.52517356901151
0.511873886226946
0.65042259846067
0.577875653995061
0.679633218155578
0.515222775787681
0.485818147462147
0.607184897602765
0.771746735300492
0.671191396860616
0.663283716475589
0.458475371303305
0.58950667074653
0.627545495696889
0.590050069517732
0.703312764508546
0.633302782787669
0.481050052312376
0.635403984187494
0.667462765633182
0.573256409138424
0.702613394006597
0.764664162800452
0.44815239333286
0.778039905726125
0.562773178818498
0.738949639410256
0.433680389562221
0.585781097189657
0.683888657088886
0.650371536642913
0.490914067917153
0.654084400664704
0.554482853032896
0.699710399345158
0.718218381605869
0.661515166093637
0.587837596861857
0.794057343172653
0.752011405328768
0.5110824576338
0.656473952696259
0.808488564173603
0.768924097243408
0.62113096092206
0.811707895912507
0.569014673899204
0.647959103562352
0.738189214915523
0.613652364544316
0.651679080399097
0.737447757948391
0.705781945632652
0.738918472181836
0.666265257419843
0.660452825091662
0.747282973729965
0.6115508720348
0.745420426017016
0.634488342843476
0.778871608753099
0.680103905455713
0.791778890305017
0.52177984691084
0.839246214196994
0.734065173501706
0.73989808430059
0.709427073523829
0.742931247172192
0.640417596950625
0.69932986445882
0.812983202660263
0.787039731850208
0.740359257478534
0.675473816467581
0.536590529853665
0.569428404224508
0.803280799310427
0.77317745550634
0.694387823854461
0.791437352374474
0.713254860263409
0.664933576669749
0.830278844268001
0.86223356156147
0.672348015165774
0.777614801415886
0.775283303465866
0.699530488675441
0.785377753931411
0.821654206435578
0.842517728455155
0.850057738395786
0.809535986701398
0.7692826153706
0.600444907366648
0.823255950353434
0.552352492294243
0.869982107340261
0.826297811978924
0.877091653942639
0.786444781501233
0.687039733436139
0.785287775669509
0.768022428304643
0.733782883706254
0.763135861633213
0.834282928770061
0.786388543909771
0.734677853014523
0.651620884760782
0.969550349187219
0.723552869342151
0.810387689356881
0.725644793055914
0.789719083571003
0.84615300339028
0.957884038987019
0.863061617325262
0.760168939347674
0.88717687451117
0.720286510072506
0.736993515793608
0.842983582306423
0.826251057705938
0.744697068340007
0.871138161178348
0.805619417829651
0.939914264151759
0.765148050210456
0.951987921145801
0.907435048925043
0.711747427329004
0.997484297505608
0.814267204490196
0.891429990541655
0.783873581336824
0.847417737858047
0.933718054375306
0.83260969217769
0.827066829670215
0.893311004265372
0.840347036805358
0.911725859954229
0.915487851448925
0.917183254501486
0.940742434356173
0.885210217605432
0.865063302981365
0.852587154125341
0.906175611124707
0.83143607180785
0.738324930021895
0.89316237110416
0.920503179038594
0.966637399022962
0.726418693167764
0.883923756035733
0.913153825069658
0.822921574621519
0.760441764995408
0.767776831485389
0.813362767027891
0.86799663509547
0.808545298549175
0.853700206832392
0.882645916315673
0.976592757976272
0.983742781514696
0.981341417565576
0.779319736006639
1.00687550661582
1.02016986191174
0.964514124682336
0.934616439293788
1.06900654023757
0.953476600849089
0.885702388617236
0.990799254460721
0.910414983183983
1.12346497690556
1.00423841277476
1.03010578492202
0.804103144826477
0.913714048057065
1.00030868724009
1.06612380283304
0.979591714812414
0.982650232687255
0.894114517244849
0.950631789991278
1.06253060580399
1.05722235186347
0.97248752959405
1.01596506830367
1.04135396656879
1.1241942055333
1.05256116554299
1.04580993048856
0.943325337785675
1.02073028811141
1.03514506505588
0.997552050853557
0.905795157360812
1.00639195042168
