"x"
-1.11248010309099
-1.00998275228487
-1.04062409884694
-1.01878846122374
-0.928447474922857
-1.01156491650068
-0.887548208752048
-0.958942005750648
-1.07910427603377
-1.10365502017627
-1.00179654408562
-0.978964499373806
-0.911278240866487
-1.04439009954059
-0.880455992852446
-1.00095332067866
-0.889020446910392
-1.00351022312577
-1.01886830944249
-0.893499645962545
-1.0866554215152
-0.981622716677728
-0.890958326686411
-0.852786966256706
-1.03060658384807
-0.893476956532924
-0.902982575031696
-1.05115072268008
-0.968318991849922
-0.931913389717931
-1.06965704500228
-0.877390761811538
-0.891301605202058
-0.808023007071309
-0.861061075364477
-0.884859425929943
-0.800370175962959
-0.925055696475706
-0.879458811252247
-0.940222141878741
-0.885322795326664
-1.06939161499245
-1.08658312138772
-0.95735198916438
-0.84038776851675
-0.940141689854329
-1.01307425110692
-0.853179253553851
-0.780646945402635
-0.901561638551749
-0.876865859022832
-0.884158320504333
-0.840579846182657
-0.842973971955618
-0.857791187456053
-0.8451222650113
-0.909929063089649
-0.809050926339569
-0.978016619168973
-0.944269965459646
-0.831939629103591
-0.869123129299891
-0.911209435737136
-0.845358943227333
-0.874568728866412
-0.935647708704937
-0.934743744409295
-0.820613276808008
-0.913020855001141
-1.03606620987956
-0.945641615236031
-0.89945567744047
-0.965317764734489
-0.801746824222017
-0.826793950068141
-0.872255461610535
-0.899597128075099
-0.909872210357563
-0.871174055713236
-0.678480207164528
-0.8910796191085
-0.841427076731045
-0.80975745427556
-0.858751085817173
-0.921556953191512
-0.845574196688631
-0.771440592520375
-0.868697070961599
-0.791250271051164
-0.93463178473934
-0.805113752089942
-0.743470917792991
-0.846385353909274
-0.84034594203751
-0.777560499428976
-0.88059744162198
-0.834685532242487
-0.711808669127815
-0.772319111949803
-0.698376970596401
-0.843904848014498
-0.754923792311941
-0.750293767012592
-0.699860829420477
-0.72164854477827
-0.886349562313083
-0.61772156822663
-0.706019135492358
-0.724040444102088
-0.780862981382727
-0.840447042256912
-0.859899963554649
-0.77365449353602
-0.805534748885315
-0.87013469060471
-0.832966521112979
-0.89485655344177
-0.584965456943628
-0.771111663496264
-0.751923418760174
-0.761048838637499
-0.888431820474696
-0.814138272634605
-0.59284860994556
-0.488052897814516
-0.677333173154387
-0.716734804636273
-0.734154405327955
-0.762122441829988
-0.815096720830018
-0.749719636437054
-0.737528593247721
-0.750888005258253
-0.698060455626332
-0.648386618767193
-0.79740667350182
-0.791417415945351
-0.813358446072339
-0.555552294274825
-0.659961164525458
-0.653182539087105
-0.720078845239865
-0.698311088433165
-0.689850047633669
-0.640838383299746
-0.739795088747702
-0.815785851903896
-0.758083207762973
-0.651266429423302
-0.580051112195826
-0.564896727264649
-0.649198220992581
-0.680433309699871
-0.577818890358149
-0.739961256634105
-0.67571846086511
-0.846200263536205
-0.771391282422551
-0.561129566358699
-0.665157046882361
-0.704450443492444
-0.684157847955363
-0.791661831042409
-0.815155615641464
-0.687270790377329
-0.809082237220611
-0.600851545349685
-0.551430145406019
-0.686241120917316
-0.536976782238675
-0.661008081358533
-0.645953980592518
-0.673076907675765
-0.607369638956621
-0.637467461567566
-0.656884353912419
-0.510784889457267
-0.604874431730814
-0.546553524455319
-0.741346751923445
-0.701354148129958
-0.689981492466873
-0.635462165690421
-0.617244131720821
-0.571084370218313
-0.596783452686142
-0.623816667074001
-0.678224214942521
-0.549895503154538
-0.706428361387838
-0.614789890082263
-0.597518856935971
-0.616922088039219
-0.481071415466
-0.593084277091946
-0.612815601419074
-0.620597740885333
-0.619252136128406
-0.671408530837689
-0.521802688412593
-0.572100693360707
-0.589636352718886
-0.66881709073553
-0.62050550570628
-0.492925131414189
-0.65623796376812
-0.55129936421611
-0.546343563712633
-0.42910652012356
-0.554839478198678
-0.60659982192544
-0.517129848306646
-0.445036101887585
-0.499029944187822
-0.550856955327729
-0.488578414141365
-0.371326311029422
-0.559704219925276
-0.568211573912146
-0.495656274800183
-0.590786411504124
-0.554348443122639
-0.710898714134837
-0.541988107516804
-0.587481056501218
-0.419537900832369
-0.473379298152407
-0.678864113291993
-0.447841291694822
-0.547495799836957
-0.541865498450167
-0.599725081551591
-0.439476443723427
-0.574052478056312
-0.545059828709863
-0.524988382717783
-0.370498757605711
-0.441236204377755
-0.508101981824542
-0.529441277622989
-0.487710766952509
-0.54226769412475
-0.675678743882022
-0.549132913458096
-0.435162692316519
-0.701572614313874
-0.303539597298216
-0.590163126662359
-0.496076407896409
-0.521231235169326
-0.397111392260881
-0.65530732381202
-0.318518362254984
-0.703553568408957
-0.608746396934485
-0.468129289345072
-0.479466110112321
-0.532316736217758
-0.470391878480212
-0.498472120593031
-0.409219427148304
-0.51877108329655
-0.477943783551707
-0.298778919069884
-0.514342699796388
-0.614283256602076
-0.45323149124141
-0.419173263831803
-0.491334102764605
-0.489359594107922
-0.323754864106942
-0.377463738669368
-0.548653768596444
-0.559606849415499
-0.34058470198275
-0.363947986135774
-0.369079901635191
-0.407019366882811
-0.578974428396061
-0.49899181440137
-0.547952665371725
-0.295074066401828
-0.542992397147092
-0.374511919370659
-0.350920194437894
-0.317936583153429
-0.324329824160738
-0.631949556039999
-0.382194598822863
-0.522264387660891
-0.668665261455531
-0.332830401156648
-0.557542163137
-0.454050285120476
-0.434202172889119
-0.400950973917605
-0.404612066482486
-0.433391855295368
-0.428183372364172
-0.291454489494895
-0.324689742278191
-0.546068636676374
-0.425555700853271
-0.489875700277086
-0.506510969011368
-0.377596700301529
-0.355021480408426
-0.280532203589138
-0.459764784561145
-0.29786116290202
-0.443843530039909
-0.396469508384624
-0.340594277619168
-0.413544662417845
-0.306909521112836
-0.478270427079568
-0.222127432942593
-0.227680033857088
-0.297124546887991
-0.472112385686667
-0.338061319148357
-0.453378323859097
-0.42845071660243
-0.361156141633551
-0.48125139549305
-0.326277764306475
-0.236854270646871
-0.297204947783129
-0.386291193416785
-0.321910457965854
-0.352370736700411
-0.315089159314748
-0.310155081832424
-0.127217203068648
-0.407537364118746
-0.275652878200178
-0.335106104808594
-0.397205887669083
-0.530817224396748
-0.358356981642492
-0.450729547004387
-0.182186397629278
-0.320024257578912
-0.342417553674996
-0.222082406471712
-0.132539430472013
-0.365464275548986
-0.15413895582467
-0.409877468555495
-0.312562072208358
-0.286965294863927
-0.415717385287311
-0.111652481029542
-0.18975969326393
-0.335995439279539
-0.314835784932695
-0.333528057294191
-0.349497870726152
-0.328866738100011
-0.327824649743429
-0.270619643003343
-0.402021746665266
0.0063132249127059
-0.394884300825627
-0.206914738285788
-0.329132551904611
-0.304150693786414
-0.08786572768529
-0.371147980571304
-0.320664803237821
-0.29317935976428
-0.0955923537228876
-0.199547265177792
-0.137737986635875
-0.190987662977439
-0.188896623807548
-0.207585383925356
-0.251782221877772
-0.26807633795143
-0.434327817223962
-0.234074173900639
-0.293482816510462
-0.215960349955765
-0.0789042972510467
-0.331599941923638
-0.185606694181839
-0.338095287806833
-0.260733283219212
-0.288621051045176
-0.29712716006637
-0.270060121173849
-0.0591055680732874
-0.0784079783566351
-0.177908238581506
-0.283140471987093
-0.187213004455212
-0.245341941848068
-0.312178691617091
-0.18200303187246
-0.274759426828785
-0.18982167175086
-0.298153333929256
-0.118767430474336
-0.379823915665604
-0.19130613880578
-0.203338100293127
-0.278685248716482
-0.155017263538666
-0.204835281270405
-0.126666820578016
-0.179955934537477
-0.090919066194822
-0.0304321172987185
-0.16340397045828
-0.144980328422707
-0.0194848541185934
-0.226551337798893
-0.219362335054557
-0.166896736176074
-0.203500339420672
-0.086038933459836
-0.249796550044517
-0.144220143229751
-0.0893133054119955
-0.252755078270791
-0.202646134788664
-0.0622180869297127
-0.0533263605057998
-0.147593573837543
-0.141284738098362
-0.107419209366661
-0.168452485736762
-0.284277353007706
-0.0935657795202776
-0.0867917308979487
-0.169534859429379
-0.212954394989639
0.0137364824196297
-0.200027573740065
-0.177751911882064
-0.106764034979697
-0.0918367764216856
-0.037102798345127
-0.00471668384351607
-0.145574566681503
-0.158564998565485
0.177592971063737
-0.0052802393517101
-0.0623256619356571
-0.291267456807024
-0.203540613964942
-0.232662873795715
-0.14723387128224
-0.184815345043841
-0.0915119861287005
-0.146673356798984
-0.0417255526552286
-0.0944455352445529
-0.126392428178303
-0.121984936315641
-0.0464037657983765
-0.0321657437337653
-0.15823334754378
-0.161450593046851
-0.132104465341375
-0.0168200886104901
-0.0172838361645591
-0.0730566843133092
-0.00144098970109912
-0.0899863765958914
-0.0136572216944156
-0.0644918895399158
-0.124723882533205
0.0516084705641957
-0.058424987239988
-0.106679960072018
-0.0419343076301054
-0.0277092240848341
0.0281862401710393
-0.117953938573347
0.0837037840730232
0.12467669502484
-0.103205882966231
0.10137792756362
-0.0540503726232583
-0.00957861344486224
-0.0552796352104117
-0.00687984958651632
-0.0453218345959017
-0.135744622973228
-0.00434207059374878
-0.0623711891308202
-0.0480397657431827
-0.0185901493927538
0.110651887911469
0.0713148322961216
0.00854083215480231
-0.0771761018272624
-0.0462446846881137
-0.0970013201246699
0.0279075316542296
0.113649243989859
-0.0197762769098726
0.000342849939894023
-0.111109907366795
0.19850060195604
-0.0910233099076245
-0.178140860047419
0.0929790653901208
-0.000559663284843533
0.0674701345783381
0.101078860252304
0.0371106333840993
-0.0252162640227787
0.041269836511411
0.0501555550171438
0.0875688955634256
0.121960898752188
0.0755017548541796
0.0433049753803417
0.0472965508902987
0.0817473744074304
-0.123453065042994
0.188509298533463
0.0473403914226642
0.0265203180907783
0.143622556967987
0.113797399397502
0.0467518433354999
0.025185361561886
0.117507787572151
0.120295975800405
0.112304458036159
0.0872470197902744
0.194616132064621
0.00421356235832633
0.05590727903272
0.024673426585072
0.107882790575044
0.152494159372314
0.107005773308015
0.233288254278508
0.121642459878999
0.0287293182879988
0.0741338062169107
0.157832048689327
0.104649258240382
0.0735217258243138
0.0273097166349784
0.0507107606065939
0.112741126938202
-0.0165269195795387
0.0951233641741329
0.00940247489616724
0.199889171110626
-0.0523985557527169
0.156257804832417
0.193456669159279
0.0935316187823095
0.262217557742073
0.280454877900212
0.231955076636491
0.163683551947443
0.135944037986887
0.043585260642933
0.188656507741112
0.0710413597542948
0.0513952499077016
0.184490393114703
0.0466559235946712
0.183046693093546
0.123843926790196
0.0452407000866106
0.124762842268726
0.174562068196042
0.0798163059092957
0.264512289195786
0.272945771004453
0.131406902116098
0.118879324224011
0.0949510809754511
0.102270957518134
0.212112738630292
0.183224292667965
0.144530565110374
0.244659229867265
0.0733464736903289
0.34493639164289
0.225860992503284
0.164226100578822
0.187201480324385
0.11208190319944
0.193797906297569
0.265039593016451
0.068790002204786
0.25344570440524
0.187560257135603
0.0313477769665719
0.15367362293255
0.114501422205596
0.235572882909884
0.140143256679508
0.295287058422095
0.254589417754399
0.148388971257886
0.388010599264579
0.290168194070304
0.0746920084904513
0.163339423607567
0.120020673607458
0.23146467469398
0.271805071589924
0.240465909059912
0.317071996063401
0.310297190625763
0.26066779129689
0.274006829220059
0.31440688921038
0.256893328892558
0.146345802342787
0.185927664794573
0.252119318709767
0.189965392056978
0.318332042679687
0.277908479665303
0.355212306680335
0.260985565681584
0.261238300002844
0.27269189992643
0.326516429679893
0.285949074734559
0.32037922187172
0.26885269367291
0.320049545838499
0.296025481967311
0.238391375246953
0.310279357619337
0.332258196749104
0.249069886479666
0.200097512043989
0.282953776144518
0.342998698669977
0.373986023077937
0.424751005003931
0.281493102664113
0.269409130081169
0.298166939083278
0.367444048915193
0.304270535467843
0.142018064423037
0.346892148055422
0.171959159422982
0.278543357956402
0.28432930893241
0.242985152636871
0.371873089863195
0.381906046122763
0.450820523683033
0.204127967349894
0.34256804809379
0.293893726109795
0.286303689148729
0.257441342036462
0.239084067265451
0.229348733979831
0.407117793899668
0.43242244042445
0.18959150093566
0.329133352894972
0.233067248185197
0.235778146176787
0.206889027263788
0.268550865798019
0.404716982806496
0.368741149944781
0.32579499996311
0.302650117976117
0.258996892111765
0.471216085628724
0.443689283398549
0.54962191229304
0.524168174730846
0.296498666958909
0.368207934422793
0.452859696646987
0.342562477673357
0.426705911712397
0.533011889627152
0.300060506783683
0.344102925985119
0.44189350606896
0.351551897688245
0.368657397128199
0.509183158628319
0.384978940807334
0.293943753379938
0.239461806041806
0.457057235149578
0.284240348920684
0.301303729610438
0.373835990767191
0.332721516703729
0.425312726520625
0.443216978988354
0.346947044462411
0.402559394235938
0.243425896036313
0.413052749827435
0.325927259288716
0.537302547527548
0.443363075556529
0.51231687828388
0.38926261631043
0.383670580187863
0.273989519961455
0.423883094584979
0.531119516748586
0.403286489577094
0.37109911419496
0.446806736731069
0.484484369205315
0.461870907964722
0.363573367016275
0.492219601690734
0.503226221419306
0.485586252815583
0.291115787027019
0.444429902247213
0.427119529796251
0.569292662459253
0.545825301363625
0.399674500409659
0.41711396434708
0.459364172227402
0.441946318188161
0.480468622779315
0.377679146028705
0.445740257428144
0.482591583025254
0.607467986614946
0.525087716330947
0.588813666007574
0.395576316973486
0.574099319551801
0.530800227506144
0.540620979007998
0.491961789244842
0.597497899325037
0.563030770922896
0.499692806943526
0.368951339522179
0.33875086071223
0.467227449428816
0.41921063019022
0.566756720941988
0.447543661341479
0.603644214942252
0.524237665218275
0.475863224102407
0.704873525094688
0.637232481509279
0.639284032480356
0.484010636529828
0.521542165580745
0.42715902983551
0.549796889897893
0.545507122118184
0.519131979862365
0.63786139289986
0.58601448988827
0.521220912226983
0.507031915150626
0.663992762575707
0.589798671464329
0.523899168304118
0.504785497788978
0.651265089192431
0.591856286531679
0.649024190485525
0.387596621439993
0.52755933390621
0.701202114787432
0.536345007433852
0.651463336020489
0.580767397143515
0.636469157943636
0.602084334678031
0.714607055091191
0.592130774611062
0.623875055482571
0.710033418653219
0.527726403504586
0.52965491044582
0.568797384880906
0.496133965281173
0.532061243723333
0.543170949362135
0.611134437476827
0.624088514973704
0.481931475618793
0.621550020510884
0.483716548131844
0.688657609144503
0.651010625021236
0.530318701209718
0.595675638241114
0.491764366372616
0.528369091058124
0.647266316292822
0.646296032357435
0.59336845145542
0.650528750868805
0.542421513488859
0.695753104758934
0.777328458572059
0.423967178461875
0.491128179872199
0.54144751635524
0.656582239887746
0.635549200895871
0.575802508627857
0.572564119716262
0.62240823813715
0.645627515963851
0.684760855010166
0.727989713231883
0.612082720525894
0.741128219706312
0.493964407406289
0.604443699210005
0.724310488615539
0.705679451602359
0.609969131108949
0.55294330271016
0.746288609926946
0.824931697314743
0.592340070462629
0.828325233266775
0.769623564640882
0.621971175886645
0.696113788455939
0.849273614778838
0.803230405811732
0.605943790840488
0.667568973389842
0.674519180052224
0.668995805836536
0.646164432738821
0.5853765914687
0.703397027279967
0.513837172361698
0.775159484551431
0.828960915232795
0.66305395495554
0.607858111149301
0.662500714848383
0.706978422201226
0.667498848208933
0.641051952422853
0.61843727293306
0.669067228305863
0.600857246740194
0.793564229026745
0.719999948382439
0.676191959121547
0.71710672340278
0.601407590576862
0.570383408062215
0.706616926546381
0.822790205417756
0.779778226759955
0.762527980751212
0.646060835852713
0.777053695330556
0.551115984731041
0.865798604463477
0.744567335932098
0.76948470916408
0.641003641909714
0.644190544165939
0.624515221918689
0.880152816354567
0.65970385529543
0.862380071785402
0.790573875773566
0.727926487639372
0.782155719458429
0.649543523564776
0.767804320853357
0.786264842620446
0.713681670869799
0.709436265817432
0.78894254021224
0.752497549446804
0.739763686343394
0.819193700296035
0.813655744762041
0.804438271342416
0.913091485941436
0.817065711027313
0.876505914900688
0.869355003827511
0.840950741399909
0.793613397878127
0.761486298844646
0.615328383446518
0.91513526177666
0.853127197571243
0.874991264027372
1.05002728614574
0.893145832373629
0.851107542943025
0.763419927077504
0.823829517085376
0.915618975605143
0.761706025743258
0.779904753003976
0.85130546390284
0.975588307232096
0.854665389816153
0.837932490063379
0.747787870394237
0.85158225702594
0.890956089440061
0.85167044917231
0.883348780739434
0.727864176653563
0.738957640561133
0.871631555721585
0.859631095660351
0.969347667987829
0.794760416216698
0.943187494760033
0.881673935290968
0.917065003768428
0.78361728108746
1.00635701498124
0.846061605010816
1.04894379009783
0.757485074426894
0.80970274719858
1.03676873082356
0.832056094112579
0.963071297887364
0.9194011139596
0.830313339174534
0.776953753890302
0.975033465208392
1.0638705736907
0.781568309140537
0.950628514074178
0.88222128326824
0.824304268895118
0.993217802059109
1.00340823347698
0.909420873226032
0.879463637810731
0.897626417103208
0.999534447727995
0.858935534381152
0.840884977705692
0.929878720664637
0.942824108291708
0.82475542368083
0.942123923559874
1.01284862571817
0.952495092436567
1.03145340793066
0.893075340377166
0.839178650531378
0.84033689077662
1.00624245887401
0.989992713324404
0.841077207003112
0.930101088662985
0.939732037093262
0.896306454709017
0.937564730087482
0.909217940122833
0.921940596263048
1.09780353607272
1.07098135276696
0.877351733178588
1.00526367090315
1.03207249461043
0.910530056084576
1.0868103704087
1.02267751450093
1.07630551336813
0.982938437518235
1.05893658577875
1.05229656778749
0.910737277462488
0.957924401805443
1.0421826349878
1.03136379341879
0.954487220242523
1.050737694302
0.936653133410311
0.908639313991501
