"x"
-1.18112447976944
-1.0903707203996
-1.12126408714115
-0.906098967870419
-0.950843456110927
-0.943745055920549
-1.02278756903282
-0.919378751383324
-1.15060164599718
-1.00268261626598
-1.01590295663542
-0.979975426110206
-0.910541644740808
-0.872904331962254
-0.938676677997498
-0.977840169660567
-1.01593391642645
-0.973533035458237
-0.939818012992566
-0.905048400281363
-0.920399988040542
-0.970604008841722
-0.83245107499964
-0.918639910817005
-0.970385344249337
-0.815157501051386
-0.920343683247143
-0.876393651137159
-0.937318008324632
-0.954184680600231
-0.968144022753183
-1.01600816893542
-0.923156568893091
-0.923467596684702
-1.02852476031815
-0.958892247915693
-0.927767984894578
-0.928012265245601
-0.801282150699551
-0.823379589324557
-0.902463342025753
-0.798499090411217
-0.775699625106992
-0.821230778282188
-1.0003630230915
-0.89817388661901
-0.90068269239228
-0.951350520286555
-0.894156869238533
-0.872934077536876
-0.789219323709406
-0.984329956928517
-0.873114544495765
-0.863507924665055
-0.904081953216358
-1.03935130850693
-0.924525492221093
-0.91325638828863
-0.944361099676731
-0.927057180372526
-0.695519913192244
-0.932823054574223
-0.89299280495508
-0.777432735879084
-0.80877614363981
-0.69466657914543
-0.891976528205625
-0.828486700673798
-0.805174679601617
-0.81447958110508
-0.862153222652808
-0.833057846080228
-1.05701653547253
-0.961155322700037
-0.960075161965992
-0.929121919711446
-0.862283828818481
-0.730560772429523
-0.771423296818057
-0.821307413187939
-0.844818838036253
-0.816224771883783
-0.852804804449443
-0.839639690763989
-0.804765921001885
-0.743193611639462
-0.813694074596955
-0.861046057491888
-0.862109929937322
-0.790043123973751
-0.717871159949949
-0.71807349025901
-0.773552856157518
-0.618950706903497
-0.819118760052431
-0.908655075941541
-0.846174535329398
-0.724003552405482
-0.764091991329182
-0.724414542589244
-0.880152241812832
-0.807679429954109
-0.831082571168279
-0.863402668010624
-0.833200171294438
-0.867460668923171
-0.785884086479297
-0.790564200875894
-0.814801535330598
-0.779298370524877
-0.80430104062668
-0.792752654152338
-0.7708386509048
-0.610741532716983
-0.78036183498024
-0.884514868508107
-0.646278543369203
-0.702173446458305
-0.65140760884687
-0.651995079535342
-0.664108793682804
-0.79115596772813
-0.706282218218755
-0.810069522897587
-0.718059900470896
-0.681160190072365
-0.713607642708176
-0.560956279644405
-0.684018546290467
-0.769351068951326
-0.678430363033613
-0.87549273830683
-0.616399349767988
-0.626650797304296
-0.734208402884189
-0.81161481200555
-0.750132437057069
-0.728276163676804
-0.668791377659823
-0.765379999615983
-0.68719374829876
-0.769140981316745
-0.784725331451538
-0.859637272637224
-0.599465649515518
-0.771100865982782
-0.62920519224319
-0.770192805161263
-0.756482377784642
-0.754885546665772
-0.542291746161513
-0.643641202232281
-0.782935456711152
-0.575554032156397
-0.754719212860468
-0.715175147107342
-0.611251531091504
-0.713706634195165
-0.762031552327165
-0.751375622125643
-0.686484040012436
-0.785071611305408
-0.594743768888707
-0.581857679467555
-0.680669327939131
-0.584858656757367
-0.561697319426722
-0.72093191167547
-0.56115888034621
-0.756019034306886
-0.732779002305356
-0.659867295759829
-0.723360122053157
-0.554559293357898
-0.72221283570532
-0.664291061470932
-0.691815176794089
-0.604843240934661
-0.679390054893256
-0.673418805473818
-0.682148735598805
-0.617951337230927
-0.604476713973633
-0.586606251575751
-0.671064778671791
-0.622586169971919
-0.626067050111052
-0.65553709159174
-0.683275031190525
-0.838266043692245
-0.540180651894692
-0.676907158222418
-0.6245003423589
-0.632615353310592
-0.651268057789317
-0.692839271322299
-0.554550664127871
-0.726482096634658
-0.566735122779103
-0.591290161269361
-0.602795862698417
-0.692925676203489
-0.640399308016257
-0.640510774943363
-0.618637731109689
-0.657518000444225
-0.401194374906761
-0.49726244745822
-0.761379992334063
-0.64827213856024
-0.573438076267941
-0.466279003713172
-0.545348476048451
-0.505822098054307
-0.69195513894886
-0.425948147079291
-0.406152814746205
-0.726741346334579
-0.618466584431869
-0.529202740853483
-0.53320222537969
-0.5114509996653
-0.643967962809085
-0.410326822928663
-0.505229260041916
-0.637820065667419
-0.69014229390362
-0.465112265734751
-0.396000184611847
-0.427422980378867
-0.61593235509049
-0.56128497525604
-0.380546996071813
-0.565482991184162
-0.522910440555294
-0.561801999557549
-0.589302472277564
-0.41742670958019
-0.561650712269859
-0.512909348187422
-0.53498800892537
-0.408570929618441
-0.582587052863581
-0.478605218502196
-0.394432927948325
-0.535303498971388
-0.571491725645505
-0.565835625663017
-0.452700143566801
-0.481786587281728
-0.570820790981227
-0.537195648558175
-0.553449644957305
-0.555928530866509
-0.655996620972557
-0.476766983311889
-0.422438570112477
-0.386093960460022
-0.472862438375216
-0.544864417209163
-0.45978062921189
-0.419547317341251
-0.554271741533701
-0.388080802943806
-0.479979137080854
-0.434580060104277
-0.469817939149785
-0.491316724009108
-0.352518978072333
-0.357206209393286
-0.481775344714763
-0.531188369967965
-0.481999046078852
-0.302689798168304
-0.447448624986469
-0.416452494179672
-0.384470359825813
-0.499522139870515
-0.551825874713425
-0.455860286393223
-0.320892343376732
-0.375911515961105
-0.52894723130559
-0.429514959081195
-0.374526747648339
-0.370139956947797
-0.478592217596989
-0.466571852931087
-0.323718075899906
-0.357333348620755
-0.43165927746229
-0.571242836810663
-0.394129812911398
-0.413724954745863
-0.434511547786857
-0.306850001783233
-0.550274748045113
-0.361204232001083
-0.473166751993616
-0.484630067440048
-0.343063168635202
-0.399143050551364
-0.362979510325993
-0.395015750341036
-0.222169395880934
-0.230236005071518
-0.380364324960306
-0.442014850178895
-0.292832873534759
-0.512139090817918
-0.323979325914836
-0.573638161635976
-0.470982367623122
-0.252208497700637
-0.404212705077866
-0.271842051947302
-0.391725638809415
-0.541988687811974
-0.260234674091498
-0.284227178766275
-0.300434874057268
-0.364715523767825
-0.234907933915874
-0.204170218458093
-0.337876153039704
-0.32893931949578
-0.339243312672989
-0.291566725549753
-0.475240195903349
-0.342847044824566
-0.358837776346993
-0.31873997657945
-0.13892348793739
-0.412832269967434
-0.451436606047224
-0.43350872440316
-0.346892728478778
-0.389656449079965
-0.291987929599768
-0.401682372380302
-0.301887125524829
-0.407136146693572
-0.34246197361769
-0.26362566197417
-0.33408731035004
-0.28836109500317
-0.433084640615499
-0.298634627187752
-0.269223841334302
-0.291646013105165
-0.479560853463366
-0.361554001810089
-0.258420464454658
-0.220394284828522
-0.298957850069326
-0.33778086116935
-0.296447261834983
-0.353217149307568
-0.196986251376609
-0.321049991378437
-0.216338395444303
-0.384683698587998
-0.363027002709686
-0.343982253588566
-0.271777677290767
-0.378536753883639
-0.263594237391946
-0.240981632492836
-0.150912247774227
-0.128442466374233
-0.160678207224045
-0.317408774274047
-0.307016689630394
-0.221145815030661
-0.307388471249234
-0.157510023887982
-0.273994830620063
-0.0405422305762204
-0.252715665942565
-0.453330479394868
-0.34048574906191
-0.227075960288371
-0.168266325682852
-0.382300396556043
-0.361438917207959
-0.259875790144716
-0.155098452735464
-0.158137197084311
-0.254023039273784
-0.180301916842799
-0.278363738899494
-0.145323868743475
-0.130228514925174
-0.371072405745079
-0.170865402576086
-0.287648683834483
-0.185088200071315
-0.172629192068151
-0.181334015203262
-0.218544256931558
-0.121168406342634
-0.208450101123008
-0.346468868306801
-0.220187436184703
-0.0787091556139271
-0.337723211718405
-0.169650562910082
-0.200029119770051
-0.00020258940125245
-0.187912456702803
-0.17025978646319
-0.0852226036734963
-0.233651163674432
-0.205520738405465
-0.166454208982658
-0.335389505300584
-0.104028646570849
-0.306800259168962
-0.142192557841054
-0.093208706168383
-0.268519012989203
-0.131206981119266
-0.217701786640118
-0.254280300208007
-0.265969564561576
-0.124972288196304
-0.12598904063154
-0.0265314465061046
-0.169759384145648
-0.0445588510030912
-0.222320668803715
-0.282743230148671
-0.231101595307854
-0.182916953274672
-0.257757780810838
-0.0499083426507633
-0.184409691438694
-0.00773412593239703
-0.0745895028777413
0.030090246321258
-0.0261510820208861
-0.107680122622997
0.023246678811777
-0.202736962665525
-0.186277770885708
-0.124803865352538
-0.094412920584908
-0.0157429876273824
-0.183473489921291
-0.0799332969620567
-0.120347713547921
-0.00457791795756006
-0.192548497249711
-0.164776045657837
-0.147538055538567
-0.0695795936971777
-0.0601748455193661
-0.0149715647898784
-0.195601242173062
-0.196418874371274
-0.13533569684063
-0.0283101764854622
-0.161774480661484
-0.177480745675539
-0.15654735802417
0.03520688086146
-0.0695348232752158
-0.0517387453476383
-0.15323239693765
-0.156802457309955
-0.158863560463666
-0.160449903371385
-0.209912875364267
-0.110568819402831
-0.0731271729882556
-0.102503423600308
0.0859105985933813
0.0209847702334959
-0.148147644419332
-0.0909269593140868
-0.135117243811256
-0.0270690782707276
-0.108332944914332
-0.182417567046393
0.0919775713371449
0.101970098485373
0.0493840095273177
0.0354351366693182
-0.186264956253998
-0.0606153352602782
-0.0420338424808774
-0.0185627706148228
-0.0283268124348394
0.0409769072071001
0.0418472427860986
-0.159166502284144
-0.167437342366546
0.123681154267798
-0.0816622982067978
-0.00110569299641749
0.0491292961753454
-0.0952668156771395
0.0467531675775869
0.0617128890695446
0.0354874706549249
0.047260250760615
-0.087627269044349
-0.178544844124286
0.109007796840982
-0.0965528210538974
-0.0206023690329745
-0.0197185047432577
0.0600560586365972
-0.08816994668232
0.0246079276909632
0.187708862634735
-0.0419861523532066
0.0525745625757784
0.119591679816247
0.0727497878632252
-0.0105553556496921
0.115727816966793
0.0100618420921843
0.0460346919689738
-0.0204236243427365
0.206820474627088
0.117142580024421
0.134861458209642
0.0420624170800279
0.0794449554159668
0.114137667969325
0.0625326709191924
0.0495592893929434
0.137060955552151
0.0446589190535519
0.126581146855648
0.0404530131672302
0.0275443802144537
0.112339681191379
0.00530322434378213
-0.00431611919539296
0.159345117957094
0.0851447536331117
0.015487090800428
-0.0560946658355207
-0.0187907694766805
0.197171411089982
-0.0264521106625276
0.150276978222013
0.0155055083569495
0.0214618211005554
0.094798617162437
-0.00236651481102159
0.161485819027837
0.0990526401950168
0.222125742370583
0.0448086208847326
0.172610159147267
0.022935162160822
0.163385046342599
0.035280368614642
-0.0950149420094474
0.0973369366719087
0.0968462714433586
0.230404236582022
0.252516032816404
0.225774044139757
0.022041924624428
0.109179734532622
0.232611571822328
0.145156916600379
0.113571854650801
0.124558681028149
0.115095690313692
0.163533694641491
0.150912853016121
0.0135306867499958
0.10908298139586
0.191176163004792
0.0756102452552551
0.334078901984045
0.02816044655311
0.207990478267169
0.183932818406372
0.174174968912329
0.113995744306656
0.218126681666003
0.127520593738134
0.177807079847615
0.3084753977229
0.306664662203802
0.264419048815144
0.137111140385342
0.0803748388745554
0.149620012407351
0.190757808420844
0.120354440781129
0.201551065986888
0.122535698197629
0.299099715692261
0.130483662036532
0.0617735468645011
0.19761046486794
0.178346429496537
0.374800786187444
0.329852244287432
0.197743231188842
0.36560321174572
0.217043154647489
0.236972227432025
0.260645169143441
0.232861678340759
0.215289338319859
0.171284072201751
0.254881177633905
0.340443128128535
0.281746711461465
0.246141796770452
0.341234574739622
0.254402552632894
0.340139811441771
0.219830981024256
0.15655708810341
0.247771074019195
0.276929743058885
0.285244398500797
0.177377029216077
0.350492419021061
0.214196061934663
0.287508858722634
0.281620722906838
0.13473247116058
0.0922729795594479
0.188155441790945
0.38668641647387
0.287140670802273
0.255523750432359
0.317836068789468
0.360790278332059
0.224656264522637
0.0981918358436512
0.363337754319658
0.322907184948375
0.236258857008625
0.35991662630652
0.0590855592141752
0.330641141203563
0.213301522194309
0.238954675250292
0.281267698519153
0.2502749319964
0.275307094436952
0.375163478068862
0.330571099304593
0.400119553027345
0.401842818844776
0.44959538858692
0.221848568750088
0.374763927155305
0.282795395552809
0.323790329777149
0.209486568117927
0.372994855979947
0.215008148293504
0.51895167997816
0.475783186252071
0.293396816615617
0.31207844490712
0.373852073750783
0.385621979294291
0.261760103396068
0.256136626399209
0.31538508326322
0.356253673191416
0.411846651923941
0.394778919290624
0.245895419732467
0.464722188895543
0.440463161992264
0.409716741797768
0.504430121835769
0.496591008028975
0.346002264786862
0.386102166144777
0.549275260714705
0.171250307668139
0.379895623507661
0.424316024429631
0.257814012862911
0.280005038222577
0.245607684675976
0.538425506211629
0.399608565505647
0.31408395057449
0.479733072855598
0.384015417704576
0.40152529869155
0.378076730898964
0.421817389878055
0.334549537326424
0.476981663098008
0.421992538626527
0.437754316600094
0.374565672455398
0.444904718610421
0.370744499442635
0.397144123688638
0.452852522901293
0.385994935713935
0.409695479738989
0.416285315476565
0.303936931028665
0.388456697047394
0.40352329630089
0.490962273308963
0.370388901598232
0.46782014705561
0.364027178558976
0.424297712485467
0.424041999574823
0.291392036404055
0.403166634283818
0.576410928163212
0.460965179579798
0.55498008015771
0.606749990520359
0.448147927244059
0.460268823796651
0.317023645248737
0.535875703341366
0.453105413865939
0.347573473223622
0.573712328572737
0.512342015907086
0.465765238669822
0.57922144409666
0.446126460006104
0.539074354967461
0.517218878183918
0.566940835343306
0.437707472475663
0.558349447012306
0.419214005308046
0.552124760535898
0.412042295048634
0.389329522557579
0.447053941183686
0.738203094570682
0.497355188871172
0.496242091500152
0.410916073082527
0.516223493126922
0.571813767768504
0.538879232628369
0.386846207673225
0.587770222137899
0.677992780899556
0.449232453433053
0.443336048925725
0.442562023994321
0.383760090070478
0.515239124057012
0.567412888264635
0.496163950389041
0.526544424574065
0.517448231988625
0.445174080279779
0.433467836083452
0.527691829146873
0.551382715509164
0.601455637001532
0.645599290522786
0.606088391805893
0.377590064868116
0.521139406628079
0.562452590342254
0.595649534579626
0.596917740135091
0.437835875090456
0.535711702149174
0.606397021520665
0.614152183735316
0.561929409690111
0.645836683950063
0.571145307823084
0.54468530803984
0.611340319391895
0.555541515211053
0.651934328206556
0.574703633630892
0.586320737357555
0.381032776242142
0.462205533509351
0.60326466820117
0.560733737264167
0.598975437356471
0.533292640298857
0.55802196339031
0.515773098599346
0.55318398474468
0.635692100350694
0.571872588955212
0.438988465842574
0.852997625271962
0.644999093913751
0.56832216694248
0.60201098257434
0.705040242045696
0.496295664685821
0.716468709803287
0.600098575563088
0.586451347882724
0.594049619784696
0.635833200727003
0.602738796527349
0.633904533993296
0.727132027029351
0.570638047288203
0.726768508651569
0.576885723032435
0.589450947614614
0.693811943202591
0.610168353781847
0.568535548309817
0.759560465209432
0.741490269421203
0.601975843652064
0.650829063498818
0.68021338871018
0.724712252066321
0.719995186168744
0.667103510470174
0.744840491317509
0.757208911981767
0.73531257019114
0.557382774860403
0.613486492282545
0.701695657169745
0.735746046762947
0.735617964033283
0.662723455120947
0.516950368495738
0.604157287488958
0.780248168609933
0.622990026902751
0.729638478821994
0.718801649058346
0.81716927405707
0.646942406339276
0.630518167614335
0.592149133118849
0.773852222564209
0.746686666405275
0.631387525562863
0.669441049422002
0.679357546011936
0.698023966887447
0.71303013030659
0.664937105101574
0.722496866644494
0.586081629437862
0.881410054756497
0.623076358799317
0.539832447252962
0.776095405625176
0.739657321160454
0.774517309439051
0.689038140663717
0.860805014568916
0.692852411801717
0.72992784454688
0.6865776821607
0.741612402184974
0.689881296735069
0.829561013211577
0.875062105750187
0.881843794810108
0.753051369704872
0.663224949992115
0.560353425724409
0.724448235704949
0.720944734127919
0.830539302411231
0.758535519494304
0.709307001578231
0.875659243945431
0.695987431264795
0.852761338725261
0.7743603174209
0.683199605461388
0.83414458034206
0.718031235754881
0.961030920607331
0.755302754673695
0.663480787013747
0.835605813352389
0.851925229572474
0.673677399433008
0.782377465693967
0.738059454936423
0.862396021620198
0.763316026420155
0.812036050834591
0.684832079392063
0.652875724852747
0.879116795759491
0.826370031834537
0.813714806889953
0.849281438225026
0.834075707419637
0.908600688114306
0.825824595647728
0.814133275610462
0.899124851012487
0.9532744916272
0.764238621065021
0.908659121707355
0.669452075856303
0.74848465620275
0.837018951751446
1.03724913881933
0.765981512316078
0.870588181011887
0.811850590759079
0.699536486728471
0.833011690610908
0.929668062727113
0.790458702948389
0.785654409990494
0.893129978811445
0.885126519362087
1.02714393301936
0.873691068194962
0.908010160053669
0.87167995990952
0.990875136810412
0.815867206406266
0.862789876959892
0.939123124055883
0.756460909558038
0.96056585869172
0.938208561663126
0.698720736955902
0.891059625578798
1.05101492890471
0.898829832149194
0.738767747045922
0.945030156224119
0.792076907529713
0.918840872494142
0.877616939434426
0.757638765277424
0.869203103733443
1.05060175825028
0.825551709261149
0.829252915678268
0.984673078317137
0.948127154922853
0.881583236218181
0.952954984946557
0.884621117362806
0.88101814643992
0.897350266243981
1.0381399927314
1.02776491751327
0.831757500592283
0.907378323643997
1.079410608937
1.0609585066948
1.01232118353361
0.983624613144556
0.944266207174549
0.822756380136675
1.03911453225035
0.977302464309686
0.898272296599481
0.801157975894621
1.03547195126912
0.992032257241375
0.778879139989627
0.76719255501198
0.830106707963765
0.960992877773797
0.848755750522025
0.943724029734498
0.835101652596281
0.95798944576107
1.01105919146371
1.08218906657476
0.982146155624908
0.997090594335409
1.00951589324782
0.978190722603075
1.03399279221772
1.054333617933
0.968642077949775
1.03974759613102
1.2632618260678
1.15032209988481
1.02247339642057
