"x"
-1.11148811600989
-1.02071778482738
-1.03772670486257
-1.00850490560751
-0.919786517719642
-1.01673351290106
-0.899900657397099
-0.952192259677844
-1.09746481490156
-1.09029212239611
-1.00968838152517
-0.968506684589351
-0.908089550833814
-1.04459696830866
-0.890993593345242
-0.973419351814707
-0.910223312605978
-1.00017070927175
-0.988158185153897
-0.869121099504172
-1.08781423887789
-0.970658079917256
-0.890365427707721
-0.852798170770731
-1.02033414673974
-0.909768404044164
-0.917077328420888
-1.02490899552103
-0.951135793457104
-0.928504919951867
-1.056738493816
-0.860738389478133
-0.894398504011381
-0.816400782835526
-0.842590884057263
-0.894661827729335
-0.813529253867609
-0.910026389555868
-0.879185516395497
-0.969065213299862
-0.88023193051934
-1.06592245334118
-1.07440951569676
-0.961477681347377
-0.829233593218654
-0.929664404556073
-1.01021733546378
-0.849752705875018
-0.791786182206678
-0.900839781544283
-0.898621619752108
-0.878120244564006
-0.831158046790303
-0.853182428765033
-0.858597699464533
-0.828398233053413
-0.91568371027617
-0.836413287332219
-0.961693578669942
-0.959247770419562
-0.850226812025779
-0.873847912770383
-0.905119716907675
-0.836456477009814
-0.89178707153691
-0.927888229376259
-0.919708581370347
-0.812970339407201
-0.925012216217116
-1.03624732831061
-0.944884963523438
-0.897818119786451
-0.983416011205432
-0.796938524760973
-0.833879214736619
-0.857755939287962
-0.895191621366376
-0.891437929139935
-0.877414352403319
-0.655991632814793
-0.884026765896697
-0.816893853733689
-0.82397848389741
-0.868542867517313
-0.895673040380279
-0.834442276017874
-0.790201693565467
-0.87806294256405
-0.791460976498478
-0.908021171725639
-0.78035597655873
-0.740510477261883
-0.866974650958458
-0.823551738199191
-0.762673277343312
-0.837937952404121
-0.848982574620388
-0.713387728536767
-0.770967911128935
-0.684068214665322
-0.829498307664445
-0.752773248392695
-0.738395138591774
-0.686097551151729
-0.734300154286243
-0.918056368769129
-0.641902903971937
-0.712345722819009
-0.749120953369783
-0.7906406108613
-0.839184370660076
-0.893330997250175
-0.788170902203587
-0.805238239110254
-0.870626420249789
-0.828906598010119
-0.888127178569641
-0.581713827307379
-0.792038004977541
-0.753564941767781
-0.762469419560482
-0.875950317970789
-0.82649206889682
-0.600837838742723
-0.45806402254295
-0.655203343909279
-0.709768458208124
-0.744079640149153
-0.761298520164603
-0.816873099917868
-0.746781672699511
-0.740168599975784
-0.745097013778921
-0.696330190586436
-0.644117117707373
-0.785259825477824
-0.796867693728702
-0.838790315919367
-0.564184291512492
-0.680126025188798
-0.637024426833857
-0.709770241479815
-0.679559644175165
-0.679744097926185
-0.62066537547212
-0.756484189916182
-0.794896797446324
-0.754036377103955
-0.642471377600396
-0.57332479132208
-0.538544854603468
-0.660969850882164
-0.662286733410886
-0.607215114617004
-0.729200252530009
-0.679630559645273
-0.829172369118418
-0.759526177623743
-0.562678609027875
-0.670171242645569
-0.707365077221492
-0.691336313038871
-0.794126920501517
-0.782926660666305
-0.693614530571925
-0.813261329220522
-0.629204158232171
-0.535415881666032
-0.680178030194825
-0.512826555690036
-0.640507660023031
-0.624592254205482
-0.647523386567393
-0.603429107059827
-0.638891242545794
-0.684780816645901
-0.525327684940624
-0.598180228104834
-0.548757898637487
-0.742785455611282
-0.672502721917191
-0.689969694816617
-0.641741458130159
-0.609206799887153
-0.570952151470143
-0.5943643146267
-0.63965597011399
-0.687469226166209
-0.540501122214786
-0.689704001890142
-0.607843787106857
-0.605102214821
-0.613029812723439
-0.479298749642597
-0.599014057749045
-0.631063910664345
-0.594538960008361
-0.63157623659488
-0.662530913900231
-0.536129575224776
-0.561865806113399
-0.577049313982244
-0.638317025473172
-0.618491415557871
-0.479632336189158
-0.652157237232643
-0.56709796597088
-0.562815126682047
-0.436390298258914
-0.545133023723408
-0.600058333085671
-0.515642293414449
-0.43952413425683
-0.49735943950359
-0.546223257235256
-0.520005946732736
-0.371792107507809
-0.54442331965102
-0.555939786119247
-0.473178937560843
-0.595960712993389
-0.53913603548023
-0.700086823904208
-0.57412848694231
-0.578185413400224
-0.426820049732917
-0.480670726497817
-0.676453565729383
-0.45909185424382
-0.568284305520504
-0.538753392493117
-0.611986347434707
-0.434239737324023
-0.560334373968433
-0.547150644613598
-0.520462627120094
-0.353347385660459
-0.441015036383692
-0.505986672933921
-0.530713829562319
-0.509132634916669
-0.538295132101043
-0.666325939350577
-0.571972308769929
-0.419370718031673
-0.6760039853297
-0.323642541652037
-0.604862903424637
-0.491412677789065
-0.524137799403056
-0.406216747404523
-0.671340284724064
-0.341019908145946
-0.712551224459953
-0.610218232286655
-0.444488434449698
-0.470867020552987
-0.522451136536077
-0.471820336678154
-0.502011237550135
-0.417942944138353
-0.507217946375955
-0.472014454375805
-0.305471589678309
-0.519222246187531
-0.623119743959243
-0.449117156168726
-0.409767984907711
-0.489119778085497
-0.472550550505601
-0.321400008223437
-0.377399253889182
-0.552252088938276
-0.561298711107469
-0.355393783771244
-0.360327446452176
-0.367843297699752
-0.430913038275784
-0.584068102254164
-0.508041313681639
-0.552205518746622
-0.296452045327634
-0.546896036307938
-0.374913544781454
-0.362093294366299
-0.318775470435536
-0.334253392563349
-0.633447374200062
-0.373639125607496
-0.520602028538104
-0.665763466039318
-0.32230085928103
-0.540433180592717
-0.451347466778587
-0.43454874955467
-0.412928323330066
-0.39624932187114
-0.437426722459287
-0.406222710531118
-0.300083045573528
-0.338868977689737
-0.546303460619018
-0.412581490574889
-0.498529996611814
-0.494140730732148
-0.390183997232346
-0.364486655268863
-0.294345478693887
-0.466685919140611
-0.30439290732578
-0.449961592237686
-0.398291642919268
-0.364456667011823
-0.431634149726294
-0.294753677309582
-0.480360587667942
-0.224592282246275
-0.224012543942191
-0.320937770798303
-0.475495697338285
-0.317654689204501
-0.443717826705391
-0.410580286371717
-0.345162175504198
-0.466315450884092
-0.305501592725906
-0.237918543864235
-0.31592494482219
-0.414510241606231
-0.316081966917709
-0.336956026869799
-0.32781101881938
-0.323921941254547
-0.135238205610899
-0.404507812719949
-0.289386098497257
-0.334290491405119
-0.384207600570996
-0.540104967851032
-0.353959248515579
-0.431987106929577
-0.175127309201848
-0.316087136575348
-0.336021044936682
-0.202688626879063
-0.150909479180817
-0.361108095415247
-0.153482033039135
-0.389642633732314
-0.292628090861156
-0.278162364566074
-0.394522982279436
-0.0982712244624319
-0.204965857552229
-0.327899583014894
-0.325926056629509
-0.338911341201245
-0.358260794692303
-0.301722575029536
-0.325045707763036
-0.252111714046094
-0.406750851663442
0.0202709901374299
-0.418871216395895
-0.189465400306305
-0.349819151389924
-0.322622817721049
-0.114191074870778
-0.356370614634739
-0.289296118064191
-0.296990334837731
-0.123073350101971
-0.199827179937459
-0.162526560412935
-0.198290864790912
-0.186245126040931
-0.191576522722673
-0.25622476111832
-0.24394403921489
-0.437417413806845
-0.215976752221077
-0.264636723630322
-0.197335115132696
-0.0660298860734606
-0.331702221322797
-0.188766459936775
-0.329511722235891
-0.250930214628511
-0.27227087906085
-0.293882223602211
-0.249944626074314
-0.0861431736778465
-0.0739768764011035
-0.183323773960207
-0.2377960643784
-0.179054175521816
-0.255994468711384
-0.317350424870053
-0.189948257890596
-0.273645397146583
-0.170393454433088
-0.301230070587221
-0.1295422310912
-0.357072973201927
-0.198709274373508
-0.217316028005767
-0.267161135164968
-0.162019862577355
-0.205177526957181
-0.129532516190373
-0.165996735540033
-0.0823415221560004
-0.00900293634860952
-0.191416205654213
-0.133407773438602
-0.0330953366406069
-0.240765975179753
-0.250018361340286
-0.195934671829321
-0.189013915156342
-0.0721920900880617
-0.24614099544148
-0.160322331952177
-0.0610512850594127
-0.259281996215336
-0.20262811572005
-0.0813693421374537
-0.0315325938378649
-0.149362063904726
-0.133515245045244
-0.11813084356219
-0.157640252370024
-0.280764902926592
-0.111713502710259
-0.0776154179386574
-0.172215652045584
-0.214345925100828
0.00442036558028836
-0.194732545132031
-0.164670640391727
-0.0875632657056217
-0.0911372507358716
-0.0335191091576904
-0.0134198374705954
-0.158025076314578
-0.170670144455897
0.178720721286515
0.0164420313031888
-0.0676900400911136
-0.273547867761342
-0.195298230172146
-0.243694451075164
-0.139548196254004
-0.15623148194028
-0.0695417149522685
-0.135999959111251
-0.0608051922843685
-0.100181895318376
-0.138933841625571
-0.109812551218576
-0.0442243700573741
-0.0313488579824001
-0.150411953760283
-0.161763404691143
-0.144247712759543
-0.0101759018793926
-0.0277172854959982
-0.0787809493308786
0.0203619705061706
-0.0992162981246092
-0.0146883994489913
-0.0550073338910266
-0.133446086565091
0.0590286926580769
-0.0694286270447907
-0.114742949128908
-0.0571393838985124
-0.0420952838591612
0.0285477865777503
-0.101354145455894
0.0640692930925125
0.152379963877724
-0.0950695317269017
0.0914590618302285
-0.0671538478867158
-0.0125628428765317
-0.0771301515756437
-0.011384151960068
-0.0249188709126794
-0.148405862467388
-0.00268008327713047
-0.0610399301597013
-0.0582618373142198
-0.0253075662663378
0.0904037192878797
0.0802320136142679
0.0113255532316862
-0.0873480730613354
-0.0432759081491019
-0.100640704354991
0.0122929237269923
0.141698351587
-0.00496829467724633
-0.0188209715751845
-0.138324087197071
0.22622281400263
-0.0910194307683577
-0.198563253782682
0.0888376411567291
0.0286270261275823
0.0582970019913485
0.0920667052421397
0.0449918184428945
-0.00659334172210017
0.0448116662104458
0.0399079971427425
0.0999843873987061
0.11969452724128
0.0696751980172304
0.0356051101258531
0.0736404588288358
0.0829479170614649
-0.116835487304451
0.181628179191446
0.0376506376152029
0.0303546005119297
0.146087291580555
0.111377713115851
0.0406353502515804
0.0165413205696235
0.101938832953837
0.122621321510645
0.11125738698899
0.104066854594906
0.189737691339653
0.0134538856409056
0.0609530536438217
0.0284866816839481
0.136285349977329
0.126308347497507
0.106509630098505
0.266750296367324
0.144140124509034
0.0151080922649211
0.0617950295910977
0.156733058443772
0.074980382731828
0.0326682330008345
0.0275350204020121
0.0517104624332868
0.118392597188223
-0.0256301667229221
0.090282975890834
0.00322151203889657
0.1842648596877
-0.0513020970597072
0.151058851759326
0.171448295156364
0.109630134488492
0.282631909646731
0.278390191383799
0.240652243245443
0.140660572388069
0.128152187056078
0.0602369536435005
0.196277437596031
0.0569720869550206
0.052514498839412
0.171723388134608
0.0246019521015596
0.180868292297689
0.128567413824991
0.0514902778475724
0.124467979777058
0.178238350165508
0.0751409700084741
0.256989632273661
0.274499357379379
0.126340852061847
0.0947567871827596
0.0925679645675618
0.10276742595737
0.208475526226801
0.182238881310054
0.143217584145548
0.239463361191921
0.0698478617497786
0.354554478019498
0.22880036263635
0.136370130761847
0.212981265860718
0.0993364415060754
0.182266317739652
0.274327646257255
0.0622992063722352
0.245324157711799
0.174014230246421
0.0357180701424014
0.158128136600526
0.100997369499985
0.240143133595608
0.150581332338994
0.294368795697214
0.2858596861425
0.133591883920295
0.38832422282453
0.300008159237431
0.0758698224368163
0.154280466430688
0.106699785671386
0.235401941025664
0.270244450642568
0.235166468673018
0.319817851763096
0.327890024274986
0.270992353299619
0.282589964760697
0.302257174699308
0.268154984465134
0.136024841551051
0.18382612895265
0.250981130464036
0.203069689298883
0.310783141200215
0.279660894380029
0.348330772480769
0.263054801263274
0.255559846260859
0.263443716561152
0.315617160223103
0.300609534168707
0.319446751723434
0.28435059347386
0.330502537362537
0.305042642611872
0.226410299651174
0.309726008686482
0.325450464140602
0.268375822433188
0.197546294012772
0.268469965111726
0.330445001673034
0.392707352870269
0.445341311640961
0.278986521171479
0.251771954748016
0.287342172882785
0.374845757443345
0.317878738778607
0.145484596214843
0.333737519902938
0.177133394646145
0.269122838137866
0.28593326972453
0.248798959988655
0.393764697398633
0.369742651483169
0.445329803602111
0.212963815132621
0.345204438388413
0.283827765033977
0.288187407308533
0.269893421318277
0.251523786891583
0.241142285791959
0.411641028687798
0.411305637031909
0.210851832868473
0.333086739786307
0.2259496394707
0.247325632573261
0.193317804577843
0.270499357751147
0.427193126979347
0.368377095178955
0.356757752631337
0.339419740736689
0.247087133640851
0.487949977692904
0.435067717602766
0.572363714355862
0.527713204695074
0.297519850271018
0.40786612332835
0.461141459679418
0.351231493014357
0.41449395278168
0.531605245969317
0.294074645154896
0.358421768276172
0.453327692133993
0.346402295052864
0.341508935232755
0.509457264629807
0.402338452906145
0.28250868138562
0.231697342415945
0.429688030398585
0.278173560060424
0.288148822448214
0.366242621762053
0.309860161966491
0.42956292110475
0.423660551914957
0.335604819549858
0.411988502291033
0.254964748946001
0.40104254983392
0.327748466145963
0.535250760024414
0.446591147519255
0.504053876323775
0.404094221583995
0.381558249734722
0.252172526708708
0.427491872394363
0.535212248089533
0.377184571634809
0.37492568316685
0.471804029017336
0.470550902908365
0.46648029782426
0.348852449484924
0.471306747363261
0.509557159907022
0.475971275100616
0.275381329505056
0.435471133596656
0.416891245693765
0.574080065181938
0.543840430311977
0.383654210716917
0.421213073263025
0.488700618930164
0.426442664662124
0.479047981105375
0.385035569023008
0.449765421744754
0.463692907591501
0.598044587128966
0.530878999515413
0.591792830029427
0.415169065410978
0.575651796938078
0.519260646096015
0.533746290293462
0.493497134400441
0.613797013925939
0.551339978211276
0.491955457471138
0.365656853387729
0.361420445768173
0.465835545761389
0.390828024119953
0.559150323652281
0.455903572335845
0.596164776774522
0.526248872099338
0.472668989933423
0.699048076064895
0.638490491794443
0.643936554638345
0.464210502205522
0.534357448188644
0.412755784111915
0.556749966864299
0.550518477521689
0.519835565099268
0.639132910633486
0.591103808528467
0.537941471893972
0.48594472025653
0.650809379592971
0.59924198040296
0.543940396356353
0.503867996588809
0.640898089421758
0.589780326134071
0.637574546854277
0.370013549836123
0.499522449597477
0.700387764719116
0.531517271492243
0.65561236359807
0.577536173675525
0.621704929880087
0.599410183652458
0.706725707157379
0.59512711942368
0.637086310335815
0.702146829907357
0.550586806387154
0.546323422281336
0.575265375217147
0.493831777890402
0.518929511558707
0.546958256781954
0.61956961740801
0.63323718665334
0.498787361393741
0.6304667915985
0.489528169287384
0.675817789070164
0.641663389671537
0.534763550713937
0.583383290320927
0.476301630969968
0.541415630369483
0.645195390687144
0.634966370720768
0.553176402423889
0.669960002768757
0.541228444663465
0.691295358264759
0.77162939835625
0.431204164270187
0.507156045690789
0.55038387079544
0.641927231326974
0.628306027442822
0.587861665487115
0.596881719409784
0.62091963928058
0.656257903162229
0.666168933797572
0.752574924713564
0.596018820028456
0.769735616175596
0.48422236411381
0.59724903102596
0.717936182854645
0.687583798917562
0.629930543407395
0.553038781551271
0.737426993541834
0.832361580368447
0.605997181622991
0.825859057581511
0.767544915843608
0.617921184617101
0.696675569662842
0.824638927133545
0.748538661783798
0.608122767678176
0.655120787816207
0.683927090289769
0.658282617188746
0.637818338684847
0.573636456190633
0.7203703642582
0.531012805416438
0.796371805631674
0.825031722939217
0.659142578264132
0.586249609621561
0.672199815372854
0.70802486055816
0.657639407906876
0.649100909010704
0.629531660788144
0.6708992498625
0.611368710421689
0.798532426166607
0.715198632182738
0.692276715403695
0.723272578071228
0.604542409469041
0.546655071645283
0.724054710118769
0.833604045030954
0.79702125136855
0.761598408594332
0.632886669335488
0.777756389757878
0.52204726478695
0.860855498857062
0.755301303479589
0.789278318325657
0.640595171882126
0.627431878328249
0.611267318121965
0.847070075339733
0.670276719577024
0.859148886799036
0.784367883997507
0.72332124875558
0.770212818181188
0.671534390107438
0.745385126015022
0.784713583910772
0.6982406898901
0.696455275608115
0.808484925486643
0.744768293149542
0.73776458667914
0.802020872041279
0.818979174086604
0.798320650554638
0.902396948868871
0.805090766415925
0.86109712353392
0.870099663207491
0.836759155212979
0.795763724372738
0.742947271151233
0.627187627928836
0.909068860402007
0.864121184761445
0.885402682900577
1.07418340673545
0.894466768382198
0.85549066251934
0.778722695152357
0.829801797512105
0.923113259864701
0.767381510063266
0.767733682968559
0.853716757283871
0.973827680697948
0.85085653562789
0.838538760269357
0.755956503610905
0.845434837531223
0.897399007233627
0.886807567884964
0.889994945467882
0.734974645305573
0.719801101383743
0.879360153847761
0.86646873548928
0.943445878962069
0.815311616896547
0.931332826337502
0.861075576701209
0.896391038448198
0.794862434386791
0.987066824620151
0.857727666294054
1.05369814804719
0.763201595391703
0.813974124658813
1.0358522877608
0.830470589357619
1.0028703220019
0.906032307444278
0.867658280977352
0.782018855116733
0.941851688457725
1.05608286564927
0.800443782077697
0.938259415056516
0.882102426976592
0.839519477466389
0.975206625110183
0.977982325747717
0.929852803226765
0.867427787417954
0.890427186014581
0.983587609053988
0.867560550126271
0.837619139268615
0.922990174043793
0.920022245973531
0.81463495571095
0.922234789839825
1.03669054771895
0.936984369364439
1.03369612920497
0.890663747983213
0.812648946798284
0.825212344458124
1.00977923712693
0.983239481963091
0.845605632686064
0.93498682058315
0.946994630839828
0.910478735661495
0.918706253839614
0.939290173780705
0.908066418407872
1.09120353669597
1.05755117657159
0.876759346621252
0.999969690727272
1.03439575953965
0.910247178091651
1.08159633845516
0.992513286607768
1.0689221368915
0.98078866944495
1.06138920311333
1.04944205184057
0.897232402676976
0.93483217711602
1.03805530354525
1.00188553085747
0.955677701454118
1.0427201038542
0.942522098886657
0.905178573665016
