"x"
-0.931366904707044
-0.859673959001314
-1.08097043763381
-0.859920945014541
-0.879210699980908
-1.05177216470853
-1.11749119902518
-0.938538079739016
-0.937931712984381
-0.886280229334945
-0.977097273444869
-0.980896471444783
-0.951391788198827
-1.19300518029649
-1.0164349391434
-1.00243124601616
-0.975575280090809
-1.014411871626
-1.02600996534154
-1.03276781034012
-0.976048669326879
-0.853777803794081
-0.982353420290104
-0.856015254110985
-1.00011508603362
-0.938534534881596
-1.07309966557023
-1.01585112815646
-0.975638981587444
-0.902826750673927
-0.97617172947618
-0.805642951565457
-0.859176802060687
-0.887582802543658
-0.789109036724333
-0.86250548710768
-0.740086114347987
-0.995521203972381
-0.861391417048328
-0.885446752623704
-0.901696277847114
-0.864877589801574
-0.873828047727457
-0.893933431076331
-0.843788976857674
-0.844925111331723
-0.913861285767854
-0.954596222680113
-0.98564330181064
-0.793869235294471
-0.87222499641131
-0.874359104463388
-0.726063237032174
-0.854433106236179
-0.806692983005642
-0.999541902176848
-0.878579265906185
-0.992229662919129
-0.86332097529581
-0.921465445076042
-0.798942629647156
-0.926037286799694
-0.820801719698998
-0.928452343842772
-0.968874305467793
-0.923732269619576
-0.829018680203526
-0.893920866696075
-0.876320538304511
-0.891689254929375
-0.79521442974024
-0.826438402440659
-0.967066738127946
-0.810090639075365
-0.758798614772435
-0.848180592226521
-0.808711992174361
-0.775815635575633
-0.692345729430976
-0.887064962355201
-0.833025036186481
-0.704024655632437
-0.929371205065723
-0.773075249775774
-0.809109475414003
-0.865717866084326
-0.858082409931424
-0.843103448567864
-0.829881001771496
-0.868452507517929
-0.709964708730375
-0.88982450980582
-0.901174075714504
-0.711942108709743
-0.863564342130764
-0.755756981723445
-0.7536241724875
-0.673136191451182
-0.765296565096304
-0.867650892158333
-0.840273207093698
-1.08316194330187
-0.740559784195059
-0.776845088901161
-0.545084955263055
-0.732714663031775
-0.837231699705563
-0.815163779817604
-0.751078757781813
-0.808152269418059
-0.738417658242352
-0.78167269830915
-0.805010080194073
-0.705756108250049
-0.814140349631397
-0.813604170954109
-0.753068900393029
-0.789278977024237
-0.644732954985702
-0.841630296601827
-0.615852998277216
-0.851704725858776
-0.881184642774414
-0.673947086296328
-0.860176954341132
-0.772414920360901
-0.804976694575534
-0.611384626616346
-0.880070182697278
-0.668947052298497
-0.695237961301832
-0.684572971171948
-0.694404758881246
-0.674444911483069
-0.705055267715054
-0.702697586064334
-0.712405986759024
-0.793803888635727
-0.673757348161812
-0.864601051205254
-0.772045628379216
-0.776190032938663
-0.69332067375483
-0.811975370211079
-0.687840446166506
-0.418470521093259
-0.694293091644237
-0.741894405904599
-0.789541824393269
-0.68455522688649
-0.748689927831155
-0.628671050787451
-0.753154086593813
-0.695439958960935
-0.734486727719174
-0.677238180766511
-0.730164588491577
-0.708692545761378
-0.791224310710171
-0.768747766837815
-0.758554523556953
-0.737005414913835
-0.596662048803733
-0.638963498380381
-0.579944493912571
-0.768199955183016
-0.605975182154767
-0.672461789941946
-0.637682870982032
-0.642588849860912
-0.635734338248647
-0.693565528602224
-0.655274473934232
-0.716710742067963
-0.734637408839871
-0.635298688004324
-0.665301190633499
-0.583548013647659
-0.719891742565842
-0.675489443124702
-0.796068725973144
-0.639945275349174
-0.710345650490258
-0.556589047734783
-0.706583491746391
-0.670321776378141
-0.591384996342669
-0.50968324860333
-0.669884769765645
-0.558920146214886
-0.569968907480485
-0.481833530473555
-0.62533233628018
-0.457231138820612
-0.702792369843082
-0.548243567726996
-0.62203569815956
-0.706522392784046
-0.529846109094843
-0.544937633246857
-0.564365279832827
-0.539675115278188
-0.683072842453828
-0.615300275134786
-0.628315959325282
-0.665755365184269
-0.527736021887196
-0.677789322857498
-0.686624733328685
-0.564833104268015
-0.556471899196285
-0.570041162571599
-0.433409143834816
-0.519770364173067
-0.578359378918632
-0.450040332528346
-0.604930542600998
-0.518299815113838
-0.596038671479317
-0.483650842392907
-0.667081154160786
-0.557102518000382
-0.675159984735091
-0.471969742444159
-0.511504258332403
-0.582317041353415
-0.603195377467971
-0.496906165321831
-0.625305088243776
-0.555946868126322
-0.598810386678142
-0.5009559157798
-0.386511789588177
-0.52172199284502
-0.525812514945428
-0.499350972390128
-0.432116632788029
-0.485542599724969
-0.517101599600186
-0.46576960225513
-0.47943764820394
-0.571531272010081
-0.497511316125431
-0.626042118749532
-0.547708530235047
-0.482190409153629
-0.548556419019018
-0.465616865631666
-0.561286095299352
-0.429116197044604
-0.555224242387105
-0.442349659817727
-0.415499796282007
-0.334006826170423
-0.583828075353876
-0.420116336734325
-0.52517856718778
-0.55046707942338
-0.46184459562936
-0.44641281707961
-0.491391843631592
-0.483066520828326
-0.328811035169449
-0.664234679764873
-0.547080549870559
-0.490962576705918
-0.536137711721195
-0.401546657842978
-0.470111433460394
-0.356794354628991
-0.385776384186913
-0.544147341504399
-0.558610633705551
-0.35764209677253
-0.382576559379764
-0.508985381974469
-0.473575417702812
-0.401824755643453
-0.321203948199637
-0.480185503050499
-0.414209809271028
-0.2881986666172
-0.420838020961882
-0.407099298677142
-0.415059665208973
-0.426103593622117
-0.493926565730633
-0.48395609028568
-0.497485885730254
-0.388286710960082
-0.540723840874074
-0.423337789498996
-0.283575699413939
-0.508585687666475
-0.446435811419736
-0.411341482322671
-0.514539802301232
-0.265832780143058
-0.463673643663572
-0.414148691404503
-0.42935516060746
-0.464804992371559
-0.485767158329354
-0.341688617596005
-0.447292066784966
-0.399445610723162
-0.497440483897756
-0.442048828051184
-0.378726158602785
-0.51964697577044
-0.416668840292197
-0.377620239858029
-0.474332178595555
-0.412495881024781
-0.59067200802043
-0.345025117539864
-0.256911868902341
-0.293334459533132
-0.351283454422226
-0.501786637115164
-0.321787436417968
-0.339458139494629
-0.446036888380542
-0.263732592095581
-0.429286682013628
-0.343895027813353
-0.436575051353807
-0.354996241613185
-0.213916080243003
-0.27237804654997
-0.331977862574135
-0.342294708158943
-0.33250295279413
-0.410405641874528
-0.245355724235935
-0.376970895312403
-0.31218183339668
-0.282035917669609
-0.359503725607716
-0.317088373676876
-0.288854145722344
-0.362196269990205
-0.248687621142128
-0.185672779462921
-0.295749041326018
-0.388158598273417
-0.17436483181609
-0.258979323672087
-0.424048655247342
-0.319812081891559
-0.262361091690383
-0.35092817043093
-0.367520601967703
-0.331899727151833
-0.163249772350838
-0.213908425564424
-0.160813449267095
-0.147865509855025
-0.242550697105846
-0.490278509431832
-0.325855265920312
-0.192294467462428
-0.299248103372726
-0.274921016737941
-0.312580493918281
-0.29211733802333
-0.291731918301403
-0.126615334918039
-0.173165926493048
-0.226410630859103
-0.408574404128139
-0.27796508612397
-0.112236750457461
-0.25531383583654
-0.378753477495037
-0.24509261516539
-0.434380207498959
-0.200059809274513
-0.244447857214471
-0.0782811656890714
-0.127877458108948
-0.148728859158568
-0.231541648363235
-0.226553366218313
-0.245143459995318
-0.316916665361576
-0.216047449005639
-0.146322828904037
-0.0919956854883881
-0.265091275459027
-0.170719483753956
-0.191838835458762
0.00170144297263017
-0.300643048580587
-0.125294962696534
-0.261202141901626
-0.0810679293596769
-0.100124005525522
-0.210253677812185
-0.0719582660597162
-0.238388687599771
-0.311661891029406
-0.279461924996135
-0.08167873612751
-0.165569372115848
-0.125459211186448
-0.120895565394903
-0.107544016638807
-0.332698179385021
-0.230980527494601
-0.267011927524213
-0.238711401393936
-0.0588687618796305
-0.103040282247812
-0.24666174627892
-0.0919518309353105
-0.132182727482812
-0.10343166273556
-0.205666676878163
-0.162114673067417
-0.199290762940953
-0.333874760003473
-0.251165791533169
-0.180703355439126
-0.312396487538973
-0.119096618099189
-0.0758739847042098
-0.110990131936607
-0.0582895652107133
-0.143168974952
-0.171164744641141
-0.0895526347045153
-0.173534638534003
-0.0631032614108956
-0.196242725390614
-0.112868347591554
-0.0418548068734347
-0.172148402525499
-0.155286039174269
-0.0708363251434781
-0.143680185916795
-0.0990571170375096
-0.143874745464418
-0.0240561965448827
-0.0331237578453656
-0.0847194269722809
-0.22066307616387
-0.0273561188236434
-0.0596993731185294
-0.00603929106542809
-0.128759861516601
-0.0310838600237303
-0.0750076332532241
-0.0873179071773623
-0.129942685476877
-0.134577211560532
-0.204614700020425
0.0725469517384698
-0.0328434903832567
-0.0315200447843795
-0.135526001344161
-0.010457859825177
0.0841139966663353
0.000497409116046122
-0.0735776456570771
0.0303674971159762
0.0555372280271103
-0.118995875910746
-0.156422043642947
-0.0488606627101208
-0.19133554062189
-0.0174045204146643
-0.107553180530644
-0.0383851154626531
-0.0144305920514276
-0.0546335667817375
-0.0225865252332917
0.115837915873455
0.0504052190118896
-0.0862586433950339
-0.0757199108111618
-0.00817811816819886
-0.108259914712695
0.00803580716801826
-0.0892010760096969
-0.089904319102314
-0.0284558860582289
-0.143146251681837
-0.065521617315487
-0.181197590069819
0.0282223703191722
-0.0740744741942876
-0.03929275881312
0.00586220124261772
0.120723247525365
-0.0549836193420982
0.00669838347739876
-0.00282487348425204
-0.0441501154043226
0.0721818526707532
-0.0844022225920198
-0.0486006199350589
0.0410016465262761
-0.00654491975879702
0.0320898951859185
0.0332602431734647
-0.0486335232863322
0.03816538788658
0.235724470532139
0.0340096603623446
0.0143923390922111
0.0472300792186455
0.0360970333237319
0.0490634515570489
-0.0751046252457813
0.103368068895677
-0.0326275717134799
0.0658123096369628
-0.0488519371144284
-0.0641250870125387
-0.022558205758634
0.0938033566394381
0.279542119748415
0.0132102310328346
0.0977486453441217
0.0323600975973501
0.0406409396837175
0.176253128235519
0.092931274257171
0.0604393741822533
-0.0059797050678978
0.175743528882736
0.00428294645598241
0.199158374599451
0.0821261433739994
0.199410503769678
0.219595270027112
0.0628220597233293
0.0500813203343002
0.10402838980355
0.0840542664450426
0.0196342994771342
0.128784655135731
0.151967874879138
0.164454996050184
0.0598177618414541
0.100102644134388
-0.000575492136036961
-0.0742577800584204
0.0891951066373906
0.149905271207059
0.0755512680318953
0.0966952306393636
0.225106816620242
0.140305121279988
0.0628531558842446
0.12365424955997
0.0871071145520305
-0.0224022658100896
0.161454317973493
0.118660069776706
0.175853773831963
0.0384080602634021
0.1687017174284
0.318553542056636
0.0613998477179681
0.142929184091834
-0.00252765429158292
0.0773565114041511
0.177414566193444
0.131892367430237
0.131713539735094
0.249191454973508
0.0598229301105981
0.154517210448693
0.195572051929744
0.209150114080587
0.151886976221478
0.106148368371391
0.281769087086492
0.0606792194938049
0.225448905856229
0.225383389004363
0.114011639936477
0.191811099025036
0.29436282593111
0.253828885405145
0.223157498596986
0.119604494408225
0.158972431385801
0.0949544383657715
0.12532286599735
0.114112474823443
0.212543616965045
0.230851634076321
0.219310378035898
0.148474856630069
0.259705499406642
0.253687978424016
0.203079479780291
0.2551154948329
0.197143179107972
0.197264452951981
0.153656154001922
0.227273736237896
0.179415689516145
0.231251067730519
0.297435422082738
0.179495156893025
0.131120649439398
0.214762979741661
0.176206225696405
0.211385262491175
0.227084765539726
0.26115635796408
0.162336527890329
0.214428048682274
0.139823813898753
0.153513301660417
0.279201891536602
0.185599119467588
0.245799234742466
0.269383836227113
0.385683150671494
0.490129893239211
0.257026307355426
0.191771503284343
0.214843917958091
0.228972900800643
0.218332262499549
0.186630678034988
0.161415771379437
0.320565079639304
0.131166261816197
0.373411444871828
0.412743040691195
0.181050608047506
0.253654287967982
0.182901975074817
0.400586800790029
0.255649445162016
0.181932555971878
0.311860321617765
0.301110299867774
0.142944921204142
0.294085538148556
0.322157093244638
0.395501562531354
0.16886102099499
0.317443247190526
0.430713716748216
0.287974165785308
0.254249947317803
0.348251536970733
0.159007929542204
0.417178261385896
0.382838452108587
0.357181081089643
0.488021610820726
0.418088461024244
0.308955745026956
0.308534055865401
0.346014698509938
0.190429095278839
0.367532789840736
0.198398179916554
0.251319283146359
0.366117087956822
0.317168553030851
0.272067748243201
0.413753549035619
0.55279080847013
0.464246590942947
0.289667779171767
0.241145888474739
0.451282806647131
0.379907134288021
0.350138123235685
0.331633507011064
0.394448549075592
0.388106757072057
0.404871133134752
0.340563500493387
0.238516377293894
0.363842723014355
0.387484540531533
0.332384560184634
0.312955851280416
0.434292213954549
0.37140166923854
0.427341849761196
0.352708452484695
0.456254308395486
0.280991209108758
0.360619641004332
0.266365192972642
0.215314788256213
0.443774863031957
0.440589097326839
0.413375022342203
0.313130914042954
0.413994214698423
0.437351380323515
0.517615759862733
0.399597477812304
0.356977993116625
0.430110606048553
0.436692489130862
0.483310270356101
0.442256302477954
0.347962946573693
0.598378803839638
0.436693875893017
0.559988513175652
0.512064363286613
0.512101760755752
0.524988614201105
0.43771980233676
0.457680249466379
0.561034143840386
0.49346749914439
0.404858978033548
0.521259123810848
0.476951712266737
0.481355505545204
0.436889849927525
0.401090097520563
0.315774457606353
0.307656252587337
0.409664367737261
0.399400965118155
0.43096586118077
0.423783700453513
0.495168493387295
0.435726628831092
0.44966198643527
0.472950451200966
0.486855218629833
0.507620161316723
0.515549698595698
0.375224885303556
0.574913965392824
0.524134351938469
0.397145401264515
0.395578918375378
0.40562637750504
0.510114168697832
0.354003734728635
0.590557187578591
0.551362653716106
0.429537340602001
0.525595978259264
0.616958850387747
0.540626418152353
0.562188440401408
0.579796092314298
0.408797372430557
0.402048207568865
0.553314792322673
0.55125446517757
0.431205535046519
0.38054304835017
0.634661180711536
0.556991260400832
0.548047745536779
0.56795970245467
0.567952746042436
0.525224049758146
0.515833185662013
0.601775847999271
0.459050095546621
0.592403235245874
0.552970142310622
0.414220987004232
0.655467544417055
0.587531555718693
0.628168160732882
0.470955937145318
0.499337671557947
0.477203997253126
0.667174584490039
0.510029948207822
0.601056019933878
0.624261924908743
0.526156618376815
0.64140240443906
0.629630178327451
0.585075937697689
0.688284448423139
0.611714351220077
0.707676409660667
0.536858756111212
0.576002477270694
0.353746341300932
0.534950604097512
0.534774863967775
0.538871959700646
0.654936837685112
0.570127885159374
0.681230931752822
0.524184001638799
0.481565597341805
0.609392368691587
0.762468474279528
0.680527650384113
0.665959052160048
0.467183272280427
0.589457370624938
0.624628475231238
0.595433996974345
0.703415702782125
0.634055960681291
0.500375529455831
0.622313406068829
0.659030464398015
0.567846651418769
0.710437384179876
0.750562737450627
0.455009653065007
0.750626936586632
0.566535647748973
0.730531827898216
0.456598818016578
0.590400389638408
0.709697513015723
0.627200076518723
0.509147112401047
0.653682023422995
0.567416874133617
0.712263008964863
0.731415362115009
0.68754571406296
0.5804591208651
0.786518392084027
0.746519820544299
0.524482801055992
0.659875323709757
0.801556976006123
0.779734645582802
0.619545375880693
0.82121701391292
0.568911381257829
0.669551988916656
0.735481376383962
0.612699269414008
0.664647529592793
0.740067621484991
0.687720907157591
0.754583524233494
0.690940189628772
0.647065285980869
0.768172487500697
0.600355897580198
0.741197019049095
0.643871259908602
0.779113721429308
0.686665983671004
0.778335208626759
0.515102873316785
0.838091637973549
0.744294713468215
0.758335607962309
0.714281673812656
0.761292506024145
0.643024738560043
0.708987599499623
0.800787716566927
0.792264650546081
0.755812850194968
0.694426627286357
0.576223519753988
0.583070110273413
0.798143768839324
0.774538755629978
0.691611950500938
0.790092066428656
0.718629479130027
0.675593173751505
0.828085753596233
0.881851753902586
0.699749397607588
0.750025085247453
0.775084194697328
0.70073134709362
0.790572388708471
0.812630172703059
0.849919856498937
0.859836550904192
0.801267594240439
0.756148562135349
0.616851400835093
0.821688034465688
0.526202632814239
0.885572406784014
0.837006993069168
0.862894453390927
0.795474437012193
0.692131749162986
0.776032535460746
0.776016603216377
0.746354115492679
0.778921318611684
0.837745340143937
0.79383924088626
0.744819190897525
0.634189768661869
0.966600729740207
0.726522211145558
0.830205069654451
0.72349478027199
0.789620142158522
0.841517211548059
0.956674352809648
0.854593320552402
0.739906447943091
0.881326533950288
0.717181821391144
0.747555272712813
0.84021029851878
0.816861824258096
0.777601526474179
0.880494825570498
0.79290507350187
0.932417382665523
0.767906304134595
0.949980115247219
0.915023632004171
0.734559380547567
1.00024644327299
0.800243308399563
0.869968807179068
0.796941446321776
0.836524320115166
0.936518098635522
0.82987279104362
0.83990782356994
0.918628932530922
0.866694052185192
0.912016363064109
0.907307902451378
0.914371900322238
0.913631505298151
0.867647186241437
0.87612356056596
0.828194841917232
0.910265176449993
0.81607187878177
0.746088023769429
0.897063909861348
0.895501571478067
0.980932254683759
0.714732497614761
0.865585844901324
0.912894540950716
0.815498443884225
0.734298194215465
0.772061275723979
0.814787554919999
0.872759318713447
0.808578208117891
0.878306489215113
0.89575185811431
0.988465701158831
0.989628504959175
0.989924208343009
0.781783486017086
1.02490037024396
1.01648320444022
0.972037061815256
0.92817348255466
1.04992733073373
0.957640556701577
0.89201318158995
1.00469893355211
0.915244851055487
1.10559361512322
1.01733759943662
0.990761064409517
0.80573369618727
0.922057231241136
0.984816362599915
1.06757367882806
0.977137689122313
0.98568311564872
0.916543624776504
0.943037361972005
1.05592472827296
1.05914142925687
0.974611362359273
1.00039975570456
1.03526193685238
1.11185236556439
1.06668796815788
1.06315559275914
0.946644037911511
1.01305590272316
1.02686439477182
1.01389645132882
0.893504226670766
1.01334651673162
