"x"
-1.03885978891797
-1.11435988054936
-1.02321917330839
-0.924717112941079
-1.05116740422446
-0.980197133679619
-1.08270970424337
-0.969320658519134
-1.13972202846783
-1.02965368296654
-0.956485167830141
-1.01407000472263
-1.00570560135665
-1.13552544236912
-1.11688520100348
-0.997353430715576
-1.04458009791252
-1.09174110082395
-0.840740180440201
-1.03488262781578
-1.01038032898569
-0.89816158199975
-0.920685962033525
-0.961377600322902
-0.914866517621624
-0.849534053760325
-0.999859946742986
-0.869812635813913
-0.933043659694666
-0.888311419111802
-0.919365724863491
-0.931555006788164
-1.01344936201791
-0.83640138869431
-0.883740448761391
-1.04760379901343
-1.02751670098502
-0.932227115758918
-0.884952375478273
-0.972106509326931
-1.04158163880717
-0.785172953450778
-0.961427587218931
-0.970662282021888
-0.963861522284112
-0.918482926283419
-1.00319875734339
-0.946520896056115
-0.863202401582842
-0.970587766234145
-0.890423930477915
-0.943164717693792
-0.88222370996057
-1.0442022332603
-0.886995414547849
-1.0076180406739
-0.924452347538931
-0.739638873751486
-0.777287062430834
-0.89624043184703
-0.883103767060522
-0.875795584285256
-0.712398694626299
-0.86607025055004
-0.953471213629618
-0.857454799986664
-0.940638757892309
-0.971972092078371
-0.973302945917328
-0.829302738609397
-0.781227411688183
-0.873719001309726
-0.807724757618803
-0.821139840470732
-0.959139780667336
-0.861410455476244
-0.884249377840254
-0.632434516710949
-0.832443097122357
-0.734191274003031
-0.715503980928737
-0.746259376584696
-0.863897986395124
-0.895872397145434
-1.01022337180891
-0.819562450790173
-0.790128204905621
-0.894512535138562
-0.792269569219133
-0.877590618441427
-0.78589685226192
-0.821531814178688
-0.926250024546672
-0.78786822165573
-0.780288546034183
-0.733550629971562
-0.737087112418303
-0.736154742920269
-0.711175152417078
-0.709645400472553
-0.837791246212738
-0.747978776295794
-0.606101243960562
-0.867484693906749
-0.812671092185113
-0.783616492492794
-0.865642617137533
-0.805970986993432
-0.761889444826339
-0.716018551970429
-0.696038190552655
-0.797543455268252
-0.715927547327317
-0.859191711280161
-0.683853208888814
-0.90013651939727
-0.746916664211846
-0.907865143953895
-0.659180440922396
-0.901560371706503
-0.722271916803584
-0.794147069266369
-0.834854740632029
-0.958201821531513
-0.747650061710245
-0.862585361429315
-0.742968809308982
-0.648171535566779
-0.711723338234469
-0.693787887453475
-0.699798251013797
-0.80223545656737
-0.805679745452162
-0.880675292761212
-0.92044322625768
-0.790487135236729
-0.635620655362066
-0.615450152927068
-0.748795736044196
-0.68491712091535
-0.793405490070756
-0.454386317448694
-0.689272016528154
-0.754256546985623
-0.641029235133094
-0.50613715849971
-0.865566313139389
-0.559737703577783
-0.687431901699329
-0.614249754619692
-0.807110645613535
-0.68146776626902
-0.818853552931004
-0.734212143108643
-0.586357164417254
-0.632446041971107
-0.589288170382816
-0.621472748189587
-0.607539331789073
-0.674452404881385
-0.615521854381072
-0.715361840903568
-0.620871229816803
-0.523335514878483
-0.65459046706972
-0.641451731933549
-0.690889960447009
-0.621642531710974
-0.568536861329997
-0.69858750841153
-0.750125355360871
-0.604907252121412
-0.648265203051692
-0.634058747406073
-0.58706909620035
-0.515831136465708
-0.563304196163867
-0.587684773438918
-0.655575332191942
-0.693048526173814
-0.733324691763619
-0.690469899688514
-0.435743448435706
-0.595186352827588
-0.643148673959918
-0.685276206714349
-0.585023747064148
-0.576962473404647
-0.717744753379983
-0.603061316284896
-0.684814935914288
-0.607447593892409
-0.72838051733843
-0.681276880226553
-0.511468737222767
-0.643350477965215
-0.654543294590431
-0.674639357361084
-0.724772352983615
-0.502537137683369
-0.666466440482219
-0.614702771619184
-0.641233975293746
-0.603492786808365
-0.582183075601333
-0.506914319617902
-0.648461973577502
-0.592732127871075
-0.617683955095862
-0.483741749631274
-0.485542732673686
-0.491520770030456
-0.568557065078292
-0.481809290829029
-0.514657036515276
-0.55358214669635
-0.47582146479274
-0.485728374749688
-0.591625337306399
-0.59404719781991
-0.531384726778517
-0.587987334933327
-0.610833381940554
-0.518069176768301
-0.433269578787625
-0.599216819960148
-0.500970218316048
-0.593735122798117
-0.533210685443793
-0.454629489864862
-0.436731225626224
-0.592464076133922
-0.50119067173181
-0.511387459143645
-0.547915969345461
-0.464680046327924
-0.550432931223151
-0.548881904853716
-0.561494601287948
-0.524524527408173
-0.578745316477268
-0.571108034978969
-0.48385324406558
-0.629181980913862
-0.517960055239399
-0.524154900436025
-0.520335591143331
-0.545815656766891
-0.464369643112718
-0.548289422147534
-0.525939434673514
-0.605718346961069
-0.401207410439592
-0.612882244963925
-0.496608955003813
-0.589830909549978
-0.519847322345761
-0.537538118264993
-0.477389755856433
-0.499467079669406
-0.616130702616104
-0.635270791455119
-0.361165858546826
-0.541107596095762
-0.41068000375201
-0.491421953635069
-0.43242987044825
-0.527282994144571
-0.412714405372881
-0.405158618799219
-0.318266626957588
-0.437823466728124
-0.560222640261974
-0.449666371706613
-0.426832190029633
-0.351241078481617
-0.450306565699122
-0.48206566538745
-0.53291517213934
-0.441634822702463
-0.481128796749067
-0.516880590958044
-0.326754218707149
-0.421900539505779
-0.428292270509228
-0.371701751913645
-0.387403844874163
-0.335432601413044
-0.35122632920801
-0.355114067323072
-0.426246069313937
-0.252981594691893
-0.326123606370734
-0.536406044355306
-0.365126355306232
-0.383136015629005
-0.443268846908951
-0.238167730216613
-0.440929924366599
-0.41065152257671
-0.439663107275671
-0.381757217698304
-0.365376843317543
-0.4799045939537
-0.307112308759873
-0.360914269453085
-0.392677905844484
-0.465071077286052
-0.47386873322697
-0.345711749187979
-0.428407103903848
-0.317449132543897
-0.290976341314529
-0.416552672234802
-0.34556191351108
-0.320208274118208
-0.433358731991359
-0.182004525844133
-0.445110689255389
-0.259687671785975
-0.36705807597166
-0.402087069408462
-0.38445845233355
-0.403655380658407
-0.371256997164465
-0.463024382864423
-0.14120267339315
-0.351265505746705
-0.356167660923079
-0.161675930331759
-0.325774538862405
-0.270123757926466
-0.359324927813907
-0.3114135644124
-0.35371231342842
-0.428875670908819
-0.334163609014269
-0.382552399819761
-0.400080792093034
-0.225228093329952
-0.325339684017426
-0.341037890788926
-0.240082403831038
-0.431011166702048
-0.384547410115147
-0.252373779534459
-0.3486250450418
-0.457249633284291
-0.424933654415905
-0.200472542623812
-0.325955416598634
-0.294661515775238
-0.213887979516853
-0.272783857275695
-0.197174454916233
-0.262391063798914
-0.316686063040742
-0.277814015676323
-0.430677404393109
-0.213289331816607
-0.371509011448654
-0.376197514542058
-0.293192943703545
-0.270768722361684
-0.184847269260336
-0.395780217114059
-0.294133461479406
-0.325798053114181
-0.171684403025017
-0.20581170245982
-0.232327925034007
-0.305832766268367
-0.278746005666965
-0.403319981232773
-0.243378960672606
-0.221833246264302
-0.303516522981714
-0.277322069224138
-0.309967685716158
-0.368219817498601
-0.27450706620862
-0.231725743338288
-0.362526033641414
-0.232922600790762
-0.34073152707131
-0.338813472917623
-0.383462858669866
-0.185233878010885
-0.204348897344454
-0.213599960568256
-0.203929603107117
-0.148847734808817
-0.25964095463562
-0.0730328732757207
-0.348483326634113
-0.214353008487409
-0.20644247988603
-0.134986889559575
-0.275014643881706
-0.314744759717483
-0.233918837750293
-0.123494193021205
-0.212623087424094
-0.276864848862732
-0.370094505846353
-0.0372315633524849
-0.0540006822445314
-0.358769171477798
-0.228297126066998
-0.226386968776313
-0.275391835357351
-0.0480511610908793
-0.161121028123831
-0.240590629699491
-0.220616683358709
-0.174737763709205
-0.233799664320334
-0.190740556254177
-0.0861749895006985
-0.164988349060977
-0.113399579925033
-0.198700801614368
-0.153414749482067
-0.199399570283448
-0.211264441588264
-0.054273547147899
-0.0793381257108822
-0.184880944056903
-0.0897914258945017
-0.0179586036487147
-0.0721692608191303
-0.0793239318668615
-0.235563509014168
-0.143716421624885
-0.0725145703199714
-0.0385939804540421
-0.0941253081886387
-0.0690341302892078
0.0727761584742959
0.0169672855195361
-0.223162382986357
-0.119133330844089
-0.0775399549037823
0.0931681570012462
-0.163649844429122
-0.0627233755034181
-0.139640085846055
-0.0540107666549348
-0.0614921045975134
-0.267877613807206
-0.127309775457976
-0.142885794225701
-0.118756787482506
-0.214088161731945
-0.0207851855556927
-0.0862533862397987
-0.0413525749393353
-0.0445958078733394
-0.0438711916269391
-0.130871954260715
-0.0949942746881919
-0.00996825681239461
-0.0256108915498841
-0.0344211235398908
-0.179941946590154
-0.111234475414935
-0.0453856172168178
-0.138564336814698
-0.143352958497654
-0.126956901751107
-0.0884936807807498
0.169884512825227
0.0939069444760151
-0.109104559175157
-0.00626478457411478
-0.0343693948398864
0.0577147010810454
0.108324715621213
-0.0116195336136926
-0.074404475566583
-0.00413598985702981
0.100368658394622
-0.0146076425209647
-0.00407875176478939
-0.0421922553316244
-0.00289679099171736
0.0239531687041062
-0.0887218904789354
-0.0887224601323592
-0.023443727522507
0.0191121817115596
0.0375036482841912
-0.146698181460648
0.109769334559444
-0.0369685442403568
0.0637036319426969
-0.00901153165231406
0.0233229594419973
-0.0755292794206967
-0.0416428764867704
0.0388097337908812
0.121222840741909
0.0312356481088825
-0.019773912421216
-0.124583838574756
0.212692279974257
-0.0100321009590086
-0.0223323498737298
0.091250795235909
0.142376084652055
-0.0283597118027525
-0.0312570623364285
-0.0771184411362402
-0.0190083658234532
0.136916118536784
0.0402276449873697
0.159032151625204
0.0425834670393261
-0.0409159050560416
0.224743176290544
0.114902244469528
-0.0366984231292736
-0.0813951975059878
-0.0388295874814263
-0.080597382859929
0.0412669866189483
0.0904619053188834
0.179002904037979
0.135121401647336
0.0441469726690549
0.0515390223242692
0.0536468644224567
0.0365799350095863
0.106899641110092
0.344034483788462
0.110652151961757
0.0660423235969128
-0.0222657335030563
0.0744528591441767
0.0834634307871908
0.126352162460497
0.159480360591288
-0.0271357625087415
0.0658631947790971
0.216008049090421
0.0838383128495767
-0.00754741580648677
0.124686347639193
0.0204553759581338
0.10828180192189
0.0954818746833976
0.0911676367267143
0.15938277688628
0.07851640288174
0.0664122239897108
0.0924290024535532
0.029398726621746
0.132122436310765
0.146694394416051
0.130191742810686
0.210155993042569
-0.0502925472667357
0.0614847639909499
0.173288474989311
0.244845419652619
0.0353415387161202
0.044708198421957
0.172522995207403
-0.0119084234157944
0.180840394920516
0.0427641164126496
0.255518910170745
0.179761157246215
0.127055586105222
0.133474326801805
0.088561298258302
0.252497324252709
0.0708556945128125
0.231197905385382
0.00882777497693644
0.245213242210393
0.232964811047087
0.127083595252
0.0732617191296737
0.352112883242222
0.24482400383642
0.239509523487628
0.177064331490589
0.0679285856627482
0.0645048547058837
0.108414776981064
0.0232891364931089
0.256916003592142
0.279313461485513
-0.052266580842931
0.247568520152214
0.295693339040004
0.245504692241256
0.248073604361822
0.182808656790121
0.158691378159646
0.183876854377062
0.286239522433348
0.0811353060877222
0.330548115035493
0.296157482393081
0.166514218989313
0.237330427296289
0.236026822432654
0.272329903587268
0.275188927788864
0.0950011485387227
0.201512065219202
0.274885022288238
0.249498735133115
0.391169274077553
0.257600040530474
0.222251800584847
0.269876999412974
0.231214003866078
0.147992942768518
0.264310243327393
0.29748543001609
0.0549964376516436
0.197184885462672
0.261614211164567
0.398912568866818
0.148705984369438
0.371074368217823
0.381984620404073
0.258061554427045
0.154806485521712
0.27650962211994
0.261543726280591
0.334421146426658
0.172902311613327
0.37846844799252
0.430180667778106
0.289561234651041
0.249158002820695
0.256780711757723
0.20685177253588
0.380488376405986
0.442058655257246
0.324183029408642
0.199931084986125
0.113554750500397
0.4535519367882
0.288593127515172
0.237497358021905
0.331532637649622
0.265404562561987
0.394618810927058
0.263499819434214
0.294440726233533
0.253059748628771
0.249000403547041
0.388069820261626
0.315479272938653
0.490318429181913
0.294164391880692
0.376062733631685
0.334408705368713
0.374546986676137
0.301363635016694
0.259456345507098
0.40277900537537
0.297672523746969
0.447274646023705
0.32062095363326
0.46346873481214
0.354764905190649
0.296055012572552
0.352754655075696
0.469867560888093
0.464537952105307
0.408128555920718
0.369291767041252
0.345900388507721
0.324019260977815
0.166121931111309
0.443505024172449
0.212429679443948
0.218054366632488
0.442893345040078
0.437441171896585
0.428854914383206
0.369794916765366
0.357251660160992
0.359971535234615
0.398363053909789
0.354621932027006
0.327758691739596
0.338144825384611
0.397639604469819
0.326398541602092
0.293971192745245
0.386494011067284
0.457355817412104
0.360058310040318
0.424669490019651
0.336704147162579
0.365121187450182
0.317916787237274
0.236161994927312
0.556764437040881
0.473601251940899
0.33978127141886
0.429805921475123
0.517237151825698
0.414601143020939
0.482484011774501
0.327370089049142
0.346268160977483
0.419073501319071
0.373004680198334
0.321501428729075
0.39457887473342
0.298866485314583
0.430860772339382
0.529658064917199
0.483069562054632
0.461723635034416
0.488568613230629
0.54259334692566
0.467987508559296
0.489757757828706
0.40407336524164
0.64676233876388
0.361535810482866
0.530605206184828
0.413582854688966
0.433657462261254
0.512459776878754
0.434435186505671
0.543077763920035
0.511254054369117
0.333147486848789
0.404855515580435
0.414293592668217
0.407812686456394
0.574771622587992
0.632476723437977
0.678104642790404
0.451014852732318
0.474740640893052
0.578899349862145
0.512261515976332
0.425680041569181
0.474778964218615
0.452262710422206
0.552386566255275
0.487789183270786
0.637268880402702
0.374441033924227
0.60855906162299
0.58125232477429
0.45740206195571
0.647681958402561
0.564897939759182
0.586431871596191
0.656194628240972
0.539874146220008
0.454899243196331
0.462422341843602
0.590782482098834
0.492532536366099
0.463188310453922
0.609262326473743
0.579191076106537
0.522691896781242
0.575587815464994
0.487464930825628
0.762713384202932
0.69830257682304
0.389287102498488
0.450417728429883
0.576428252936519
0.574287248022592
0.511216372432193
0.370016237445392
0.473748144911896
0.541673747525615
0.583730565442995
0.588581633659432
0.439873956275939
0.697320621549233
0.65062781586667
0.570135734992858
0.570443417898262
0.697893239539385
0.42995058630241
0.357990518586278
0.53574473067579
0.533468418586792
0.539662775729452
0.502750765791077
0.441909346915165
0.558682529807546
0.553742790477226
0.834438873255064
0.690809909924151
0.585459615178446
0.618062766871205
0.712504786294267
0.637571315366319
0.678706939961085
0.660362020592639
0.587752116361792
0.583532295296116
0.579697031429277
0.674235779102136
0.520701676878274
0.680096890910002
0.68304649285377
0.667236253530695
0.749301103414795
0.595533701104522
0.692115262177873
0.630674495058279
0.694151057654154
0.597273342437098
0.730348895395355
0.831372423791688
0.801656757538285
0.645750991763914
0.634867786476026
0.687899115709136
0.796212368478249
0.64751445704638
0.732965348733633
0.69201983068715
0.643767212992863
0.563733401677167
0.606355560419508
0.636566532296933
0.573175723205276
0.788855138842879
0.592751816259868
0.632159237027078
0.487776256333887
0.63176264122308
0.635723823896006
0.527674952310796
0.642025356115163
0.640394694890095
0.723363569694931
0.632732760652537
0.754277347808685
0.651600262290903
0.555332295463451
0.600645334206723
0.726240646260201
0.788829246436303
0.821258343570177
0.699219508821113
0.719520539039672
0.791565223729021
0.630229779380921
0.616172763861886
0.772398402735143
0.74439072056828
0.739644222328024
0.761037197170363
0.793591787570817
0.690575865763539
0.798935323748054
0.813105292035682
0.663860912012331
0.654268233255401
0.654455882390159
0.692461732457205
0.84416680758281
0.848216280817899
0.57504999265157
0.710220792663262
0.865608536017143
0.787467291974145
0.827040883481397
0.646471659180543
0.87359410963249
0.778099692507318
0.815349204949347
0.771669986030048
0.807927094997408
0.907607049238856
0.657834768963854
0.847675594239316
0.808915643025444
0.781980670555179
0.71966586134757
0.771681051339953
0.877403282802826
0.788054660730697
0.793031744332343
0.789039507757628
0.774135642240611
0.760887054722768
0.768992089960695
0.835863060271239
0.705013277855008
0.605639348406156
0.967992364021333
0.700899011833179
0.88798903659327
0.86717847360555
0.857905867816465
0.704706647350419
0.845155383706855
0.870590246653503
0.735890728257663
0.821317357986829
0.840490591925571
0.902075181845737
1.00806686097049
0.854260067770786
0.642683469014757
0.770578954105872
0.796826589999987
0.908636522091086
0.782514762881992
0.831772861400828
0.846072805729327
0.841894352411188
0.696987074874308
0.881594550506015
0.833733206458904
0.965373938999007
0.896214777268099
0.73762205622892
0.949673161968261
0.837223860134026
0.819408309656207
0.727765201243345
0.817536555753019
0.773278132874181
0.859457026029499
0.946317820247507
0.855680252514438
1.05931309386479
0.864375894019472
0.88813417740807
0.669503988651095
0.950516651962718
0.952562734838975
0.958775183732591
0.832105009920612
0.934158892754028
0.873727804839324
0.808733877204946
0.842432659920857
1.02756845979158
0.942271072693322
0.862764639798405
0.906168756424575
0.884929662314321
0.909307852416526
0.931738616115704
0.927162602218103
1.03063023334159
1.00884583990279
0.903014824920913
0.806828212107468
0.845765690898149
0.900171008910341
1.03598851902954
0.924396588200599
1.01049919478234
1.02820860917814
1.01167204552838
0.892836453240552
0.81718613461539
0.893016717218528
1.01157598902187
0.855020462090919
0.921288964196156
0.952884070608427
0.915066904001791
0.854522157747466
1.07068367006971
0.91474501297304
0.759529279493529
0.885812927522299
0.881882958594255
1.00093552852617
1.03255507857592
1.06233601093647
0.929189785704477
1.04863244538118
1.08474325156158
0.954436049543778
1.06326884401731
0.961324581375744
1.0815162015614
0.993279072914567
1.01440456667191
1.01101595781751
0.926375227050192
0.950484120648802
1.12481193616708
