"x"
-1.11749058339397
-1.02589967214599
-1.04069267551145
-1.0169855370901
-0.928153683045773
-1.00585050543354
-0.900335041649901
-0.95216096369126
-1.0778669449344
-1.0848424885131
-1.03801051968552
-0.978008651219896
-0.911385720919253
-1.06218126930859
-0.894946372952521
-0.984140511378422
-0.901497088809684
-1.00543558690696
-1.00246962794529
-0.899366640664049
-1.09288309249134
-0.983310011275783
-0.892045807889411
-0.8500948756074
-1.04667507389497
-0.920375092469934
-0.892294517469771
-1.01877958717954
-0.951230731554335
-0.927145513438232
-1.06414065144836
-0.867443216472185
-0.903929802239676
-0.811936571931125
-0.856219756769444
-0.899949818227121
-0.794715435552576
-0.918920560112596
-0.886589780308424
-0.97337829761352
-0.893855702329454
-1.05982285645516
-1.08510029230194
-0.95543983420103
-0.835589469206402
-0.934563806158361
-1.01369700998086
-0.848759326163374
-0.777310641595871
-0.905410400860373
-0.883476551440711
-0.883380365707366
-0.850503473040424
-0.854168981926345
-0.86184619953188
-0.834579142899427
-0.91864051494288
-0.829798509201043
-0.956773919002731
-0.935990486602128
-0.843619131031338
-0.871934624265498
-0.914628240645289
-0.859226768306775
-0.886318950812809
-0.931177919200107
-0.904601490456556
-0.811647407801801
-0.908426579132638
-1.05561435664032
-0.949365432057134
-0.897099399614319
-0.968832037528718
-0.799923477555858
-0.85917655657136
-0.873298043021519
-0.89488128233444
-0.916043649252163
-0.884305470434982
-0.67213073399621
-0.890531440541242
-0.829413620939656
-0.81941653585745
-0.856152122965178
-0.913692132126246
-0.838141975368641
-0.78394100967607
-0.889188933542812
-0.811030789122934
-0.917997661103307
-0.791298606571279
-0.737387029435567
-0.853425296729041
-0.836195785586488
-0.766024602523952
-0.871347506700538
-0.837371176565017
-0.724734819255577
-0.791520022390695
-0.706129982702531
-0.844359105982943
-0.763263703124902
-0.752797626325838
-0.681167585151488
-0.727635250859377
-0.889095153850901
-0.622529976960516
-0.7093768512685
-0.765914366654082
-0.790298508808126
-0.829768707395023
-0.864756624565501
-0.779415767979226
-0.813253749671511
-0.839931339320644
-0.822789787793269
-0.897463887271855
-0.58986555802197
-0.783876760190382
-0.751095777016261
-0.764373207926367
-0.884624541458015
-0.804579503226326
-0.585529930663565
-0.474237812419929
-0.671553975765026
-0.711357646475719
-0.760232109199059
-0.750178691575588
-0.827443526088005
-0.754801732204144
-0.715653290773327
-0.742143978189361
-0.72200065010352
-0.659608449423329
-0.819059139496748
-0.78875360227537
-0.823419188289211
-0.561102045280317
-0.686276778106763
-0.660337732683266
-0.710224600827815
-0.708099663578286
-0.679980664447062
-0.635768104064833
-0.756476270194319
-0.805264461306722
-0.765060048311489
-0.662387866795822
-0.577526091780503
-0.554435476045955
-0.667739216685856
-0.66959552563029
-0.612796673014399
-0.728448741254514
-0.671316332623748
-0.831736733032558
-0.769104588554175
-0.556824445798056
-0.660754561951599
-0.701293590984752
-0.660735449818636
-0.79086132875054
-0.803817892947405
-0.678686086511906
-0.818651359538566
-0.62187175519431
-0.545151653988221
-0.68173306326967
-0.526902500916581
-0.645241465619582
-0.608230849602745
-0.651156597583082
-0.613200590193796
-0.656239324023698
-0.676604584538846
-0.530790513881435
-0.591720572729273
-0.531444592088641
-0.744255330755318
-0.683336284281167
-0.680449168624651
-0.654679028042564
-0.609074631377577
-0.57268525893567
-0.605208115467868
-0.624292766806051
-0.678682066789321
-0.559101720402071
-0.687478781924529
-0.596437541507547
-0.597043374606638
-0.614697336642274
-0.466389103856956
-0.594803178414455
-0.646236552141662
-0.591723935567173
-0.641427819212983
-0.688679977241176
-0.535472786246431
-0.562239538936524
-0.600642323637191
-0.662043466008122
-0.60708085825555
-0.499215988824086
-0.642241560910376
-0.5438308045412
-0.572008326807233
-0.441771015282327
-0.559818552771465
-0.603638219227168
-0.52404711907242
-0.441919030412985
-0.505499435195887
-0.547092649059332
-0.507521451378997
-0.367734510439548
-0.541761470686627
-0.550369837571233
-0.481390297245409
-0.589491183963092
-0.557903711092877
-0.708934901110321
-0.548063957341435
-0.58205723340861
-0.431282386541789
-0.477494648916314
-0.681386763773325
-0.444209936377919
-0.542295410248825
-0.531810632951157
-0.609978665582984
-0.455327908030933
-0.557251912993452
-0.546907531032573
-0.531008878712927
-0.376486472550533
-0.448751310946799
-0.510953928557181
-0.532490387392461
-0.510789936496782
-0.552739833369752
-0.66735091604455
-0.549312891048901
-0.429914642778004
-0.699217010568492
-0.313937960298158
-0.60856669180732
-0.490689583604352
-0.54217751833261
-0.396715065747024
-0.645544241516039
-0.325101987327521
-0.721170634284148
-0.609795360246018
-0.461282211467355
-0.495176088272835
-0.513602570056168
-0.462883497389633
-0.481158715211
-0.39464305036889
-0.490098097855203
-0.477199186439709
-0.285352037479063
-0.510258491521109
-0.628908758086709
-0.430562691662626
-0.405032851633201
-0.500534086571116
-0.461191802636991
-0.32369704063101
-0.377202443073556
-0.541861242734035
-0.584541123562797
-0.355772644819083
-0.386232022298948
-0.389397025230889
-0.422208584570818
-0.597682024653752
-0.510893807957835
-0.567104666336033
-0.296605599033318
-0.551949036873155
-0.370421933590921
-0.350652634014308
-0.309966762443295
-0.307654452997451
-0.632946734147563
-0.371613716400161
-0.529689645677217
-0.676018531558892
-0.32549819328873
-0.555348547180357
-0.437825136310968
-0.443150451450172
-0.413641289769042
-0.394889393084528
-0.445749521295751
-0.404675343509566
-0.297931163503407
-0.321004397556022
-0.536706315040857
-0.444029752849317
-0.477095630283502
-0.479476911224593
-0.397632702429904
-0.349362793825125
-0.316166488772937
-0.435019373684419
-0.313705241417424
-0.444823387952996
-0.400401298464703
-0.366310447577762
-0.416739680105893
-0.309661123645187
-0.47303348460859
-0.218987977503292
-0.246486032283683
-0.312509561401269
-0.486243576627039
-0.324437436042069
-0.444271838133546
-0.417927298633522
-0.383528268897891
-0.46621202947003
-0.313263251980679
-0.207485615369398
-0.309917900487344
-0.398256135378087
-0.312942918623059
-0.363937375502916
-0.358775169461933
-0.318230975567595
-0.128265680246833
-0.423285787247279
-0.288307637174079
-0.333462244822478
-0.418412086134793
-0.527564611813129
-0.326691027389792
-0.445046088586694
-0.174227963556971
-0.311807463053109
-0.34520261279738
-0.203418427120805
-0.140980576091153
-0.346268954617041
-0.152009701353498
-0.403064617412267
-0.281831367961875
-0.290744896186509
-0.411879455172623
-0.0897292520302547
-0.202688172037766
-0.337044153379712
-0.317545192025595
-0.318429317479645
-0.377206687855633
-0.315482488930125
-0.309029002501949
-0.27061514893564
-0.424154691830413
0.00282914098523958
-0.423388444841581
-0.205235962428037
-0.327366022789936
-0.312912466403199
-0.122284869862917
-0.354056920632101
-0.306053843432528
-0.297056847888837
-0.122516995331994
-0.225357464566585
-0.139282901344769
-0.198712527557332
-0.180771007305791
-0.196905588948567
-0.251902344509545
-0.253895272169465
-0.445171754833024
-0.228028006177449
-0.276097131248735
-0.206010469733815
-0.0614738625159705
-0.328831314209382
-0.194932011798049
-0.33554631107383
-0.253194034958174
-0.284288500256424
-0.311861685053007
-0.249957092082672
-0.0750830839453153
-0.0843011877751351
-0.177687078707995
-0.253091828241221
-0.188746750357291
-0.262469688059715
-0.341051406953841
-0.188963443660155
-0.287646671251265
-0.179521530248623
-0.291985290734302
-0.131556042030958
-0.357852034506826
-0.181241696202162
-0.20582953841555
-0.26463890767019
-0.138809015449289
-0.206569286178496
-0.128884482747188
-0.16480505492939
-0.0773264691934062
-0.0143552103051236
-0.192306050543926
-0.134122554281352
-0.0329311156867145
-0.239330941910802
-0.212294771131398
-0.180439197349507
-0.184526461699509
-0.0473103012467921
-0.241691742258111
-0.152062427453033
-0.0723014227804198
-0.244391456035934
-0.213310023267439
-0.0678733896216147
-0.0562631205496302
-0.130210655396379
-0.153334029859734
-0.136810746908571
-0.164432318572304
-0.282359529698625
-0.0949642663603396
-0.0951114569675684
-0.18163785075176
-0.212260226210355
0.036508221147557
-0.193842088560991
-0.173066321223981
-0.104425428212835
-0.0837233155945654
-0.0275096459629801
-0.0244028259420299
-0.131413476873659
-0.161828959589814
0.16406184800668
-0.0057291799225037
-0.0539242198136693
-0.284026307481651
-0.19696658847979
-0.233533414404691
-0.13651412315739
-0.146679029815591
-0.0879659374328352
-0.153301192482922
-0.0430928602955983
-0.100138758017227
-0.139706161716336
-0.115771602932931
-0.0583029207674563
-0.0203889214680061
-0.138480364553871
-0.147360946231295
-0.127777528778885
-0.0441387955326736
-0.0311802783628059
-0.0924690608439554
-0.0116418965375067
-0.10780226696548
-0.0370685523947926
-0.0555175439776386
-0.149215972825958
0.0426964872763788
-0.0667167110364245
-0.111678790209866
-0.0505367575106856
-0.0355448634001097
0.0423557368552563
-0.128045752692502
0.0859938952491083
0.138468577576368
-0.0942880894478726
0.100289197535746
-0.0641867067178827
-0.00693575419835329
-0.0664826529777376
-0.0130152842276923
-0.0494140757786585
-0.124749871296524
0.00311396795157845
-0.0575090340997949
-0.0465470182891706
-0.015699909987442
0.0959605152537158
0.0775888781492176
-0.000899324636409113
-0.0795017818174449
-0.0189113785725518
-0.0985588392971056
0.0186324777621831
0.121034343563609
-0.01496354736576
-0.00256290295648829
-0.106924092332495
0.212954758663454
-0.123581237465551
-0.190463297345887
0.0934378204431515
-0.0129483290382736
0.0448249574623805
0.0972422492919414
0.0549946092387242
-0.00540289095058739
0.0261485181908685
0.0543168426367106
0.0896141380664929
0.120200267535748
0.0905041098653625
0.0439494795947692
0.0869676946322818
0.0912334846834939
-0.130666456821133
0.187304453258656
0.0503965279126911
0.0346746278046904
0.134031463720798
0.0953646774629331
0.0491401379216348
0.0129295660284438
0.125222788014196
0.107759071564031
0.10640313258891
0.0868110601172343
0.21323630355467
0.030853878314186
0.058232117370185
0.0383881590229487
0.132274469846214
0.163214654152984
0.106710088480845
0.231022344825381
0.119355006994141
0.0150892178360982
0.0722144106801124
0.155812038336771
0.0863616315244892
0.0419648499891341
0.0275781188682895
0.0610782635943949
0.119709676608667
-0.0158795894617188
0.0980576425899762
-0.0133902781030947
0.181063270884017
-0.056352833869416
0.14557288777628
0.163571604435559
0.125516160309956
0.264537369572115
0.2747859144298
0.237193063555981
0.149612912110965
0.143037166444326
0.0386475934936948
0.206609950263314
0.0690727676048542
0.0380042283531308
0.19453702367238
0.0290160135114228
0.16828019712488
0.153443565221529
0.0506628614343321
0.119229300744976
0.192463490667727
0.0818643548143627
0.264141447976821
0.261950641399821
0.117450748955639
0.102146518804685
0.0869076884812108
0.10960002295814
0.21046797076611
0.175269486527838
0.155100602980833
0.258991345164742
0.0771340453314719
0.339299704369583
0.227184549399893
0.155663741373045
0.180869920438658
0.112494905244559
0.198831140045392
0.275312060781638
0.0654213711100352
0.264564537865821
0.186591821061075
0.0407707469117451
0.171786725518756
0.109453899484606
0.231755190269657
0.150923001418871
0.293163177071644
0.272084131049082
0.138664978572804
0.41305234966325
0.278815558424858
0.0773570791375667
0.171519574921647
0.108767530618957
0.237120780869801
0.269485086104828
0.25085306677889
0.280891436985209
0.311216735216148
0.25377083584693
0.268341343504341
0.320275217267718
0.268637036720426
0.153228960079323
0.183819040682438
0.246552298884358
0.207517083061045
0.309179337383636
0.287462723740021
0.329439101293089
0.274823938960345
0.270550890314896
0.24128180754133
0.325319590738573
0.292447929199017
0.335028698088154
0.283966949316113
0.316426048289429
0.305489997324519
0.244662802161367
0.321988126480406
0.342307882083102
0.25541588826211
0.21379566368541
0.262203272599646
0.33403377923907
0.379926492771288
0.440823526830561
0.284255445853952
0.275845496154394
0.282429705658027
0.369082644753758
0.324333412761568
0.171838192104107
0.346137153665771
0.172946214505178
0.286379439259256
0.262016768171641
0.246975294573988
0.38364997025832
0.385694671078621
0.45307309425712
0.20321128746852
0.343449916821099
0.280961857349012
0.295925310964447
0.24439910182163
0.243133452698728
0.238862971249244
0.399194956899688
0.407230221065398
0.210429860914803
0.326561607407952
0.219084605023693
0.242469702280334
0.199711486221107
0.285030963358565
0.417066558565315
0.385000577838162
0.346824636445716
0.315218321110511
0.259392731026178
0.471014336038427
0.431418253254618
0.56084493466988
0.518171248133586
0.310762874878242
0.389635036504513
0.459042731472104
0.360008980162089
0.444359569244179
0.508346350776233
0.300195385225893
0.34562363943197
0.446171196650486
0.360500853892213
0.338815400277853
0.519193693306064
0.396755318477029
0.288658011139392
0.242946226603729
0.448345352224573
0.300285730746629
0.296937600309995
0.368841291359763
0.311516556343032
0.424329128137368
0.452844711597437
0.334750022314072
0.420117815898232
0.250306680591802
0.402496062404218
0.349965120240688
0.537511695806729
0.456390428976527
0.500642425063959
0.397176620882313
0.383143192151867
0.271517367670499
0.433572078332014
0.547101673909099
0.401383980719333
0.345855472353883
0.463925068561079
0.453068290393818
0.456117420333668
0.378417587824034
0.479029742891919
0.515240101241416
0.475522838000879
0.29150117730154
0.430983080088368
0.422506760656295
0.580316245057047
0.535424393487743
0.402724088273881
0.40176410838754
0.473872068952973
0.44481380159918
0.492755403220635
0.374227595800262
0.453119894833847
0.460789273287768
0.595914554911564
0.506443322602551
0.589730182559454
0.398552644425051
0.554481649500965
0.522264734056583
0.532613292967514
0.496962331687842
0.608437751051704
0.554903476537325
0.505318966327668
0.356981269223517
0.357571032600492
0.477981468330231
0.40387345768525
0.578917937651268
0.422114747477434
0.59834037842005
0.538062668875614
0.497665779975971
0.684590252045311
0.637944855597272
0.63721302349676
0.490514332817246
0.507258034091018
0.424647613157861
0.558985880135319
0.520980439132866
0.496183023452335
0.636798349847327
0.584483858539275
0.534020942652506
0.501061819970823
0.66053087456327
0.598829414072738
0.523823146911379
0.50696752988305
0.645992601266835
0.602268129528547
0.62361938378719
0.35894367726511
0.508040433380397
0.681198007620608
0.536776984095095
0.655246959158805
0.596092307771971
0.628549674192545
0.614788014265633
0.692437593513125
0.616393829405432
0.627906993783379
0.688357710153545
0.513631997530187
0.546308738570225
0.565983171359454
0.501324900252824
0.534631076471506
0.53920273749482
0.616092766465877
0.629375682955499
0.512198859561161
0.606197854461297
0.477524232297801
0.685959293914806
0.630588361292528
0.526356858168358
0.589912934367825
0.493208439886606
0.514654919148946
0.638663295930667
0.635896850548835
0.566782299916033
0.65972122381982
0.545916727304762
0.709818597008915
0.780422173594816
0.421830171064455
0.512930346051424
0.529650890837827
0.638660722335191
0.633839015340226
0.565060195971137
0.597619888391011
0.626745942078233
0.641602386807553
0.687127772355578
0.727369718394434
0.602318660186281
0.760145128156038
0.484242114436826
0.616667985413753
0.726005510059635
0.716230075803175
0.627143917506996
0.540392449262275
0.741973811628013
0.810746102054835
0.607389712494585
0.814221157233945
0.774746463077353
0.618056218268238
0.68154603343943
0.849003148521994
0.752482381820085
0.608817182925646
0.648458167010303
0.675859799695519
0.676174177347854
0.645383696433399
0.600220325107968
0.726294720977407
0.52875324544989
0.787852621159014
0.823962775240001
0.682615197509063
0.59977078992906
0.665673396553548
0.71366285865163
0.651893815881558
0.638197302864648
0.626206035856687
0.679277661616809
0.611922230841284
0.777896383756269
0.721246127733751
0.653472001579565
0.719465046239362
0.600380021505087
0.585536579801826
0.721324336707695
0.822158965525267
0.773864115105628
0.771515092308463
0.645837600001916
0.777326927697195
0.512131288555141
0.86162500930367
0.744010490762637
0.787352574401385
0.639854182916833
0.630140500175616
0.615169055738152
0.85693220693754
0.65384410718948
0.865937076746464
0.78084034131797
0.716487168671563
0.787703958434628
0.662919337627724
0.750579030742585
0.787382516411615
0.737194348324398
0.699735269903294
0.781283807620358
0.759203621040631
0.735391467129676
0.806988461096775
0.814154356695347
0.805280149256513
0.908664573921839
0.818665963706282
0.851014422603468
0.849515030126546
0.827999111966532
0.783301983248519
0.755243559688208
0.631648866523718
0.901742742966029
0.856142233072166
0.898214392423315
1.0596932781932
0.897385357671213
0.846951448555538
0.782860222210736
0.810452690803218
0.931309205764547
0.772350807715612
0.800258884754371
0.8714393200129
0.981200380662775
0.851600971036884
0.816862308337385
0.75390816222362
0.843614495044628
0.89748957170353
0.858794812254703
0.896667423708045
0.719870281916983
0.729879189487376
0.870514313308972
0.872879672817719
0.968124028012913
0.814394998144593
0.938774892960866
0.865613977835474
0.916554436001065
0.833808360576904
0.994659429581496
0.834773737792556
1.05162313727244
0.779831568640679
0.812074361105561
1.0374875129518
0.845689328763535
0.988701939731915
0.904660565023441
0.842840561525231
0.778143213382766
0.967381412102634
1.06614599226152
0.784070871375451
0.936140874918215
0.879711051346059
0.838763609332592
0.981019050418178
0.983666860243973
0.915331200610931
0.862007053706497
0.911206035799137
1.02043859941206
0.877932068132365
0.820068430187503
0.910500998164236
0.93824740530159
0.848516582586166
0.950967869740034
1.01415207828424
0.937505930240503
1.01916890481625
0.876728801900273
0.839957802573583
0.835602280343972
1.02975005795713
0.990605068365282
0.80954796134246
0.929038864420686
0.934489833599021
0.89493101321663
0.913053195888647
0.941652451477379
0.904514345918199
1.08386680414673
1.07839308006284
0.881814281702674
1.00337415022443
1.02155705361861
0.93003436152356
1.0931755115994
1.00507542147059
1.07295280238737
0.966178264518462
1.0649917529198
1.04511018408014
0.904399591091037
0.958807219535252
1.03997587422192
1.02063301858258
0.938518748915854
1.05896571060237
0.946081498357027
0.917295221860477
