"x"
-1.09212387226957
-1.01146020721242
-1.03775959312329
-1.02837342685936
-0.919990937883078
-1.02453572241103
-0.891675027958138
-0.9647800775232
-1.09488950903332
-1.07419262039471
-1.01266851695155
-0.967527580122063
-0.906559358451983
-1.03906089002887
-0.90010393671056
-0.977656312003997
-0.897610756935118
-1.01535188848335
-1.02705132553164
-0.909353396026974
-1.0826098608593
-0.987811609825674
-0.905990582761795
-0.843423497253052
-1.02028956753465
-0.907676737626468
-0.896265256414089
-0.997575052466089
-0.956135667234681
-0.927054182111819
-1.04234915395996
-0.865069956412294
-0.904854248840662
-0.81258145412206
-0.852874923869113
-0.911458315186463
-0.78818081624888
-0.908653230546979
-0.885297385532722
-0.962278654116331
-0.893168268640781
-1.07044467282976
-1.08873508107726
-0.963855952736467
-0.849476424192851
-0.946822512296637
-1.0104327197618
-0.858179902673286
-0.797942978369875
-0.894936979734231
-0.868640773501337
-0.879139632235761
-0.827502117927667
-0.857609971640447
-0.854358790208912
-0.833407475673374
-0.910541021366831
-0.825750323310006
-0.983433781008534
-0.965065974169255
-0.848848923270596
-0.885109510479956
-0.902834518324785
-0.826959996293469
-0.878878400581348
-0.956366196705914
-0.91070573465668
-0.821457104115103
-0.896099963718694
-1.04142998204118
-0.940037696747034
-0.883904803967846
-0.970471798727514
-0.796926718557557
-0.835743055718291
-0.877429314132328
-0.867430517809124
-0.884962824932931
-0.871926315242159
-0.657542036386076
-0.888270225707696
-0.830622654488096
-0.817580295267266
-0.85735386594199
-0.90079479132535
-0.844280782229617
-0.782156282863408
-0.873414489009223
-0.793070923574394
-0.912396336050605
-0.789325072675723
-0.731003954542629
-0.864577876337066
-0.839132125090225
-0.7737365089497
-0.865611244579355
-0.830389307754588
-0.72869968184841
-0.764934265710944
-0.705142941943062
-0.845546198824576
-0.742266669349004
-0.738474378483923
-0.696555059742053
-0.722181153906884
-0.900367914397346
-0.615007184877413
-0.716851912172091
-0.741385802086183
-0.786584872678142
-0.834621430108104
-0.872999399487844
-0.795343449137915
-0.810632475421398
-0.867607333845155
-0.830270238147149
-0.905405280245088
-0.586387079075234
-0.778562846596766
-0.7369351381407
-0.762806914327106
-0.866125790470461
-0.809775225042106
-0.588672849416383
-0.488369664574513
-0.666903474099641
-0.697013371542864
-0.772418486713478
-0.741565293754142
-0.825388957655373
-0.758072449117655
-0.737734586511577
-0.741804692856932
-0.71501114320061
-0.646593939036284
-0.807264883215902
-0.809138465469087
-0.827534745477807
-0.570459241928099
-0.687542615877575
-0.661072615393941
-0.738194397479422
-0.702636607410724
-0.674764557877204
-0.633855972658404
-0.760325377538958
-0.794303355118183
-0.77469994795237
-0.667809901009612
-0.593815259956658
-0.558338523085455
-0.636646297278683
-0.670152313590518
-0.593135012371804
-0.736338448053984
-0.691156346138095
-0.858971793195742
-0.771851204575632
-0.580082408075859
-0.676188535827957
-0.703518268168087
-0.688294384808118
-0.807006834182682
-0.781527223827716
-0.691918130729183
-0.829825470304589
-0.626276868411626
-0.559334693610959
-0.674769457167332
-0.549080425308191
-0.657593096773397
-0.644273211161108
-0.651163293393731
-0.600080206028341
-0.641189868681597
-0.651854993970869
-0.556742107967872
-0.594212272854451
-0.529918467054714
-0.733917160548174
-0.689314537866463
-0.69925086901421
-0.653205698408689
-0.625767522127628
-0.57976896885293
-0.603104354854744
-0.661040271278542
-0.680356312240682
-0.560796989654287
-0.700712430675817
-0.597373592103411
-0.589479862445953
-0.605719679652087
-0.464195213138638
-0.583472063114071
-0.634238649969121
-0.612444355384693
-0.622059192828962
-0.670527503139442
-0.539063751580072
-0.565984318910695
-0.596928694668543
-0.659329237267479
-0.608141324178995
-0.499580296527386
-0.634610684303797
-0.55571939337027
-0.579606864160325
-0.442432280398479
-0.563191548070811
-0.626524721613607
-0.521225248638781
-0.4514436774767
-0.52078860221303
-0.564319775389768
-0.496304733276466
-0.367894277218354
-0.55049199881106
-0.559630403186534
-0.491261967678287
-0.588422157613313
-0.533064216770152
-0.704882616814505
-0.528625272271296
-0.56772036329571
-0.434379613691742
-0.494410568056822
-0.664136028887732
-0.442185439767877
-0.542154263992705
-0.538966194203663
-0.603449462397595
-0.458194400885059
-0.589299429858645
-0.551937104092315
-0.519303586815479
-0.36489118410193
-0.433831826090998
-0.526297716283054
-0.512532144285212
-0.482868146519922
-0.545856727311554
-0.674621546425222
-0.56823449879403
-0.445595851596806
-0.677759894372481
-0.324589095471074
-0.592218179946896
-0.500705355330361
-0.548293505592787
-0.417716981086099
-0.646294555606454
-0.332637371173354
-0.707686188838794
-0.606717336566544
-0.46013599553794
-0.477577837436158
-0.512469518188327
-0.483240887121739
-0.496816866801301
-0.407530475435693
-0.497609115030292
-0.469409857949564
-0.27632308108942
-0.510770032461122
-0.63363782107721
-0.440106926878849
-0.398701579239333
-0.479271482380485
-0.495478033848352
-0.315049762628193
-0.39061387516793
-0.560926771490773
-0.577714673401762
-0.351401130384732
-0.356920319424755
-0.363808256353372
-0.433743860390786
-0.593191400832525
-0.499047661689685
-0.538671738495698
-0.320194426115808
-0.562550976864154
-0.395179522083449
-0.369581062322385
-0.30814528392415
-0.335737687332667
-0.629779192238446
-0.360643830056385
-0.531926943585213
-0.651797912046585
-0.315608883167255
-0.545889794320868
-0.436320895200674
-0.42706668631466
-0.411675456235162
-0.400306581774331
-0.441282752187607
-0.420383168467271
-0.290665811361552
-0.343008858975888
-0.528676866426718
-0.436766965213661
-0.505096253409234
-0.48481720836096
-0.392162028165985
-0.345181486326832
-0.30873413309069
-0.429743228669228
-0.307552304530937
-0.44357980404003
-0.396936381071352
-0.371444489953438
-0.415681292136219
-0.306760190416639
-0.446168132769596
-0.211050016855202
-0.247588536142723
-0.304434938372738
-0.470714232997072
-0.331901018671737
-0.45783052914623
-0.428916829107546
-0.339690206508003
-0.46814845194305
-0.327344619677031
-0.240346177574627
-0.299503065250179
-0.407720217017764
-0.32684980044483
-0.347597885247926
-0.327080024358715
-0.318352516649519
-0.132597100271379
-0.430321176482157
-0.285092682905303
-0.313434526232881
-0.419153345274575
-0.537387540658697
-0.324908511617401
-0.415865530806215
-0.19000269674041
-0.30428320153312
-0.340499942561413
-0.196748232501929
-0.15184843460793
-0.335457030886148
-0.143116075306256
-0.387233337768188
-0.306800741631265
-0.295358790387865
-0.399718305642281
-0.0813321864728345
-0.203267301780219
-0.347892369001721
-0.328209036165106
-0.32415309411671
-0.362515027985581
-0.330718787528843
-0.331196353412961
-0.277268041173426
-0.410768887287041
0.0197376037447974
-0.423648966275394
-0.193906807068862
-0.30890279921753
-0.283954673039876
-0.0860102857320518
-0.351127611254004
-0.307258234208159
-0.281187934687122
-0.112425020780667
-0.184570386055999
-0.124028633072754
-0.196431678295215
-0.185581666797934
-0.197199194241146
-0.253177165259616
-0.261548134398207
-0.460598848264613
-0.235601012703235
-0.297081630772003
-0.201676480626904
-0.0648145460814849
-0.327829325851587
-0.189678316416646
-0.321214550601598
-0.265780343981567
-0.286613522544475
-0.302298937792068
-0.251124283709978
-0.0786877563670927
-0.0972932858288162
-0.183294940982898
-0.264963331199757
-0.170467922373023
-0.238769752089121
-0.329442602967644
-0.200618794214224
-0.28007968270145
-0.177484695828299
-0.286099518327483
-0.14294310804544
-0.34427554568514
-0.185737316274435
-0.216614406569473
-0.272528953930155
-0.16890476053498
-0.20526262169283
-0.147150618974471
-0.148763440644269
-0.0817492236013762
-0.0307294755155891
-0.16583133590354
-0.120595513795238
-0.0116548079896991
-0.227622534757365
-0.227564910060622
-0.177041230965646
-0.180717343719162
-0.0624899443864276
-0.233662710267645
-0.134034877062527
-0.0682840313382305
-0.232525289088282
-0.202580597238679
-0.0773618511565685
-0.069401946681089
-0.158935448071502
-0.143965515216501
-0.143040877105022
-0.168902554579607
-0.280437298395638
-0.0947388728365993
-0.0751461279005134
-0.163742578266213
-0.215944164994829
0.0266726537145929
-0.201558944619777
-0.158524651146271
-0.112742196630405
-0.0879142370698008
-0.0381448737927823
-0.0287747018005493
-0.173901385058422
-0.167892820131005
0.174750943160536
0.0152080764928451
-0.0583457032828614
-0.27358675974783
-0.188788782296021
-0.235226815738847
-0.136090242220985
-0.173010136744173
-0.0863190597680604
-0.14507483721646
-0.0536772676534003
-0.104504575326709
-0.124364196930793
-0.107624448432092
-0.0467508968998413
-0.0163416202509448
-0.112796158673943
-0.146610177860492
-0.134374674026226
-0.00876525240477384
-0.0139253605669689
-0.0782937119104436
0.014672516469257
-0.0792278315980985
-0.00923039980884001
-0.0610663483093343
-0.14271192530602
0.0414080154151538
-0.0743859835755522
-0.118453217155166
-0.0254283121972551
-0.0481075470437823
0.0548971136428719
-0.124895786165444
0.056296248883382
0.129633752193107
-0.111147844989717
0.103308354724502
-0.0394862376282435
-0.000594334579181228
-0.0840111158495447
0.0213292071303572
-0.05077293125369
-0.144200519112994
-0.0223879736334423
-0.0592219276083884
-0.0462481472826233
-0.0200525019111777
0.100224619288619
0.068354931001772
0.00219061040603462
-0.0631738559440443
-0.0248856489763854
-0.111774389841219
0.0173977706759295
0.101425492020304
0.000761836265335508
-0.0113741423935272
-0.122090277517643
0.196003774202495
-0.100198094843915
-0.200212367053676
0.0998942906281293
0.00967416306236716
0.0318225189636928
0.0875440476442294
0.0542129268087326
-0.0126179772044779
0.0396541611779132
0.0687228974781416
0.104957030875332
0.110763201688505
0.087381333605088
0.0332450634017091
0.0874799500041606
0.0752759006049745
-0.123898326855767
0.187268858025202
0.0418002084266497
0.0135550093374761
0.14409830567566
0.108621126116954
0.0484330773138334
-0.00798951222335224
0.125866608323176
0.109758163792466
0.104246913612247
0.0943123078565637
0.171315684669341
0.0177007396431011
0.0417944205559194
0.0211006600988365
0.131903016895827
0.165770843332183
0.0955139226992857
0.237762074006103
0.138024080366247
0.0246515041883807
0.0768025045211687
0.141678755088326
0.0809188746363132
0.0448540934571083
0.00397983614436996
0.0462972931708853
0.117494193195634
-0.0131224600313998
0.0826133686741302
-0.0156911649316001
0.174860761372589
-0.0348719322101831
0.16311684819941
0.171799814363159
0.10663278447117
0.269804360091325
0.286005793144344
0.217795884119831
0.147408178284907
0.142365845239804
0.0605865700495693
0.19788204739867
0.0551245350537255
0.0629572396739019
0.164211596950687
0.0296486823443396
0.191836921056654
0.141620644981809
0.0518769647963957
0.114308824984997
0.186769380654039
0.0829379004809596
0.250132369312997
0.257126958117854
0.108525639713143
0.120866269140407
0.0970199766221221
0.0962275145507446
0.235739985871266
0.190337338143967
0.146008247169687
0.245047011800751
0.0617873941003731
0.353643333265491
0.234005345354781
0.141991389543511
0.198331805477383
0.121485727867835
0.203789294098392
0.279602438846811
0.0488489017463064
0.22737128653699
0.191507160772539
0.0365992254755269
0.164881818650876
0.121214468161935
0.243668468364978
0.148329616418794
0.284121557362223
0.259031144856496
0.144550826311654
0.399306545451589
0.281621539194395
0.0766998685471151
0.167616644296961
0.115572678205971
0.240427472853239
0.284065315705384
0.243433347478711
0.30902430115356
0.331496226112189
0.259358868505567
0.272647234432766
0.306787617537475
0.27565491495668
0.140533739082153
0.174196249933863
0.24027442115073
0.201092290689308
0.302135425174433
0.265588083603065
0.327382917993681
0.260491890779012
0.277878495036155
0.25621295815397
0.326187594984546
0.302828331933976
0.323843442455862
0.280183858523139
0.307417853516871
0.303927328159012
0.247581870057948
0.310165108919498
0.337133322328546
0.251229298932022
0.213160131949011
0.292685497825361
0.313430787772473
0.395994076547209
0.451247402789755
0.26641357359739
0.251623865773925
0.298525769079686
0.370619710878015
0.312757548764776
0.134353585900395
0.336387653051295
0.187704824175567
0.276882955192468
0.271325118061785
0.247751624071624
0.370488125431037
0.371089464075029
0.450489623833672
0.222240448033323
0.314234127986866
0.276040358256121
0.301069702717124
0.279458453588267
0.269189122484227
0.24426410028938
0.400677878438255
0.40012035061323
0.198172779944516
0.33750154496969
0.238655013311459
0.237613656034972
0.209990872477074
0.281040567261227
0.411820938855492
0.37859443971261
0.343853501805812
0.312189966171565
0.251677714285567
0.466442962869018
0.423246310959486
0.556292531272814
0.509505282369836
0.30872612017648
0.374273679552716
0.457389526676567
0.361781948217924
0.425906141103822
0.534768570349033
0.29611171045142
0.345432545565458
0.443325370577883
0.350735691951983
0.34592725149617
0.507330882574171
0.401064854962953
0.306487174852738
0.248533740902717
0.444195231814833
0.312526693182294
0.287398688551737
0.381121170999925
0.333799958204978
0.442173263483957
0.453803144715633
0.335116279075361
0.391868842475088
0.260616349191474
0.407165162822045
0.34108013222603
0.555271226646847
0.436805913386084
0.48976652332101
0.409508010251169
0.382474051138296
0.266561726708641
0.411363660961924
0.534584011869537
0.389019671213662
0.374039096905257
0.459892253570539
0.486950871421642
0.456114806055373
0.364580275260092
0.468641092725676
0.51382390008171
0.49365103284138
0.284607177539159
0.442554867323652
0.444732529548198
0.594567202444254
0.522408415659101
0.41956640692507
0.425360620579291
0.460461438689566
0.431937815777825
0.503268403496206
0.372941866130263
0.443553099156207
0.481012755356221
0.605518697639152
0.524712501615473
0.597775215144862
0.413898649771593
0.551672198474445
0.536381615470839
0.518306605610369
0.496174246879369
0.616501186774759
0.552611724734124
0.50851838626172
0.373927419780316
0.358526651378416
0.490006958368386
0.407583071809557
0.563076904757626
0.445260255821023
0.590466323521733
0.515243647887551
0.471049966634798
0.713524685862748
0.625942049941395
0.636038105388143
0.481954502650939
0.520411499087112
0.422565669277349
0.56166689759145
0.54182155252063
0.525929231592809
0.636451239273451
0.613726951089493
0.543299562884676
0.508217017335562
0.661178794045932
0.596205814522264
0.512495977388957
0.505268318353225
0.625012090238435
0.593007710858966
0.6479762503617
0.37543600445427
0.508696102602256
0.702718774199039
0.516909742891625
0.664546240116919
0.584683762496214
0.618334806662346
0.609102209799678
0.68293768987449
0.610183076621363
0.614770411744548
0.711882724237546
0.54233038511092
0.542903739342065
0.584276855482071
0.50240548081543
0.518177188959015
0.529871353950499
0.614692888956873
0.641174407100952
0.491863715593851
0.599250578187681
0.503480794900299
0.699962773131509
0.625891330081078
0.531380096506873
0.579658864146116
0.460634059654785
0.533107957940011
0.634740672480892
0.629310391067543
0.574911774883867
0.653549020290434
0.540052766939156
0.698815457702449
0.776395730474536
0.395287326406467
0.498383913042149
0.561231864064159
0.637564236123382
0.643750518537012
0.567501643826905
0.576566770169259
0.612971211433939
0.639776683244544
0.674358285196781
0.73684934797436
0.595713537690745
0.744236829200115
0.485670422083569
0.611150521666815
0.732693458953656
0.702874039573934
0.618277303520424
0.549030481166487
0.732335350055373
0.819589861834395
0.596440300873076
0.828831707645703
0.77173715872198
0.630208140844542
0.67916583204868
0.84125649032828
0.770398759955428
0.639301507422885
0.667980529899021
0.672085551958566
0.655817130382123
0.634403059835555
0.588046005876075
0.717438341392504
0.546554775559627
0.772779231002274
0.81579462259792
0.69253316770044
0.606280241890791
0.656020076305239
0.691722930010557
0.665980105689372
0.646444103607905
0.642387980302995
0.67545160517583
0.599119668287166
0.799713332901355
0.712923028169659
0.682539356072175
0.703006153276113
0.618725380674989
0.586446091583417
0.743972200055597
0.834524782388778
0.785327543849739
0.765507577975518
0.625047855829328
0.794660332672676
0.526188518361309
0.870704348570389
0.750255962715925
0.798853795624066
0.642445832241732
0.637155911975781
0.59851643066828
0.857126547508868
0.636532787555535
0.869528336375674
0.791716279008196
0.718332623756901
0.776456181074567
0.666365369706302
0.760978296934248
0.803164405215564
0.719147303043925
0.705522510524283
0.790401409453852
0.746506533558526
0.705658076205848
0.794712136490381
0.819912747284534
0.812172310102003
0.912155470421168
0.819623124685336
0.853505410055788
0.854851246826777
0.829664091542779
0.790274300583715
0.739453677544461
0.632315558209126
0.918436686151757
0.850007718699337
0.902659584651455
1.06951552644808
0.903470731068903
0.857785027012575
0.786208422626407
0.838784819882479
0.922277907855493
0.76091522448908
0.781822495233199
0.859912690857027
0.999292493354921
0.831260046492366
0.839025251065142
0.739701460004424
0.85236723528971
0.885093559653614
0.859893266473248
0.87924722703557
0.705465002598293
0.735006271918888
0.890737725865329
0.884326889936613
0.977492255424437
0.80181628481226
0.934134195770974
0.861924508501261
0.89963186365073
0.80316755533899
1.00070890219875
0.858335683583202
1.04712237121439
0.752816965206397
0.831124432685802
1.03850413320634
0.846826290955326
0.969220720686198
0.918423216014593
0.833030610919207
0.784881321370318
0.951011816746923
1.0599056176225
0.777725541685199
0.926637868443895
0.862063678859851
0.830436663391014
0.97983146184486
0.973612706752168
0.944590885469049
0.865711856787915
0.896596469774555
0.989040818648399
0.841034236518236
0.838237004654021
0.916810759442201
0.945452140908264
0.836949914789251
0.916634761612783
1.01209546331976
0.926007580753589
1.02757777613145
0.8833810165373
0.84209454857882
0.839001898671882
1.00589545092407
1.00030307924168
0.851974287408851
0.935077678897339
0.90240925413293
0.89369640235254
0.903073110105053
0.913798203561755
0.902337860314643
1.08762698964142
1.06681639695899
0.885662046160892
1.00752532599788
1.03703877097032
0.91298832947166
1.09354133653693
0.999800210948291
1.07725623038365
0.985752964185777
1.0671948188718
1.05522739005801
0.894708145762867
0.945375422494975
1.0337140081633
1.01323913666978
0.958663522252087
1.05056272106749
0.969172759426605
0.89879165929286
