"x"
-1.04957844644857
-1.12102325420632
-1.02035691963856
-0.94915976866956
-1.03603621793957
-0.978502452199741
-1.05306428871488
-0.98454990149763
-1.15678658103998
-1.02735869510793
-0.959664789758567
-0.996787183275738
-1.00203820701554
-1.12944476927094
-1.11736230028261
-1.00517959802165
-1.0631032368279
-1.10540671430992
-0.869552080598024
-1.04138844968153
-0.998753414311269
-0.898881383256192
-0.917119750969176
-1.00040858847448
-0.880878061343021
-0.869165013340375
-1.02685790402428
-0.866408106868753
-0.923244913814727
-0.885718968053517
-0.913863779032742
-0.912226774337416
-0.982463659196479
-0.849023671299507
-0.867433146572778
-1.06155478643821
-1.03915521538114
-0.950807348085909
-0.899310970397067
-0.953779865475749
-1.05726103671694
-0.781208642966039
-0.985515171613732
-0.982140750366495
-0.935142305165303
-0.923960206233293
-0.989355802547208
-0.954237664194818
-0.881751833600514
-0.971043350590861
-0.908034845906291
-0.963877080586056
-0.870270241314674
-1.06529361592466
-0.900760060486589
-0.998698255031091
-0.933541507329009
-0.721648289172696
-0.786371333003174
-0.877846102950106
-0.871438879060924
-0.887097386265429
-0.717963339008029
-0.888820946125732
-0.92186933650871
-0.887926895338227
-0.938389854590756
-0.982920532048804
-0.959038854222261
-0.808781147129082
-0.774277788126912
-0.876771307479845
-0.821157108214044
-0.825673477499531
-0.95816994372891
-0.871087922360434
-0.872302186985788
-0.642152624359629
-0.837949985474836
-0.733746833816514
-0.711122632532142
-0.761670958351637
-0.894549694894887
-0.883863986201691
-0.979781876967398
-0.822741920704576
-0.792669216871167
-0.884545078422724
-0.788680904574492
-0.894797453159647
-0.786973210593663
-0.854810634001167
-0.923155186325846
-0.792781354751187
-0.793486265319756
-0.707495313804407
-0.71225052218997
-0.745764298199415
-0.701831639914621
-0.730454331123458
-0.856847404468254
-0.740386191744543
-0.622382096220246
-0.859572803641077
-0.809539365758454
-0.796737945567104
-0.863573693726563
-0.80739597438732
-0.753787709763849
-0.716961762856873
-0.715860754840985
-0.811632110785163
-0.727320488150141
-0.87118536056014
-0.690427963743357
-0.915168250931426
-0.751640177549742
-0.896878901761843
-0.67039297277086
-0.892924974200581
-0.737707828249533
-0.82227980002704
-0.805906978347984
-0.979053538726592
-0.755464445707769
-0.827784860215569
-0.751741835257452
-0.640830244581153
-0.722921068158344
-0.666736786219659
-0.687046926120183
-0.798377562163067
-0.803007590031954
-0.890341173617713
-0.918588795034374
-0.797142700435103
-0.628086138215858
-0.627372216440929
-0.751412069945479
-0.676436982232525
-0.78835058530623
-0.455166489777696
-0.681196599576174
-0.745460757021963
-0.641256778858086
-0.513049326833998
-0.871386784607477
-0.558333484967738
-0.689946754183664
-0.616544409859403
-0.789206493840415
-0.664987213226921
-0.813882554849378
-0.717313126069659
-0.608523946758595
-0.65132606252589
-0.57913636341055
-0.627256778033491
-0.628569375108688
-0.688204145454789
-0.61142617015696
-0.716796948958501
-0.605618782366134
-0.537620419920306
-0.637488389296288
-0.62038991796931
-0.718683308060261
-0.593636009637722
-0.591740050186734
-0.695832662863228
-0.768280247163846
-0.605845415809442
-0.66008818757664
-0.633526040901556
-0.580860362953481
-0.510071389180835
-0.581707207325581
-0.576257950393838
-0.667268655593981
-0.670871101356164
-0.725562629284084
-0.690318474357096
-0.433557110074321
-0.582721371231808
-0.63332077941725
-0.679523230364815
-0.593582630273553
-0.579835887149908
-0.726490579444882
-0.599590293151755
-0.689712590114683
-0.593668694306335
-0.755336474430779
-0.703284006109735
-0.512586638036352
-0.641808392161448
-0.643414148394625
-0.668303088993661
-0.725653037086576
-0.529029439652763
-0.663705161524063
-0.631328469235589
-0.633329099319496
-0.598989371829795
-0.591360557026323
-0.520176943509717
-0.658771887818288
-0.561611968843598
-0.612373416467938
-0.500794307136103
-0.485358701404592
-0.484633217509031
-0.562710744398109
-0.499400802026022
-0.528107329439862
-0.526308938658639
-0.476109914994503
-0.505085172379564
-0.585116353826916
-0.592671669245837
-0.56184758615265
-0.581433464737
-0.608983714687051
-0.527032140249413
-0.41743872569154
-0.592323404751836
-0.498411685620096
-0.601057634715867
-0.525460980729623
-0.486548932201625
-0.419921124829976
-0.60755447004728
-0.486934730855607
-0.513555122468555
-0.532728428026177
-0.471189978664465
-0.541144965165087
-0.533288883866469
-0.581353861953836
-0.530363022908646
-0.5624169413005
-0.564296127157654
-0.482440898298394
-0.628987904372397
-0.518278981037396
-0.545303808574047
-0.508799181928536
-0.577604902948252
-0.481133779220124
-0.522699630906964
-0.534108194295659
-0.591076229575806
-0.401291497614
-0.617746688518172
-0.473404276251827
-0.582856207601863
-0.500110747467508
-0.527172629471982
-0.473673921465409
-0.496041944922595
-0.612748803606742
-0.616951393450138
-0.344605431673691
-0.552363574389258
-0.412434841946771
-0.475210688569217
-0.396692176526032
-0.534886908729568
-0.424038263919213
-0.403876776606751
-0.327887441887677
-0.446144453760295
-0.580131002957215
-0.440339445971566
-0.411644505283744
-0.340233635396683
-0.459543033856526
-0.488401677106686
-0.530260149376709
-0.43917087045046
-0.48094721754311
-0.536600413503239
-0.320483730658353
-0.414762540899731
-0.430586081871425
-0.369446802302474
-0.377127157991898
-0.299802180573648
-0.348313609911174
-0.331230540166364
-0.441894240233897
-0.264298082130641
-0.301364329005094
-0.522093649044856
-0.374000816966739
-0.396541276163836
-0.470772041390755
-0.244316270056403
-0.429792571407405
-0.407933725175479
-0.425903622425789
-0.377602695790354
-0.380276239851769
-0.486522107839465
-0.307431982734094
-0.370385083209354
-0.37576197039226
-0.462536145528148
-0.462787490248672
-0.356982239529981
-0.440296498168952
-0.30109671372225
-0.299248117147475
-0.399835632813408
-0.334004483880753
-0.315411035074408
-0.427052665245671
-0.188752660688697
-0.432978559231899
-0.263097910347432
-0.373582178638641
-0.417397546074398
-0.403741242811491
-0.41153008667443
-0.366688229107665
-0.456252172198115
-0.113927591499529
-0.340734817663312
-0.338076213973186
-0.165581741779315
-0.338531818283083
-0.271007012390958
-0.364897501607979
-0.3344320790473
-0.352389832706139
-0.432430731919906
-0.341471835678673
-0.404953884322121
-0.39274330892342
-0.229123330410362
-0.341346126698596
-0.351652556574492
-0.240891463229906
-0.432516565076647
-0.381111908758005
-0.242485225711897
-0.364155970612885
-0.482371925985214
-0.419603663247141
-0.194270441065685
-0.310024996982953
-0.302880991243315
-0.196534235152387
-0.291287804038925
-0.206606483385451
-0.270474275396176
-0.331150004299484
-0.292458029470475
-0.416416837534955
-0.213595561507142
-0.384877635508706
-0.381631492176876
-0.306338296385411
-0.279343050297189
-0.193770705496043
-0.411798556615284
-0.305712683795401
-0.321135636040508
-0.16945394910217
-0.189737994031545
-0.246685901639789
-0.299721649491143
-0.265749676010659
-0.397421495624546
-0.269597169029182
-0.196746451969239
-0.306292632237473
-0.256660023722511
-0.32412347714902
-0.390864373079589
-0.267678729437342
-0.232735468120237
-0.382456433868709
-0.230787693182843
-0.35568535180546
-0.335239196080429
-0.370049033030102
-0.169694228273307
-0.241652290928477
-0.214683678110163
-0.183218865973059
-0.173145756352006
-0.244033423334386
-0.0545097688168898
-0.370010193539806
-0.207153598271354
-0.204468884983315
-0.137190199816845
-0.266757973259809
-0.30763425545242
-0.244859917502867
-0.108087817366876
-0.209930199076642
-0.308636424142858
-0.332904555405391
-0.0455209808997287
-0.0727942149970453
-0.35070237765781
-0.212916545174157
-0.230431201806892
-0.275795088609595
-0.0216604625829921
-0.161458280596538
-0.23942183830986
-0.22028451437691
-0.173911753416058
-0.228219073094706
-0.176301418493925
-0.0684790397476581
-0.15829934564351
-0.0778993022209291
-0.183361667107976
-0.125054431201191
-0.198047963010801
-0.211259260226125
-0.0636545456142984
-0.0880450452676425
-0.181354611891645
-0.0789280777195174
-0.0148560207508327
-0.0857851092253989
-0.0646969774722912
-0.257239713239194
-0.142761563473051
-0.0677322010064347
-0.0608073950802846
-0.0931079426984631
-0.0622759433344972
0.064362272322951
0.0221381461737514
-0.224320824944926
-0.117331020739532
-0.0515453391859784
0.0883086398669733
-0.128798073835856
-0.0576020145966212
-0.180400437430494
-0.0496227911454296
-0.0820152828431784
-0.263484326160019
-0.137923364829376
-0.120237996924239
-0.117661778134853
-0.224691558849888
-0.0381298510059927
-0.103864957852884
-0.0291950846981282
-0.0581444520975037
-0.0638406244691709
-0.120637655316366
-0.0828651376145157
-0.0345993341874779
-0.0221272367614832
-0.0561812741495954
-0.185482422324036
-0.121028428597247
-0.0437800531945954
-0.134017183945232
-0.134313494460533
-0.136927382437892
-0.0639495802136714
0.162202009347076
0.105595539287844
-0.121280150931017
-0.0238467591979686
-0.05158717003742
0.0252890080010373
0.113073843701804
-0.0190421582027703
-0.0755480102285049
0.0180978535672944
0.099528457130235
-0.0115198937595282
-0.0183483921973337
-0.0394634321986257
0.0184857174816279
0.044232442859147
-0.0848038244535009
-0.0552092943020792
-0.0107937350325957
-0.00212412535044401
0.0165869071586358
-0.13763280313518
0.121171197054608
-0.0580584664598644
0.067501415536588
0.00596122925621413
0.031742733937694
-0.0782560382172714
-0.0385269578967068
0.0195820030720621
0.12221683115196
0.0410976647711845
-0.0457392527450078
-0.122736159251926
0.218538277283932
-0.0124192995584159
-0.0286900278752233
0.0851335817549609
0.146535321785146
-0.0166998571796423
-0.0278823939769533
-0.0883739430138104
-0.00958265006053332
0.145490340147761
0.0604256276349454
0.144783095183397
0.0431770900454679
-0.0263306155947825
0.238638639195837
0.113276619556165
-0.0418877471300469
-0.0811756600825821
-0.0436246658883585
-0.0695285569209083
0.0284229607150333
0.10495159294977
0.174883815067655
0.117605007722059
0.0308020660609208
0.071196783111519
0.0771553475682476
0.025017279470781
0.127802411047782
0.355674634050146
0.0985430620054087
0.084083124870005
-0.0432701702244973
0.0783731488619204
0.107365371850522
0.109759350503928
0.169749317904392
-0.0397533103846465
0.0901832736491931
0.207210150052691
0.0587115797278579
-3.87465704098417e-05
0.0969371455732357
0.0165316391277724
0.0884431245112482
0.0880384184943441
0.117434434175356
0.172906030927273
0.0648996806003206
0.0701536386394895
0.0965393794061786
0.0506878272347158
0.126953408891477
0.141490017788006
0.126015855261288
0.193931340252135
-0.0615373029081344
0.0905128285326788
0.168009674893547
0.23655547146233
0.0323986697983305
0.0362582593838667
0.185998004892935
-0.0245195970243309
0.192342681472925
0.0205003849462788
0.253388661330811
0.175254191611803
0.135313693853266
0.140488507598283
0.0974036720959016
0.244134700466355
0.0746902932166836
0.218706216185547
0.0166186560927594
0.24116877087556
0.209893140919147
0.120873430747449
0.0872946739040782
0.343258392878475
0.241962138164753
0.229857954765078
0.197031431144673
0.0756263107846003
0.057510906156715
0.114258426630228
0.0365320395363381
0.239267580614333
0.286410564406678
-0.0279674298524869
0.272933384365295
0.298697774407076
0.233451013956941
0.243016581937599
0.179854736824577
0.136031693393218
0.155080876781969
0.267092151208895
0.0885916353919481
0.324687618299648
0.306064855150575
0.161188797179388
0.236411828391617
0.215484751402573
0.265685224485215
0.279701465441988
0.0913475308235131
0.212541471837342
0.273693831772219
0.261164151085185
0.379606807104397
0.258241811766372
0.236291706361222
0.278064886387242
0.256395933006471
0.14588481966481
0.262913821785623
0.303681965794294
0.0626635241417521
0.198155067469366
0.236292258843021
0.384352842041124
0.15111138472343
0.363737490894718
0.355808876396249
0.267857482469813
0.151058698189513
0.267116499800733
0.265092881390684
0.334608746167992
0.182206093063116
0.378179011093398
0.421589069667013
0.27416866720653
0.272617538151231
0.237690354124836
0.213354260098011
0.406144969026067
0.470929714571404
0.340625698057495
0.202727971104901
0.119284435913441
0.445206766523401
0.278205445912523
0.222561241192802
0.331390579520413
0.264158141030222
0.397558018096897
0.262188650366197
0.281995019666341
0.249256229061034
0.242221705545398
0.392727783155601
0.295806426974155
0.466082439203136
0.298439390315767
0.373959389321599
0.356071586526192
0.376049451614727
0.304667135977943
0.227647016432096
0.41714422797556
0.314728187506845
0.45324235407531
0.320159904275699
0.446498536621936
0.329469242505012
0.2849968263358
0.357791631587761
0.468126129132564
0.442708208027601
0.41188203187285
0.381357281671422
0.354266431528383
0.323612830530542
0.151482675305429
0.444414383834034
0.199370976983886
0.204270741051662
0.42464065374377
0.426588847371957
0.421451922496653
0.355970473988274
0.367186585181909
0.36843279969846
0.366819306751761
0.35688133413358
0.339877707387176
0.348814346881612
0.367505754950396
0.340625900930121
0.284555983547172
0.37439634239407
0.454453830031938
0.36394709489346
0.422558820804591
0.332323479020001
0.36502593435192
0.290650639699265
0.214221231922202
0.546937134332776
0.470067899505861
0.312607164931457
0.432211937355231
0.524190771516374
0.441741974340621
0.460964529202703
0.326243224263927
0.340400568560499
0.418471925567951
0.344905722557847
0.313118772081297
0.394382909480245
0.284550703962902
0.421384481449677
0.534798032848448
0.475195291923075
0.477083032746655
0.473309475604752
0.534961416042608
0.445797622355241
0.528862794328575
0.415053511704097
0.632404859466409
0.368374213306437
0.537019556175878
0.433109983155306
0.417806747817681
0.516438391911946
0.430402835415526
0.565272705637314
0.497563915259968
0.316367151968253
0.371903787749191
0.40862744352071
0.383763459717956
0.593012701707341
0.627184637823136
0.678742984492233
0.469552076353202
0.474692243999872
0.584959436233795
0.512772375383816
0.424697211463533
0.453875815276421
0.460199780866803
0.538187928677663
0.492091636347577
0.619880280091275
0.356761010922879
0.60497375158494
0.57530453895842
0.47375220638614
0.613707702370872
0.568278562772152
0.604825045253793
0.648893789839356
0.521502311829387
0.466499180497656
0.4560288258282
0.614247174509584
0.488569503059546
0.479677593779173
0.621185381998047
0.564643052503008
0.511553948517068
0.570948350294597
0.516480065899185
0.737997637408873
0.694463865928923
0.390824249534937
0.458730050848967
0.568441600935086
0.539322817142355
0.490849291508267
0.374029836171391
0.475346537498451
0.535321021341864
0.593236893753534
0.587911623622929
0.44532995058807
0.701244960046517
0.639459844128997
0.569496948083586
0.553335966225743
0.691107012223188
0.415944051823002
0.341769354497141
0.523257633175743
0.532642692516832
0.549743031145606
0.495644911789352
0.433341114582069
0.563875519448431
0.565341234502709
0.851175661502732
0.678050589684469
0.575017122555157
0.623981282472034
0.705599302038051
0.64223213349486
0.660790299248365
0.644728014367113
0.575603853503326
0.573137706190715
0.556158558644254
0.690369884877814
0.519939991298649
0.688576163072534
0.700504750721941
0.688105934902761
0.741350360983117
0.566841361745576
0.679164445387576
0.646464579979118
0.668048830413251
0.581336571004099
0.735954981603564
0.845345628144653
0.820663681100613
0.63945495244784
0.597484973654056
0.672853496398454
0.803776665070534
0.66458259929454
0.711409334404085
0.691568196652089
0.670793914901864
0.56566210801042
0.604053888058767
0.644575020800607
0.573951792430501
0.796769179387071
0.581746949463391
0.647657930890008
0.469750645985243
0.597452919093804
0.627074591589412
0.526844918541909
0.696014988323691
0.658509066541507
0.730988715229452
0.617481880679348
0.73281161158682
0.64894099052081
0.554928134813292
0.622581558864974
0.727892415263111
0.807712472583998
0.838053468378174
0.725603201624781
0.716687585592106
0.770207281620376
0.629100615292969
0.60379144602851
0.772649419588107
0.736342193725364
0.747862086069474
0.778510868505222
0.777452794345658
0.688633451080681
0.814137271256146
0.812694266857633
0.666302401467093
0.645339310188838
0.664991619144575
0.724152476472982
0.863960865913768
0.854535228601542
0.598205480965867
0.704344813057141
0.889852527155519
0.786456089878316
0.809995815742575
0.671332631357903
0.869013312613372
0.786073265577751
0.798597351222245
0.754044148997777
0.785776604035564
0.912406579695828
0.650189890635032
0.856436981282533
0.791797270678625
0.795398545199465
0.716043925629759
0.77275031356286
0.890475458180442
0.800422314587242
0.789330365609982
0.803227973047865
0.781247688583934
0.764762493057448
0.761426562015373
0.848895764059792
0.698715376121923
0.584038714239468
0.96886212166722
0.702046619062046
0.902262748214065
0.868119124046711
0.870448138043349
0.701004058487487
0.83296965930013
0.890491332319458
0.738405209379791
0.811074047225868
0.816159551586139
0.886864549004266
1.02758091124963
0.842976389528421
0.668859022496831
0.774677166398638
0.813607718562554
0.918325779563374
0.782703531304163
0.839596811386438
0.860831420117677
0.817205279265767
0.688141347947876
0.887616454631794
0.820024968291491
0.94464532940859
0.912540493228393
0.729865271002556
0.956524759564001
0.842767477415696
0.820314571901307
0.72739543775321
0.829573142676555
0.786797585829617
0.842719753583186
0.922743078620507
0.873819420606999
1.04996891980438
0.86647447328717
0.898216869281997
0.672433211065739
0.955020669817852
0.959488432272518
0.958293366834635
0.836280028223207
0.932877353522346
0.866463017037867
0.815041815644278
0.834248868162309
1.02107596452584
0.936803119500049
0.853668752327205
0.909218553913126
0.868892799915225
0.89698136327285
0.930982275616502
0.930997049281582
1.0308964151999
1.00853734109083
0.908602586431423
0.805903117380416
0.814049906949934
0.885019261271011
1.03217001605603
0.91486338716389
1.02788989210042
1.02720836519055
1.00087723058566
0.904322734640273
0.825487575028508
0.88972300607841
1.02084126199185
0.862008974589812
0.90087883749345
0.96539014357671
0.912746419350492
0.847871402666435
1.07900426793896
0.925902389956899
0.779116741970173
0.897241965231487
0.883316743941199
1.0207931650123
1.01985140274854
1.05667418265946
0.949786118685022
1.04383436286152
1.11366059670548
0.970650393469692
1.04670513979641
0.965208592388988
1.08328254785503
0.991902646675926
1.03450089171295
1.0171307310431
0.929488274225689
0.955323880621692
1.1245877031507
