"x"
-1.11422824981706
-1.01747398447136
-1.03910958491313
-1.01706425587689
-0.924812273473686
-1.01444980283374
-0.874741057578174
-0.966632003373983
-1.08445223018065
-1.08413866264492
-1.01650330402729
-0.961601478649121
-0.902856867984114
-1.05301453973144
-0.903076244016345
-0.997746571455699
-0.905956329697999
-1.00397397718174
-1.01328736791546
-0.896961369829232
-1.08315759028043
-0.99253684688798
-0.884400045584774
-0.866414062102213
-1.02755558237409
-0.914546646845382
-0.894610268051379
-1.03248506112163
-0.967245139678397
-0.928196788975913
-1.07346977673648
-0.875002092123492
-0.878203064552492
-0.803120716118477
-0.859239323306326
-0.909291768939193
-0.79116639216802
-0.914851242965121
-0.888431988747167
-0.964856928342853
-0.891601135259211
-1.07201319553779
-1.09190178819727
-0.972171750470781
-0.823807159163074
-0.932843164430861
-0.999577639082351
-0.859429334313149
-0.794889561054692
-0.910726610670204
-0.868310583489397
-0.884054367317742
-0.863449305470856
-0.845438280191667
-0.859501708143844
-0.835599368817121
-0.893232898948224
-0.823736731709792
-1.001041702332
-0.976280763048582
-0.855038397486365
-0.865620365543897
-0.897098636379363
-0.849530599472472
-0.890327053488769
-0.931818968938729
-0.913426659843332
-0.823159566026671
-0.889339930705795
-1.03402835501805
-0.955876238680828
-0.876242649801345
-0.978280927313888
-0.801033211470503
-0.833341177463595
-0.861508698050411
-0.892991210782642
-0.894041181833656
-0.863394786712678
-0.677328493864347
-0.885867685440591
-0.843608930775384
-0.832113228776444
-0.872350576437805
-0.932232167431143
-0.840330978974412
-0.78263839089203
-0.867001961499534
-0.825801894164234
-0.899117453687088
-0.811391508841989
-0.734846743573217
-0.83818448600017
-0.828416847320317
-0.785096692224337
-0.860063712090604
-0.825518748231166
-0.729014963014894
-0.785896561284906
-0.680692862033368
-0.861836376075996
-0.746339428029985
-0.743280677942194
-0.702892932496014
-0.726147839158407
-0.899922101552232
-0.634340860710901
-0.695477081559805
-0.747742077795978
-0.802420848788304
-0.830581945693289
-0.869240593748434
-0.775983925645985
-0.815951430649953
-0.864803523827923
-0.826427630233913
-0.873710327298786
-0.592228363298509
-0.784053233886463
-0.742013729360747
-0.772351848940801
-0.862867876386391
-0.829211527867384
-0.589957856458739
-0.469800731519403
-0.667979821902024
-0.71376019403386
-0.74850770786884
-0.753553732495407
-0.811058874825685
-0.7639054387236
-0.727716882695102
-0.744216164790688
-0.70647176528465
-0.656376386748322
-0.803223355251794
-0.805574326731301
-0.827474549496441
-0.565635495854613
-0.689886048451977
-0.670337110353367
-0.725200696116436
-0.685837295851725
-0.668783591920955
-0.64318328746728
-0.757921592944527
-0.809589500381626
-0.757421682426182
-0.631679292325151
-0.566053593614938
-0.573827820916353
-0.664859428401913
-0.670588609127926
-0.602980074749531
-0.714232006236257
-0.693886621612826
-0.852875066692674
-0.762225385750066
-0.58677234151793
-0.645076770802592
-0.702938585448016
-0.687416845811856
-0.80009748573571
-0.790003726300314
-0.680383067740647
-0.803555269530081
-0.598592813334628
-0.532340424427209
-0.667856941258366
-0.521982536198454
-0.640519642716354
-0.632157463598982
-0.634837351284995
-0.597405980996052
-0.631771493503332
-0.66380535067435
-0.516352160626021
-0.591620450188341
-0.532715981751275
-0.748935800510312
-0.699385947413636
-0.688692650917453
-0.644171767005755
-0.612915838054205
-0.582689509559861
-0.600487766533256
-0.647061692716759
-0.66559491700718
-0.53933040341007
-0.700686667623632
-0.591500726402165
-0.609098484449975
-0.635957085503512
-0.470989136898333
-0.582838222433703
-0.625240981541277
-0.61259153045494
-0.628059273649169
-0.682849847901129
-0.550429375653465
-0.573833034331317
-0.584640024549895
-0.657264103970812
-0.631551507605969
-0.486351149672282
-0.639807746247575
-0.567485194860011
-0.551826675920334
-0.428997605300702
-0.55181669402775
-0.61471190024381
-0.521616892396654
-0.457135233054065
-0.509635578485901
-0.581459232387389
-0.498659820562264
-0.374202371287155
-0.557426358968931
-0.548963147063739
-0.487252084979419
-0.594368811549875
-0.549388584886902
-0.702716087315933
-0.556452725045165
-0.567549900042496
-0.438697199893639
-0.46769588689722
-0.679766543652424
-0.440213542928628
-0.547470631245286
-0.541537100217576
-0.59088869597503
-0.447534933714285
-0.580317746635805
-0.551493211918306
-0.514707302210127
-0.380142697817936
-0.446521276746172
-0.524797830835948
-0.512778513803661
-0.490155147987201
-0.538591104795333
-0.683075747031835
-0.564223897614341
-0.450829850936218
-0.692382102561979
-0.307887846210826
-0.598705538033727
-0.485818524747004
-0.548319141906466
-0.386530416026502
-0.638943633306621
-0.334549731766294
-0.697140066497638
-0.587892585778741
-0.461815719421844
-0.482051197689724
-0.525525478001088
-0.473892106447026
-0.500074777725616
-0.407444425556344
-0.495756241886331
-0.490522324224883
-0.282523867127273
-0.513415284224022
-0.61474621625351
-0.441995445420065
-0.423425600058342
-0.498013939111878
-0.466497623925276
-0.329058985794863
-0.362243523715563
-0.550934506207989
-0.565454130629661
-0.360014898862331
-0.359923606296689
-0.381657710486201
-0.431098575415468
-0.595537245495549
-0.508303551615029
-0.568188311722352
-0.287965036963762
-0.544558039150201
-0.373715607768447
-0.356546706133607
-0.316397617949017
-0.333830187389484
-0.616037523261075
-0.367838418516609
-0.504505861708961
-0.674277549748424
-0.324543047868404
-0.570789219366873
-0.449430683983205
-0.430477557869216
-0.406389697550952
-0.406191021513857
-0.463129295651359
-0.430026394590905
-0.313098247734928
-0.334812393720387
-0.518977632167852
-0.41870956860737
-0.498390115381784
-0.495854084254784
-0.396742079043667
-0.374585658738156
-0.300862920301051
-0.460459987140774
-0.308322329537426
-0.439880481656722
-0.398308375711209
-0.346825497498708
-0.441806633129196
-0.299279146244323
-0.464811249380361
-0.224902147818072
-0.227956927846862
-0.30899076023857
-0.45171959547672
-0.327393281312417
-0.45016514731085
-0.426701505261609
-0.364279079600565
-0.479525270909193
-0.332619624746562
-0.220200846590599
-0.299959945700169
-0.392449361127235
-0.314871153160755
-0.343859713286365
-0.31812561046956
-0.311113696134944
-0.119607084648911
-0.396064250409197
-0.298577502412365
-0.313541482394529
-0.418846013570555
-0.540078485924604
-0.352550229247336
-0.435053163625038
-0.181667625865905
-0.321069864895956
-0.334127755368079
-0.206100579800379
-0.135458334157299
-0.338962218257475
-0.156011201425186
-0.379564896216036
-0.270936357507153
-0.271597110996198
-0.402990365464279
-0.0882997379513762
-0.205387387380397
-0.346335648866969
-0.311410970428526
-0.325005161419498
-0.351485511173545
-0.311631423272783
-0.317868982918613
-0.272009020999479
-0.393324231981017
0.0270714342401845
-0.425888241672039
-0.207403017650151
-0.331224647650349
-0.293152042583402
-0.0968276471823158
-0.34260430276922
-0.307221711510732
-0.290738647499637
-0.103281847366663
-0.196907045603501
-0.134052897959437
-0.199673587559843
-0.208951651703678
-0.205905691205231
-0.259038060148227
-0.249028192310297
-0.437059805754801
-0.236998307328744
-0.291423357545321
-0.185421362347661
-0.0855607482200925
-0.332166230055245
-0.197057190741334
-0.335363500444874
-0.253250027262452
-0.285949476143958
-0.310686347984809
-0.272350335949275
-0.0631530667723733
-0.10838192415959
-0.174921403869956
-0.259492426665047
-0.180842808500712
-0.272303248128636
-0.325071345498874
-0.193411402362189
-0.273376672613401
-0.180660061063129
-0.272658766603928
-0.134573475479326
-0.36513140298217
-0.205915684115075
-0.208332149884656
-0.255490714736773
-0.160331204080043
-0.221027365894423
-0.154204994629189
-0.168661540145314
-0.0846752134574591
-0.0364352956268818
-0.169307355615883
-0.140916331844392
-0.0271618436422729
-0.223764954327326
-0.223580895456741
-0.176668036902009
-0.179795741413669
-0.0872678521876549
-0.246038695986278
-0.140574379899452
-0.0854827632442534
-0.258695385855025
-0.212934419997523
-0.0829967106391463
-0.044847000125737
-0.150909092331119
-0.153615976250186
-0.133333828011057
-0.163450448819263
-0.290439788374771
-0.1108839921647
-0.0891498148111106
-0.175203086548696
-0.223394385204155
0.00096001600306314
-0.180913084640783
-0.17298756904266
-0.109966142429726
-0.0779574276555635
-0.0149739402745604
-0.0100474165099735
-0.147878947845826
-0.171972566640477
0.171431827860784
0.0221621441672653
-0.0607536857615546
-0.283977576433147
-0.215312656707732
-0.245990621815724
-0.10966666804255
-0.174211421038078
-0.063434299305961
-0.139779834969403
-0.0517742964392782
-0.0889357941035837
-0.117711308299648
-0.103381318512227
-0.0652618638739524
-0.0294624010018173
-0.138002332532908
-0.153653103132057
-0.133150353278757
-0.020413204686639
-0.00572957997193611
-0.110813244190323
-0.000489691518198558
-0.099024493584805
-0.0113329404420533
-0.0592837539947648
-0.159325085713742
0.0577679991326127
-0.0403040748332887
-0.125627937664573
-0.0379038475518998
-0.034118089952291
0.0337773737889781
-0.130854824487366
0.0535230874170408
0.133816555954075
-0.0932097754401527
0.0953190646565479
-0.0596218999513298
-0.0169876926307047
-0.0759155856078042
-0.00214721227121929
-0.0395037452030385
-0.140622322133307
-0.00963170834708672
-0.0728042689459919
-0.0548377065815788
-0.0248172047882251
0.101293223122065
0.0778074301324536
0.00418592316291801
-0.0579746175301359
-0.0362764931123477
-0.111788643907569
0.0147133213287182
0.122571003069066
-0.0153474857132677
-0.00189374749648778
-0.119658067303
0.209756049421124
-0.103903511143169
-0.175428331257123
0.100091356375966
0.00766469539841145
0.0402138841507246
0.0827159069817145
0.0442186776268925
0.00735884315125402
0.0391613194543707
0.0515675727683463
0.0825589786947009
0.13592722004664
0.0883526845285957
0.047556343734796
0.0549947875821607
0.088056420395925
-0.110655634043251
0.19366296427737
0.0720617585603869
0.0234370620197961
0.144058171314336
0.104524094533601
0.0509941581862949
-0.00506576272597758
0.10347064784705
0.112679966367869
0.101706545076054
0.0645869908398722
0.189795720953276
0.021044809182584
0.044936314525696
0.0102337649981206
0.144691116753954
0.13066026685088
0.11654061012381
0.243859300657169
0.141906694741842
0.0362048322119646
0.0789461635877867
0.159629414597957
0.0921789905364411
0.0610670480689174
0.0143356505910431
0.0509663404376428
0.126040469511666
-0.0298081831624489
0.0967041921444565
-0.00510537038694644
0.200634683462724
-0.0383642485374893
0.158184715908716
0.160696773110758
0.12420435559728
0.291830474512655
0.279590955986541
0.217934955075637
0.132675274863195
0.118919228859559
0.0572312523963445
0.214448401710453
0.06279734073315
0.0697879118543126
0.176286729909932
0.0237641335471126
0.18383509366706
0.138335266961921
0.0579946942738969
0.131617132672283
0.185666201861841
0.0941785144524735
0.253615493764768
0.244955456899351
0.117945316603989
0.106290934929098
0.106759802670564
0.0945542053639305
0.223586127905017
0.193553359868053
0.163084098843829
0.264075322486005
0.0621509090219125
0.346329193728781
0.211914599791942
0.148920430524459
0.185714496677551
0.119829359151168
0.197914379649132
0.271903059458279
0.0626861504471969
0.247548169875393
0.176231946113693
0.032068654561679
0.157056089584878
0.123600003009121
0.23374471038312
0.153747774863049
0.301568155862608
0.265286735756268
0.116144886627785
0.385448070012739
0.29385445443593
0.0839214520469472
0.172560557072298
0.110492315094706
0.248455123335118
0.278283676078688
0.23604081557965
0.321711109061062
0.342970837692241
0.257685143592786
0.275035943409414
0.30003500613895
0.26127982883377
0.157155785112136
0.170465582388775
0.264056372669831
0.19796757802837
0.316304533036401
0.27282062849453
0.328678158870115
0.254754443227259
0.25237634941615
0.250640285551736
0.323204047492382
0.296976958784456
0.307004608047514
0.293947811407657
0.297152060719998
0.303206927622257
0.22813392231924
0.319072929390251
0.328183706495393
0.270030009699671
0.185135860461359
0.289485555945189
0.335849336635616
0.391275340325509
0.438185428277421
0.284080654316699
0.243772848137157
0.286959020273584
0.381102510268307
0.311756212645596
0.163552882864818
0.334743316893502
0.165517449384695
0.294564987334956
0.276265050462165
0.240956457812082
0.385457007398553
0.387801600267561
0.450645018264704
0.215149275540681
0.338798360609031
0.305952352161664
0.308540977029316
0.258423647612539
0.272608563342169
0.25430876505485
0.393678585001142
0.407726720698452
0.208484396749714
0.341797410335005
0.22946270497082
0.252297662043539
0.188757467822329
0.293326065410393
0.396647702686234
0.370155140221504
0.339330338089678
0.305985993133463
0.247690740443528
0.471948638961916
0.420680003570276
0.550165260049913
0.519811448955329
0.323384789288081
0.38340631476456
0.467298605606168
0.343921426246307
0.434451858656452
0.523998113475734
0.292049869330605
0.334555166568972
0.450544076853988
0.354144648816231
0.354346294557338
0.494898025463855
0.359240334549362
0.291513023291655
0.239630695555079
0.450512004671661
0.290934842893503
0.294332320272237
0.354589451937339
0.307729878800148
0.427033308202575
0.423096588029389
0.346865969217082
0.419714447314966
0.236748972491943
0.419115649085498
0.328619358595242
0.520022650379854
0.446081717342655
0.510921498549718
0.404717474385944
0.371467196215874
0.279261296429458
0.426484996782184
0.551393497800905
0.388187550919713
0.360814890452292
0.4524128780611
0.479657974641658
0.452248496390007
0.38620288314779
0.473385441657617
0.499839272792854
0.481256441229312
0.296897567084139
0.423536730642511
0.42323669244113
0.580958278607721
0.556848552542116
0.383608398430529
0.393262931016947
0.481968298015078
0.427818570653074
0.484088770736096
0.366552264493334
0.469299716162164
0.488136013802002
0.60832784672216
0.534711556375609
0.573139410943483
0.414774148501862
0.542991764627906
0.517764451840909
0.53080959629112
0.495998222969064
0.609004329886078
0.551664123685021
0.4911149609842
0.365805667611448
0.347051527952413
0.474197618414982
0.399208981039759
0.563565693007348
0.438676615077208
0.588358998858452
0.543270738759278
0.473155643095113
0.703227176050968
0.630526477161762
0.643716098197149
0.481863135700976
0.53548955777719
0.410140450022841
0.550528408641965
0.539706619968137
0.53419565368033
0.613571842092235
0.576593234364393
0.535280891800211
0.496195620650274
0.655830501149368
0.590241180425314
0.534859733442543
0.520638709884664
0.661403678994627
0.604092837559175
0.615971014521274
0.353554766052397
0.512133692496171
0.715988078720944
0.522268540310138
0.664021410033326
0.583606596959285
0.631176679666141
0.596042920990625
0.702583599233354
0.615647756159318
0.622841659575237
0.696703354178093
0.522061245689551
0.549632686717334
0.574452316174128
0.490415411575516
0.530931504660488
0.527009151251479
0.636321768745559
0.64596255097593
0.495747114081001
0.606396437264166
0.490917370091927
0.675495237746168
0.653540068365287
0.534153859181651
0.578720306221222
0.490174430441662
0.523433312436806
0.647869996241774
0.646217344114991
0.592798366364573
0.66074212374331
0.565350537450693
0.694917214169851
0.77056299966648
0.413322095396036
0.500461146887595
0.540049527367115
0.646217405148163
0.622267962181142
0.578103366054982
0.591153645532281
0.637010555868546
0.643901063457735
0.662960040163723
0.757858423785586
0.616894748232514
0.733349819622163
0.481207962698836
0.614964726138152
0.711734775487796
0.70742305491276
0.624711433284015
0.551397875889127
0.742784905914137
0.821666546252122
0.592143613412847
0.837320076501326
0.760549405504855
0.633709285326956
0.685089747029258
0.832034120715018
0.7656262187899
0.63514997913565
0.642127309554566
0.667091846765357
0.664906048917116
0.654926157291126
0.580858618627153
0.705166723977767
0.524375551652086
0.791233447561825
0.835324218873131
0.670739589043483
0.595792282630329
0.646228075289916
0.717962680440172
0.658894414857327
0.632772240344749
0.631484043534167
0.673237567632133
0.58385488406938
0.784780816495503
0.701735639091609
0.66936774414407
0.708214569505937
0.619833658052134
0.566440190500514
0.715258731443097
0.831391714681164
0.781275666620402
0.763278272041254
0.630113424404458
0.780184226091547
0.509552266558417
0.875643931517151
0.757072006255623
0.792679468729242
0.64972810495676
0.653231679733454
0.61235395305012
0.858974513709655
0.645816321540908
0.862365429610662
0.77939416478873
0.72797339365137
0.792095941316191
0.66635092737747
0.758976230234399
0.803450499109626
0.707197907597792
0.69542374095858
0.793670851215342
0.747624852398979
0.73651536648695
0.809809592590792
0.805048301965301
0.797474820821667
0.91155294827799
0.789275928959719
0.842435466099465
0.857726701673348
0.826151245340502
0.802270465011053
0.743750671152529
0.62640468644481
0.917681813730972
0.870134367679786
0.887039518586395
1.06369486450426
0.881993944931417
0.852372547415232
0.773575619848961
0.813649771756489
0.924292347775682
0.78041197574054
0.761993956109271
0.859678574591854
0.960919722540832
0.831548663309753
0.85809157436449
0.743468674222942
0.861957780911467
0.887966771961078
0.876607517348427
0.902525324877597
0.721403904604767
0.715928946912731
0.895150685892766
0.878394422648435
0.941328209299884
0.810341588587331
0.945201647145736
0.86375433231805
0.917237706059268
0.801504257583752
0.988337407881258
0.838342991598267
1.05739020297922
0.763552427928051
0.837776433376357
1.03466601214891
0.826937526115357
0.991736286926579
0.916562226438251
0.844298104895806
0.781615055528187
0.956029804754163
1.06722946148706
0.802131332239969
0.937884889426628
0.875283768026233
0.841061489707763
0.96733437142392
0.97703672502223
0.922117885538589
0.869225475144235
0.888255779466571
0.989279943444704
0.84220065193225
0.840718487646791
0.936894121190616
0.944549782036896
0.811489775931904
0.93019449832975
1.03197021142395
0.929950936134344
1.04295443714961
0.883709283336588
0.829988941341267
0.831166902437192
1.00616495060507
0.983933918864962
0.836195773076353
0.93836209882225
0.927725297829247
0.910982635485682
0.925558587633835
0.931582058815036
0.894759688690427
1.07832706071759
1.08513795777288
0.87858729926744
0.997306573949184
1.01881391331711
0.9213856077723
1.11619105304842
1.00713746783053
1.06242353006815
0.974872132578878
1.06273810357554
1.0341486845905
0.904692235457426
0.955892739963232
1.01345611801698
1.01250674235554
0.948399497833461
1.06246383208227
0.966194199619397
0.896271144760976
