"x"
-0.918176879667113
-0.841139860037369
-1.09176804880314
-0.886328229788444
-0.903505039100404
-1.03905700632519
-1.10306318693663
-0.945293392152419
-0.957860116263411
-0.907223118279709
-0.990607635754069
-0.993709203353594
-0.969110898702724
-1.17886886128214
-1.02375277086504
-1.00551421742529
-1.0045385851898
-1.02893571905096
-1.03252049156921
-1.03230503869177
-0.968014420462501
-0.839720031658471
-0.986361680738163
-0.851434462920009
-1.02288688351721
-0.918720018332255
-1.06666677382468
-1.01881501477324
-0.959524640851628
-0.886318998777559
-0.949302654400618
-0.818816982971736
-0.875143483559277
-0.885091128396446
-0.788857468133849
-0.852052321132407
-0.745979860772506
-0.994568369656219
-0.865451418416027
-0.901058574614776
-0.901657947132101
-0.846358647371421
-0.899111001714662
-0.889762943247348
-0.842926225525951
-0.828856062293085
-0.890955682644471
-0.946209337263629
-1.00998194404635
-0.78355223131231
-0.864792539243475
-0.87792729467166
-0.73064442681371
-0.840133581703985
-0.832156171783196
-0.994315783550736
-0.861087421718121
-0.994849985341433
-0.838090558065316
-0.902794063463702
-0.774049748551462
-0.921721162747108
-0.803238701468406
-0.940807799228169
-0.953602978304555
-0.91300576687001
-0.830608927331165
-0.912139037362405
-0.897487039126786
-0.887089969531804
-0.781067143559348
-0.822372783559849
-0.955429426295825
-0.806504069111009
-0.739981762267667
-0.85111331749164
-0.806871439432269
-0.750512195169212
-0.70689041094425
-0.857197030536286
-0.815123314492495
-0.708472417989806
-0.913219736788242
-0.793066900935093
-0.833998979636206
-0.884017035585012
-0.872978890729239
-0.848520943181689
-0.827101458562093
-0.827109217646481
-0.713153510279029
-0.890190570001857
-0.913462258939881
-0.716549003286318
-0.877609346991384
-0.763147391399113
-0.735027484185584
-0.668574554009213
-0.733257564574534
-0.869842027140166
-0.825719676622116
-1.04802533063853
-0.745507920083476
-0.781631751117851
-0.555048752868868
-0.758760309532241
-0.853915832958644
-0.836176573824168
-0.744575306680909
-0.781196327509172
-0.73858121534905
-0.774676807046167
-0.78457170495439
-0.693253822424981
-0.79427772706079
-0.814804811385033
-0.760988267529515
-0.788599278364105
-0.647903753241282
-0.824614832688514
-0.631729152954461
-0.839467708509837
-0.88874564842856
-0.666750332122068
-0.882763312288738
-0.777802736558711
-0.806877632311603
-0.613345612438785
-0.864327821896556
-0.656561856712479
-0.698215891561649
-0.67564168064983
-0.667029651770058
-0.674246536095114
-0.719003679784383
-0.679127899379626
-0.714627157135832
-0.781337373278691
-0.690740032401434
-0.845989751599903
-0.782433358236951
-0.761020941673658
-0.693630067579158
-0.824287076008378
-0.709804148275174
-0.448433609685348
-0.677147900632911
-0.753465032929688
-0.797512833828088
-0.682004406001014
-0.756547272034731
-0.643565133542269
-0.779637129172696
-0.676634392962176
-0.746661340757563
-0.692952894349606
-0.742182236296636
-0.714518016039616
-0.785241727198379
-0.743269778677602
-0.771097994315013
-0.740351213149377
-0.595942418306131
-0.637982655678534
-0.556751959578236
-0.760998201117979
-0.599951142492704
-0.663016902255538
-0.65040817447286
-0.650576747444875
-0.635979291980476
-0.701722159137101
-0.660431206857147
-0.730904827994635
-0.741965952499267
-0.627144772535024
-0.655566547219633
-0.57871352918806
-0.740279061080314
-0.681102530350648
-0.783938495733523
-0.643214420494186
-0.688936852274939
-0.564854722904911
-0.694360907164615
-0.656795316401439
-0.580318682238004
-0.51432215721341
-0.649298291659748
-0.582891208618383
-0.59246667517912
-0.493152531639394
-0.600826715894347
-0.444392238394126
-0.699046074159515
-0.553636424881894
-0.617985368201418
-0.702000597522762
-0.523658849033734
-0.557083429025101
-0.562639263597533
-0.537204541972759
-0.675904664213982
-0.613957074490817
-0.618111418313737
-0.67266652930758
-0.511311986175799
-0.674665712768282
-0.676933860726491
-0.554584305322263
-0.541607592109733
-0.583205689270428
-0.452695393604725
-0.514771302751848
-0.584701829731922
-0.441785424567116
-0.612499934727623
-0.533375500552814
-0.593667059866334
-0.490278746498667
-0.692868460086965
-0.580722935049681
-0.67835781582355
-0.47063988162876
-0.518845654197249
-0.593544173768566
-0.615859147165833
-0.508245219966188
-0.625690018071165
-0.55786213959782
-0.568113132524044
-0.489092185566057
-0.402169330844658
-0.529300971591807
-0.518233533574381
-0.515207547441045
-0.423225626098955
-0.489232064465377
-0.512902789609702
-0.446942406430667
-0.495887307648868
-0.555244621780192
-0.51967762792021
-0.645052108038231
-0.547446555149073
-0.477053353487769
-0.562334486849292
-0.459292570152688
-0.558696819706452
-0.438485610073366
-0.543145897567558
-0.455639219743663
-0.399784891091724
-0.33125302291219
-0.583753378063878
-0.378641558203629
-0.514037532198999
-0.578294592583812
-0.457181953675875
-0.453836975037064
-0.522425176074692
-0.493343799624588
-0.321540683784552
-0.643365294020554
-0.555089474234395
-0.466727142330024
-0.547229341586365
-0.397172991890207
-0.49877207819182
-0.392728073693448
-0.381768896578269
-0.526054931374363
-0.554238023743465
-0.354330455267271
-0.380232753056055
-0.514283388184654
-0.467347018374005
-0.413013518978016
-0.330378303732135
-0.488894349988835
-0.420141703212057
-0.279065722764755
-0.419379176006095
-0.403378474015566
-0.429684915810788
-0.428217650993911
-0.469553030756744
-0.498766666798239
-0.513306259039452
-0.398814496106735
-0.536515563145365
-0.431273580868193
-0.296774905788877
-0.519611939711864
-0.438160497640871
-0.437528136910387
-0.50173427915715
-0.288044162289429
-0.469188945836638
-0.417242747964832
-0.4131445870462
-0.46835640134302
-0.458660198120839
-0.337918578861218
-0.429844737847776
-0.410155214050497
-0.500633352906409
-0.449192379581253
-0.377226854184631
-0.526692968731016
-0.415077493067326
-0.384608543517015
-0.487461264032966
-0.40446718459618
-0.59861205736297
-0.331847596883253
-0.26580454386054
-0.31002328344931
-0.345840801857297
-0.458483118197491
-0.330801725706674
-0.314359628432704
-0.439971327776977
-0.262001870840117
-0.439030187317155
-0.379378994930094
-0.443047071320779
-0.356263089951287
-0.192489878142584
-0.286795282060808
-0.321361925668894
-0.362047748174647
-0.346436449680669
-0.403008602265693
-0.237062611756945
-0.373516241000251
-0.30768441560366
-0.279931088449209
-0.33867640752978
-0.329019554207987
-0.288367617153834
-0.372519734634833
-0.248894960640067
-0.182784052131726
-0.280851930396181
-0.375829126543411
-0.174273395149742
-0.279991085320718
-0.432139318030632
-0.32317078036268
-0.273395094785768
-0.325982141700076
-0.35191479360322
-0.33458549773834
-0.163791610133995
-0.206511206867687
-0.167625119562781
-0.158878149716409
-0.234670975365018
-0.474478483385525
-0.324369163597986
-0.189124978986961
-0.281385291202687
-0.29463924455048
-0.287053978677778
-0.291728814330897
-0.289979814882862
-0.106540641703197
-0.183349549221496
-0.231905630918078
-0.432497061510598
-0.252473421414925
-0.133458809323542
-0.250937462919886
-0.384132426971192
-0.235782704536552
-0.403960171443923
-0.195660661072161
-0.255617124840075
-0.100877008463772
-0.120819606184192
-0.160685662245623
-0.19966912437177
-0.209018727974764
-0.258662831110052
-0.317267245674047
-0.213998331690511
-0.135297582466722
-0.099415839509234
-0.269668341151766
-0.170177229837608
-0.205450673962786
0.017561991843398
-0.311557830137011
-0.123695057918143
-0.249404747764981
-0.0804460830006817
-0.107658148826847
-0.191194181645501
-0.0616710936037066
-0.22799423818512
-0.293036572242312
-0.269785098197487
-0.100081902423397
-0.165016970416592
-0.115587154284101
-0.134055790179278
-0.104062500436008
-0.315283077904103
-0.232611312729321
-0.248534370266199
-0.247806289139274
-0.0502791983039553
-0.123723687268824
-0.228093895629431
-0.0760752763817016
-0.122970728458298
-0.0926948332197647
-0.209358366608691
-0.182197859157871
-0.198297086978311
-0.324797822083822
-0.250741189589395
-0.194998895435166
-0.300294300456268
-0.112800413300929
-0.0812493960461704
-0.143348207716051
-0.0502612893523099
-0.127231740123717
-0.192444487504108
-0.103037216473011
-0.153109425967666
-0.0527220172118763
-0.181011694177221
-0.119972533389321
-0.0541523540222865
-0.201463428158443
-0.153016746320214
-0.0638253859264012
-0.129104066257777
-0.130182042100749
-0.136969634007474
-0.0184459651578933
-0.0319953642805703
-0.0786476334948854
-0.221615186280632
-0.0360778779552311
-0.0317892125479224
0.0231917093307435
-0.114756550597631
-0.0429978420636729
-0.104064254752859
-0.0972421939981261
-0.109035262880033
-0.139177482846573
-0.190479987704001
0.0769973912346093
-0.00832612955518676
-0.0190805355574759
-0.120875665104275
0.0150580932887822
0.0772255994123628
-0.0229365650170928
-0.0689777351015333
0.00811477953615007
0.0511975343317806
-0.121465830345107
-0.149923544611692
-0.0463440482580728
-0.211509203302491
-0.0143225549740654
-0.105707143805471
-0.0196125163784134
-0.0288508675552853
-0.0427465904392863
-0.0374435212583247
0.11794243234506
0.0379395712524597
-0.0923840514986758
-0.0290903709895447
-0.017240413083439
-0.106493205029861
0.010732024308995
-0.0892776916044831
-0.0804623577831092
-0.0186166055415063
-0.134581634053569
-0.0612662636697652
-0.175690111791545
0.0250830511139145
-0.0737364101049184
-0.0300452438058566
0.00351416049408392
0.105381540444988
-0.0825436368212469
0.0131307501341111
-0.00329384298400372
-0.0304323452726427
0.0500680209969909
-0.0892663373041507
-0.0675012045908807
0.0237208969072636
-0.0105873431897229
0.0268018575682957
0.0318563218067936
-0.0492993218702033
0.0251437618626724
0.24647505403251
0.0375980219987127
0.00884824912254053
0.0627934453917237
0.0356736024768941
0.0464041742353452
-0.0773661711050643
0.102534779991314
-0.0418585960482707
0.0585341181768674
-0.0602478453400439
-0.0668068033287226
-0.0107963548145079
0.0947835915760315
0.272398270089838
0.0267250850404941
0.101245090869444
0.0498948417796403
0.0346756500148204
0.180226441894392
0.110370660804683
0.062956132334652
-0.010344233571204
0.152829304149377
0.00985215497229356
0.196456997396971
0.0933335848941009
0.209264371586681
0.210978149075276
0.0658883999053876
0.0749951333617298
0.0842267642903512
0.0725323801579408
0.00897453874584251
0.158550536634275
0.170127482681898
0.179933244412005
0.0538559240437814
0.0831313654155855
0.00085826769832401
-0.0750895621653065
0.0992731474582319
0.147850226363899
0.0763659211348116
0.107672056267942
0.193707484397278
0.150699115310441
0.0699803805967353
0.127046795909379
0.0856069815481859
-0.015155196544947
0.153438987721756
0.123776167057286
0.195940205441744
0.0261509589615429
0.149973566239553
0.31009508404563
0.0676669638412406
0.143905052285465
-0.00801648808457659
0.105525162991863
0.141859331578522
0.130519038293745
0.136452846740029
0.278537652970716
0.0561764201318053
0.161417553476173
0.177681219892181
0.222958275068903
0.148795082050003
0.111871987327293
0.283277108872762
0.0651724157054944
0.221633747398014
0.222584258800042
0.123014295822659
0.167999277063332
0.302059677002413
0.248120195865869
0.203636341716798
0.140518507659567
0.158559349727858
0.0664250324012127
0.153891369648724
0.123288187965656
0.203211950767265
0.222813716480849
0.238949722671762
0.145708069622878
0.244382507118836
0.267374076988966
0.230640648027634
0.27376320986162
0.210864332470829
0.185001469126302
0.15998214803868
0.198052172228857
0.182211090690474
0.237222413397283
0.286186052582624
0.186861272211474
0.117709887612183
0.20392675467121
0.157971321719601
0.209553468640389
0.219445502918711
0.29772185680013
0.177823599917485
0.2102751916774
0.143960049565685
0.161289290210454
0.269941018547042
0.189806277812367
0.246996052231062
0.266966777469286
0.384444419093452
0.483776513084901
0.260149008521228
0.20029286634865
0.20815071573101
0.226137672657922
0.208078407700874
0.220018208267031
0.156097786401272
0.317191705038606
0.125082352051149
0.349595063625645
0.417946705172886
0.178268601041793
0.22937903587656
0.163306316814057
0.398504132289368
0.26877247269158
0.186564665294416
0.302373635716152
0.293434997750303
0.159609977447634
0.296576228157999
0.340437210992329
0.398831930839784
0.171676413855793
0.349462923353765
0.430419778300777
0.290865691332809
0.238478548358444
0.392664971882703
0.141031602547461
0.410613684512715
0.379222983348991
0.348656477882338
0.469800042465119
0.410121768395389
0.281826566325567
0.301092438826532
0.330454435596493
0.212870890853805
0.381916498288889
0.22785045189729
0.259056074335048
0.364047697017583
0.307525562524226
0.255534080781246
0.418416620848372
0.545381188195016
0.451145391361644
0.269817057154984
0.23247885196737
0.456150992757076
0.381691886734176
0.351260428001683
0.313765429609655
0.366606590041838
0.396568107456483
0.415215015312833
0.335954468088632
0.24073622365124
0.373933924452446
0.385780093471458
0.355767322959105
0.32727002073211
0.43129730461081
0.377113553741993
0.43002752375965
0.343191755285321
0.454414637872653
0.293848267515188
0.341494474829296
0.274253244527305
0.19719265203982
0.465423215796169
0.422813530778471
0.411829134132497
0.309226739846141
0.412517152554506
0.462320833684194
0.507400502435001
0.397874063639864
0.364035018944346
0.436681503628817
0.426703510110134
0.459620597459809
0.441980845098139
0.334857887972097
0.601307088355688
0.429308370963362
0.581147871095412
0.501322365039493
0.497282462637224
0.517792112270418
0.432966318347962
0.462929335759124
0.537143489392193
0.48861350150491
0.40699014259514
0.529498389304757
0.464053372124719
0.47716093795682
0.442005363994796
0.40656559994221
0.300823552831658
0.321123648743891
0.430175165279475
0.416660931121138
0.425825247502789
0.425987611937761
0.519616528164232
0.433691072681215
0.455234169886355
0.460565913189827
0.477509764010691
0.520830676022303
0.536217896329023
0.378823163128298
0.586993285684372
0.531474834631149
0.392014770749048
0.410041317413107
0.403918451342637
0.508178309412984
0.350333453819089
0.58126310026028
0.536256221940584
0.430666651884568
0.522367983359847
0.621641652488051
0.530358330979914
0.567104840482229
0.577101672532052
0.411367935624105
0.408126472956015
0.520203297224888
0.56927911977982
0.429520690134144
0.380565376340302
0.620328650102898
0.554524378859121
0.527341842515847
0.587723229314581
0.567370534858754
0.526322646258757
0.507949667173628
0.577768515113752
0.472833851346268
0.570390258896044
0.55779533862622
0.428334451416817
0.661224742439885
0.583387657895446
0.628637489960794
0.488173379568344
0.493640837640778
0.482679060599755
0.654474731371044
0.51470469260193
0.609070215543873
0.611841772219658
0.52145539039664
0.622636857576369
0.620210887539547
0.6107433993946
0.677543929221459
0.605027763766653
0.693603240547597
0.524301005454104
0.579249759399224
0.356076115754368
0.515306848505753
0.51524978273943
0.534368922599933
0.636084290129316
0.565657596632472
0.679385282608693
0.534154068935396
0.459009267514919
0.616722232673004
0.768004505246084
0.672725099739268
0.622828973830105
0.468686762835626
0.581710770013752
0.614945022356568
0.60043662420928
0.702919095613706
0.644877141437205
0.48172609870157
0.601873112707
0.666000791733718
0.554920023957258
0.700992220035324
0.760924696729319
0.451404393958702
0.766483797163649
0.574759592638659
0.74399542034933
0.450179136731105
0.571127842541435
0.684923783037659
0.637746677082917
0.490833632297747
0.641769813303069
0.52600181077483
0.710781827512356
0.69963400930654
0.69931340746655
0.557428984184584
0.800786005197928
0.718333340940693
0.514129633817781
0.649709531095954
0.808936445221248
0.784548127594408
0.643822899701204
0.808302465474217
0.555494837178848
0.656249951806383
0.733610134403972
0.625492893601697
0.66540784792264
0.748094521051373
0.693380275024013
0.749381023202141
0.658860120607037
0.640735794177608
0.741043756749089
0.59774815644713
0.740689763901194
0.636755691591159
0.780196436540033
0.698854688237922
0.749011442656124
0.51580328573
0.847267313657024
0.737720528811395
0.752508185580608
0.702911088237521
0.725358638614708
0.656600955396008
0.700731572726694
0.82158983537673
0.787358262926913
0.744312888654282
0.680969499305365
0.559137445512296
0.591056581064251
0.796569030321045
0.794033603619815
0.676966753377918
0.776522987212419
0.732441367331612
0.688516851980859
0.8379176520003
0.896023526272383
0.7172635463301
0.773878779032649
0.757786522538676
0.694061971558065
0.797824313731391
0.8157835406543
0.842841809738233
0.861036955227108
0.817114417013191
0.767828229020991
0.59803231370644
0.809816535008595
0.536060283321622
0.887951458439928
0.837790972325147
0.860648472258789
0.783638951452949
0.69611625542247
0.790138791780555
0.788542725614617
0.749255627954008
0.773699239259024
0.84263784005924
0.786465084501114
0.719685141688575
0.648353901957017
0.973608370316063
0.734823199807983
0.813953955593077
0.712592123194141
0.807373811866109
0.845933926063616
0.952554905241463
0.86240900335183
0.74443763093058
0.884768303780948
0.739219290468975
0.737466997704907
0.821874377816908
0.802454153424376
0.76515518485882
0.870057969057665
0.804556790998948
0.95228073739059
0.776228519839815
0.956560301164001
0.915106368205919
0.71889264799952
1.0303876353379
0.808512870247957
0.878049437334603
0.77818346156586
0.829866399228527
0.908533387638299
0.811501989350883
0.854791066026266
0.907386089883474
0.848657828660144
0.897489158630499
0.91013627926818
0.894986632097281
0.944129146809183
0.858251139484351
0.8698300705681
0.857151863003208
0.886133931961677
0.831846251487988
0.751471672056198
0.912729475358146
0.900486829899457
0.973051442007032
0.715464639393768
0.855201580761642
0.933961761946349
0.805301516537633
0.753973438539028
0.774065688801195
0.795983373764262
0.854365403943773
0.795576695810494
0.870597660317254
0.89110526711382
0.972738330075075
0.991451271093767
0.990431866954252
0.77963439411539
1.02419028023131
1.02503938826393
0.967654967862191
0.922573225400895
1.05854460946423
0.961270871644904
0.91006939327385
1.00566604195084
0.926680209788466
1.09493503660345
1.01991226614287
1.01609331134687
0.810079326564628
0.909675269707579
0.992787140916017
1.06569815175271
0.96840537768096
0.990981551930695
0.905555784347949
0.949235639274904
1.04562450007401
1.056430685377
0.986997418569565
0.992536777585597
1.03263679758421
1.10468085427293
1.0624132683271
1.05274406536318
0.943275811713904
1.01672675650275
1.03236365730102
1.02451461180982
0.90056324291981
1.01578265701257
