"x"
-0.947079150277859
-1.02201283771606
-1.12793469150373
-1.10786811465631
-1.04428373835863
-1.01383666151989
-0.943609046693173
-0.928874353174368
-1.0684551420614
-0.951391564085596
-0.94333335609222
-1.10193422285966
-0.940986264794958
-0.844139070423656
-0.804785128725557
-1.03813217030842
-1.07070725091899
-0.900754543851978
-1.00878154044117
-0.816822251875139
-0.84057620972203
-0.892501025318508
-0.986861159170329
-0.972711659698823
-0.834229814445855
-1.09992871058975
-0.981768737754135
-1.10628613340083
-0.948673028434847
-1.02316891457277
-0.918599941283079
-0.864400973919753
-0.960992622341602
-0.984187744634188
-0.873975898815459
-1.01593219597999
-0.88490610951555
-1.07357623182233
-0.863907819789296
-0.922355065154371
-0.950205098741308
-1.05395428216717
-0.969808486518676
-0.955625853896133
-0.9063719993128
-0.933661386485456
-0.925160283493669
-0.680033624890265
-0.869603190357552
-0.947278285474953
-0.984604196712783
-0.909426896068516
-0.836540730191359
-0.830461482362134
-0.916139134781072
-0.920146061466995
-0.840548713966008
-0.866846278859089
-0.868058227385025
-0.800837394501313
-0.882525424238174
-1.02190832516783
-0.883353593549088
-0.825728309806028
-0.894304540289479
-0.87537724753624
-0.788412442407929
-0.874361740357982
-0.840473516891233
-0.970377923070006
-0.691520153832054
-0.74286273767971
-1.00345084319784
-0.918973887784434
-0.779665558223616
-0.861540712467524
-0.952775765696806
-0.732998264391193
-0.881587211954655
-0.777648946183839
-0.820638322587194
-0.7477557215019
-0.971995257376396
-0.756939349732482
-1.02670947868757
-0.830349782936289
-0.985153618349365
-0.821442841617086
-0.751779267987934
-0.721010687159413
-0.782076902201933
-0.836115623804991
-0.820169024576853
-0.83333843902726
-0.811157217483651
-0.794540529850483
-0.759166356345691
-0.674533605995943
-0.905942398142709
-0.735932083613385
-0.757181160868185
-0.823817836915675
-0.593475008371509
-0.663212323935347
-0.774205927364276
-0.790036465767071
-0.731938984421008
-0.676922069128698
-0.826867296337292
-0.751472362991172
-0.606153448613785
-0.827985369421416
-0.851900037499131
-0.775815667556231
-0.834672472539223
-0.848668620154263
-0.755229228685539
-0.769157046251627
-0.609844971703386
-0.752686652935405
-0.640397388326554
-0.898676258065296
-0.824991896683546
-0.842270447383316
-0.860208975032761
-0.703172536993394
-0.868535529758731
-0.742059064919056
-0.820147601161857
-0.673802899751234
-0.698152998187877
-0.744941797568192
-0.668016238091375
-0.838525758794931
-0.72338596546341
-0.751630130436556
-0.652575131924651
-0.796415051531094
-0.674258560023541
-0.658092119674374
-0.630224529949352
-0.570135470243491
-0.882366409734686
-0.566079293854059
-0.653339125551901
-0.757374589504422
-0.773783312850186
-0.699289233461626
-0.673039892417874
-0.661505757339145
-0.590569504553789
-0.60534217076537
-0.618546283209398
-0.775900992728002
-0.737698515380789
-0.63031411686879
-0.677668306462856
-0.609363149115053
-0.685920629558127
-0.651072419074716
-0.770145314989591
-0.624523203090143
-0.674693104896901
-0.554320565584695
-0.577018748123008
-0.75090858571211
-0.747300564060322
-0.608941595298514
-0.733564765209004
-0.719806733796323
-0.581595909239976
-0.625060592343051
-0.529146987217612
-0.68462074527658
-0.709388274957396
-0.659972568356151
-0.724826781232311
-0.628047591044419
-0.816790052178387
-0.651992836397737
-0.736274271989722
-0.628089246501363
-0.657126672511488
-0.681229385823238
-0.678864508203946
-0.622610428402983
-0.611797230305857
-0.583232199973659
-0.628186999892682
-0.7439612285689
-0.640426045860451
-0.740390121382165
-0.50352625334945
-0.623921838275797
-0.660560052325428
-0.599783923201785
-0.653227792445836
-0.589330601178692
-0.632199720829235
-0.699774109053836
-0.703124052720908
-0.504111345492172
-0.563758237745044
-0.530423011059495
-0.66009223106894
-0.663615503856832
-0.396584210610628
-0.602833411049233
-0.483645157907143
-0.309020191953161
-0.520614447265032
-0.527238628534832
-0.625153318969929
-0.52519252029152
-0.622534692467167
-0.542714291575634
-0.341930856670561
-0.499720071910074
-0.705284397699826
-0.72817975794888
-0.632115325398066
-0.589322229442213
-0.389479107934214
-0.798372329543389
-0.718072231376116
-0.607729461420706
-0.442926302356048
-0.505766909183457
-0.396549620154518
-0.581194219009004
-0.646820338895329
-0.670311978681062
-0.604628431596876
-0.605800484975222
-0.539394715274492
-0.449304997628396
-0.713247578686437
-0.460749320934016
-0.527331493090781
-0.490117239467812
-0.538835893290408
-0.568970673255641
-0.513124820038416
-0.586288117956432
-0.59627357634244
-0.354977670119161
-0.511843820393752
-0.430023892496498
-0.436618161305688
-0.664104124996805
-0.370357761526091
-0.477690524425466
-0.427576723298963
-0.402253786582551
-0.636644352130357
-0.482864939782274
-0.504323868518963
-0.492562909912294
-0.446623841352072
-0.37338835289833
-0.587153080174321
-0.539514133207396
-0.248465840884964
-0.532283492870913
-0.628420563779341
-0.565474425764214
-0.424867881917066
-0.539309347728625
-0.534933726319654
-0.469135781412025
-0.468016216494474
-0.345345391924921
-0.412513590213782
-0.403334732160814
-0.434216459230493
-0.661313291575384
-0.439022210467802
-0.475803661984611
-0.432314464019027
-0.476834198799653
-0.43353998114411
-0.464309615782288
-0.509955117655874
-0.407652783498441
-0.471918459697438
-0.496173252871767
-0.369014205421173
-0.416132669895482
-0.340085724836822
-0.599529361898433
-0.471964001745877
-0.394949464118944
-0.574025183128393
-0.438505929170309
-0.370726885866782
-0.454119394590425
-0.454644392308539
-0.442185815309469
-0.327186383109007
-0.552010500349284
-0.470035750097892
-0.46286651001314
-0.34479274070955
-0.399371458568075
-0.249250341660886
-0.384127613441912
-0.532119625844191
-0.183883665185897
-0.316213378841936
-0.316735964780077
-0.351019805308786
-0.330613939596354
-0.389991529995039
-0.228709977236909
-0.401307302940739
-0.340118916534561
-0.350443383127343
-0.168312995031429
-0.451637016141714
-0.401203950945981
-0.317208612388296
-0.35229211537445
-0.326780788246134
-0.418131606023979
-0.420835875364436
-0.411367745880515
-0.195098513196462
-0.28201508525746
-0.377938822337463
-0.472623018324038
-0.167699527842034
-0.235639808070582
-0.268702856125169
-0.294524807105455
-0.297021257305732
-0.366687905923932
-0.272674547925043
-0.249125890600564
-0.315230031657478
-0.237307749419353
-0.294618083202309
-0.271172783984115
-0.355628960794237
-0.227798616882679
-0.35934781454552
-0.354367579504532
-0.307732623409516
-0.393496327031077
-0.26082465163101
-0.40969228683108
-0.22044390681487
-0.292309815451027
-0.306403505242376
-0.164537776401299
-0.399247117026506
-0.273736922555701
-0.263367971748316
-0.335134856329067
-0.250577742453586
-0.260583161166383
-0.259664981373144
-0.370321344921467
-0.266306119655455
-0.138087539344557
-0.187160467626707
-0.25791430526217
-0.307358112492609
-0.214065434290245
-0.210668086122633
-0.287719812007541
-0.232299232871533
-0.271508687141637
-0.150309875293761
-0.162920945931532
-0.28625034677174
-0.284611107055838
-0.161624071205859
-0.328595899387043
-0.166882944663504
-0.213964747380254
-0.226578112210902
-0.302290757834697
-0.162035202388292
-0.18134045004745
-0.158837809456144
-0.254590007541669
-0.296046475103434
-0.261601551562469
-0.29457949185318
-0.170985241335404
-0.2683619206445
-0.166860246364432
-0.213888475094413
-0.262388820036889
-0.280797456290161
-0.238417477082825
-0.0456441050727688
-0.329757692900727
-0.241145370484247
-0.0216665152168739
-0.139403315489398
-0.32540324108292
-0.0597910789729294
-0.168086957252254
-0.290577978427659
-0.262212622522255
0.015396282954041
-0.310147450421091
-0.228718512581912
-0.088724674097046
-0.198702051484577
-0.1006135817059
-0.187014869969941
-0.164046643803887
-0.137068615398226
-0.131501808092855
0.106825656976156
-0.0281973235886729
-0.0908637668707162
-0.185552333882691
-0.14235986668711
-0.151853397707466
-0.13186365939331
-0.135842699003393
-0.124770946227042
-0.195594085307745
-0.0154638830700927
-0.0396889907633149
-0.044522040391527
-0.194634359937539
-0.236048617846171
-0.174977612251662
-0.0911238948682557
-0.103196092238324
-0.10906798372397
-0.126870738014434
0.030073697668436
-0.0780892694601811
-0.104872976359493
-0.113452550696812
-0.111404387878491
-0.220442170440517
-0.245980360670306
-0.191180823508304
-0.184843501810622
-0.21452163306129
-0.163732680397443
-0.283273275014033
-0.194694461707075
-0.134382099555455
0.0639246388357466
-0.06949048396752
-0.0147773622821975
-0.127496331512169
-0.0197743875662993
-0.141994554415603
-0.00426501261299534
-0.108823302868505
-0.13769022649575
-0.16114756926202
-0.0878703838610572
-0.0206696038786216
-0.0888676470387119
-0.0731241413771999
-0.151747081622405
-0.202474502516822
-0.126759077072176
-0.0148998110547402
-0.0291790438655755
0.0227576241229788
-0.0603781139890056
-0.137333173088324
-0.0187794821617492
0.0106522773536986
-0.306238046376747
-0.131353409943812
-0.258627537935415
0.0141051661394483
-0.0557677769662921
-0.0395913577646546
-0.0216755086779465
-0.0823781389052319
0.0246068790126045
0.0243390875851355
-0.0484379791163239
-0.00983612188137245
-0.174629179418034
-0.0351948957929807
-0.100156926085145
-0.178636582261268
0.0261172899966635
0.109646699074772
-0.0225033816025875
-0.123616150012675
0.0679909236468448
-0.128548419453123
-0.176768206865445
0.0419718960520596
0.00679953648818577
0.0202209210502837
-0.0267706287818543
-0.0127726542905259
0.0331205627240158
-0.0221630364797838
-0.0833000449030284
0.227466705982906
-0.156035947705096
-0.0589543936348194
-0.0397969990471713
0.0724534624005174
0.0409647914615105
-0.0654379372723368
0.0222459497476115
-0.124241713482726
-0.017776651520407
-0.0342143556878895
0.0535296311035588
-0.0192918265962648
-0.00983439761700283
0.176702015775063
-0.0983915285117328
-0.0320251787680657
0.0121339002539118
-0.0730803184069834
0.00595097143366619
-0.0415503353402432
0.188090709679867
0.0907566871766964
0.0812446698669595
0.214681610781432
0.0643803461614572
0.0135918661160307
0.149403506730396
0.144041112496895
0.118758857043538
0.184375653647929
0.101655122553679
0.0502903259875032
0.17301041409778
0.133242799837605
-0.0612766179472422
0.133893817041459
0.0932779629908175
0.0485721670213927
0.00982426290805453
0.11896785162053
0.0911620367109534
0.134748586948913
0.00302239116676243
0.0893406495026062
-0.00135498561764981
0.194995527604834
0.105332781256303
0.121717601926466
0.186658055724282
0.0484255574524737
0.127692168297082
0.136659329263019
0.134729456689247
0.219508323068434
-0.0212216937417273
0.0325012959646402
0.0524121885674739
0.071418746100488
0.364977233574338
0.26719021804959
0.228736621197869
0.0346346563218021
0.173677683996838
0.0165364225674134
0.136547884560914
0.265082658735647
-0.00896607448069497
-0.000934649347247409
0.121711891733733
0.195813387701336
0.149553369674869
0.133370137200554
0.218876992157073
0.250189379061133
0.188985778525479
0.229545508441704
0.0694485375078865
0.181024628905142
0.0934314150045448
-0.00580440220068016
0.123633697751796
0.0931560531423175
0.181328194418962
0.276521775830606
0.18714699276582
0.178278791258818
0.259887618953669
0.181621826973047
0.157120527288985
0.212627665923666
0.224062721354505
0.191149222925515
0.157925920951746
0.118264301972686
0.23236090467798
0.211858080636076
0.232115833932477
0.339764093482893
0.228950234018301
0.0195793437223914
0.21623351037198
0.20590540128109
0.371060102364888
0.112937672395637
0.258202740235259
0.259942776583866
0.141600227459565
0.38886280933622
0.28116978736278
0.217133361386457
0.245172396354274
0.142410834954613
0.306517502154555
0.453660424401865
0.35069713673912
0.155014460099316
0.267437293855743
0.222862489931629
0.32927006999939
0.280810455821885
0.3714261658892
0.156743185492991
0.32246768287236
0.335077157019413
0.192926714068637
0.193996588103948
0.255430943223587
0.338668594129159
0.251665014374166
0.40198303512512
0.289740484190351
0.448995346617257
0.259792456198722
0.274401562984625
0.278206077789528
0.282658433671778
0.231230535707339
0.261503372683218
0.204280387396597
0.342741740567624
0.39644809046199
0.342701160326263
0.223090801692852
0.435324683598935
0.517753790890306
0.393805300594085
0.369157090319392
0.36025286910919
0.0853975802246684
0.365288444113727
0.37650521635147
0.192530772134649
0.44716157335852
0.320646668280129
0.34094523082859
0.376186479983795
0.341138015266209
0.424028273030891
0.268621409862809
0.338990082854363
0.312156208067385
0.295683204050622
0.389282877150289
0.313292506218625
0.363110078102044
0.373308174048134
0.265053598250426
0.433599786950655
0.350237597363436
0.272990036658922
0.337661268420114
0.35991744258281
0.39619089079103
0.469828770132796
0.326088442358251
0.364494717399513
0.387723085060661
0.500976578613789
0.423068673606583
0.382335939200441
0.370660931765638
0.430963108569679
0.364088804695816
0.367281030075439
0.476498516966625
0.289705920664724
0.486079617265947
0.393140390399647
0.377593357785924
0.357128842823464
0.381645398078513
0.460063096204539
0.434549269809684
0.49190792060308
0.320358325900119
0.264545360908738
0.361901159256391
0.614616317533982
0.357636673753523
0.570596244461524
0.361075195617323
0.298665568378461
0.349216204333232
0.448458650326205
0.409407125469661
0.376332548910733
0.341867190653253
0.480341173699367
0.452332546757647
0.655488079020944
0.482768205813974
0.493744260367492
0.471701165727676
0.37651862477928
0.496896801828327
0.437036239272497
0.371321982320133
0.537417760154989
0.599032390789619
0.274016599221913
0.52297796857012
0.454479322495128
0.60721851693384
0.318825654502593
0.414346485213582
0.549398494509373
0.438088739968293
0.511227353994464
0.512767234503075
0.389091099127939
0.557824312916222
0.530014618407085
0.555983213786413
0.262654563788904
0.43806643872
0.425953722087933
0.32833328322956
0.574362794682652
0.413879981579566
0.47717589408293
0.544834757029136
0.423960402675681
0.353020555093549
0.561780954469211
0.466588767579622
0.393270800871012
0.562638904156577
0.479588963158731
0.477389793433346
0.327311085753759
0.485486893411787
0.57442263543745
0.463264198961572
0.552841612749352
0.514973885326592
0.449935304507979
0.450016579455793
0.586362050758467
0.439617593362573
0.540677348975826
0.546979607653194
0.570459510751083
0.496806939827933
0.478871071659585
0.501194189034146
0.391586236117056
0.529321226110224
0.54834157165376
0.643809320895848
0.647354903820763
0.596893753047634
0.37751128776101
0.557135958480407
0.526056109744504
0.601775316977865
0.491171539110417
0.491782374219357
0.585723007406586
0.573357322759889
0.456183644343619
0.566470202518111
0.527943675697879
0.634058796697778
0.544209077809267
0.467251989613244
0.724850340276102
0.600855297436591
0.603451190861165
0.577851614346444
0.624195745626745
0.518789384371865
0.588401821859662
0.458757624281131
0.665370974365405
0.54671179991603
0.557793401937651
0.65507570666489
0.766632431570099
0.621260337857119
0.717890248496757
0.539377915028011
0.554209242087888
0.67310351187644
0.658521381830079
0.740714238603875
0.716246806089328
0.580226738592325
0.660124583786091
0.699100635779555
0.505425100469602
0.632361708728009
0.5580579877973
0.604674364927778
0.528267682880407
0.54639135635306
0.640012646635315
0.517856064639735
0.656118941824176
0.793503751440225
0.55236088953744
0.7314212008646
0.74404397788327
0.674975412407498
0.67203240231911
0.609216149137017
0.614802881080521
0.655581952273509
0.82798039566442
0.663243728549057
0.572819478244714
0.719610636765872
0.587597825018312
0.53366124143599
0.639159500354042
0.601137909313832
0.766119971246641
0.696406789464169
0.60394240164201
0.546182044503047
0.614669652508197
0.720397593954449
0.670136383043139
0.74329836199604
0.678540661057704
0.750410986715729
0.864156517803575
0.827360422972028
0.555377378477933
0.80440094456774
0.725107107129902
0.785596979952849
0.659262924762014
0.713922165832688
0.781087087460551
0.726401584755523
0.75954575642268
0.733272149638326
0.680877940457621
0.71958971797221
0.761083750266376
0.689828333786424
0.693164628685271
0.709951282687331
0.635776457112662
0.718583333469891
0.757350456818341
0.681720319279925
0.692989282162742
0.646364274684523
0.849949404042586
0.687674756385415
0.645530701759388
0.728815403975256
0.617844830014596
0.664858315043171
0.738438764660849
0.728275607236042
0.76903965254992
0.630539141671134
0.65806523381084
0.641692013534819
0.770094840187529
0.723484279040466
0.878793593889134
0.793715375091603
0.728701376382498
0.875352980104272
0.696917086927117
0.748993354004731
0.767059312337383
0.781250285512774
0.787715852042757
0.879380655921004
0.761140447938674
0.807863356383062
0.75250201400614
0.826447933624062
0.983788301356001
0.91447013265902
0.850843631920736
0.820552574773092
0.923678061978151
0.762634564650522
0.823594869870557
0.809096024490614
0.837043837352663
0.952234203078962
0.781675429700511
0.812125267984668
0.829274010556669
0.990418501202916
0.630496533030737
0.826591249462117
0.787770478410138
0.860500346565594
0.830882008011311
0.830974598751242
0.771076819046002
0.929342313270524
0.632153435689394
0.923438063694077
0.849980498572095
0.64730579067973
0.910147595993807
0.938167369043804
0.940758594258505
0.867754496014381
0.944763725256114
0.776720817014333
0.794984304640565
0.887602162473263
0.992776220149036
0.916946716836863
0.836542368200911
0.979803853183385
0.841303904875651
0.78043059613792
0.942801737220673
0.967186120864969
0.828533984199758
0.857471904387046
0.893987045851131
0.957439646434141
0.927659729309383
1.01315221465801
0.997719587655387
1.01603437460516
0.920377962722177
0.847713554843476
0.89972403825669
0.962000568435985
1.05630754906321
0.93090748298105
0.942850848971504
0.970476832994447
0.947651960983023
1.03214686857479
1.08414132539774
0.916665612204594
0.889109154547704
0.83406480645811
1.00088089928686
0.97592738217373
0.926564856106672
0.898813989063793
1.07333949909546
0.958052100946877
0.975362295185701
0.922109807287002
0.943327492498265
0.876534691168896
0.937765054159906
1.04778518992193
1.03295608041288
0.847096326354521
1.07987595394617
1.01027650970803
0.855709619075432
0.912367108288595
0.920764038871296
1.10357159949995
0.959446193219524
1.08778238764273
1.02020355754016
0.902887837745188
0.770478349402488
0.994088401660277
1.1244375363282
1.12120426918536
1.08304820527278
0.934735973159105
1.07338927173407
1.04692186106669
0.998581365111861
