"x"
-1.04982762862853
-1.11315024923938
-1.00514849749824
-0.940328340218101
-1.04133202864419
-0.992977886944761
-1.07991915672939
-0.964661432933459
-1.17869709373932
-1.01115601602024
-0.96176922217959
-1.02809314460747
-1.01100707520636
-1.14018756369333
-1.11457482616539
-0.995605207683338
-1.0566060576357
-1.10109190677666
-0.851327563412568
-1.03157354433697
-1.00686551472636
-0.892668196858025
-0.929170797357426
-0.958881010299188
-0.902228990479684
-0.861887918741733
-0.994428505017371
-0.853803975642623
-0.933548229896846
-0.870031913892338
-0.946472561771976
-0.900766006586629
-1.00414845308705
-0.817014411145323
-0.880880467028163
-1.05000161036214
-1.02941384231221
-0.927398232867621
-0.876605139028618
-0.981895211923741
-1.04597832125622
-0.773010488223682
-1.00380092534757
-0.977317298412567
-0.954435323452287
-0.942060110631431
-0.974835896044806
-0.931349564600543
-0.851829200273041
-0.961590016639366
-0.884962668124943
-0.957212048651235
-0.891130759371057
-1.04778514673319
-0.879227204503802
-1.01357418177678
-0.934500083426437
-0.713760187746897
-0.789577946376074
-0.891288801645499
-0.876040970095722
-0.893038990837485
-0.712870378396998
-0.885327680744878
-0.942188742916605
-0.859251280126543
-0.933369514656552
-0.986110673604685
-0.968257204073892
-0.832174759367168
-0.763732101996469
-0.882512982866282
-0.814189862660027
-0.817985039990368
-0.951458413173183
-0.852259550749308
-0.879557919657701
-0.631377384052889
-0.842444843763859
-0.764762441497952
-0.707527587913926
-0.729106154173774
-0.8624771058501
-0.897202477941785
-1.009655990245
-0.821091768946448
-0.783787597066002
-0.898342123623893
-0.789072322153964
-0.881785606556265
-0.773396050433424
-0.846497418771028
-0.915822487084565
-0.811441632765639
-0.802854845866222
-0.724746390861683
-0.731054481374389
-0.73804540312121
-0.704108732818023
-0.712068493714705
-0.859231961743757
-0.735403925113921
-0.608911183079152
-0.856399036342613
-0.806531337157602
-0.801643167988318
-0.884162814445051
-0.811693623367234
-0.771510417207805
-0.699440992421079
-0.696344404558056
-0.783611121194406
-0.71570954328128
-0.859817476168653
-0.690753820977415
-0.905873658019167
-0.718914172875182
-0.888165290627275
-0.658193816280439
-0.886599833713549
-0.739781821977012
-0.802979936643708
-0.814471198360772
-0.97649972961639
-0.758197192930006
-0.835162414225827
-0.734583496447505
-0.631622201404582
-0.704018593585358
-0.677872151233514
-0.695531442894744
-0.780198497062226
-0.819989308544679
-0.890620959723824
-0.904034665501739
-0.797366414535853
-0.640334558264677
-0.60914788054332
-0.755139622021907
-0.6899350804872
-0.808487054638674
-0.460578161945005
-0.688934126518996
-0.756674270063226
-0.644239217199388
-0.514344172966964
-0.885652377555588
-0.556448582584045
-0.683287043734348
-0.615767131771926
-0.801765639645432
-0.679749583976653
-0.818772305618751
-0.720694946318018
-0.611841598355739
-0.637022210467824
-0.594783496021591
-0.625886636195136
-0.628492180784565
-0.688366050265129
-0.607910931592863
-0.718027141000045
-0.607156255701195
-0.528719508787933
-0.664917035669356
-0.619733410665571
-0.703733062374084
-0.600423767512542
-0.571345607363242
-0.688158225090829
-0.761687406691584
-0.622153095527368
-0.65553587901463
-0.638073722295184
-0.579041978363958
-0.513323560551278
-0.572699821709977
-0.600986821071544
-0.652942684541799
-0.678945481900122
-0.731563158793899
-0.677336611893111
-0.430596982246136
-0.600620348729634
-0.615790141754674
-0.692486860365997
-0.579631708932872
-0.575875905265304
-0.731632753148751
-0.590245887298848
-0.721219186992622
-0.622720636280851
-0.743327583079138
-0.706855574856366
-0.511395182773128
-0.672629805052546
-0.655294420691818
-0.671748979013406
-0.710588537725659
-0.517030318088891
-0.667814766489639
-0.625125307660289
-0.664817909346744
-0.596441876010802
-0.591154096099778
-0.513748059990142
-0.635576474760299
-0.588933293249321
-0.651715029915337
-0.504701464652634
-0.485047609151168
-0.489124911143839
-0.572595502744865
-0.488886927809886
-0.503526648685015
-0.545602554193747
-0.461558544385134
-0.498051006508956
-0.594650648397713
-0.575260816280118
-0.562999946553933
-0.576711452399822
-0.61471779414787
-0.516440142665812
-0.424078449204414
-0.58196276817377
-0.469935100418637
-0.589459985262526
-0.531656312577023
-0.487973688846793
-0.424707779405427
-0.599630047166493
-0.480445746698873
-0.532048325150424
-0.535032991122808
-0.473066141949058
-0.536125099179752
-0.520325143482218
-0.585831507674392
-0.530473814446097
-0.579760354245238
-0.57864361079915
-0.496415600700746
-0.62681518698428
-0.510479280022734
-0.538694114672897
-0.482153441109764
-0.54950125211615
-0.487923099183622
-0.540755813788652
-0.512501764345423
-0.602156379380955
-0.380157022204724
-0.649070229889185
-0.466501292169444
-0.581913499537791
-0.520290624776856
-0.518266069879482
-0.459238994743161
-0.504548879584023
-0.605278451206795
-0.629725964978311
-0.358543311285234
-0.546477749837594
-0.407018026624183
-0.506751779674442
-0.428054641073709
-0.529142170794812
-0.4060153364049
-0.395043770179274
-0.324198966673995
-0.447356593457206
-0.57448828099215
-0.461813104014459
-0.420977041032776
-0.334159543387733
-0.456976324007676
-0.490531173458903
-0.525848584982218
-0.426509701768765
-0.466928478733334
-0.537474914097732
-0.341040938295734
-0.424617228928703
-0.429370649675594
-0.369351552571097
-0.384436818881089
-0.342621072080431
-0.344953162392518
-0.325481131909812
-0.457841581388192
-0.265942003429751
-0.299875605819646
-0.528167540489781
-0.367233216243951
-0.395423827262889
-0.461084915509961
-0.239003849792693
-0.434088990845551
-0.407795158400305
-0.444964644699042
-0.37416429032025
-0.368919792639621
-0.475787199502656
-0.325685323100699
-0.389959213670813
-0.357550579543778
-0.462415034408903
-0.462908958449629
-0.334594657497148
-0.434692985363554
-0.305292265423013
-0.291515050750167
-0.4191791504416
-0.344975984520389
-0.320783247095892
-0.434178722011229
-0.172399421944981
-0.428971775971072
-0.258749118419904
-0.363002567288168
-0.403378859465006
-0.402959546305396
-0.38864643711683
-0.353504710319385
-0.442074823361076
-0.119453820091538
-0.348026542833197
-0.344406562889742
-0.144779444781443
-0.347665679355979
-0.263210408610323
-0.356839270283583
-0.327269917743458
-0.354065176101554
-0.452921163223077
-0.339264277487627
-0.418113823610842
-0.399717114791553
-0.237672547805576
-0.32185065685621
-0.372628655067053
-0.23335713973946
-0.441111421435035
-0.381156209951716
-0.257130703036553
-0.356756426263462
-0.475888189306319
-0.424233293970782
-0.199385925053169
-0.304896696303899
-0.310126331515159
-0.199652987407613
-0.269289968704681
-0.196800137849505
-0.284248030107766
-0.316992556376581
-0.267959034166215
-0.406255289163855
-0.214517147488483
-0.384894892576079
-0.39082541509642
-0.296812011211974
-0.2713984135128
-0.190387254809967
-0.407484571593118
-0.299933680904855
-0.319603239664514
-0.162125777483793
-0.196630443808295
-0.232285969641393
-0.30370505662966
-0.277276482009749
-0.389419631881885
-0.267973990718736
-0.196916005255162
-0.309253778332197
-0.269469921588538
-0.324564640119734
-0.384337360517219
-0.290145793043574
-0.234381298397232
-0.368517207871091
-0.233367217869391
-0.358231875932215
-0.298868000527281
-0.384370709796675
-0.194196856102026
-0.227654058631913
-0.192466279763871
-0.190945716317271
-0.150086583431588
-0.284931991800868
-0.0507364613866127
-0.364145919894587
-0.227204779066461
-0.196011360547581
-0.140357165723873
-0.291632744929179
-0.302866911337415
-0.246906517262071
-0.108585562242766
-0.187566137577196
-0.2864397196544
-0.344254417816731
-0.0614491468355444
-0.0830135547595572
-0.35126824009309
-0.208758913033683
-0.23343950777164
-0.271764941625143
-0.0337586305761834
-0.170370800369254
-0.249058838608867
-0.196602790418658
-0.17845058978878
-0.224360796016428
-0.176644601339326
-0.0732214020801354
-0.173333756482569
-0.10568805619541
-0.193002958290694
-0.159890884539426
-0.192257142436465
-0.201439455352258
-0.0500247353439568
-0.0800753471211024
-0.169340453209962
-0.0824578808748864
-0.0312082799170035
-0.0915984304388054
-0.0756910675790734
-0.247481796577137
-0.160948602492241
-0.0763363089116086
-0.0588697787826363
-0.0753094476535282
-0.0510758770950286
0.0626039393612685
0.0131867442276979
-0.237103880452777
-0.132025714608674
-0.0726590566258622
0.0883705886358956
-0.129247827043768
-0.0541866363442867
-0.147020469890359
-0.0554544799916654
-0.0582648848661534
-0.273735587575461
-0.154419219594604
-0.117248165254861
-0.113224298604559
-0.203364543838347
-0.00643448147386348
-0.101907848788932
-0.038114274477378
-0.0243468021403196
-0.0387939026160943
-0.104386725704607
-0.0964343878713216
-0.0181159481092943
-0.0536198778170987
-0.0558062171694696
-0.17856201044017
-0.10643387882008
-0.03650200369412
-0.138701561876413
-0.144429073203761
-0.143622507876288
-0.0905972734545517
0.159333190850889
0.097475815811045
-0.10200192669677
0.00190749629037999
-0.0293249323496615
0.0430262583510458
0.114513651878775
-0.00437599497535184
-0.0617379995936624
0.0245210816141869
0.105463434905912
-0.000502716462821978
-0.00131302925173726
-0.0365032108435177
0.00994207360908204
0.0283013287058495
-0.0964890697216707
-0.0617113226052849
-0.0295001220231876
-0.0100887348678826
0.018868111747416
-0.132665845382837
0.11268626344105
-0.0366666002978822
0.0632077063502276
-0.00577071271385463
0.0330737441019261
-0.0738604119808443
-0.0210378036209243
-0.00198306209575536
0.130626487943615
0.0343733106817801
-0.0543106674588109
-0.104125627106109
0.188417645436387
-0.015308245079607
-0.0322236093188587
0.0843040221463135
0.127899236219579
-0.0252753483386347
-0.01990989213604
-0.0654229689412208
-0.015401865586592
0.134290871262454
0.0325642689206618
0.14437431593601
0.0616809300907285
-0.0418725548031217
0.223158354506295
0.119963178641694
-0.0448538584271781
-0.0838336185252098
-0.0513691902910242
-0.068982827853193
0.050235280324919
0.108643800447881
0.201917258152481
0.150937997504572
0.0438894860429296
0.0713022909474929
0.0610069233691674
0.0234042108155288
0.109817347840927
0.346836076775745
0.088354265637559
0.0956562241102347
-0.0317298576650273
0.0756575854554878
0.0948516549247782
0.12779658894081
0.175989693781189
-0.0312843678801797
0.0982426266578796
0.206749424407041
0.0814045737964514
-0.0171700575275557
0.133175972091251
0.0364894271895971
0.0878667111022082
0.112561406148476
0.110119887227183
0.160825763756732
0.0633581549691922
0.0833298120537586
0.0861744556786757
0.0318080028018231
0.138930215351426
0.157493111146051
0.138013697580797
0.217573007791384
-0.0645945374843303
0.0920010859223163
0.177880558794565
0.229499129868582
0.030526392274636
0.0388652502113541
0.199735331816209
-0.00778999121962451
0.194949966860984
0.0279883033292114
0.251426345288999
0.166235929743958
0.130878578625063
0.143987417584624
0.0830641355521188
0.246209812329627
0.0699906585151456
0.230710676825282
0.0256591480956596
0.255517259746834
0.227789005248396
0.119163432459641
0.0912868675741623
0.34216433769475
0.240808788303007
0.21821774097639
0.186836348860619
0.0891394434666665
0.073897351716552
0.108031491709213
0.0187161485076107
0.27416236923131
0.281169163437438
-0.0233043718979307
0.261617380939704
0.298904009803734
0.241563332831969
0.235607868649504
0.183650821275033
0.130469786706214
0.176974671775734
0.269427824424737
0.0815160532572044
0.320492692121317
0.285011577330435
0.170893101908755
0.215438374967549
0.224163512377227
0.270128802753496
0.302663845758302
0.0898900999984205
0.202293639673062
0.254067334453054
0.245184689337898
0.385683879290851
0.274293849509473
0.23556351696934
0.267974832482581
0.25078873148475
0.146150025607612
0.260658220340334
0.300555924894889
0.055486027397844
0.199952276441788
0.241888320423299
0.372950732246764
0.172955516103089
0.378444214181374
0.370400442708286
0.271594160355421
0.151055258936286
0.278361095748085
0.262862975422953
0.315455233541238
0.170440224339412
0.380528683963682
0.431653974814264
0.292213056098059
0.253966915229431
0.260827937799029
0.221494369886168
0.39256875579849
0.476945809206328
0.320143359790094
0.195899852273084
0.121795422801116
0.448513459104101
0.291909623829128
0.22454877311304
0.313139396475369
0.256310200415426
0.40626364060389
0.257580632792528
0.265413898922606
0.252757088522412
0.244524502018936
0.395260554675309
0.277692263961979
0.480059287728034
0.28298490531581
0.348114346632933
0.352996963619707
0.381072547729097
0.286369184210127
0.255056473744824
0.403999469652662
0.315639507114855
0.44504457739566
0.318345316999036
0.435048608824189
0.331087066122813
0.278150115193748
0.363530586323386
0.450045673722439
0.441417235699407
0.386210395928217
0.376085093095457
0.352154914320129
0.320885968740625
0.193714765216286
0.449534722356468
0.200578803807358
0.187291566918589
0.406679111660358
0.427459598937934
0.420294513800277
0.347656581556231
0.345509317321745
0.36425439367201
0.377216280138895
0.376384130208939
0.336235660465527
0.35424713797826
0.382218985185728
0.328230780185628
0.273316417625215
0.360656748528351
0.428641847286715
0.340920320093106
0.397880555590714
0.335527764431827
0.360394849886531
0.294708005420479
0.22973951668909
0.543727471004954
0.46532454826505
0.329429270031909
0.421975176448586
0.530635733753344
0.426521518143313
0.455023586834725
0.353989546499097
0.362550902385803
0.421735072499565
0.361197790937057
0.310129172816131
0.406845350215054
0.291532652986888
0.435633078514254
0.514191415083857
0.475703488631362
0.454025890225677
0.489352997930164
0.536957175883062
0.444691820634863
0.501318670125218
0.421872987300236
0.6364939879474
0.366426704080009
0.526876251139499
0.422303731631053
0.409733481771069
0.535804167047951
0.413584255924789
0.548999997604519
0.531160563507927
0.328328350930577
0.377400467635526
0.421821223668017
0.387024063632945
0.6020231462989
0.63100175391529
0.681058573317823
0.448102585364139
0.48262600702001
0.598828636871061
0.506934204247623
0.418933169215497
0.488972710731662
0.45211077975516
0.533026256314741
0.484211770892683
0.638425316876288
0.347935805147682
0.618714824531636
0.594484049001303
0.452258443688845
0.622041052766209
0.539986350532668
0.600387340162675
0.651871227312367
0.504809519452109
0.457993495712784
0.471932488939699
0.609065796956549
0.482648337338005
0.497569694880812
0.597522860179997
0.580370303439475
0.504192618939558
0.57240499088294
0.493206457503754
0.714865299421297
0.676006397943191
0.40858950651645
0.459386090806397
0.547151804651414
0.593622297402274
0.477753283816739
0.3599138024976
0.47973866509412
0.540005336849638
0.593032140936507
0.607713458176558
0.431100268078504
0.705264140336597
0.651617475973107
0.568811212962924
0.586194277326882
0.69154095722261
0.427197336249021
0.37231473887426
0.535965130515783
0.52811732664201
0.538379145989103
0.465522779625991
0.427042473307592
0.572176314462712
0.578650587564264
0.845967770783272
0.69457995329091
0.579498943257749
0.63321845248651
0.711335117392162
0.637868075273582
0.660294349286313
0.653788607427069
0.579159419595911
0.575521280630946
0.564134127889749
0.687903395206687
0.518395547043716
0.692202096638584
0.700597520046945
0.691758797405018
0.752770701177998
0.59913928651878
0.695887929054148
0.651318104203151
0.671116842606504
0.60049116079228
0.736536448751377
0.836242618491395
0.828399887416941
0.649094656258747
0.616115893705066
0.688687027180446
0.81056868059334
0.651551992275224
0.705588375716825
0.707890554171171
0.658888338755984
0.564218283231075
0.605164110462642
0.647127773561408
0.575537727561016
0.772178458784219
0.59557805400423
0.634411272154125
0.472098899240233
0.622419865367493
0.650597669630374
0.52234317417003
0.669633667767428
0.640749414399054
0.734694438718932
0.642045415042157
0.728496707269412
0.644411751934484
0.531323959038831
0.610288092895904
0.747992081686267
0.80710236532263
0.81463794099977
0.72969742086583
0.731751544067939
0.747205414692596
0.630624719943145
0.605569752047069
0.76040384582218
0.733946615174617
0.727242673859977
0.771556637483196
0.809751611401075
0.681061370441965
0.803152684651687
0.807758561679182
0.654083926584477
0.640407872212757
0.662052944084923
0.717676799240076
0.840151432996671
0.847995604292983
0.582676676925521
0.692232990475009
0.874833882874818
0.774036029398284
0.810022807453656
0.653396103473298
0.858382557533968
0.775849005548303
0.827413390084772
0.767054001564504
0.795411447445352
0.916368627544382
0.655839035822657
0.83756773239111
0.824180379051222
0.78456288607022
0.72339445814338
0.78578001448457
0.872291424766382
0.784387386907331
0.802877920965169
0.787886463625714
0.778780574291805
0.763601194136211
0.773931424632259
0.850632867556161
0.711559699977045
0.605125456533338
0.964384292554444
0.708814244910574
0.889648066787118
0.865768009063387
0.873961909105174
0.690483736980347
0.834584278055168
0.901906239940035
0.726508616962516
0.796474518182266
0.824244468763132
0.891672290131956
1.01129104169962
0.863084352129217
0.656619242457438
0.765650588196291
0.808005501241603
0.913602952954816
0.77919893168279
0.832423093277225
0.845853883138009
0.828394810856333
0.728682584102202
0.901297851600438
0.827719957608253
0.950357040577102
0.891262934900184
0.735672818261304
0.955330069109417
0.854699103268418
0.804267280912317
0.742905950938458
0.844007179760866
0.801277618322709
0.859722879898766
0.930728553808631
0.871888262206778
1.03828208211837
0.847528136579887
0.883690455017697
0.695215048875155
0.968976510925731
0.932400739677325
0.970253426633729
0.842680320913354
0.939476683553446
0.85801241716899
0.820610314833381
0.826090885507656
1.02638858670979
0.960856085795365
0.861754507368211
0.918988998334624
0.872131308251459
0.909191828717566
0.935658746291237
0.962357090617572
1.019662500107
0.984888197856978
0.897271734051545
0.8116056921401
0.82707310889088
0.906654772864437
1.04027448410492
0.934172924069602
1.02162514569811
1.03159768111486
1.02540399860944
0.89540052415004
0.81499965937336
0.887215245429694
1.00165149762788
0.845673914143553
0.907779271305424
0.95681098055002
0.901481604128269
0.849606407006459
1.07576918617915
0.911006306879748
0.761531603050306
0.86783852578359
0.882285524256985
1.03497781627871
1.0200388615959
1.04505150198169
0.949418226407031
1.04645028045902
1.07259064765116
0.97398015366381
1.04781305229917
0.967976860281367
1.09411229031664
0.987930758547591
1.01742625689397
1.00983081193214
0.917250291370601
0.956345513207525
1.13375607891189
