"x"
-0.922572067511431
-0.863327552365779
-1.07602430675645
-0.851107585456462
-0.889250132426166
-1.03972454197821
-1.10843240491389
-0.9264346778633
-0.942851838223132
-0.921020024390611
-0.986075478286719
-0.966199820516838
-0.96321543057764
-1.18772069912435
-0.994117855262726
-1.01053390743358
-1.01654760058018
-1.00558107151974
-1.03071045342622
-1.03273933651706
-0.959749570565027
-0.865911152632199
-0.981747601432668
-0.882614298475661
-0.988846566910143
-0.939988646152326
-1.06758974196374
-1.03884986226724
-0.978305012556802
-0.897457340512828
-0.953259178824533
-0.806796459362186
-0.873266799317395
-0.897625546035958
-0.795282944643978
-0.834821943987391
-0.72642474560093
-1.00179304684293
-0.865024938906368
-0.884341287520004
-0.897063229179985
-0.882399448010884
-0.877901710162553
-0.882951353429464
-0.845923327569768
-0.829274412658748
-0.939574920748315
-0.944274999015866
-0.98259682588722
-0.787367410702706
-0.871263768171635
-0.888616550350142
-0.730957224446717
-0.850436750600065
-0.820281606260669
-1.01638922700266
-0.895316515751762
-1.0020671738222
-0.828021930283896
-0.880520347186819
-0.797814867574761
-0.912040316834633
-0.81284329915436
-0.935570087227868
-0.955289419010363
-0.912072159174739
-0.824225968405804
-0.906533381344334
-0.883787134513709
-0.883292879758019
-0.791204679103381
-0.823937104578093
-0.947579283360123
-0.819753182331049
-0.752457583016742
-0.855702552759562
-0.811125731756085
-0.762175971312331
-0.698464661001076
-0.885013843550665
-0.823391196043699
-0.703245378393978
-0.916775021318482
-0.780728923975254
-0.826085236832746
-0.864585418913798
-0.87195100983669
-0.847964817252339
-0.818453620690376
-0.854678860954731
-0.715440862595202
-0.88609724284858
-0.908394668781884
-0.718344018948015
-0.879292154855767
-0.780492279595464
-0.74853064511694
-0.661214419503233
-0.752644070616482
-0.876594614845727
-0.831828475366026
-1.06448289056918
-0.731938537639451
-0.799736867474464
-0.54630631769834
-0.758727150014771
-0.850124050316145
-0.82562582546201
-0.745437293845419
-0.812562433819861
-0.7330450126894
-0.78654782904967
-0.793410445895472
-0.682565766756005
-0.792633111673772
-0.826017609632142
-0.727115968693489
-0.766993440503103
-0.643389032661269
-0.862661793226273
-0.61720541048762
-0.852690240277134
-0.872678970689003
-0.677006197611195
-0.883266466267133
-0.746565073764776
-0.790013508671377
-0.60607254554305
-0.877861725998159
-0.654611204156834
-0.695611806892288
-0.703566368886237
-0.685555355153004
-0.6714173566929
-0.711721375978088
-0.674687869305772
-0.7175307157958
-0.784590827397299
-0.71236004115974
-0.876765779963956
-0.796941377686271
-0.770022615948003
-0.707163320295045
-0.798708115350962
-0.718501667294664
-0.419750779913865
-0.672180118080148
-0.76288598632464
-0.798116493040221
-0.703923175017213
-0.763939610896027
-0.637539672678375
-0.76352483000229
-0.674899459443143
-0.740910405419881
-0.66562346299109
-0.749849133768576
-0.701296305409227
-0.78883332724863
-0.775531733712272
-0.779598531693912
-0.727492499862043
-0.623062416794111
-0.630041332866607
-0.557339184719225
-0.760128316173025
-0.589840326085972
-0.672139015727659
-0.646341571637513
-0.656475532990795
-0.648183411399542
-0.689015316472768
-0.662190879927387
-0.733191972881346
-0.717400370146383
-0.638181732051245
-0.68268362320815
-0.595200632700895
-0.737330646329577
-0.670530834781592
-0.788304555702718
-0.646448814496397
-0.688218342648322
-0.550173455846741
-0.698641400679777
-0.673203791153141
-0.598434244036936
-0.523877937233418
-0.647536032236112
-0.560665972915553
-0.579742702389651
-0.476209508703354
-0.607907854443231
-0.475106119899605
-0.698884648710654
-0.560235400114333
-0.62414886043668
-0.700052792527796
-0.539039204803918
-0.556330588304081
-0.561101216737795
-0.55201018878289
-0.681647193579602
-0.604598130921191
-0.616028763440276
-0.679096713264352
-0.527942923277877
-0.694690691995747
-0.677952264990473
-0.539221053903596
-0.555770510603603
-0.561811508366431
-0.451112834790937
-0.507689360316309
-0.572376573972539
-0.461634616561084
-0.604169649025178
-0.52648095579497
-0.61302605785854
-0.490809592156934
-0.67831998077627
-0.571992750141242
-0.648495775011437
-0.471905621758412
-0.504069668917889
-0.594819697103655
-0.589260623806575
-0.514707694056654
-0.624680236227907
-0.549584312436242
-0.569617107223815
-0.509044852910412
-0.392568074825923
-0.511899146861242
-0.512095382530839
-0.518948586513167
-0.433951608295133
-0.493841919757404
-0.542723615667675
-0.476616533034395
-0.495185186917999
-0.554163887406537
-0.521361951891103
-0.655199398229581
-0.530334905122587
-0.474607541262454
-0.551836418005781
-0.481892668184243
-0.536785611795138
-0.436612354153712
-0.559539070290674
-0.445263985369784
-0.418881961047183
-0.331612395307485
-0.595247423634728
-0.391458375012544
-0.51384565271392
-0.543773966495661
-0.45955481754552
-0.415885679689732
-0.510785584716901
-0.504566091547976
-0.339665968096772
-0.628739620475791
-0.556967738637661
-0.479557265424257
-0.551528774744989
-0.403061499319577
-0.490283550264949
-0.377389989408083
-0.390665063649749
-0.55442331515934
-0.552834032689084
-0.360206247283488
-0.402813263094848
-0.519584922173413
-0.455049538313404
-0.389246757725292
-0.329108641959554
-0.487842262164229
-0.433695775412734
-0.304931602835246
-0.413794890110275
-0.39893448240517
-0.455219786459044
-0.425447485468142
-0.47103297306226
-0.494590561105033
-0.498896479099832
-0.39166440743157
-0.543333136831313
-0.418246358284103
-0.295403480305403
-0.523460635021576
-0.426399916247992
-0.435819128735095
-0.509795542211756
-0.299945144869247
-0.454784206294645
-0.408689416434
-0.42725905815211
-0.472372094194093
-0.493452743135596
-0.351145577542479
-0.431650661524916
-0.4272387366042
-0.480574290124275
-0.438523176929635
-0.386247917665305
-0.531762896229548
-0.420800318549204
-0.37866810086686
-0.472274612359357
-0.397089284943704
-0.592974332822099
-0.346928783608576
-0.261479495488713
-0.295932725968559
-0.344547525500082
-0.469538048753168
-0.335809026669861
-0.337644917676026
-0.441632471295349
-0.262560869207339
-0.424762756121562
-0.368638450380926
-0.445919265179959
-0.36286491573699
-0.203254438513185
-0.262429024779053
-0.341285089507131
-0.350174150536727
-0.348692661868865
-0.411749469441756
-0.264920926076853
-0.396252569730211
-0.322540694582168
-0.273705262069633
-0.332792148696171
-0.320898576264723
-0.266300581040195
-0.380713090208367
-0.259389464480306
-0.204849709092366
-0.289052538321076
-0.390032183527189
-0.17472380414386
-0.245044816944127
-0.4211516587126
-0.344553383947551
-0.256901455971058
-0.34225139550477
-0.373171789834
-0.331379394540861
-0.191071175607259
-0.203803037593788
-0.166399899343342
-0.150619575541103
-0.22258546007522
-0.463648949354924
-0.32512886228899
-0.192788339146785
-0.2944462186572
-0.272306385278403
-0.299703102833905
-0.276548813872691
-0.313581613737613
-0.110746703292702
-0.170570174327929
-0.226753213830527
-0.421118228021103
-0.261325600051812
-0.129652108660534
-0.239790055690193
-0.382828923057532
-0.24176368581978
-0.427946410954745
-0.176941378594362
-0.267776677845769
-0.0809097481480402
-0.128753141801678
-0.159087789539971
-0.23852102653403
-0.19230841132608
-0.245544609179987
-0.329006207492693
-0.210553484164797
-0.14816844367137
-0.119437865617476
-0.287290329828602
-0.162130050137531
-0.21521652584876
0.0040435468376508
-0.314862620781426
-0.142323306650831
-0.251941600361161
-0.0883019815529253
-0.0988875547947515
-0.20224189431012
-0.0438032886134381
-0.222371610266633
-0.308552210048157
-0.274426805590173
-0.115717657784251
-0.176269429562702
-0.116403261752728
-0.12237069375103
-0.118465457419544
-0.336026212372634
-0.209943800216901
-0.220314195257255
-0.246633897517392
-0.060994301594548
-0.122758502882454
-0.246279682157454
-0.0846953280390616
-0.127328710020979
-0.0911793300952768
-0.201217854768617
-0.147976602937671
-0.21239809573536
-0.309436470478312
-0.241320192401124
-0.18628382739928
-0.284785052860161
-0.115378696400363
-0.0799637348867523
-0.137450254174099
-0.0734917579141013
-0.123352702047172
-0.18956064118336
-0.101290803570146
-0.163092931373018
-0.0581565727437012
-0.181764226121209
-0.118621658102792
-0.0325231132131278
-0.19072441113641
-0.16221084241455
-0.0720177178716781
-0.149749042720301
-0.124864402171233
-0.129487669664406
-0.0376588423771443
-0.0411890432944106
-0.10202347336142
-0.221393410364466
-0.0397833501767589
-0.0471291681197696
0.010321422516723
-0.127338826556781
-0.0581996227555162
-0.0657634467869674
-0.0881011152644313
-0.13088047038047
-0.137407354968904
-0.208836310029282
0.0734110216218056
-0.0448081947798647
-0.00415823750502289
-0.132517227846033
0.0180213184937494
0.0896885723722855
-0.0292676379812363
-0.0493999020651293
0.0204954042989226
0.0542942544536753
-0.0968513768416805
-0.154347392403638
-0.0460837741583271
-0.199859378407616
-0.00958387230458808
-0.10468686905433
-0.0307869455454124
-0.00583548183576041
-0.0368873317757475
-0.0171021217677254
0.138870393997892
0.0388439761239731
-0.094325468588394
-0.0586160769229408
-0.0181661238702079
-0.111347256735608
-0.0104454194871684
-0.101116416066721
-0.086749097137252
-0.0148599335126741
-0.139569371454167
-0.0635404718202515
-0.155489252958654
0.0200663450600536
-0.0646958730718317
-0.0294615112961754
0.0148865404566712
0.0795828998898835
-0.060517937230099
-0.00403463428925575
0.0173304552607149
-0.0255555451657579
0.0527380747174019
-0.111683021304568
-0.0704668172839354
0.0272948299044915
-0.0103163690167352
-0.00286577098084227
0.0294308550372005
-0.0587285058334945
0.0224479273217706
0.233326802425762
0.0322625065924122
0.00228783814902303
0.0632756262461024
0.0281219611608931
0.0618757145767513
-0.0689433088215102
0.102940711534598
-0.0337103117519763
0.0587553485454338
-0.0650690699819692
-0.0663587138706156
-0.0286672079443676
0.107129938076241
0.285340425138005
0.015511376488707
0.104403790050353
0.028554974988189
0.0543187763745234
0.171004986903962
0.0984206427676339
0.0651181607393162
-0.0058848226035231
0.166361968514115
0.00501344635531104
0.197111840442759
0.0790440103079841
0.221535302713573
0.208436432134225
0.0651037094669589
0.0469371178049985
0.108213454402497
0.0891834198354777
0.0187976769957599
0.156448413576911
0.174513511899345
0.161043588113765
0.0826884088258918
0.107801253599322
0.00644441059015135
-0.0784072657843325
0.111929048212728
0.158702404958194
0.0730127671128677
0.101943142587423
0.222663437724798
0.1628070244915
0.0866717791374824
0.114668790916207
0.083125715774329
-0.0249243112353017
0.152833780518559
0.12737364856107
0.166141699523
0.019589899541798
0.157782361140864
0.319416029661065
0.0700102330679866
0.11794432616097
-0.00273337048137848
0.103310055395475
0.149270181716918
0.125968773048577
0.150137565237791
0.268292902683962
0.0638324052869662
0.146360961683033
0.201347819739701
0.212489458129904
0.137291563137364
0.0920074131432155
0.288560510208452
0.0516350215621766
0.234329942544302
0.219849981513162
0.129411907980346
0.175307280461271
0.306832388669671
0.232637735592387
0.203805103739853
0.13232332750613
0.151570784875422
0.064397318806342
0.14694181445766
0.120184420799585
0.199297219792577
0.225551527391494
0.203182466514414
0.14168504146797
0.243869021829707
0.243043592863838
0.213494310684368
0.278377486113741
0.209196572516621
0.199311779823799
0.149892830345265
0.213569358199543
0.191602831191714
0.218559245553813
0.288043790475284
0.165265326356774
0.126385262887735
0.195541972145011
0.177889759243261
0.222132398822431
0.211194047141546
0.278436627222465
0.161982248691779
0.20858500840709
0.153493909039474
0.153418360128088
0.261488161640793
0.189017364563469
0.227136110068276
0.280724713513016
0.388439510723671
0.483985348443319
0.262240014029329
0.206253482797998
0.199113087262948
0.223836521457335
0.214086591633301
0.206202700517461
0.195421567546647
0.302622143500556
0.13295684961798
0.359787888893802
0.410950044250675
0.164228727534879
0.25022317165269
0.175338972089193
0.414765043350941
0.263122018181423
0.201369935430725
0.298516950376277
0.307178263132814
0.151433407354276
0.287666905690019
0.325586922577132
0.401435020887921
0.170667229501561
0.317007728182147
0.419337484178593
0.268164373659551
0.245381009955767
0.383574898535817
0.167298699201804
0.419046214744218
0.380900509151496
0.342904683054984
0.484912910436817
0.408824464423416
0.28757541121716
0.319699232168466
0.344279667747619
0.197937331408933
0.374726593044333
0.230234044911005
0.254187321073577
0.369108781792108
0.32066342766143
0.263424354936758
0.39118585528876
0.550834028990908
0.470412803538367
0.281751201025937
0.23090093448262
0.447399346558161
0.372452616135949
0.368182002931147
0.30610616850347
0.396253587137464
0.401891918988694
0.421312993299775
0.326130017270112
0.245865240513955
0.385496712977966
0.395267965419931
0.358942205423313
0.311072265460849
0.415388789085097
0.373862839170391
0.41707947100133
0.329460794919858
0.456938255600091
0.282604527507075
0.344352009834341
0.25883807274219
0.214865684606802
0.450198857919325
0.432227587918013
0.402783189736826
0.341043022343769
0.420956298728123
0.448398437799393
0.515929605507705
0.414449608247717
0.354021666191833
0.427225695841029
0.434743544233799
0.481645926061927
0.441036673449829
0.329260425561953
0.60753747728217
0.421316211236819
0.588100076136523
0.517372323992826
0.515770077544051
0.522540881533497
0.420979250053923
0.453899004025946
0.53736118918061
0.500400593417134
0.421252519712965
0.517680518726309
0.487355513638889
0.45639878757279
0.409420292892657
0.403228571259856
0.307802363004918
0.332294911142153
0.404357323950108
0.411991929467046
0.428542007647806
0.43333196281838
0.494662138043884
0.430983500855816
0.482524234734701
0.469350900473026
0.499288503424543
0.526356671447775
0.547402926864259
0.386368036022187
0.557781594638952
0.511904757133902
0.388190108196763
0.403430830015949
0.408216765107196
0.509108820097299
0.352917907761159
0.599161752992916
0.558445705090628
0.420607943935036
0.519110335950972
0.594366867974564
0.525560015369237
0.576472603948488
0.571203230431829
0.407304362885442
0.404646260930899
0.541724217944557
0.566173859887536
0.424193209965262
0.365538913088374
0.653587034023973
0.565021719884444
0.537824222355677
0.587651051123473
0.568478177183273
0.540257365762103
0.511580359895408
0.58770176793528
0.468878274385618
0.583491302946888
0.578567702586495
0.431476876957405
0.660915873440063
0.587067725027293
0.660420496059926
0.477024470373571
0.484367773102435
0.478047194250927
0.649253000323665
0.490247596235758
0.600559733615859
0.607738201648572
0.499958872706332
0.642277634536812
0.623858418000794
0.604687970795094
0.675515885426927
0.637612796703102
0.715078887177004
0.519998370255433
0.575391164218811
0.367973709881276
0.53768204033576
0.519915415504298
0.529254414241176
0.637617273425537
0.581516762609166
0.682002497142341
0.517864978591423
0.465751841650794
0.614618742667259
0.743792228561417
0.660683478158079
0.649978253896384
0.471078049145366
0.590969932323173
0.638872377163972
0.593992540237386
0.69738821095788
0.644998756886075
0.48051013999688
0.605421668219876
0.661714324286166
0.580211812569989
0.718467388610471
0.761570732642901
0.450928412092089
0.758853443195945
0.564857464056218
0.740985120641708
0.44976163922993
0.574845759200358
0.704801172316302
0.636922746678694
0.511989239101517
0.64696042799101
0.565382946611264
0.724217120509584
0.705621134399439
0.69700885287207
0.564905269827225
0.803875666564962
0.746978797228404
0.518636194961465
0.673269371552808
0.802206302761277
0.772858336183559
0.635773337816069
0.820714964660392
0.566295191307762
0.646257710145486
0.734982934091119
0.632654407545419
0.679457971889873
0.757223704998718
0.714695024475929
0.745482607809341
0.659309897048273
0.664406018337261
0.739032121300458
0.616412752386327
0.744326334331237
0.649055310291421
0.785278862649589
0.681846956739919
0.78195460305744
0.521854690068339
0.843682940239664
0.726784109442289
0.727770238732897
0.700486511617192
0.749388569557329
0.646455113633133
0.711281584588899
0.811061032370323
0.772927881064436
0.744195513758299
0.683192656127603
0.538016821857115
0.583474335764744
0.817567767653645
0.76382136118645
0.681603600497261
0.785641076883677
0.714738495437787
0.671237150957133
0.83029031265101
0.884555525425991
0.714042094983607
0.768583515479278
0.78545962272907
0.708213911180812
0.793749443961063
0.8206266348935
0.838352844955972
0.869007833637101
0.814043569878452
0.763170767942763
0.612315749025027
0.81825272948073
0.544172409516217
0.86352304206867
0.819393008353101
0.883320511706779
0.796394353007162
0.70531800285432
0.789625495179985
0.777841546121951
0.761180475872864
0.781132881649594
0.839921709964898
0.766063855617703
0.735627518754289
0.666844371462364
0.973278350040756
0.710910735796548
0.841995533779443
0.717079039358052
0.796559205263372
0.840197430241538
0.958574647200069
0.855534047802267
0.755985895005271
0.879260239308092
0.735926814037846
0.727957863970167
0.82262671924507
0.812239862745343
0.770293077029942
0.881154219465893
0.78235085873528
0.939654425419523
0.77757215734298
0.964501061695324
0.921369706437001
0.726713475487909
1.03727616292898
0.814879920540739
0.864873875540078
0.79442656987405
0.836103992496477
0.943878012061301
0.804413580460575
0.834818679164984
0.897535077914172
0.843330105833974
0.901118473692101
0.923789419657202
0.913833473131659
0.945742328761381
0.862197847166568
0.881391160050179
0.847542140813799
0.904091142970608
0.82472247966084
0.74389818225665
0.894068469021634
0.917828279623373
0.971401105863799
0.725921341192517
0.851713166320162
0.918396824682826
0.798814844662045
0.749941660603331
0.75433454926093
0.824861433995207
0.864231974933922
0.804468850185662
0.868691939623127
0.89165226708907
0.971200947114323
1.01080645820439
0.998242391940664
0.794209044807151
1.01770933311701
1.02344137951442
0.97341253011124
0.910163242844091
1.05802034617302
0.965294025091127
0.880394745614973
0.98300476157573
0.91693999776247
1.1060607538284
1.01082930154294
1.01217315874163
0.799080032716606
0.923621308678004
0.9992528650864
1.05953381479259
0.968693318502462
0.996387003363045
0.904263294673714
0.926270714452061
1.04652026277124
1.05252748247251
0.978335149227225
0.998293141483067
1.02990143252333
1.12305133776946
1.05174082628138
1.05435258631612
0.945743981952227
1.02223069700616
1.05686410787118
1.008559374585
0.899057986840196
0.999884446146809
