"x"
-0.933646219497399
-0.845900716628626
-1.0802958215624
-0.870274283603885
-0.886613838640776
-1.04318759473431
-1.11724062167589
-0.918654459001294
-0.944440879277255
-0.910275021600515
-0.976558651646732
-0.988692944118694
-0.943450883840634
-1.19396439354418
-1.03287403502893
-1.0303871600504
-0.993733157466231
-1.00232462416543
-1.04072071105557
-1.02759819611576
-0.967437296825796
-0.847751415818923
-0.977655249654913
-0.855406024288915
-1.00142253744904
-0.917179352633106
-1.05981745487906
-1.0353679568264
-0.963645255548532
-0.897718725393298
-0.965635229157904
-0.825932706536653
-0.8693284188437
-0.892858757273518
-0.799983044067044
-0.845682276889609
-0.731711411038411
-0.983768380023979
-0.854609776245528
-0.878187835922772
-0.919079265334499
-0.864872398949806
-0.894236472051809
-0.874323064240553
-0.841696216959139
-0.823704590855882
-0.904113221476874
-0.953125587076642
-1.0181217099673
-0.772830558515079
-0.861972705930318
-0.887540633248304
-0.727923929537638
-0.841002380391582
-0.816019625731467
-0.997704497395825
-0.884993290529159
-0.998540502451476
-0.836959300995649
-0.904463615112389
-0.785013026937129
-0.916915769359689
-0.838674675025132
-0.921794679632169
-0.949494830094577
-0.920422265948005
-0.834517436294733
-0.922707695620422
-0.895029221108056
-0.891265679182413
-0.772609464629892
-0.808622460770454
-0.975780968241078
-0.81254118639644
-0.731917273733165
-0.83718467942725
-0.793655818913367
-0.770957045397248
-0.700892244637244
-0.87783037195149
-0.811895221414425
-0.688722907177433
-0.906044967227521
-0.783533603963374
-0.82065260959486
-0.873172841465348
-0.844869039219383
-0.840972631089752
-0.833684089433644
-0.83913367962239
-0.71752455749514
-0.887891327786754
-0.894049637700447
-0.719474409763282
-0.898515968977222
-0.732401606953404
-0.737517923391014
-0.668356428028629
-0.731975796023126
-0.872387309300175
-0.837673422363285
-1.06219806190849
-0.723398024998447
-0.76937766774098
-0.521211318796966
-0.755219718248656
-0.842005364757234
-0.820695567769066
-0.752294549498645
-0.819237646012944
-0.729982958418904
-0.790452459182381
-0.775075258851575
-0.687730067642622
-0.81501126057975
-0.820851788344218
-0.711805755974783
-0.75888083828713
-0.64665450231408
-0.823552071624338
-0.64005886041428
-0.835105470853164
-0.856935147249625
-0.667605906605692
-0.8857121503006
-0.751825887994797
-0.778173712887382
-0.608880243563275
-0.856455049327864
-0.655339692532335
-0.696400239438817
-0.703830750169046
-0.693659597420117
-0.666462913301976
-0.694544566860908
-0.701112651169373
-0.701723736963413
-0.79834898966154
-0.69090950949856
-0.852972359064418
-0.788103305010527
-0.757542500451696
-0.697887821253035
-0.798451357816748
-0.689102966184695
-0.44095596412821
-0.6686215521899
-0.761935027634552
-0.783175399761262
-0.67134912980736
-0.747075263262568
-0.62410855454233
-0.766137696436174
-0.677991394893496
-0.726605515526345
-0.66462482263217
-0.731356061193115
-0.713095528210063
-0.799758594420788
-0.745064513844861
-0.755644964639289
-0.73276658790266
-0.594387745089325
-0.630983469664833
-0.549247066163173
-0.777263530452101
-0.603565483554641
-0.678658010359795
-0.645159447402208
-0.641788188369168
-0.638951082825299
-0.696940013614404
-0.672343874037098
-0.738083801461298
-0.722052772598249
-0.654768532350658
-0.660429850906792
-0.609894304401205
-0.747077185666976
-0.681235366730571
-0.785048497458704
-0.633699735987622
-0.701965608085474
-0.544532857883466
-0.711511566159279
-0.671769810862469
-0.608032001438168
-0.501956841422296
-0.665424187840863
-0.560129124947719
-0.592534282426841
-0.498119924278273
-0.637611529897071
-0.454592970481419
-0.690681444194104
-0.544286321162396
-0.643477301991741
-0.714976723419303
-0.534307199261581
-0.539420958304985
-0.564872963800978
-0.544520318283888
-0.691044205613138
-0.608193019501162
-0.642576457423477
-0.678715083711447
-0.515137019147562
-0.689753815422228
-0.690518308869549
-0.567884436597164
-0.562371654809629
-0.581955831103876
-0.450675671138764
-0.510542671072508
-0.578911509568643
-0.442560412195411
-0.615675473113394
-0.523598192905306
-0.60962924402261
-0.463895809840086
-0.668225812687664
-0.561159868786505
-0.666897422187887
-0.454887762181971
-0.514740733362482
-0.588359594738489
-0.593383325102768
-0.476152057907181
-0.617583314402794
-0.557023591359646
-0.562302412433039
-0.50568739274293
-0.378246851638444
-0.52596836239295
-0.51103637974673
-0.529187955890625
-0.420199091991186
-0.488337416731183
-0.518791406505754
-0.44615784008122
-0.488740547404351
-0.56059888381583
-0.494678279745798
-0.649956419144729
-0.550772224928847
-0.460367949160466
-0.562405177779157
-0.484960918530069
-0.572583219799459
-0.43651523207097
-0.557862321079627
-0.461919637664588
-0.421181475609176
-0.333683722496928
-0.571163137548699
-0.389860524934524
-0.504041666107325
-0.571987860823354
-0.450814894841151
-0.43668586536335
-0.497580125897974
-0.48085816369065
-0.34363181625754
-0.652894639891331
-0.549463197980095
-0.47599651333859
-0.529400052123527
-0.39518054327448
-0.487135000088939
-0.377405125921225
-0.407652406536672
-0.539275050611367
-0.54134977300411
-0.353413281455674
-0.3806479378256
-0.498901790785403
-0.463729482127983
-0.417553915347605
-0.327091608137668
-0.48344855576519
-0.433281228152206
-0.279741618006947
-0.425196546817623
-0.415755722555321
-0.450422217679506
-0.417330575778076
-0.477766033273305
-0.491658708135986
-0.501031117984668
-0.400247291565552
-0.556638628174906
-0.422088080241193
-0.277503230589476
-0.545552122254643
-0.435321026492837
-0.433882051993293
-0.503516062610449
-0.304636889337565
-0.48370114308355
-0.398580887640549
-0.417542296837106
-0.493809374986897
-0.48320504064632
-0.345144650448876
-0.438863570426209
-0.400658174092798
-0.488289855591685
-0.432863425206719
-0.388421401643214
-0.537525920088636
-0.435167273091444
-0.379155954307653
-0.479817775386536
-0.408216724662305
-0.602215454987603
-0.333498100383883
-0.274803174808734
-0.295784462677134
-0.350437120777694
-0.478743564576231
-0.328758501333233
-0.324418678971666
-0.445870436743088
-0.249486943420201
-0.424938275242155
-0.351723400328927
-0.456927842011823
-0.340613854252618
-0.220460803604077
-0.26425303595023
-0.332431676427187
-0.375705496872923
-0.323794150752937
-0.404306693827681
-0.253275006009126
-0.369324857894051
-0.321211906316825
-0.266681533739308
-0.345977290589921
-0.312321778237649
-0.283896632415735
-0.365776968684536
-0.255446232951321
-0.183563774836491
-0.252799835265172
-0.366970259627047
-0.17036183035458
-0.267182377377762
-0.426390168927372
-0.334612720265944
-0.281796358416653
-0.344608370711806
-0.339178563994228
-0.3321585226528
-0.188306071354407
-0.205871410197004
-0.155541548359134
-0.136635106179779
-0.215641084553173
-0.486730491303204
-0.340115561320882
-0.181000363203592
-0.285152380955742
-0.291043600413368
-0.301132974616037
-0.277524248468817
-0.296589084174608
-0.122659950953645
-0.17795227035068
-0.207963082103234
-0.4154730621918
-0.256216198101993
-0.13177730966704
-0.257314315806923
-0.357715879212529
-0.237114566635303
-0.416275569157821
-0.178593348584251
-0.243854553123203
-0.120193992681166
-0.109935451800201
-0.194381964520225
-0.225250512824895
-0.206889385688648
-0.251123055267027
-0.334310933376013
-0.218866407647363
-0.126345333781615
-0.0867479112831047
-0.299772091204603
-0.165816543488727
-0.211554445246252
-0.0115597558645495
-0.30636991130711
-0.128158517876948
-0.252152911040487
-0.103336307059948
-0.116333250346071
-0.217211193116714
-0.0540027357196787
-0.221022612058661
-0.301018251249137
-0.272536639051798
-0.105663698829722
-0.143553355956487
-0.124731877316283
-0.122822593465376
-0.0989814807812157
-0.3349551756063
-0.21087538648312
-0.252013753114939
-0.262765716789986
-0.0333827344412433
-0.0989707903354689
-0.226113103814923
-0.082020827631664
-0.118004384796759
-0.0753785066859642
-0.204805605911896
-0.155487868813237
-0.191957429584842
-0.316721985304668
-0.23699601519868
-0.201063772416087
-0.302750511030978
-0.120459199414452
-0.0901314045554316
-0.126753504176495
-0.0499177892260147
-0.121110885273031
-0.181260630679652
-0.0845895333783144
-0.160054627642317
-0.0376083254725681
-0.1857169288405
-0.10750544184753
-0.0406598314550059
-0.201821909351072
-0.155450488194618
-0.0849562915285874
-0.135666190602678
-0.107408729807853
-0.151314674322658
-0.030054304108589
-0.0353198784378778
-0.0843333384310687
-0.238729043264697
-0.0298729307550112
-0.0443922636867172
0.00728083201871184
-0.120918450805238
-0.0287854111258613
-0.0940821078742584
-0.0741599762989199
-0.117343112511889
-0.142413159744507
-0.210169507890492
0.0755648351925306
-0.0204560818497876
-0.0187024417010224
-0.138466737049823
0.00729068457758598
0.0747724851073085
0.00121870356773286
-0.0668624538848312
0.0147156044144298
0.0676945563228287
-0.114709958739928
-0.174577927220431
-0.036138685711905
-0.228219049777557
0.00173289886600353
-0.106300921277255
-0.0316498554935547
-0.025282481657328
-0.0398347153973163
-0.0181015532375211
0.121823143334153
0.0292944845452395
-0.0984882406664244
-0.0495543085299654
-0.0335345974747981
-0.108427323141063
-0.0251265528983201
-0.0973228855927042
-0.0955393953581487
-0.0100056342089319
-0.125523823292196
-0.0836104984178246
-0.173435047613388
0.0142074558487095
-0.0592220148791715
-0.0159643995280861
0.00930610239541118
0.0876533802204905
-0.048983131936034
-0.0295179562719167
0.0108209524453565
-0.032484210993938
0.0597056248464452
-0.0922540353357361
-0.0578272050514438
0.0482414075374505
-0.000799942593657607
0.021521487167877
0.0292044433333403
-0.0503264432041421
0.0238428708168654
0.239550328470636
0.0445292864027698
0.0077389587064903
0.0598057199540297
0.0341284826756855
0.0643812328241747
-0.103838151790767
0.10999492245994
-0.0518662731267466
0.0513500009706814
-0.0771780842787787
-0.0451371724590629
-0.0236378070051394
0.0884735786119977
0.277086854415579
0.0103861665025212
0.10113517315083
0.0159174672036161
0.0487248306082191
0.164661763778556
0.114812264496606
0.0523657560423243
-0.00971381573248953
0.180163547673142
0.0123998208112967
0.190869479287555
0.0619422140721882
0.212156634174513
0.206105942578124
0.08382892398781
0.0337658324768451
0.0897258950597033
0.0894629893357984
0.00716641316563288
0.143905484413842
0.170255376336614
0.160222149454426
0.0764245133921529
0.117366850803334
0.0270119601113984
-0.0641862559310045
0.0813523220940982
0.147304726942453
0.063652336226143
0.11099607598574
0.221282036734359
0.161121410692921
0.0736389418025594
0.11730768632334
0.0874973016718012
-0.0144118572511679
0.159611538174744
0.111201677154473
0.181982502207349
0.0208842583894604
0.16573566039104
0.34292928322861
0.0820763086488476
0.12250868476565
-0.0236918053300804
0.0823978273104385
0.136523484489309
0.13206702619342
0.132027281880686
0.269725360185297
0.0742583273954562
0.1585824927942
0.202783186462634
0.23194572954831
0.15807520049367
0.113613801021474
0.274180646589344
0.0529434266028797
0.262428034527111
0.226474836530248
0.108568146745529
0.157803066865687
0.298654981068466
0.255766599438238
0.220263370012302
0.13325990317793
0.151420504044221
0.0595599024830841
0.144502281011928
0.122193268605261
0.195075440667907
0.234923222157968
0.222233074117625
0.144035985833194
0.262794751640782
0.249413878603865
0.23574229051845
0.259782035268964
0.215277705935467
0.186133371734038
0.145788872151697
0.204024684763879
0.160786739303621
0.240748746923167
0.311841685842251
0.199866159156453
0.109438564433963
0.220999251088618
0.168152104967965
0.217577937458178
0.218681133664804
0.262992556532219
0.154871096558332
0.203261660376272
0.128593789658706
0.185171726751398
0.258255513288758
0.185003365084938
0.231957889247234
0.281089940526149
0.365488176659624
0.478959582519421
0.270382905584879
0.18968793336702
0.217110219478424
0.22340365898792
0.204441301827668
0.214054610174639
0.171686610134806
0.317398133798764
0.133818930771138
0.355099527593022
0.416245153673329
0.200836438110803
0.240797366429096
0.165354250026318
0.395698425628758
0.263692814949417
0.203413672272695
0.304235963244826
0.310343031572209
0.152207488849881
0.297034223078233
0.326596703463467
0.391517557547093
0.168640962808188
0.327603446734142
0.426185970242262
0.286276332236336
0.246698152671858
0.38474600830283
0.145704134616035
0.423418328369865
0.365961067288501
0.315701634920038
0.469984385980912
0.420106354483189
0.285392326644085
0.296338568842847
0.338846978340817
0.198763817642341
0.374095889685568
0.222036016195213
0.271748369257765
0.384380335291199
0.324277373414126
0.250332373408331
0.419843527502568
0.544689058943356
0.467844541980643
0.284383006028725
0.227829523854333
0.449640498273432
0.374404652346173
0.36996893908321
0.313128415953336
0.397343420780175
0.400170641678695
0.416639705718297
0.317306705316611
0.228618923901267
0.375506059423508
0.384240661055686
0.356581026059662
0.323325725113271
0.439271593699604
0.375745994971378
0.426174790537346
0.346437730570191
0.475885941371724
0.276432132934467
0.347409249432211
0.256390991379433
0.207001619767765
0.450704495820975
0.428765803913019
0.426138743687558
0.327132007578312
0.429159897320803
0.430914794832285
0.494648848957767
0.399046681937631
0.349900958337756
0.443537376083633
0.416611766786738
0.477066304146077
0.43085842168119
0.352312271867358
0.588298760953218
0.427181933306849
0.573885513186777
0.519778113705488
0.492210138612139
0.52100992773016
0.452951644910256
0.466677540191627
0.545235488357794
0.508547762889272
0.41754113839079
0.51658655270555
0.48721890647981
0.492950202699787
0.434200736929994
0.391267774143011
0.295906209646146
0.338075575418081
0.43499359241974
0.41906483010263
0.417520597251974
0.433676717368937
0.499868789634163
0.436898535875383
0.494221251096835
0.464923684920143
0.493333198216834
0.517096049726237
0.529953218593229
0.373720626095318
0.587904217429299
0.519775543782936
0.391661719926989
0.408359830960276
0.376137581298742
0.515932844763643
0.345999014028998
0.579393989464346
0.547858016488935
0.421968497878169
0.517088796718758
0.612643989219106
0.537513068410442
0.572576109437468
0.578893284244081
0.41115834745267
0.405213604154079
0.560301539996844
0.555828908940141
0.447491265305072
0.389797618009172
0.625542522782858
0.567292184600271
0.54075967258837
0.580540562199915
0.572641596560463
0.525533593982807
0.509499286640103
0.588702170223492
0.447589000267003
0.574705827959555
0.535319893260163
0.431871743330413
0.645369289699124
0.597172937712038
0.650879163865169
0.466152669170165
0.482681200287939
0.481134744845296
0.663422144765609
0.514069948152653
0.5861147072422
0.607643080553683
0.534213181628925
0.643282254131286
0.617635998903076
0.615852451608891
0.689192900491335
0.607892030860655
0.696115212604558
0.525225368723113
0.587462372646017
0.327492171569389
0.537971423149908
0.533683734883899
0.535343103218233
0.650909872828972
0.578095441251351
0.672914465604486
0.516095478917302
0.467075792005637
0.609469049947501
0.764050371236272
0.678607976095231
0.648555126886672
0.469159636910865
0.602053838061992
0.63836475495759
0.591253731676487
0.711480111813889
0.64914402305833
0.480378407593422
0.6250697441789
0.675268801921348
0.580129506664729
0.731578623604847
0.775467989574315
0.448747342057959
0.760346152919155
0.553520082679103
0.737200597859372
0.44938861030459
0.588687719608037
0.709806060036552
0.631784126055547
0.509309112726758
0.65132932072479
0.551358415142665
0.715008804498817
0.703089343466486
0.693417731801531
0.571072784083306
0.801227875154444
0.735439094099801
0.525329820547933
0.646651078991646
0.801362894112418
0.779390108022605
0.632570469398488
0.824492272690923
0.580712732470011
0.672514566165755
0.742922695936684
0.608446225787902
0.656340288017926
0.744376222502368
0.701810349156341
0.739712607185709
0.650678369119349
0.638110174145597
0.746183558333611
0.587476293126271
0.769896568103873
0.648562515300971
0.777267902745268
0.703410348353702
0.776283296337765
0.519796696827812
0.837651689315455
0.747524765636999
0.750475093973287
0.712769372358085
0.739088356108079
0.651501667851232
0.698092984616585
0.814440991993918
0.770673510235138
0.753461738477292
0.676080869956798
0.55590923259001
0.561535356015493
0.797636734273079
0.791353892049586
0.698141128090734
0.773784599170694
0.729132605931142
0.680409203717076
0.822143888638473
0.886158971623395
0.706576081408507
0.766205321629468
0.781136950662738
0.697707247306659
0.805980829988701
0.811082604332247
0.835698416995815
0.859531669347832
0.794538708629105
0.758534224342832
0.604263630869163
0.825925687140121
0.528944833287145
0.883435402422845
0.833055205751395
0.85826682689689
0.792239925970079
0.701362262225033
0.776267269023585
0.762070100460517
0.747354038820699
0.749595032253234
0.842252447029579
0.770056405785502
0.738726288621584
0.655093330117102
0.989385556602401
0.726041248915021
0.822514555221437
0.748585318839093
0.795626574368137
0.853030986530512
0.981759809289689
0.860632631823092
0.73159192529621
0.879589586846614
0.735963731030751
0.742196769329993
0.829855832208131
0.82249265780089
0.779655326861843
0.864757646312539
0.799550393324318
0.940881042372586
0.77527050169122
0.942561780807845
0.906109061394799
0.706507740974705
1.01980378159262
0.81062984164066
0.873826649171954
0.780523776106953
0.836571191678612
0.914845176143827
0.820919726180838
0.832704636682052
0.900296833518417
0.855399174626931
0.923428586846343
0.944930618374783
0.914557665528433
0.918226731211711
0.854756938735356
0.864782562114649
0.837486423804214
0.916839007481128
0.826425509966934
0.748812494396626
0.890907660676052
0.912852221594778
0.96986547138476
0.735978612732019
0.877477606092685
0.934224630649919
0.829000065460621
0.758720302629558
0.770597662606674
0.789812997973038
0.858157661638725
0.791172654545262
0.844437790750849
0.896763154586097
0.98464685321312
0.996354375662485
0.986547893069894
0.771797790870063
1.03403394990929
1.0255372639742
0.962848990629345
0.934655261400614
1.06174872995724
0.983871588124109
0.884774905242714
0.994421855737509
0.913828852482395
1.10539249574791
1.01367052278135
1.01471217635266
0.797300400737807
0.922634683600791
0.98925377731804
1.06102553713168
0.979581694174065
0.97405499103496
0.89350255263547
0.93990846204169
1.05448121211093
1.05615276588888
0.973736004629468
0.994793149330019
1.01938614296276
1.10786970294417
1.06821761467532
1.04724442375344
0.92302682452466
1.0103238364773
1.03391809496867
0.997087975852564
0.894659200387071
1.00635568193311
