"x"
-1.10855039068476
-1.0082300532387
-1.04650558300439
-1.01909047900317
-0.937266258621021
-1.02129818289983
-0.907796464807454
-0.964153903803663
-1.10736729982435
-1.08495558142175
-1.02127443689615
-0.968041371901492
-0.922948437764601
-1.04204420112824
-0.877302131336192
-0.979696979390191
-0.922385329647868
-1.00491020296501
-1.00804600878445
-0.916362564571426
-1.083645395129
-0.979801859543546
-0.879277232259971
-0.847632695489955
-1.03778719036999
-0.891185164511142
-0.878817135236875
-1.03220944557775
-0.95671271633298
-0.931328166974367
-1.05667065926003
-0.859467630155457
-0.882866781649602
-0.819612413235607
-0.862998999967233
-0.879421696555615
-0.796694088242668
-0.896320335919143
-0.892675307942411
-0.95067121937153
-0.880282990832785
-1.05603789250772
-1.06031849681342
-0.97245467808789
-0.838838782117905
-0.941956032964204
-1.00352780087432
-0.851903863861043
-0.770529797214711
-0.900722076346012
-0.869762041839627
-0.876114788894684
-0.837763401968506
-0.845206221358371
-0.846490022410255
-0.83982380383266
-0.889935507649272
-0.824999034982935
-0.968687622976262
-0.959492779272064
-0.820440820234968
-0.873186530477577
-0.902675092099155
-0.851338548849318
-0.901405825564259
-0.941578030512321
-0.919464524873372
-0.819600863205805
-0.910745705802554
-1.02600591608292
-0.958346703254788
-0.890546020492771
-0.962653438554461
-0.800320079204058
-0.82237219690751
-0.875014422224615
-0.885940656298484
-0.88853134789911
-0.879594439173243
-0.671411366142186
-0.885556602603938
-0.836458907463071
-0.828653577649533
-0.851233566557107
-0.917118775751338
-0.831972597800719
-0.790297114621126
-0.878042516755015
-0.798087806451882
-0.929572265836429
-0.788162707850531
-0.729729864637066
-0.869426787353951
-0.838057294006705
-0.782588336505516
-0.854658373182064
-0.826680363453258
-0.733220301815362
-0.779637711778157
-0.694509194372203
-0.851126843054147
-0.745422260990363
-0.727538824478421
-0.694313542956624
-0.721529533981531
-0.88898329828369
-0.628879920389143
-0.70907601892552
-0.736984353978368
-0.791162669788107
-0.840271347651536
-0.86126100153825
-0.789721116886105
-0.81408909535477
-0.866106179759887
-0.830269110493793
-0.886758542440846
-0.59838171152929
-0.788844210216556
-0.761451530455824
-0.757682747580263
-0.897009239353029
-0.821885579790362
-0.581336454404384
-0.486799938542645
-0.687473474767843
-0.709363507238632
-0.757713325260958
-0.766142109992871
-0.803691891179734
-0.747967301135383
-0.729129746408362
-0.747311462000278
-0.717021835795843
-0.640764239042855
-0.783615743093291
-0.804496323380076
-0.834772213036028
-0.566799398658408
-0.672877429297929
-0.6566854795271
-0.735600787075737
-0.703464102704357
-0.696558902735782
-0.629288338164636
-0.752600965072536
-0.818627054849782
-0.752456559923039
-0.65703848894832
-0.577328200478907
-0.558249431086918
-0.652790962688068
-0.689864817478202
-0.592339928584549
-0.723231669704763
-0.6938302028336
-0.827017680021367
-0.760947024621191
-0.588728709480852
-0.668928245009919
-0.691621485470682
-0.687076515197764
-0.78906876522723
-0.788683707629253
-0.693052515136175
-0.806228768583527
-0.611971938175888
-0.56152089890101
-0.663094994007801
-0.540108419906791
-0.664651277471938
-0.641736921254319
-0.632136920385011
-0.585292752004271
-0.624713892496789
-0.639067892818263
-0.5153593533634
-0.600207344136124
-0.536378613933038
-0.756306314532771
-0.700921988909292
-0.67435308692307
-0.652355771077329
-0.604441293899033
-0.57998141280121
-0.585050260383353
-0.650779557919833
-0.67390391002298
-0.545377528003316
-0.706178436462142
-0.598018758774941
-0.598411079444992
-0.60661846252698
-0.474379998307576
-0.607187247456003
-0.621523335065826
-0.607738679000652
-0.628324985012913
-0.662874984523615
-0.552118964361265
-0.564936013193098
-0.604045837470843
-0.649879485889823
-0.617830014247805
-0.489222991111838
-0.638524832038727
-0.567357370778136
-0.563953956647149
-0.449136439671989
-0.539276079368525
-0.590635020164854
-0.519382097480266
-0.461374862236087
-0.49641999147705
-0.561201577971647
-0.502319487050321
-0.351132100852201
-0.57042260221811
-0.556275650281127
-0.499214084038598
-0.588289285302823
-0.552302686144409
-0.691677019595739
-0.558618726290722
-0.568296403202236
-0.425920438607116
-0.469868976816607
-0.672404520373292
-0.458552235297275
-0.539231823627968
-0.543465423013809
-0.613641144451528
-0.465812881948398
-0.565893385297201
-0.56574598267878
-0.519204192299708
-0.37422032371191
-0.434863267342094
-0.512294156731978
-0.555895402974913
-0.50556437285423
-0.526642458686189
-0.665894500331419
-0.570368099535488
-0.42782812154345
-0.675019678179756
-0.309620489964191
-0.599604462406304
-0.509158796421789
-0.544039969969003
-0.41163904734289
-0.634220833604681
-0.334970335424208
-0.710944233999752
-0.605853126521351
-0.455197690938484
-0.478161363526122
-0.51411944481412
-0.488773684873537
-0.509133854167428
-0.407005621655313
-0.513142644569605
-0.497155173004243
-0.304508901935448
-0.516504974362205
-0.605946616102921
-0.45262244272688
-0.415989811469421
-0.497581483822843
-0.477328515034915
-0.301718116383691
-0.375542449918987
-0.551771950639918
-0.566507134533377
-0.345248295540987
-0.366019598571933
-0.367627821531272
-0.414404593654995
-0.599501410331342
-0.511459796349406
-0.550440055538357
-0.314145844804106
-0.560072636901722
-0.357864298508163
-0.351083195765812
-0.327096844495682
-0.330927816283673
-0.645247113668309
-0.381021915375034
-0.508017137190965
-0.664513707086875
-0.321327614499573
-0.561684621893603
-0.454536128172641
-0.43456232067721
-0.417392580761537
-0.401069304470204
-0.428518266293637
-0.429234925809406
-0.325484003519474
-0.332575235120673
-0.524084274378698
-0.436500153686761
-0.507151140421489
-0.502787494553156
-0.392415321351899
-0.350507448767639
-0.306384618754004
-0.447609661085288
-0.311888280026522
-0.452111946819991
-0.396832565760007
-0.362557226325679
-0.415923071497452
-0.31925731100236
-0.454402463306283
-0.222461242169544
-0.240006198744049
-0.310470115496676
-0.474670637104046
-0.343423346389148
-0.450759796966241
-0.423377861077286
-0.347561032890946
-0.476263023887204
-0.327183979398742
-0.236052615024277
-0.315285257487499
-0.388320249629588
-0.336708820994349
-0.34068691269054
-0.328422045022654
-0.316594229231194
-0.134440404769918
-0.419237096329421
-0.290871262374274
-0.300280834052612
-0.399181787165792
-0.533721190552928
-0.359409300921283
-0.425031604230323
-0.186073622478646
-0.319586973861283
-0.35814525959994
-0.209931169401498
-0.123239699374813
-0.356830173747609
-0.155851327460325
-0.400282709310014
-0.299455702987442
-0.278381276236828
-0.417647446438383
-0.0958112232155417
-0.194261155923126
-0.345597888986465
-0.309541108886949
-0.322843613182768
-0.35232902920138
-0.296484560288343
-0.314957293589987
-0.253379271889868
-0.4110838370778
0.00289720802574099
-0.429118240264499
-0.205126467429465
-0.317268297310665
-0.288280024836003
-0.0896088057603773
-0.339373481651922
-0.312322206163044
-0.283089666991729
-0.130860817733685
-0.181192718664863
-0.14188767818741
-0.193908396578936
-0.181454766638986
-0.212321897466871
-0.252780530850823
-0.262857328904319
-0.443662682281653
-0.217462300136943
-0.281370640019466
-0.196900066716143
-0.0764486675815769
-0.317717256812131
-0.195138833830114
-0.344620441020979
-0.243579435326526
-0.287661874612404
-0.308565385877413
-0.259038978385561
-0.0866702075820959
-0.0965488309490212
-0.167743518605547
-0.246422701802785
-0.170342757517556
-0.258461257385764
-0.337171453423214
-0.203520639979727
-0.266173947296652
-0.170372500827831
-0.290102492265432
-0.135432275964249
-0.346310904895225
-0.191750841167367
-0.20345093134412
-0.271062185529238
-0.15317955452915
-0.188733770530232
-0.150507555084714
-0.173958728176525
-0.0749112723769819
-0.0411650787917376
-0.179407476477947
-0.127937374808885
-0.0166728380459899
-0.22147839854004
-0.226195146864409
-0.171596478715912
-0.19034134401813
-0.0742403840145036
-0.236492580133935
-0.162049953482255
-0.0650639277200722
-0.241368236533674
-0.187049732694641
-0.0884218301040018
-0.0371751930419077
-0.143699402841783
-0.139824978146607
-0.140069914667734
-0.147261210828955
-0.266406907544184
-0.110356161050445
-0.0982741346004599
-0.17118137232802
-0.208617882207698
0.00493087290009979
-0.172870902455746
-0.172072636050374
-0.108710097024228
-0.0942933321142974
-0.0215472460648759
-0.00852173183783364
-0.16691695905162
-0.173524520256374
0.192759174817036
-0.0121904030168683
-0.0679752603856149
-0.286509555754638
-0.188989017760285
-0.22411748146934
-0.130794334459987
-0.174681101308351
-0.0949585841721049
-0.145216933999542
-0.046299623854166
-0.103308300135828
-0.127652395830935
-0.13080036264853
-0.0531153209769737
-0.0385896913352843
-0.134659384097898
-0.155053365815782
-0.112664485120459
-0.0317131047977041
-0.033580588773135
-0.103837332653126
0.0107601703718067
-0.101790440819108
-0.0218380625157869
-0.0354149124005616
-0.155718869834658
0.0684747054788647
-0.0725698398252927
-0.0996874396910186
-0.0362119124409586
-0.0301810375284043
0.038592563560117
-0.127318496267115
0.0868671954271611
0.132617150666855
-0.111285879293856
0.099786132583384
-0.0574394170313049
-0.0128596054057995
-0.0684846623381951
-0.0142599307588128
-0.0383735107749633
-0.132923133594627
-0.00813161154664062
-0.0725331267362687
-0.039226846653106
-0.0104401052478301
0.0880736548630966
0.0640332905794622
-0.00174817446643265
-0.0560716330141992
-0.0235496692457495
-0.109383599293067
0.0232795576804846
0.107666256118509
0.000994089843947744
-0.0164501656440156
-0.136039907058708
0.229193156296711
-0.0873876884408379
-0.178462524879504
0.106060807633256
-0.00669645972043741
0.0354040940115987
0.0994271586092533
0.039266966363927
-0.00280705564330189
0.0290435191334154
0.0468241513473719
0.0793859345861369
0.101777008040395
0.0959393823510942
0.0325068884393574
0.0579612328932766
0.0802126079713669
-0.119273585432478
0.181763764917876
0.0662204572288604
0.0312075658684556
0.14171650773103
0.109080129789738
0.0445968021822749
0.00996700824021764
0.11511131029443
0.0902069566904454
0.114234084617124
0.097996350038091
0.210447941684914
0.0249317198714295
0.0423159596262051
0.0348031419534319
0.127047497826894
0.147730666181076
0.109626920564972
0.231208476428462
0.129848401469532
0.0199793886145308
0.0825307319380872
0.168936519263941
0.0834445697749171
0.0431188057539305
0.0386123687988798
0.0451262638028939
0.115980576544999
-0.0145938029375123
0.0881213842814411
0.0341064439657925
0.19006674467362
-0.0412326997831307
0.160913644606025
0.17229184605843
0.115529623757638
0.280580839097207
0.292616109947372
0.214801819186011
0.142507591417374
0.144815502322921
0.0322499670648353
0.196699717824518
0.0589845514853673
0.0445154259730509
0.177016180423913
0.0231860036641526
0.170604375516733
0.147314573025133
0.0444263444725754
0.125776093856102
0.188418330447514
0.08009563752737
0.26897055729997
0.270322212362083
0.122275678311485
0.12865619752005
0.107256655210676
0.0954950111692611
0.202128286420777
0.18971895479176
0.151765484086187
0.259346717523126
0.0694332827147022
0.340493686405981
0.231759756360858
0.152025938365696
0.190935949874651
0.120003381186434
0.19288822316271
0.270687349754393
0.0557714453207413
0.233401455955683
0.191286493360095
0.0373099524580134
0.1748998403983
0.121833506641953
0.233892140402763
0.153021178334337
0.292381896258904
0.246905906033926
0.160575551662316
0.411789994572778
0.283926025970718
0.0762197200740706
0.178668564750901
0.110607121929352
0.242460816686771
0.284629374852747
0.23660753924297
0.331054096955408
0.324582354238231
0.276537300658438
0.279190019260837
0.30640693531019
0.27169954547833
0.126863375951055
0.174844278090891
0.253333952557422
0.193686618967738
0.308404120089051
0.277574937455826
0.332816940864138
0.272926172451634
0.283883523307427
0.239223490702764
0.32799289025913
0.302434136934754
0.321709012715179
0.292348169470166
0.2999637359633
0.306563766027315
0.221863901303662
0.317685922062473
0.337412422293324
0.259147553567553
0.206617052406485
0.269340349488261
0.338549438733214
0.398212011072452
0.442140994815503
0.27281079562627
0.260281349202543
0.288443184815696
0.381438442103325
0.30535446552
0.148984544508797
0.343451212505073
0.17842291539785
0.26306021268436
0.259589968230455
0.238039876905557
0.379830284999927
0.379585589224782
0.458342658684539
0.232850395922063
0.353882726734858
0.285163147540236
0.315638828900364
0.261057439573146
0.247353941850729
0.239301823338859
0.409011042034058
0.424951189210221
0.204450166895024
0.328412582064935
0.251027345331736
0.259105779754503
0.184932110328597
0.276883614204201
0.409283685731059
0.369293865496009
0.325809830799465
0.298420494549091
0.242383749471197
0.463753451636415
0.439415098689947
0.566780368339732
0.522829525394798
0.308363174094765
0.389569766966399
0.461015568014409
0.356589468182576
0.422919257451249
0.52650804680069
0.292161927940806
0.347401165053317
0.467794521698901
0.36458327592958
0.34893949449654
0.513905923056072
0.392103115114402
0.272485793907763
0.236434985760198
0.452227616033121
0.307044873668113
0.294743633135574
0.355358385839799
0.323854977946279
0.436469870225164
0.440922759651031
0.336337478052811
0.423915540893516
0.255134764815504
0.40852751837474
0.335691271812147
0.546962577858292
0.429247424429212
0.511102357945286
0.384299443768902
0.381729686754859
0.271000576031432
0.432307026897741
0.540575940281909
0.391500311768524
0.369511734476662
0.468831744290263
0.494825457013607
0.468818992772183
0.367407207072851
0.481440716842208
0.47913051657711
0.492260691609644
0.299206629985825
0.444821776850435
0.417414231948248
0.560937208972802
0.53385149461869
0.377188872698016
0.4116084902581
0.467180786778806
0.427711706496156
0.505803465424325
0.355259769547803
0.446947601515767
0.477681803425958
0.604305992941484
0.525406684079428
0.588519768976919
0.446004456789277
0.568154922198665
0.532101424927759
0.54448943382129
0.49835333554059
0.622813730431671
0.56107093156123
0.50072617038622
0.367365382822777
0.359852942810463
0.472760075878663
0.411822677242941
0.560901308856097
0.456344464828234
0.596057573245174
0.512170418668841
0.482856548791483
0.705659134713698
0.647586227710603
0.605753746396583
0.478072423362716
0.5145842377974
0.416709177491633
0.560389475760187
0.533149998577931
0.524842723262402
0.642735886041824
0.582691679790827
0.546850158074354
0.517595956469494
0.656048610670881
0.598170049436507
0.512924725135646
0.506984336426799
0.621739508549667
0.583862262136664
0.612735527465617
0.384208780615399
0.517786420606827
0.698806893978386
0.525436055928394
0.676959037925666
0.583047087152588
0.6476903539677
0.614353233071108
0.689764491819447
0.608704102763949
0.635690432973329
0.708329713353358
0.544476712088465
0.538491475233557
0.573900537908652
0.504313349612279
0.509610160084617
0.509360723181629
0.618550769124839
0.633111155700046
0.482240973377291
0.601343107343209
0.486287794031998
0.688226937410038
0.656158662950975
0.542457453053177
0.575442505122732
0.479426055358276
0.539274194276026
0.649365285751159
0.624750276178852
0.564408205106698
0.645722260164001
0.553050658924554
0.678537280440503
0.760675814964474
0.413423914097493
0.509591297853536
0.531787846256576
0.655304652125624
0.617660460868363
0.553594900554494
0.590433791799822
0.615526107725933
0.644992374811608
0.644441796029679
0.747897425894447
0.604955550190508
0.758970419068572
0.509929646618571
0.608848966170445
0.716889282702239
0.71420541757334
0.604527178951248
0.558414347688025
0.732585407716112
0.828214318997743
0.59783484496865
0.816624110754552
0.782788730219517
0.61611352240856
0.670375967130673
0.840297785874739
0.786631951405923
0.641978027309488
0.657122064580888
0.676776488154657
0.661316143795899
0.653454827793638
0.586261815707603
0.729099867091017
0.529846653371407
0.765686593525036
0.820247263784466
0.670623876960101
0.610554930341639
0.660958346041987
0.70919769835495
0.658214417328276
0.64926059797116
0.627911110126393
0.680899380407632
0.600885879961714
0.777644751644953
0.712508558973949
0.68799632242329
0.710347353179283
0.602803287439284
0.571214324509205
0.716700603418098
0.843340068890588
0.796567618610371
0.760403615974649
0.633168764855011
0.785309390254308
0.51411031953055
0.858846937490448
0.743766922117986
0.790018699705115
0.628420638794927
0.627739782058287
0.619069999518631
0.855893170149487
0.6599157876004
0.874168769494597
0.769218006890778
0.724571585118068
0.783581269040378
0.687794787108641
0.74523954520207
0.780866051343601
0.717873229364332
0.705098597694089
0.781561194746914
0.764447211438725
0.75105629056748
0.775635905887487
0.821011319642333
0.795447512981148
0.916382752471616
0.807901609321902
0.862692947813628
0.857138600257376
0.848508525788167
0.800284973183434
0.748759060297139
0.621393588272511
0.916054788851231
0.85436336424719
0.888548894290481
1.05107071598377
0.894654956681901
0.853412626641753
0.775641660408952
0.81191790661423
0.927575942305192
0.759831690185969
0.783581474038472
0.870690984790846
0.974315886278564
0.841099616727471
0.831557399064912
0.744123887905874
0.863096092878176
0.893056142653673
0.875823698383291
0.888933201014191
0.735920513671955
0.754390828801472
0.870124381499215
0.8764876837792
0.958296028514948
0.829612478740873
0.949671493266733
0.85750330818683
0.901344498815627
0.796880913481469
1.00062376529408
0.85468311278815
1.06621306286668
0.759126859988799
0.821142367128871
1.03013428089594
0.837997077527958
0.983301596557233
0.914599103516645
0.857482215093036
0.784401753605952
0.965007008152143
1.04060266344001
0.781037426072829
0.926226132712767
0.875335206519489
0.843151092201865
0.991654148633348
1.00031671711437
0.91593139722943
0.886060586249205
0.898239271178297
1.00396698089492
0.857905950677779
0.832705108984204
0.934500934116954
0.94018283615152
0.842695358431437
0.928361460396583
1.03351538196843
0.950125434544381
1.0322492493696
0.86991424893063
0.825411926529036
0.818426522871432
1.0236257815379
0.980746656612757
0.831168277831599
0.916601553448398
0.913519067344862
0.91063071565607
0.925869729003262
0.916695281130485
0.892257907506253
1.08667475383582
1.06442271683791
0.888659211828997
0.996403802894768
1.01173913895349
0.916307704872
1.09836108381783
1.02282763829949
1.06924307162335
0.973237658547479
1.05600776124553
1.02082830028225
0.900075866892525
0.954182322284271
1.0435276582007
0.998803462356802
0.949456824136013
1.05975306328992
0.948320370191628
0.927048191754701
