"x"
-1.16215763521675
-1.08083897261032
-1.11399294732473
-0.892826800360417
-0.93499204407159
-0.946999691302259
-0.99537610729252
-0.904481765435984
-1.15014883246349
-1.01628826637449
-0.986764107572499
-0.991787049635953
-0.908733459939402
-0.863624999532758
-0.920853884742545
-0.982132097897458
-1.00267166258204
-0.971211234398647
-0.954684828149321
-0.892473376103264
-0.910870942900663
-0.980537109616756
-0.83875599773768
-0.918286198700274
-0.959581444739905
-0.815910615756619
-0.924944071821846
-0.891410175663152
-0.952397533814636
-0.96273332603685
-0.939515658616749
-1.02055254607259
-0.924238394479227
-0.909093482669109
-1.01984661310952
-0.927971453142217
-0.92279819356523
-0.922443772594803
-0.814788443159349
-0.823790181260616
-0.9036341681898
-0.783814051006262
-0.793898918103502
-0.799379589808475
-1.01427539254084
-0.899281315677516
-0.894903845092215
-0.958242512763625
-0.890679093484881
-0.864582721975936
-0.791334143216418
-0.98716846308175
-0.85276209188338
-0.857954347640704
-0.892636659825607
-1.05286302751523
-0.924353802702546
-0.920129837789355
-0.957667136875014
-0.913531608511988
-0.724617587867618
-0.944027672522865
-0.902815890646188
-0.771249191381554
-0.786942415650802
-0.699654189624113
-0.891731249603178
-0.832609892455526
-0.84006877043259
-0.819679258452508
-0.858671790620009
-0.839565857653494
-1.07708401002049
-0.970764788635258
-0.95382227316225
-0.900371014403476
-0.863274558018154
-0.750501412857759
-0.763597504295037
-0.825192293897789
-0.833593588017868
-0.851898956122713
-0.861021250505679
-0.853766003737202
-0.803943318562278
-0.737690115212898
-0.820044202534575
-0.862558817861518
-0.873525463735995
-0.793664936627865
-0.730634328124794
-0.718018308267631
-0.752635807678287
-0.63748462879631
-0.820030271267901
-0.910729622397788
-0.833651614401262
-0.731078502792876
-0.7843854476398
-0.717130548657929
-0.863552659516441
-0.795816495880978
-0.819624815285384
-0.872766025296531
-0.812203110830798
-0.841854021745236
-0.776871903230188
-0.801597410245254
-0.823054551377169
-0.793024649765051
-0.799256530186785
-0.800655892261424
-0.76012271942501
-0.616184226112703
-0.783339662852165
-0.880791419728717
-0.657449453750601
-0.694370026038651
-0.651469143571673
-0.669511765297887
-0.660324661524888
-0.772667408280629
-0.723544983857507
-0.802477320273585
-0.719102542422829
-0.685605751035075
-0.722690773577996
-0.565761540306761
-0.683172582280039
-0.784514496278614
-0.671331740262868
-0.884703598010993
-0.620264278013412
-0.634258476185483
-0.741627425995005
-0.805199625820156
-0.768522178363856
-0.739939690820567
-0.647839079916092
-0.760251975019242
-0.672394689293788
-0.785649822139314
-0.796557347644534
-0.854507063792092
-0.626336209669709
-0.768741734579205
-0.633684210851728
-0.774940960904989
-0.774405050751887
-0.740588049763425
-0.566577878073095
-0.652863302735949
-0.792066992031537
-0.598251556599941
-0.754937877084707
-0.710024990190539
-0.60941273767055
-0.711474159958706
-0.757591073738648
-0.769041419655552
-0.694611224877659
-0.786671370102425
-0.614517535321818
-0.608854501857795
-0.677941475807836
-0.569141367289717
-0.568317941335482
-0.706750174722774
-0.543178140771152
-0.749693962353265
-0.728557759603376
-0.647222001405413
-0.735016072715507
-0.585329033826527
-0.699870039134447
-0.666191471721117
-0.676668801207512
-0.630486380372273
-0.668590383076629
-0.67553718477978
-0.707486993867304
-0.627733465662425
-0.590245495193707
-0.575938237329284
-0.685662560596309
-0.619976706691622
-0.593498919048139
-0.665740142016507
-0.649825252425106
-0.840779587409303
-0.529758286864787
-0.66468559161489
-0.629311528056405
-0.63406034731845
-0.6279495691619
-0.679346380150742
-0.569533317083082
-0.735733093845224
-0.556885715974434
-0.56581385423379
-0.594980129563176
-0.717182277721063
-0.635008109194078
-0.646966230430444
-0.630318572372936
-0.647307658648674
-0.43756964682216
-0.515630239812192
-0.762337516154347
-0.644440964471378
-0.574933705614996
-0.477083114354622
-0.522808997224785
-0.514558522684309
-0.691686467347495
-0.425851004634816
-0.412302216289383
-0.719293596631729
-0.61652723803832
-0.556532148681836
-0.520650162953572
-0.495499488630923
-0.640008449232436
-0.426986260442638
-0.49138825865242
-0.635244380247333
-0.688108874197921
-0.481679869752117
-0.39858108804925
-0.42743661513253
-0.612095714165576
-0.571634674888866
-0.387116229841905
-0.595772320766638
-0.506020358055394
-0.563967228467375
-0.589503105540262
-0.401634082942502
-0.57818947434298
-0.502483459295412
-0.577024451857231
-0.398809752204041
-0.600953660636209
-0.492235990305237
-0.397071072316006
-0.5267213933292
-0.582972135673889
-0.559142374008535
-0.416587354248808
-0.469516072383795
-0.549161034654951
-0.532959533023562
-0.540859664133315
-0.526712333983352
-0.668093056280945
-0.463476738029739
-0.415628328726551
-0.368898880401041
-0.463518338484543
-0.546670548369252
-0.47424576082582
-0.425336868009112
-0.53391855929269
-0.405522461372707
-0.498973351273849
-0.434396564705093
-0.467162930279164
-0.488306559176331
-0.359565473324338
-0.364128379667638
-0.479274045361934
-0.545457279199354
-0.488734755539961
-0.305273325683399
-0.460728823295277
-0.401055204452541
-0.370096807842472
-0.494164417833345
-0.54743747082145
-0.456498867427672
-0.326809334808441
-0.38852985405324
-0.524904653831672
-0.414700254751871
-0.369409031816442
-0.351864151711269
-0.452700495557045
-0.47800937345222
-0.313497894560177
-0.344529433910823
-0.3946268801159
-0.567438922214585
-0.390762037536388
-0.403715323199393
-0.43398739989557
-0.323449192265379
-0.544387408908225
-0.372964198430041
-0.485205555248658
-0.47953942508222
-0.34721150332553
-0.389762743649294
-0.35020463597276
-0.389087218464087
-0.184563526880092
-0.233416937538759
-0.369316577637455
-0.436544528098582
-0.317682815481775
-0.467504564506767
-0.323057690413782
-0.554632989906583
-0.485674068519365
-0.25983210640143
-0.405734987309743
-0.270883042835402
-0.408513321310361
-0.542603961022261
-0.261979845268279
-0.300454060079446
-0.305450272713513
-0.342119906026956
-0.235515549713586
-0.219685788155842
-0.33852275315506
-0.327543635783044
-0.367951605916812
-0.290917470084827
-0.471962996165906
-0.353567352478829
-0.360299459074873
-0.312385049514564
-0.134093387594519
-0.413796543358451
-0.45251123572034
-0.432276007837444
-0.349647304562761
-0.400636892542113
-0.291947113323733
-0.401506257575754
-0.284231743812859
-0.410152287671003
-0.334490754502081
-0.237160611319061
-0.33200981713541
-0.257628564962277
-0.4154591114019
-0.293862018993866
-0.242395674020956
-0.262676810094102
-0.472597009483393
-0.348283381365707
-0.262282824375449
-0.213696970405611
-0.290673013340785
-0.335180262397386
-0.282362606652485
-0.340180637197194
-0.194687662263202
-0.297213479641209
-0.245463688495464
-0.400239329494669
-0.329192430974355
-0.332703680732203
-0.267628554471779
-0.377839924538998
-0.307048726063849
-0.233440386568413
-0.141669874584664
-0.138186422698037
-0.154440237571405
-0.326129285568226
-0.322061164490094
-0.194545838145785
-0.299283327106953
-0.154253903761186
-0.266768347106911
-0.0476309758881347
-0.263155632954336
-0.441081543698164
-0.342522557655631
-0.225339176165487
-0.185830003345621
-0.394423398281087
-0.361754253423493
-0.262456068314302
-0.146650195442237
-0.129472541506134
-0.254835615432683
-0.192574005918851
-0.271255217835453
-0.158914975336638
-0.134256598443945
-0.358199925082403
-0.180802322686502
-0.308145782610099
-0.193671430207069
-0.15711123809105
-0.188396699467855
-0.232177568621115
-0.113651705620263
-0.197602894870541
-0.335790030783648
-0.211234362971221
-0.070309675787618
-0.33428932868776
-0.172374101082458
-0.196570348793306
-0.0227628711598445
-0.181306359316549
-0.184837963184991
-0.0768083156792985
-0.264419072315403
-0.202967154834231
-0.154652794539988
-0.359721750235726
-0.104664098902461
-0.30491057061066
-0.1361367906662
-0.089182438347526
-0.235641325782018
-0.155072742141264
-0.218139989844343
-0.25113444305837
-0.25480156666528
-0.103237888104331
-0.149098164949724
-0.0157580241242394
-0.156870888123489
-0.0600376157431997
-0.228837913313575
-0.276391683533332
-0.24567671004026
-0.170626227754563
-0.24135876391308
-0.0581634479474969
-0.169221775843169
-0.012364083573915
-0.0836210533500086
0.0366111132838299
-0.028303647810477
-0.104008069454642
0.0110460845438559
-0.18269982645802
-0.172467481628744
-0.128251879869924
-0.106803376608945
-0.0239146813720384
-0.166092363573338
-0.0902362980957504
-0.131317229770236
-0.0036317026435196
-0.162852412523915
-0.16786639619992
-0.144011559308857
-0.055212041587556
-0.0678023606683405
-0.0178448730438682
-0.192969823252342
-0.198577149526382
-0.120349609469664
-0.0297024979990386
-0.169669623763607
-0.162520502315124
-0.167389183517002
0.0386232158281261
-0.0719342253233441
-0.0499614975205336
-0.150367320166479
-0.15040232282559
-0.149619567374586
-0.143087836316332
-0.235780722867666
-0.140358643861298
-0.0697267422598954
-0.117490058777571
0.101866608575613
0.0497359343870362
-0.141430852570433
-0.113796657732343
-0.117665695414432
-0.0101549769419595
-0.107799851628583
-0.177777657209037
0.0799331455446702
0.133907926955194
0.0502016299693245
0.0475970782264995
-0.178702649088602
-0.0553945988283354
-0.0304929307163008
-0.0353701036635557
-0.0208692954107975
0.0536857312213561
0.0425980894705993
-0.142115018220839
-0.166513588683591
0.124232065813224
-0.0901765827280721
-0.00323964210005008
0.0405552650931211
-0.0966637555932554
0.0632949204887805
0.0687859705083276
0.0221832800155244
0.0371205505822241
-0.102374223942367
-0.17001183990073
0.113918375576928
-0.100324078049916
-0.0371297969284827
0.00236124120246016
0.0657563837298268
-0.111953173517671
0.0407013805887848
0.179607302634253
-0.0383479842481124
0.0384155467597581
0.109693236006452
0.0693256530507571
-0.0137505576185045
0.118258482164182
-0.00333665950958655
0.0506974636086763
-0.0135687869680738
0.200009394646063
0.124592964318073
0.130591930517124
0.0502428068315767
0.102396329457026
0.0969827327092566
0.0515471885403625
0.0526665121486044
0.12469221913798
0.0493896835223177
0.118279969872463
0.0376514053766883
0.000229611003036609
0.106865035643235
-0.0117060547882344
-0.0200274505837647
0.140170558583682
0.105833578602712
-0.00691831897644484
-0.0737408901668187
-0.0130527166025955
0.193309284037546
-0.0188440374664196
0.150181666878779
0.0194054216860269
0.0447509205932805
0.087028070187756
0.0103813552845983
0.170954098762525
0.0898760266012119
0.243671246480108
0.0598206921624957
0.197492029100753
0.0173019008978013
0.15398260815075
0.0312107656762489
-0.0896421893166039
0.115249028506991
0.0932707013686331
0.209850259129976
0.253225260956747
0.231780541056476
0.0101602825668029
0.130695180216696
0.232602141960471
0.153880057345297
0.110641504276029
0.126387500736883
0.0894535683071421
0.15880505315106
0.132568012316358
0.00624920367290783
0.131661189022072
0.190416927618726
0.0783920066176769
0.336557838916163
0.0267279852979052
0.207505524322971
0.212944391241796
0.173242045593585
0.108061615640253
0.218372141279186
0.106463802015555
0.153720668662732
0.298222022708624
0.306192715349069
0.273635056591522
0.128125564950629
0.0880414361556146
0.114206192365495
0.17580537301048
0.127894731916317
0.206645665637479
0.167237960348765
0.288498607723039
0.119697943259046
0.0827040945224106
0.201505253783858
0.179858315738087
0.378396372679981
0.337814016437428
0.191305840845937
0.348783655792297
0.225948434604526
0.238541585454437
0.255434239290227
0.245331851613646
0.199286773898448
0.150386982446414
0.264761959539408
0.30605054461177
0.279115361325923
0.24099226715134
0.344917742516064
0.255404964245297
0.345690972524143
0.206743183421245
0.156315948863903
0.232230485107351
0.285442936219145
0.288146834817862
0.156079639731837
0.342008699637651
0.252352270565432
0.292438023160611
0.265626757946843
0.102446821632436
0.072630733904363
0.194393927867367
0.388339569684314
0.276126682669227
0.265428402824357
0.310908132366546
0.359303985021444
0.226971656050576
0.0784769328596497
0.390859141033899
0.303895447926918
0.219495833696885
0.358442243547441
0.0539721032658506
0.316160588877749
0.184509110664137
0.250157439079256
0.272695181517471
0.254483629201412
0.263061421039503
0.398679835143948
0.305285357173509
0.422752933994229
0.388305174130298
0.437275661529788
0.222589846412461
0.398720296837419
0.297066491630335
0.335903265704634
0.206314904162161
0.395846636173447
0.196958316376105
0.53589718094014
0.449947298663606
0.281180843085369
0.322620901609088
0.388070689379425
0.372041643917995
0.248702284371373
0.275601970248717
0.309889432924622
0.328516320364038
0.404568513878427
0.389901783493934
0.265668462022673
0.463820922406996
0.434391143447726
0.409962861108747
0.486920010503639
0.496844497644778
0.348301130070013
0.392681271827483
0.525992555887982
0.177566337102271
0.348415138775066
0.423781728790427
0.261238064992199
0.279421980403683
0.24999539608378
0.532927248832527
0.402530269112849
0.304812296479037
0.494923408908219
0.421495941656552
0.381408809882227
0.374122759344054
0.427600171546893
0.338788683315193
0.513570322306582
0.425880614132112
0.434059721210354
0.406297844130767
0.455847182597789
0.365514649660495
0.400814888245321
0.455645378603124
0.381822151257427
0.425784765731875
0.415997531893903
0.301031009860123
0.408719190975579
0.407868792343784
0.479665544907372
0.399679469294413
0.475412415433244
0.368345456650298
0.436389160379263
0.439450537944315
0.281133713560597
0.398359032027681
0.550881010631708
0.477088075946772
0.562514391872874
0.61682836482639
0.456686596193882
0.46729589211032
0.346287924340284
0.54881668271929
0.487325634594417
0.343242655684814
0.559273696110316
0.513429707266747
0.473402700109423
0.601994362492014
0.450868103303816
0.524760461770062
0.520900554044425
0.581335406124546
0.439731071196256
0.586629341194711
0.399564873641281
0.540729573643924
0.419620379410155
0.39073652178111
0.436025609168667
0.733668251638904
0.52331839581942
0.49067193845132
0.452431814448135
0.485490425297896
0.550003059075306
0.562925281403129
0.379973753576367
0.574078854812701
0.670304290718371
0.449188315338052
0.449828881324693
0.444639767550505
0.384548225933005
0.541362315958306
0.578692305213599
0.489539770255096
0.505376406423463
0.49814183766949
0.439860138827526
0.432724770324938
0.533524712223087
0.538806783477234
0.606045396239757
0.643707400991766
0.637234426487876
0.354379009134096
0.512085223340983
0.584268124242565
0.61032282808377
0.589210939194538
0.428949259581009
0.558379458665612
0.62989380983991
0.604640950886937
0.559335331474527
0.664411739460188
0.57675046702624
0.527730650967648
0.632433338844356
0.57797780803891
0.662154735100369
0.564415865019515
0.619661268642108
0.395311555656689
0.454375718698044
0.582375350013426
0.551044653993196
0.63163773414503
0.528820788433585
0.565848457486747
0.538046506620142
0.573816886572829
0.629291691560254
0.558703352685482
0.449569224405598
0.831650219718802
0.649854586890352
0.574416660799444
0.605020140263942
0.683652820912807
0.519954891483905
0.704539344724791
0.614050855174296
0.578759495236102
0.603234705157553
0.619491577902614
0.601793153880688
0.64977085987993
0.721393826504246
0.568852588891611
0.73118004999208
0.559370061874182
0.597344420076975
0.683819363825603
0.593724344724751
0.585668774950654
0.767174236073925
0.742355112241217
0.632695089826099
0.642424121996422
0.664067423350666
0.732761252248545
0.72217566391267
0.679496322447961
0.745796344819591
0.758096147831126
0.722093488973332
0.587269762720534
0.598939176445824
0.720277691511718
0.745689828467794
0.745219819963309
0.664903693597136
0.551704510833018
0.627829348024808
0.766827996797414
0.625172343340845
0.729416974723173
0.720176589135007
0.814275466415299
0.658958428542571
0.634532343584229
0.581745353620394
0.766457694895086
0.74295733628603
0.634797113600052
0.682408637695089
0.669890736612347
0.703658889548559
0.715607447009244
0.651786094179138
0.721962572427456
0.582326215437434
0.865699000887053
0.641602962348466
0.542945574926281
0.77426918277993
0.735185371623372
0.77016468634834
0.689168191984351
0.830353302461867
0.706047024920753
0.745296637124828
0.708366492068669
0.72931194800437
0.713426353586687
0.833395390188703
0.89114718624022
0.890015969604951
0.747114676837433
0.674380311460736
0.570350760082736
0.723145609833262
0.737323843250482
0.831684275051103
0.747967872330657
0.696543799694009
0.880299427800791
0.687585652896005
0.833326315932104
0.75770854829364
0.679329920597278
0.848337452307146
0.696013352043018
0.950938871081463
0.748604161375988
0.669681173444465
0.819787232205185
0.841204157895595
0.696112826354128
0.76878237530878
0.746386798289995
0.83847343626863
0.775464914464665
0.807689857813977
0.680981390571677
0.666399665257417
0.847983948883295
0.83572430164812
0.789585754048981
0.851648861405934
0.855062441208035
0.896321184040136
0.827270016975148
0.801195037939751
0.910137256768925
0.940377122304239
0.776311621529098
0.919148295252885
0.674958236173976
0.753253259872263
0.824436042823263
1.0272536640106
0.750248739435173
0.894385597253695
0.82414811945705
0.67984053361594
0.846662273754764
0.9228542447785
0.790557852737725
0.784646372553335
0.90069384265943
0.86317550183461
1.00896593951428
0.862384955327884
0.906547568223731
0.881624658188766
1.00961942129021
0.823145639491643
0.861807571870157
0.937770467717246
0.754352334633529
0.973930844517369
0.945812351695067
0.694873239222202
0.899435297649876
1.0351950848298
0.908016688162373
0.751413178121577
0.946679468269219
0.797103591344049
0.906621594061431
0.861331053366509
0.746679584236517
0.846414486298379
1.07931659936835
0.838673404198616
0.8307014151166
0.988715413359435
0.937234217056986
0.878353316360786
0.97410756346009
0.861169122151375
0.881745123703331
0.925506439166329
1.04470988437465
1.04250788704247
0.834490475278236
0.919992030213151
1.0805811971239
1.06471583699397
1.02163362273467
0.967285209351811
0.947423313855244
0.841594252115974
1.04061977382313
0.991995162147846
0.881314028461718
0.804378348759503
1.02427838984709
0.990055004107243
0.791413492595522
0.764788029178706
0.813360297552816
0.982598775642539
0.861311172924247
0.958704063438166
0.823345886993036
0.966609825601076
1.01882489767255
1.09829786138305
0.993340567446866
0.979431273695178
1.02854003257243
0.973311467303837
1.03902167474494
1.03764451033728
0.970477544060869
1.05396654035054
1.27178556604065
1.14019964178076
1.00305143481547
