"x"
-0.927410543192359
-1.00892179380248
-1.14385404053168
-1.08636051907106
-1.05475379944999
-1.0041786006092
-0.923486815983297
-0.881194887045597
-1.04815078332443
-0.961604847046208
-0.930298108794793
-1.10121578199412
-0.941989952956817
-0.857151242279809
-0.826476949579114
-1.04710934566958
-1.08796117177469
-0.900320316462053
-1.01252283681058
-0.811114501060984
-0.81879059575381
-0.88591899899351
-0.944446562439846
-0.97859212580824
-0.841449658937417
-1.09007147229052
-0.965690340816988
-1.13007517048195
-0.929547811904517
-1.02319179451233
-0.914090334139106
-0.879120484585654
-0.986840139184005
-1.02761360606288
-0.912051383856262
-1.0071527019758
-0.902241340576333
-1.04560424408422
-0.864399389802956
-0.924258123144568
-0.954468143388205
-1.0483052925612
-0.945794367364078
-0.956072692289987
-0.888889481783588
-0.923522379327176
-0.907375840009284
-0.671805337698762
-0.882787085502376
-0.959561671523883
-1.00621572639469
-0.892344041502235
-0.820001654147649
-0.810623998664281
-0.918602736822917
-0.900438743443866
-0.843023289525614
-0.891545588045466
-0.883068432340145
-0.783913639068312
-0.876946787426684
-1.00139360755563
-0.905510091541645
-0.836357511952441
-0.893559198242919
-0.87013473981687
-0.798402186276837
-0.872918802495847
-0.840019007282201
-0.962727360784302
-0.716387919658762
-0.720043006787628
-1.00612198528247
-0.898853662907099
-0.776428231097337
-0.846604036774924
-0.948147239113858
-0.726784432170029
-0.900079838300114
-0.761557547461607
-0.822941835580266
-0.757689055726015
-0.959130904473608
-0.745160695695535
-1.01711755490924
-0.813470064673146
-0.987009877493011
-0.841771497128724
-0.741539341566411
-0.733112781769784
-0.788691521084478
-0.841233501692731
-0.817324893013464
-0.811709011487276
-0.791064142227495
-0.800681882802119
-0.771498303004244
-0.684344596034406
-0.875919738585215
-0.728279833217344
-0.750803565027222
-0.818831817461698
-0.608555030126758
-0.696146478022088
-0.769260614270347
-0.799890959973248
-0.725861357347788
-0.677380394704771
-0.839969733312646
-0.756434627205671
-0.597138079169099
-0.824035321691039
-0.837679733982653
-0.75926264496189
-0.862782604204242
-0.842673939881541
-0.762871567992745
-0.768294876090308
-0.592824661777058
-0.762649972885302
-0.640879807302848
-0.894446108694629
-0.832444333414536
-0.852614503969734
-0.850933831958602
-0.688777925562613
-0.864271808417711
-0.737804171051344
-0.809272403688538
-0.67167244111598
-0.692856326793444
-0.72172779946882
-0.665004562106019
-0.82584905101089
-0.735561400833702
-0.741912308583978
-0.666239719660439
-0.779396346049698
-0.647808462569954
-0.648263805235538
-0.643806836537449
-0.566396026722369
-0.880310346790927
-0.566628095989742
-0.663374088843052
-0.777033401287473
-0.7900791073247
-0.715130729347274
-0.66303157013542
-0.643046840044639
-0.592743319612079
-0.575071021179263
-0.636929104981372
-0.758120120092381
-0.74984599970964
-0.642770623382662
-0.684954216295134
-0.613626195888758
-0.691069861494597
-0.66679706293199
-0.776142215414449
-0.630852708599096
-0.642760509543429
-0.560945142932883
-0.587177412910126
-0.744624397660257
-0.753327767283114
-0.616271820851595
-0.733593185784887
-0.724172240220663
-0.571161005794496
-0.622935804779206
-0.551611949687124
-0.69153876468494
-0.711115376203034
-0.647490453182966
-0.714330279281727
-0.638472256455052
-0.809833437799619
-0.655029436752394
-0.720220436404545
-0.6110796894796
-0.657268895604586
-0.681578228538704
-0.671186076875242
-0.612625665296398
-0.628338907947678
-0.58129395936721
-0.629066594157094
-0.724322901912665
-0.660759640110856
-0.758599547798245
-0.506642361420618
-0.638853543412873
-0.660153426568923
-0.592524000011568
-0.654553037464752
-0.573720524985987
-0.634932666780713
-0.701803783337731
-0.727619188791404
-0.521624666545235
-0.568226827329287
-0.532236571183631
-0.655622689136769
-0.642830048686575
-0.397930633114114
-0.602814983660331
-0.4588830404493
-0.303749930733538
-0.500124973088054
-0.535026743181414
-0.657945350112907
-0.519949877029954
-0.601739331494657
-0.528410193670409
-0.340191477519641
-0.508911773356237
-0.724206684363585
-0.709144364901508
-0.627546110954994
-0.596490449226239
-0.404274693210407
-0.806043145106806
-0.700705775135889
-0.613630242179681
-0.442797778184341
-0.501350279953678
-0.38928427998121
-0.581273055357799
-0.652059960808848
-0.640486623901254
-0.591332988528328
-0.589900096568809
-0.522211546207917
-0.450243437314317
-0.697556984868901
-0.43867873305922
-0.519958266878981
-0.470982818685935
-0.539537494968959
-0.575411642781693
-0.509333789218862
-0.572771846986809
-0.587273004525239
-0.360018458950332
-0.516254500579027
-0.418381676848548
-0.445372220087167
-0.642893567080663
-0.401871177628489
-0.469644484303893
-0.436270772836047
-0.380122746610358
-0.648998753877542
-0.48117063527529
-0.495880160941254
-0.492462415559829
-0.461728616874759
-0.378710556176682
-0.568494029705405
-0.531149196720259
-0.257609277514817
-0.54252262193818
-0.634007747195852
-0.558584261222963
-0.413902025641902
-0.539899580348146
-0.543677066378801
-0.460888534104276
-0.483821714197857
-0.356545642523241
-0.415294739846521
-0.40339054181496
-0.432951694601597
-0.680746579841572
-0.464286080283983
-0.464613892567135
-0.445279819940163
-0.468359245111599
-0.432080666724093
-0.459691356773603
-0.505251235670333
-0.400102788658076
-0.47685900875986
-0.488565329060632
-0.356920554488493
-0.419878800502926
-0.34528624967304
-0.632951329709898
-0.476879353715454
-0.401031215353957
-0.596615221536453
-0.448729002391363
-0.375731653094035
-0.453700015341123
-0.440803722989961
-0.464704381092644
-0.324265263913107
-0.537430669250155
-0.449487083450655
-0.429600114209695
-0.31235356634313
-0.40715508696815
-0.249186354816173
-0.38763765296084
-0.55175596290397
-0.184274242942888
-0.319674659165643
-0.314232060074299
-0.34586589266232
-0.324816969181453
-0.385904998583756
-0.227781357880557
-0.415600357030541
-0.356503861571162
-0.343593695111992
-0.165973653442605
-0.44399454716017
-0.411376659372964
-0.31314014671325
-0.37562707685761
-0.313492130399615
-0.421939244657021
-0.406565353762827
-0.429493629822197
-0.206402033195227
-0.304614686501568
-0.363840552204357
-0.478017014559262
-0.169407177071092
-0.22561231729509
-0.275567563377664
-0.306844887319142
-0.288085910400141
-0.367562266534746
-0.278625070040539
-0.264993572234222
-0.325093054797178
-0.240549288971133
-0.284635244686171
-0.25437965520841
-0.341556826157023
-0.212336907468236
-0.345258174324407
-0.366189508231144
-0.316866515793049
-0.377069005234428
-0.281701320224731
-0.42273971419146
-0.219149526984364
-0.300665646517718
-0.303042053006853
-0.162284104807949
-0.412102586753035
-0.294255285102309
-0.259238214746555
-0.321700807387915
-0.248617655508643
-0.274827961277163
-0.271140459256972
-0.368386962926295
-0.296861610359357
-0.117426424434855
-0.18756461629134
-0.282681256905271
-0.321565662319651
-0.216325340544914
-0.195595071860715
-0.300832666939467
-0.216183928003653
-0.2809079892289
-0.134964909652014
-0.15960912836914
-0.279624857750149
-0.276816394850397
-0.15490859268923
-0.325974089120494
-0.160654276219986
-0.230850910182607
-0.224528583328171
-0.32318274761579
-0.16773602421135
-0.215365125472616
-0.191629162449323
-0.262499145060468
-0.290987721360699
-0.226680539932332
-0.248038728202918
-0.170509846452072
-0.290270364673126
-0.144995514130679
-0.214278181577037
-0.262369365702565
-0.258876354717219
-0.23793597364342
-0.0559759180284852
-0.321560839040345
-0.237923491685955
-0.0147444672729423
-0.148513591102866
-0.345464659565987
-0.060451094824416
-0.147317311299337
-0.273445996110985
-0.260686819899278
0.00717519914141826
-0.324781244185592
-0.231053098516896
-0.0954987608896757
-0.198155915542576
-0.099809361806055
-0.183255897217347
-0.191219540123107
-0.124376861320992
-0.119743178545098
0.132143687796937
-0.0345374980205621
-0.0596119876089294
-0.181944813877151
-0.147728860086946
-0.152580241042131
-0.162833428493343
-0.123057069493842
-0.130295523885591
-0.208195221415419
-0.0176623873020743
-0.0510145946073603
-0.0582135383321203
-0.170833920523307
-0.23484676149563
-0.182202874145632
-0.0852451039768761
-0.0821765604050866
-0.118158907957245
-0.112983821814164
0.0452422722986702
-0.0442051455149814
-0.118623906964889
-0.107490054426066
-0.100228408331208
-0.203677398485448
-0.237079924045557
-0.203937570053097
-0.163723510919884
-0.214308811859294
-0.162514110766726
-0.27383180723996
-0.207046906877841
-0.132051138061276
0.0538934262796779
-0.0763601534916386
-0.0323640620277595
-0.129311369468077
-0.0451180131004603
-0.137876913305597
0.0225952155903712
-0.123904282812529
-0.134284531580017
-0.14729882136842
-0.0853238054620623
-0.0277025579363936
-0.0827884991255492
-0.0556235649195913
-0.135844490761239
-0.186960709508719
-0.135658007461831
-0.0218485658862605
-0.0525939947608155
0.00743406163197647
-0.0791391178264275
-0.114131381447863
-0.0224921476351502
-0.016830198745526
-0.307564062306546
-0.117174096138158
-0.232697110880347
0.0168832432057537
-0.0681486170618523
-0.0280501089002315
-0.00448670068754473
-0.0920166407891984
0.0405593468724162
0.0339547329644674
-0.0365605249272317
-0.0149194225507935
-0.18126894904699
-0.0330451725008537
-0.081579540707648
-0.183650089497301
0.00823291534589164
0.120800884471881
-0.0252868211122979
-0.129497314898129
0.0544407047590202
-0.14945224047677
-0.154188063670515
0.0371011606278923
0.0116828126459912
0.0216560656479385
-0.0266104664912468
-0.0303947032153836
0.0330306599091012
-0.0364692769319882
-0.0719693876186827
0.218056011542186
-0.153418431299817
-0.0298569913470955
-0.0508918783336898
0.0474567124121728
0.0180268041870138
-0.0654776721847595
-0.00127845408648896
-0.131172180328288
-0.0165331234420894
-0.0196585699686135
0.0725799877249669
-0.0304044943513111
-0.0222808098979863
0.169155016306906
-0.0807847751660579
-0.0140324538729638
0.0372342448601369
-0.0736900544583257
0.00400494198479311
-0.0278477441272009
0.186325776803763
0.0916643863236581
0.080325464829565
0.204252319916148
0.0505210727696227
0.0338332820681054
0.151102997139428
0.153514196499196
0.0947024179296188
0.204861401673872
0.0868219801982636
0.0612529939161701
0.175614726715814
0.134476361157656
-0.0613845936194276
0.119606610808376
0.0940387022235969
0.0521246775385302
0.0180071886026929
0.0953682951472059
0.082817044233908
0.126965684050378
0.00163544936566177
0.0927104635763666
-0.00601499035952762
0.197679876557594
0.114224101701362
0.112880985407654
0.188356373403517
0.0422325513013896
0.150829669979116
0.154150110652354
0.129215591019081
0.187493585007962
-0.0198501704558429
0.00530266288925629
0.0602098967121807
0.0542946864645423
0.377853370026175
0.252499701138466
0.226548163421601
0.0549175128378031
0.18564679585678
0.0201464306137276
0.137347650038687
0.25733391627702
-0.022670196134433
-0.0189275510092712
0.108849183232543
0.203360208877167
0.14237066579233
0.141593697049664
0.189565257562697
0.259425757570011
0.187276638575396
0.215335349797767
0.0852930020657143
0.20098167804965
0.108140304655017
-0.0106594353724744
0.129981713874019
0.0908913058919632
0.197111076240734
0.275292484981635
0.210945129700191
0.200689857616728
0.273788465175966
0.18123105163147
0.18477232629448
0.205588147078269
0.235829568607004
0.19661025409813
0.146002967205934
0.110639449643146
0.203434097599578
0.216769085044986
0.212229187195993
0.368176387319993
0.244471774586297
0.0216438244465118
0.219832287994991
0.201135801733486
0.368633342893692
0.127372595610225
0.251927594728166
0.280342249728015
0.144572966101829
0.39484084340887
0.288399231545663
0.22507871236328
0.260861316381584
0.147509788699163
0.287983166717928
0.447668571085997
0.346918307677593
0.161481081330697
0.261074570290931
0.240202674559524
0.302905686013138
0.29458081841535
0.377260155699337
0.158648344523727
0.320782146917826
0.328208423517969
0.189935434736275
0.198375817338396
0.25443988826298
0.342249991586862
0.220193687355841
0.406411713067775
0.29305207489176
0.442304042941638
0.260114463834154
0.281477755665235
0.290720783926393
0.285502823474088
0.225001317990345
0.248420396082588
0.22086511512899
0.369356357820018
0.40506735442802
0.358577746170512
0.235330086936689
0.438743495520015
0.514571757397431
0.414495237871708
0.372339218493785
0.363746159988702
0.0847230273237005
0.359599614847751
0.392467000058668
0.188440476162444
0.427862634542006
0.31001081944323
0.352270892222446
0.390416089151546
0.305590669152946
0.426196173807912
0.298907424096784
0.341962400677682
0.304852672531278
0.317325378433313
0.397733769844384
0.303224080107684
0.372963531035842
0.350545316593802
0.275914369490937
0.427543261828913
0.33048234420063
0.262153069075066
0.334524598865665
0.344338218913593
0.38266212675717
0.460111522774464
0.315929273223019
0.37328444090466
0.37697844952599
0.486458007365228
0.426063508065992
0.395517453847685
0.374718107942729
0.426584120925416
0.349613969435613
0.404315080183181
0.494274115400942
0.292126980471144
0.488485361456889
0.377156186640336
0.379873962798093
0.358379452916555
0.379478099397455
0.466232985221911
0.414917096183906
0.505926126983497
0.354212104632317
0.263130960737608
0.369444809101323
0.64102298131605
0.371463805364788
0.566610566280034
0.34570826803073
0.28378592228817
0.33592317572958
0.436476543976924
0.415570729455426
0.383310222378111
0.350925330883213
0.463741525945758
0.46438082748715
0.634420431953877
0.458689217515048
0.472640775272101
0.453167659561541
0.398445866525526
0.499996238655103
0.452420783836775
0.354129834889232
0.544831485823912
0.616580322043286
0.247172107507243
0.498063539540323
0.465134579893247
0.606485133569773
0.319029970485072
0.409829729395412
0.522976766760438
0.451415103431837
0.511349011756524
0.502893590281647
0.397284529950068
0.587781211171712
0.521113011495609
0.536498516219234
0.244259254794013
0.45218024641253
0.40934509036364
0.329265489626006
0.583834613534107
0.398162019406011
0.480731396729533
0.550622999920314
0.411907411721564
0.347002762373994
0.575190908962285
0.467426923158401
0.422561953642043
0.559795372091834
0.46994777207235
0.485939592335181
0.347174028051368
0.455829761309263
0.581187848852246
0.47263848952418
0.550655880727884
0.530431416341752
0.455756139239799
0.465353536566438
0.577037066581428
0.432884326390343
0.537591807691748
0.556997106785946
0.57336823035953
0.496960224661884
0.476047773932319
0.486038359206811
0.399461923242059
0.544143050517794
0.549856560805529
0.646524826722121
0.645455377785064
0.593625777691945
0.358566289614414
0.576180410805446
0.513238923660211
0.608408264871554
0.503697596568318
0.478886912614476
0.609591049929001
0.583714815555035
0.443090688360542
0.549902154334137
0.505207463162326
0.638045643310324
0.547466184356622
0.457654464641994
0.709221470139949
0.62503771530615
0.627794869281521
0.560298909516623
0.625955257635747
0.522093642551957
0.598884679879078
0.456137850542182
0.685903620661617
0.550003443627619
0.561139387300693
0.650701710330111
0.778278930662839
0.634082841856384
0.720973426845096
0.56774355652187
0.549315339962
0.668063483300431
0.667759658405397
0.748773914382108
0.738090945378825
0.602457512305724
0.632981261366731
0.705495972242523
0.504274409394876
0.65650062359225
0.541254618357875
0.603580752742743
0.536813550375198
0.542307978003451
0.624109694982647
0.50772231254973
0.640599636063735
0.778157613224909
0.572266082813921
0.722566520009486
0.75390792557783
0.670506589542196
0.660851160860367
0.624316152812525
0.598700101941676
0.6651339369439
0.801728305915162
0.666698055957447
0.559611236136732
0.701344974891368
0.582287772855568
0.512560990756948
0.647815016102135
0.604305287696289
0.746852509266541
0.701982171233709
0.62192510362301
0.547688393201611
0.626864569697897
0.728449348547157
0.685484363314602
0.765127466079057
0.696361553167759
0.720932772401768
0.858320243250876
0.842852526564329
0.570552042112464
0.79414506503315
0.720116786133188
0.7904927539973
0.659760068920839
0.695798777348493
0.762234821489273
0.728572505744757
0.771461868964157
0.730233564624919
0.690700491561604
0.713102245319965
0.764449845706389
0.709533969009999
0.69381907057131
0.748136950995969
0.643375495800574
0.707585988471911
0.763114637993079
0.688791176887173
0.691906226073117
0.665209332717071
0.826506184076196
0.66815866988625
0.647497370765389
0.735080242351781
0.612593031347905
0.658420119348315
0.752030061723261
0.716256728579001
0.761566597414271
0.626301710244674
0.649820161607499
0.631265310494006
0.790296590161688
0.725298646741381
0.858971069995799
0.779847097862315
0.770706965539995
0.889223206556925
0.676949956753319
0.728999000112226
0.778045954650774
0.768080230549186
0.77414796836192
0.884173140068797
0.752944313828589
0.81284276004948
0.731571126175829
0.819578351432684
0.990233571396716
0.919088411562802
0.842229487681536
0.839456867200884
0.92832079004731
0.772443236915435
0.829301348830568
0.797944574523564
0.830124178140396
0.949202852452621
0.769620236219462
0.796949886894925
0.820731449114482
1.0044780987413
0.641424862932819
0.830674937717159
0.782576519277082
0.861956196758436
0.81040564312111
0.843054424448109
0.792309404737552
0.919446671421569
0.626655578292673
0.950938782179148
0.85074136511189
0.667906657982761
0.899987303457223
0.918867376572614
0.938711312679763
0.858458479446639
0.945004437501699
0.775054853052691
0.81268840007386
0.857211906311388
0.986961183693165
0.906539150777248
0.860036516646168
0.998026825860271
0.848096171546697
0.785548484666794
0.961391435782392
0.944549591559232
0.816647437891334
0.836532141923672
0.898762287681985
0.970126915889048
0.928517276073622
0.994279594547625
1.01176265951886
1.02650013687654
0.935029005454135
0.837144711239653
0.909825268292736
0.95305099723153
1.06070024155642
0.926847255270922
0.939617154809308
0.979205931682858
0.941040613296525
1.00659083626576
1.08949124724921
0.9086951833689
0.906936136668377
0.825751536585121
1.013432785927
0.943302485566528
0.929368880927442
0.90815900193868
1.08414189388972
0.963232092201168
0.937253416116743
0.908950593444214
0.937354170895833
0.855893882060679
0.937136188039689
1.03568519557823
1.03261056455721
0.830486959695967
1.05839883265212
1.0029942600454
0.818499649224886
0.936588875603107
0.916605409832406
1.12227051839001
0.955272065144127
1.09331036872742
1.02477514675322
0.919259606019345
0.78162941440309
0.995393589877984
1.12044575816685
1.1189788672748
1.09423384995681
0.947937499781406
1.08876626473353
1.01399126015439
0.999008233331403
