"x"
-1.16157782934604
-1.08970816583061
-1.12617536110321
-0.905590770408561
-0.935802209917737
-0.952976464141897
-1.02019901557607
-0.919156046654985
-1.14655780947538
-1.02975297381348
-1.00978793044206
-0.984566523426075
-0.907358229445063
-0.848906136075981
-0.922740902850665
-0.964778654979058
-1.00246445420259
-0.969519739716208
-0.956055098075364
-0.864561583743189
-0.929827514213486
-0.968635564610667
-0.862907785448617
-0.909246403878
-0.987847963156009
-0.821969952955403
-0.923274329832855
-0.890040363129075
-0.932931841575694
-0.960819430117742
-0.970685398134962
-1.01847127207015
-0.914520111256094
-0.909241792196733
-1.03069561591586
-0.943391745058595
-0.906324827131886
-0.916473531957758
-0.811204259711756
-0.822796742781064
-0.90099623089906
-0.79885979182762
-0.779366957473321
-0.813536964961497
-1.0182980961761
-0.899569879635556
-0.91186809124302
-0.952937605036686
-0.872138867912688
-0.88104099881715
-0.799303783243092
-0.993386886302432
-0.870619414688526
-0.874365464684805
-0.91440581245456
-1.04838622454291
-0.911310586147298
-0.900277522346267
-0.960080392578853
-0.926173797166929
-0.709747620850461
-0.920001496270284
-0.894911606339025
-0.76611651302373
-0.787984034465061
-0.692317313201015
-0.893075660173333
-0.853183045921971
-0.823192313324658
-0.813244887779472
-0.877519800342646
-0.844578798053027
-1.05948677858174
-0.946505380032895
-0.936217053484649
-0.932368576262203
-0.844327533832173
-0.721285686152209
-0.765083335477717
-0.811135851252643
-0.845827720594415
-0.81464966818332
-0.865625745557288
-0.831064776496026
-0.801441965977553
-0.719565088676883
-0.817456185245158
-0.881557282609566
-0.863888472463947
-0.791525541428308
-0.71942628087367
-0.731774511334134
-0.74334270124143
-0.640339697609834
-0.809263493300742
-0.9180750372137
-0.850394911339933
-0.730126247547415
-0.788127055718707
-0.741089997981578
-0.878100142554223
-0.774449306594709
-0.831160020701712
-0.867865753913162
-0.841971741238627
-0.852656103523945
-0.783992305568076
-0.794513156648326
-0.805667054957017
-0.786137056658218
-0.807822845381611
-0.8200153528913
-0.768944137537251
-0.612300411039144
-0.800739583759512
-0.893924387549991
-0.659715501612971
-0.705249742294861
-0.647964180411856
-0.675437355086011
-0.658684169560949
-0.776875451272547
-0.714088069515236
-0.790535891242742
-0.708297107503539
-0.683940112165554
-0.72081334794318
-0.584080832930231
-0.674383671241276
-0.792295514433536
-0.673343842532678
-0.865195384044283
-0.619292707736332
-0.621864405039678
-0.74286611150247
-0.781488011992426
-0.750833509566376
-0.71057644334147
-0.659021082852055
-0.758646042318164
-0.658778524253773
-0.75796720988727
-0.794649789174188
-0.86478424662064
-0.615834309414158
-0.768228222480223
-0.638956888723965
-0.763302745933293
-0.746725955796003
-0.728854242722894
-0.555582403097427
-0.643159220651876
-0.782465049538493
-0.609768153136321
-0.751985947960924
-0.721656929370362
-0.590916878516097
-0.716126216679797
-0.773817481124024
-0.758865989735477
-0.684614727861916
-0.801352304123078
-0.604337527840174
-0.593453298300898
-0.682808224147021
-0.589404648146379
-0.56316760870475
-0.728391142593062
-0.569449837579936
-0.75457951282512
-0.714431899401837
-0.669357191075563
-0.75214274405999
-0.577618442877891
-0.713304110698764
-0.672439628865075
-0.676818969082233
-0.609027636021459
-0.673258194191246
-0.664258384215175
-0.704497278569511
-0.612090994234636
-0.607568776104369
-0.567621208676105
-0.670625749066169
-0.648654153144318
-0.604438023966488
-0.665410875269782
-0.664535760265769
-0.824681117566244
-0.519273592875111
-0.679325410036196
-0.65707836866095
-0.642710141882529
-0.627570736066635
-0.68021744641398
-0.543020043764501
-0.729969585793706
-0.557538697717732
-0.579572800708903
-0.617643398142498
-0.713056093479543
-0.629534796289205
-0.626404900639197
-0.632641686695189
-0.658116559770111
-0.412918201880205
-0.520034893041759
-0.755345517811379
-0.656219585192155
-0.544256701762908
-0.46221218597961
-0.529015581610859
-0.517185181088009
-0.690827928087362
-0.428373082695282
-0.435643731509397
-0.712231395577698
-0.58564718159948
-0.544914170250222
-0.519116377429451
-0.526874729711947
-0.640740548636467
-0.419928372898089
-0.510558548697496
-0.646942981384526
-0.69410031999591
-0.460323436019197
-0.398686870401446
-0.432352087813581
-0.596865098658545
-0.583337660274205
-0.357034672487885
-0.574473019096333
-0.51369632818264
-0.555463219342288
-0.557585099757337
-0.412274031524258
-0.559133776561576
-0.533642881609665
-0.557197149098842
-0.409605908324566
-0.588359415977256
-0.48006103275242
-0.402881396837239
-0.511652011687419
-0.573342130981811
-0.571961504544239
-0.447670107364228
-0.473504157507694
-0.575258703803777
-0.531916404134842
-0.535240973523312
-0.563060692625409
-0.665772019110791
-0.469983759571294
-0.402541221142346
-0.363663831275274
-0.479740592836591
-0.554988671485367
-0.470834529483172
-0.437824404523785
-0.546668246491568
-0.398873020700989
-0.488528293481264
-0.43708907682354
-0.459380228876512
-0.489866798571195
-0.362009618947514
-0.346355767975495
-0.478322646811617
-0.534023621543185
-0.490367289407372
-0.300433375438655
-0.462248606821812
-0.440009655527151
-0.365984544351912
-0.502860311293422
-0.548240236602304
-0.444669213960579
-0.321213067667781
-0.383399610334026
-0.525674138374408
-0.422868760510418
-0.39030468551767
-0.362990148619959
-0.468492841508016
-0.467900499526262
-0.321020752558926
-0.362977657418303
-0.410232324553172
-0.57271287279466
-0.397510598024237
-0.398964557456245
-0.419179481113435
-0.312853714392087
-0.55416492863768
-0.379449441498252
-0.478196138864292
-0.481288131420396
-0.330743124513721
-0.401824309721751
-0.367367166046406
-0.39448242989828
-0.211961431912322
-0.24290783709317
-0.361216878579343
-0.443583096486628
-0.303358975500708
-0.466985672271713
-0.311297774183468
-0.565495208223348
-0.480587735841978
-0.266961544016221
-0.384986391388969
-0.293809948039341
-0.383975268775043
-0.537184349073483
-0.269464973445591
-0.292274348354303
-0.300493787325233
-0.340393927452395
-0.233077441856254
-0.214564091782422
-0.339129208914049
-0.34156629611302
-0.350312368370059
-0.304267881592915
-0.472028271260822
-0.331086542268004
-0.349325747880745
-0.324843499391323
-0.14760146851525
-0.398906506039777
-0.451779280704845
-0.442529296482739
-0.342038365155644
-0.394945340908137
-0.312487379516882
-0.399251905453535
-0.289444978019683
-0.401101583991346
-0.334691343356537
-0.269314024328718
-0.358509899939795
-0.272568860819954
-0.437404506527644
-0.317497930992996
-0.247569601882731
-0.292909332554436
-0.478404935627307
-0.348177436094494
-0.270623638651688
-0.218520602596276
-0.307002780411764
-0.332208524946873
-0.293433216837256
-0.351350661111342
-0.184904244963693
-0.316578896576421
-0.253948614280441
-0.390479714666983
-0.335448909250496
-0.335823582811513
-0.270953014661244
-0.389348362844388
-0.277484066462813
-0.248207092499039
-0.149608920198485
-0.129626511712022
-0.151410355562878
-0.304202668068528
-0.306826967748562
-0.209833836941742
-0.302709636462392
-0.159487270341159
-0.274798762625655
-0.0584792183873665
-0.290471687716025
-0.445424304309291
-0.340315260548559
-0.218480006556183
-0.197699958812649
-0.380606654106948
-0.374378155781025
-0.261428282140892
-0.169455102592429
-0.155895198653457
-0.244354672138624
-0.164535734498845
-0.274118958540479
-0.155162589182259
-0.130901483271436
-0.365566527241955
-0.17044853627327
-0.28919633626297
-0.169859345556101
-0.163164452782241
-0.184566823035714
-0.207710564062084
-0.0974249833962175
-0.183360683027224
-0.329866306391055
-0.202586793681147
-0.0782904452836926
-0.324555297729746
-0.164449394733387
-0.20197409560424
-0.0112682588553266
-0.178293912127416
-0.162378411953489
-0.0854581803207281
-0.245838885460977
-0.202170055898552
-0.150444880729118
-0.363428924129774
-0.0909765497762466
-0.308499461214463
-0.159677449250892
-0.078842155496614
-0.263880175643666
-0.146113195819672
-0.220550764974877
-0.243929869905368
-0.254180667773104
-0.110194961040704
-0.129701800882916
-0.0235065148790662
-0.165821283308249
-0.0765132921522123
-0.22344360550324
-0.293436045576151
-0.228111413726445
-0.193887315468835
-0.242419902331811
-0.0663879336208353
-0.178929022065464
-0.0407451302639031
-0.0696110364764858
0.0377869841835442
-0.00935122311348929
-0.102291837800284
0.0155636168878828
-0.200250314467161
-0.172820063411367
-0.124297315866697
-0.0962951746672725
-0.0131540395523879
-0.169782941761847
-0.0817148425875149
-0.127029179948995
-0.000353842128260059
-0.167746566868868
-0.181142408086802
-0.151370640327471
-0.0722519324666046
-0.105169579977546
-0.0271908045654715
-0.176669348600597
-0.19808643148096
-0.130626220363616
-0.0372700869371024
-0.191658791917352
-0.190967413048378
-0.161965225621766
0.0367530195577077
-0.0740882629619874
-0.0524891467353896
-0.140056528711976
-0.145602063269053
-0.15103951769483
-0.144800904257258
-0.21420398119536
-0.117627587469782
-0.061155157292726
-0.11274393721227
0.0974341349902391
0.0147591955318753
-0.137759240437318
-0.102289633932131
-0.152047810939634
-0.0218238770994831
-0.0985883508891358
-0.184934212607548
0.100390039348447
0.0965804524987812
0.0652073110331738
0.0376407036658012
-0.184817600060912
-0.0495281275897073
-0.0472682040085595
-0.0305642257252443
-0.0186586945792649
0.0481744188711243
0.0425212836426975
-0.146256989181855
-0.168235501052744
0.100712716321281
-0.0854558926115623
-0.00529529065936158
0.0291659993064438
-0.105921016411574
0.0532328531046664
0.0349070435746393
0.0433153416514905
0.0276355823500334
-0.0914008831674009
-0.189870978126959
0.103191964114
-0.101128133489788
-0.016449193816013
-0.00903006760840447
0.0449327408386962
-0.0981359447095235
0.0204136410947109
0.188654891700642
-0.0603618945462386
0.0545081053672071
0.132405947815479
0.0705844959106293
-0.0209581395454456
0.105945706379383
0.007148545689707
0.055252531197382
-0.011078812304767
0.203403038188497
0.14548991859903
0.128559113246085
0.0535652201030418
0.0923624759880231
0.0918406101784897
0.0465441025021823
0.0363877220980811
0.138121592057474
0.0377806441618799
0.127340173380777
0.0402316757775242
0.0289381653325599
0.1071746180133
-0.0120228734519675
-0.0212958476692019
0.147233718531535
0.0869824408912267
0.0266946080817657
-0.0557125754927783
-0.00548986702934793
0.193664383066166
-0.0095487346305481
0.148218361379619
0.0196744292988427
0.0363256970202248
0.092557116353364
0.0314834133329495
0.16630595438653
0.105506042002599
0.239282348892611
0.0144399875377258
0.199897443453555
0.0324586798145088
0.149880441798156
0.0301608278937591
-0.078082736601366
0.115439904928699
0.0988894382529323
0.215861957695222
0.250587894519014
0.254516696816508
0.0254225490787732
0.118530024989575
0.232321568481874
0.152780970984877
0.100916651494368
0.130964330627936
0.111500065326541
0.153476412324459
0.136802732368437
0.0336978495548859
0.124825570691435
0.181596673772932
0.0759682520271404
0.320939191817816
0.0245642738281575
0.219959681607265
0.196490697366892
0.167079013214511
0.111359689318565
0.231340798345846
0.105570878634229
0.142687935084283
0.297160262322483
0.301774951690007
0.266038354074187
0.126002281683427
0.0615237549334686
0.117045502958414
0.185677388293906
0.125213271093692
0.213912685331446
0.16050656133716
0.308281484484957
0.0836640312944271
0.084518283174029
0.206074809105228
0.171114100729028
0.370971844097425
0.310445318952301
0.209658643705435
0.354728716517849
0.226933845689399
0.245841197805007
0.230123051914979
0.215213350876148
0.208976780179789
0.130820921624574
0.267739247359618
0.29920954478298
0.276525660592673
0.241034180702021
0.343443954429955
0.245220421747735
0.35771790787981
0.226007247883421
0.153652958929142
0.238872126546158
0.264497152745991
0.275436211322116
0.159305227208954
0.344177845766607
0.23266862628487
0.297492532913931
0.2881098054047
0.127003134882167
0.0770229819884837
0.172729513271869
0.39631585944278
0.292340026904284
0.255412448929086
0.313520684374963
0.353553994606258
0.221178058923981
0.0992776047786111
0.360400644922965
0.308523473671965
0.226419424650253
0.357633214144298
0.0628279324753396
0.321536544293183
0.194182520373653
0.235717353952032
0.271517284484714
0.275611991400912
0.282102912696208
0.381012573441525
0.312974805682554
0.423939002317179
0.395186266585753
0.451931965408402
0.215667758138327
0.403207582559235
0.270131679838267
0.345704321463767
0.201233220778785
0.385947603296632
0.222074501661911
0.531409255884263
0.453874511665743
0.293339571813474
0.336802052660016
0.377529052310171
0.372477419759132
0.265155411518613
0.268295481547847
0.294564375632188
0.342223991192624
0.409830709320958
0.393706823730717
0.256085179150592
0.455195805785191
0.433103167894092
0.440232949659782
0.484711031031859
0.477679080370364
0.357569229804037
0.414953990586541
0.525711775217715
0.174662107040659
0.358060269949515
0.418797810970012
0.2699557918282
0.276840625335023
0.244694606788324
0.534848781867877
0.401703538394411
0.322323364270685
0.479894865638045
0.40486511120234
0.39510585878773
0.384485887646049
0.433563577677938
0.342986660967995
0.497378199589068
0.424020019243196
0.451874353579875
0.391869146112533
0.438787805866796
0.358440561908345
0.377375568783924
0.431814553478698
0.387750331145344
0.40890076732533
0.425817706543795
0.268867482660243
0.381127514469636
0.413192503307115
0.492059045921401
0.391509059067282
0.457553940214378
0.366771433993849
0.444465783510975
0.451036760196294
0.295705571902377
0.404772422041636
0.550820060847502
0.470279668995844
0.559341707544155
0.592022181662575
0.432567915091764
0.460864053094135
0.320172619283714
0.541592130088856
0.477406290832016
0.354586441059164
0.578155843402038
0.530154417762316
0.452585062514848
0.586661563825368
0.451846828776568
0.532151727262823
0.532751538338048
0.582032668363489
0.451311015268272
0.560065245900795
0.435676090499795
0.571224478407783
0.413847497152589
0.394780162549749
0.454778744407581
0.740868689764069
0.531859924988542
0.488875201263349
0.4265042657308
0.505411313372731
0.560857246569992
0.550121766513275
0.387278964653349
0.574123153837216
0.668834104258391
0.443101874684424
0.43241437784774
0.442870515199289
0.382834023985628
0.536040623324365
0.555440850408822
0.468885937097681
0.526216668089895
0.50641811816591
0.449408550032194
0.443240964273022
0.526706424103747
0.523147084374326
0.586903287745959
0.640167067714746
0.610784436663376
0.367321201101762
0.516987581933196
0.567511332425773
0.597496092622824
0.586714005872152
0.443618798473938
0.569893932778124
0.621964314282717
0.596565410874366
0.561827044539994
0.65775167789055
0.578127119053847
0.532014101056521
0.596454349242265
0.55324932881676
0.672541691636326
0.577361555726741
0.612580151855381
0.372706963944211
0.480057798781169
0.587745095791026
0.542238640828581
0.607066732371205
0.529863258406459
0.566938173315241
0.521598946308808
0.564868036273123
0.617288956481616
0.574914192155196
0.451157557538192
0.851591196871074
0.65495544019561
0.579226123128678
0.61145523783509
0.704627829237004
0.507538130390652
0.702475305644261
0.5972702331024
0.595787920480911
0.600076812850441
0.631519251645515
0.6183266564946
0.643189279829482
0.706950861094009
0.55043058014173
0.743278065817018
0.560156054937414
0.60161482964402
0.65320154063805
0.588459105539553
0.572546079276021
0.766352900206163
0.723398750972917
0.606224268286467
0.658951712866361
0.684359017692818
0.710909282258015
0.720771365754228
0.658040573454043
0.758181339815526
0.784158785485632
0.748961952459549
0.585976285254835
0.603840711163329
0.697252227129713
0.735017866561112
0.727493853704709
0.641397511929601
0.503169505577193
0.630273906422734
0.776161212740683
0.622913682457042
0.729427740016964
0.705364726004762
0.822130374833769
0.661005117249752
0.625787461357026
0.575975913136317
0.770719342343086
0.75172925960307
0.622710500856247
0.662041937837344
0.689186518329482
0.693268007345506
0.712807169150745
0.660477320207756
0.737750033866379
0.604293001114123
0.860394991152085
0.608499872574889
0.543193804515704
0.76323527941477
0.747356609103776
0.765486473742781
0.689671999023453
0.852324924354337
0.69750711992988
0.742605120257565
0.691120556073125
0.717315597129828
0.716147061237378
0.826496654838107
0.873926269919256
0.896587304110202
0.742391850924756
0.677833110417222
0.557639755108493
0.730213735175938
0.707912531492211
0.832211738300962
0.769131069559354
0.712422156778006
0.895689956868194
0.692255378095911
0.858482360317348
0.747617211677896
0.656313201841411
0.835773659893125
0.711075211525619
0.959709908278049
0.748714125447288
0.660261880627989
0.820138266419914
0.82961725200859
0.692348383162736
0.786488005008905
0.7440821493438
0.852093469611217
0.761869012722779
0.816654202812773
0.692677564998646
0.654601427284425
0.864209685250032
0.846077514182456
0.80788789472404
0.841346900040561
0.874559722471588
0.91412767050837
0.82958983544277
0.790051026430435
0.90432049689629
0.952957613443741
0.791027130065533
0.888494518389748
0.676704320970205
0.752926683157241
0.83285569393569
1.01709276808603
0.765883343973987
0.880228194755317
0.820728225094566
0.691113323832723
0.864465520542082
0.923533059885114
0.7918744127205
0.762006771359812
0.861360718395797
0.875357882644845
1.01905515996231
0.879235833545225
0.902298387999913
0.881097619986182
0.986243787915624
0.805638066370501
0.863306553734235
0.95880690785157
0.74660615239313
0.967230659873893
0.945830692581641
0.690340550628331
0.894785765664868
1.04977377857584
0.906071631973568
0.751069177749603
0.941354307829061
0.801512854477561
0.90022199132156
0.882394217381107
0.758045479703482
0.853550130293762
1.05197507290122
0.830670113271946
0.811210230894734
0.982013134266726
0.941230468607657
0.879805164027494
0.957622931051943
0.892087304987831
0.890360254263236
0.921105056170803
1.04634647357829
1.03529796888907
0.837657692761158
0.913824222969806
1.07033106648381
1.07526769529691
1.01489377665711
0.984083760156423
0.936307905939781
0.821141152037119
1.02683940715291
0.982956587702297
0.891858112358282
0.813977417286157
1.02264567339332
0.993804886388867
0.796344307482581
0.773177056803077
0.825397752250877
0.981698318377408
0.843098943448139
0.941620650882645
0.845339713570308
0.955554877055763
1.01571469673198
1.08263468655329
0.98671556086775
0.997021016443246
1.00396641890796
0.975938816996114
1.01420044721492
1.03762347100128
0.983382887457583
1.04852343086082
1.28090036936635
1.12286398613946
1.00737400679176
