"x"
-1.12498260446463
-1.01241339384105
-1.04326224084708
-1.01536074528798
-0.924738174644955
-0.993039145398285
-0.892793806496889
-0.980704534553956
-1.09735182033369
-1.08706083498471
-1.03642402746799
-0.958575964517028
-0.916263585004408
-1.05313780531178
-0.884158530674097
-0.976679512000233
-0.91306655886884
-1.00464775802583
-1.00266584589022
-0.896067488842091
-1.09327288214523
-1.00463520318199
-0.881708901025223
-0.85731394278891
-1.04112729752526
-0.908942696263969
-0.897519539821255
-1.00272890353878
-0.980373691822346
-0.916952811112857
-1.06749052662454
-0.832562475406422
-0.902728936379631
-0.806127280367613
-0.861482786408679
-0.89808297218516
-0.799745874598867
-0.90528640602409
-0.867686398828098
-0.966212259203392
-0.902091009424392
-1.07073857296585
-1.07936974469344
-0.971312650914043
-0.849847206273389
-0.933813911182272
-1.00549176740964
-0.845443332556755
-0.778507465778553
-0.900499574873128
-0.859060579471075
-0.857796732411555
-0.847618697011409
-0.849550776951952
-0.87480942710803
-0.860697413795212
-0.902322147693925
-0.830371172263739
-0.97104636301441
-0.952551776986943
-0.804997833586648
-0.881833574200288
-0.911448119252198
-0.847151600381467
-0.873136084808123
-0.930944532730677
-0.92150805035177
-0.821483042746735
-0.897421293263401
-1.04850350729249
-0.950034822700475
-0.886512665823146
-0.958526239676807
-0.803893066029525
-0.840875479710318
-0.884020208206861
-0.891063969791398
-0.888022355368487
-0.900402253960015
-0.676326563765296
-0.869188946579783
-0.842756328800032
-0.816425693141963
-0.858932809303771
-0.912759982036146
-0.834713530259129
-0.773402984680383
-0.887971297636103
-0.796290744677933
-0.92235918960179
-0.790556284566667
-0.740100424309875
-0.871448355949285
-0.835001882461705
-0.779725337409981
-0.8525180515287
-0.816394715172473
-0.708189591552797
-0.788439345278693
-0.704312927080198
-0.855290850808852
-0.735378624462886
-0.749948064079518
-0.702798894689231
-0.711158978948922
-0.899629311429254
-0.631987851897755
-0.714300407589936
-0.739475491400749
-0.792311176671997
-0.830066953499097
-0.87178939566799
-0.775147574398918
-0.81642169919025
-0.860919994565585
-0.834330525500533
-0.877700985918637
-0.593242027672895
-0.776611677643598
-0.753928548020189
-0.75989651089883
-0.887826522273833
-0.816909224910785
-0.600162772400462
-0.462351606835154
-0.679691080414758
-0.69836828216027
-0.749235564879148
-0.737908176257409
-0.831979712929888
-0.743076699670385
-0.744052903172154
-0.755329199432401
-0.691587571143903
-0.646638617550322
-0.779798690202616
-0.802760260804474
-0.846032335111747
-0.566849852186789
-0.68029679720208
-0.652807132045415
-0.73413968141966
-0.718932662531842
-0.704726872116947
-0.610770903641387
-0.723309470951293
-0.784791694335121
-0.756423164016159
-0.647669987907026
-0.571725174768148
-0.561558054746301
-0.658316787360824
-0.670690714974118
-0.618474491359231
-0.725037856729465
-0.674596808436137
-0.844515554266303
-0.769063384986586
-0.568855695275148
-0.650085964010648
-0.701201713692664
-0.699965228090799
-0.796685842770385
-0.779012467751307
-0.687184906183191
-0.803698713776869
-0.611773078403505
-0.552473367469708
-0.687792114711256
-0.520413577096094
-0.659170862060333
-0.63361115691943
-0.665389207564257
-0.597769962693219
-0.638898927934426
-0.679716841911758
-0.526980863679685
-0.593915264347748
-0.537147318549245
-0.752096848224351
-0.683229120612364
-0.678326312904687
-0.635801800366124
-0.612345666946677
-0.571680405331404
-0.63097859514316
-0.635986235769401
-0.674341992425147
-0.558204086367327
-0.712785866945686
-0.617052211850656
-0.6006451778919
-0.627365190118292
-0.474280113012507
-0.583280766121614
-0.624452721102843
-0.619451827331451
-0.645677128100297
-0.671092867154488
-0.539488919314729
-0.545543842754369
-0.581582289949941
-0.660890932322015
-0.622791072819233
-0.492180987580591
-0.642590744067558
-0.533891473289913
-0.567320680710113
-0.445227387640458
-0.555140200855325
-0.605294081958291
-0.516259205448909
-0.426376734133346
-0.520358256987526
-0.564733478243184
-0.507608505810221
-0.362784186114955
-0.539467970076788
-0.571069762021563
-0.493567271665626
-0.585042443837148
-0.525216538442307
-0.702457065744202
-0.549079918483058
-0.567018618047098
-0.428423287582448
-0.461741236947577
-0.667441156777957
-0.444693485059191
-0.547547625313356
-0.541070581906419
-0.598195080562839
-0.44250060267741
-0.556563014486678
-0.553322642083928
-0.536536461876601
-0.374310215926879
-0.437236565853961
-0.511381584590062
-0.537565779821836
-0.493210035045035
-0.521123391769886
-0.687596099927466
-0.540846043751595
-0.457403061511974
-0.673172019449645
-0.320341627419691
-0.57665499097254
-0.514973441017585
-0.54204154077357
-0.408092906745952
-0.65029924724116
-0.33464431981632
-0.712430110580912
-0.595628375422302
-0.464333133986451
-0.472714659840279
-0.53821771923461
-0.47982088353339
-0.506545482878218
-0.404420366543102
-0.512389785838964
-0.464800308064412
-0.304995995468276
-0.528310545152218
-0.606975563039844
-0.454353715494838
-0.427365577402427
-0.508025412149052
-0.485323402511447
-0.314742949531542
-0.367423729875979
-0.538930479863448
-0.577017192402372
-0.350501383334996
-0.387734922709388
-0.362178697256024
-0.430976348105213
-0.579485290615295
-0.514517832693129
-0.555903374966308
-0.316380345210551
-0.553179817032017
-0.388201579479053
-0.362941066754803
-0.308817970580499
-0.313351259357781
-0.621164717074123
-0.361809847014601
-0.52753598344384
-0.665215503031546
-0.322575211191701
-0.576487349520528
-0.432899268876099
-0.430848675880331
-0.400707620582686
-0.37990831083928
-0.447879203620157
-0.404582634843992
-0.313451312081412
-0.323618028622181
-0.503511720550185
-0.412790787090339
-0.50644686767734
-0.490964678078494
-0.390472467864563
-0.374485955118884
-0.298665546966891
-0.441515259021995
-0.303180065690422
-0.442291994295008
-0.395419991714188
-0.352410103715176
-0.423789687793918
-0.32742166100987
-0.469404313978324
-0.223467522348278
-0.227688582189983
-0.355579479600461
-0.468808332557538
-0.3239189535435
-0.446510427047044
-0.409311458660766
-0.355870204557747
-0.472592771834642
-0.324945576352224
-0.215849304595453
-0.308555079857837
-0.386459529735469
-0.314043011832483
-0.348979825090237
-0.341992025738255
-0.298064118392222
-0.13236668710261
-0.422784132839251
-0.297867529000466
-0.321469567004413
-0.401437769697857
-0.547213989556472
-0.346545874846652
-0.426153023203345
-0.171359040403694
-0.322682292074745
-0.34833533424428
-0.220927243246722
-0.149313257584152
-0.346306845128986
-0.155894980835849
-0.382208250119563
-0.297907018701492
-0.272903129076076
-0.40940684875816
-0.106410506854989
-0.209339258038067
-0.336573246335163
-0.320737327884707
-0.33601657269932
-0.368151507945594
-0.315677321651133
-0.32095579869895
-0.274128744568902
-0.399564125946634
0.0221425367993517
-0.422994097780258
-0.213629947241256
-0.322746279797648
-0.307846461138129
-0.112515676944805
-0.354215747066711
-0.317429561147562
-0.286283502958166
-0.138792274035547
-0.225932246035572
-0.149455023283577
-0.195175371317156
-0.181044994056699
-0.226059740288661
-0.239644621015658
-0.283048217768698
-0.441907358982548
-0.219196892229754
-0.290943826402498
-0.195989678941164
-0.0665507563511258
-0.312226044070801
-0.206938431663563
-0.330707110224741
-0.254895545096727
-0.293958740946622
-0.302886998317927
-0.253703694583556
-0.0661737765657932
-0.0824515334983785
-0.177304453038241
-0.27801790801261
-0.153844700377952
-0.269146553098021
-0.356875874576603
-0.187836986282526
-0.255432660002048
-0.191666175552943
-0.294872187016984
-0.128968875579547
-0.372218825678195
-0.195340990949777
-0.205274256875688
-0.256623034711181
-0.148042469149351
-0.205467920971434
-0.147887255606203
-0.183404253684343
-0.0838048400485485
-0.013667645386125
-0.168830729865262
-0.131893558757338
-0.0181059011708679
-0.230892062079684
-0.224706185943177
-0.192648602965822
-0.176789536994753
-0.0558912493513144
-0.256144160572542
-0.154903602566146
-0.0700070613869583
-0.251951231321709
-0.212229374232006
-0.0588757286754047
-0.0424416268543839
-0.147675423247062
-0.143893811660392
-0.156962336032155
-0.166915562936273
-0.269578935354934
-0.0937190503996259
-0.0698047622163892
-0.176935039569709
-0.230750656838541
0.0290984451453699
-0.19038334887669
-0.185395096279314
-0.0938603924109707
-0.0732897638122644
-0.0303209486204409
-0.00649421555212912
-0.144578979597719
-0.166165212049617
0.196749870565861
0.0158013009100659
-0.0497534440621899
-0.291219370143055
-0.206292289785909
-0.240766182454822
-0.137370291543289
-0.169709557735046
-0.0825317108810966
-0.146858535066146
-0.0628353113410808
-0.0854639330150154
-0.119869914587968
-0.102160105509469
-0.0595549288824849
-0.0230612316851689
-0.136709716217208
-0.149417661779309
-0.114808426669744
-0.0163659860255917
-0.021250170615131
-0.0930114938039985
-0.00100450418192632
-0.105044917257138
-0.00782713458604002
-0.0705691111127062
-0.131567533582558
0.0509916216370701
-0.0585995033425371
-0.110369647795362
-0.0612777183581351
-0.0356621020899483
0.0348810750679201
-0.1407692969712
0.0730686553791086
0.130270830556902
-0.123198977923008
0.0989792949008842
-0.0686890965005146
-0.00326726006970338
-0.0785965158237316
-0.00819191877754775
-0.0459226895642901
-0.157663334763001
-0.0031939267880076
-0.0816070588615704
-0.0451984461580257
-0.0374991403187919
0.107430875612763
0.0791699929332781
0.0099730364528237
-0.0726382481011695
-0.0417580058714409
-0.0977280745643382
0.0429366864823328
0.10861564183117
-0.00932224309392171
-0.0116570206349452
-0.115741171945774
0.216847773313465
-0.107107443698987
-0.199524891032893
0.0957430162121835
-0.00328999267819483
0.0404196512221023
0.0726581986991978
0.0368874860475089
-0.0206112593225587
0.0532575256835086
0.0462858567575099
0.105643494789896
0.127578672653028
0.0828788273870797
0.0348526183722217
0.0575771602492128
0.077756762250511
-0.0996090411475227
0.177221685800883
0.0815195252665795
0.0236123149795083
0.137977016563562
0.106069158471203
0.0457144364941636
0.00388894470385717
0.104051614510455
0.126993554711166
0.119704625240951
0.0720877360895595
0.18198229874916
0.0111739289192999
0.0304073784782806
0.00371285146755483
0.128600901161058
0.158704593521052
0.111604085213054
0.236993411955709
0.126740308573512
0.0293983075103848
0.0810603408260386
0.149160203489459
0.0999413687577983
0.0526912735751593
0.052298287099383
0.0499557187068548
0.116630448233866
-0.0106474296345623
0.0915055045305483
0.0144856693794853
0.195309684941916
-0.036050384054937
0.149564421699738
0.162049327304723
0.0923882139284227
0.249348477949342
0.296913559250259
0.220718176868542
0.164982682357479
0.143069789461351
0.0488461948353006
0.186532671724643
0.0674266235119895
0.063036494640075
0.19490938257676
0.0436442613831377
0.190210594352196
0.117319739398139
0.0567079489865264
0.130580948519389
0.178419576832774
0.0715702628489227
0.271315317547624
0.263415932155074
0.121746348657558
0.113378629407573
0.075877469985057
0.092374277290835
0.22032436027363
0.191379063661017
0.130896782905072
0.24415248329263
0.0757795339245768
0.345879536573831
0.203912628110298
0.139317860396678
0.203886592199604
0.108766887024674
0.197229561547657
0.271432732019827
0.0583704499807701
0.243342371224547
0.161871052425939
0.0457469047834139
0.17465158962466
0.142214121081722
0.236584965076213
0.160734650850332
0.302823710113604
0.245167085004486
0.136526385238697
0.397673861862291
0.292436528018305
0.0779932572601595
0.183542041022705
0.116351725909144
0.239243806652856
0.28578054413726
0.236354925523718
0.329679778784031
0.330747907363815
0.243369513052122
0.271177974670948
0.302771586463898
0.286654786395662
0.137938996737166
0.157699387726788
0.256158925625261
0.178491615299316
0.293264632400146
0.273793221196764
0.332987771055734
0.253535683510197
0.260998249410752
0.257598058539711
0.323401151210993
0.284821729776598
0.322717143932394
0.289240029948341
0.315296302628785
0.309798963780132
0.236304779798978
0.307473421462304
0.355810260116906
0.266767267220953
0.195229944364599
0.259758406805687
0.326660316598168
0.368160120381866
0.419859929382933
0.282383217483632
0.252676406848363
0.295109950437161
0.378846001680924
0.305352097187268
0.14600510948848
0.341188581273419
0.16374143263715
0.293085578042185
0.274973554530751
0.255687545401418
0.358511405578761
0.38082306613202
0.452355404268725
0.21390151135935
0.333821589050666
0.275204653608074
0.307015587675442
0.264928365636273
0.272979897429138
0.227667492671342
0.420823493381092
0.422260178074503
0.207594023353071
0.333935710542262
0.23097952481726
0.239541277837435
0.217308906100682
0.272267734936449
0.398643808844695
0.379956918754225
0.349352949141747
0.324454741391764
0.245355694045255
0.472126819667659
0.438587617149057
0.58449581694001
0.510763927313904
0.287130852058913
0.389173597303162
0.44700365825923
0.352494947614046
0.438357210368568
0.530641497874716
0.293602355655444
0.349763302520425
0.457191630530846
0.354953449311861
0.347940325671512
0.525827216967875
0.39793798913007
0.305653802400212
0.262924641763815
0.456597171750221
0.310457201078028
0.301079913598254
0.371197098478375
0.3168308717006
0.4146571868781
0.437271474531366
0.325946617467275
0.40205884981342
0.255509305712837
0.407593486352334
0.351835668253372
0.545984679483297
0.453992803687188
0.528647406176943
0.399878952298956
0.396406074915227
0.277575724432335
0.430086877254444
0.543164502667167
0.389025012619723
0.347649103271629
0.460845637696236
0.483194855786145
0.448197047383662
0.366991719681536
0.468990366859984
0.491148830333915
0.467181608036606
0.309187059975608
0.442882201238583
0.435057431156221
0.58243803503946
0.550539268570342
0.389137822348012
0.393851028187105
0.468158218495006
0.426060882366632
0.502008681452057
0.384058203098078
0.452666401130427
0.468359278703212
0.59003031673058
0.525013424101728
0.60457692021453
0.432675812128625
0.56431270156002
0.507829687898936
0.549559233231686
0.488835257305635
0.614899568175885
0.551792845505136
0.503090822918181
0.355962418646955
0.342231246492696
0.457793668882846
0.388787255410115
0.573185921423668
0.427363823138291
0.605268802304193
0.498883346478228
0.46892246067261
0.709937564586537
0.650346813986462
0.628552518885135
0.491480505387177
0.535085247689225
0.428683224319709
0.566238989222652
0.546627392127057
0.519933079123006
0.63931862029319
0.589221838517798
0.55335124063866
0.498501404026712
0.657432226678965
0.604028193711764
0.514707539310995
0.500944720034592
0.645647753762524
0.590018155216185
0.626038617285236
0.372406626569947
0.522194646323854
0.691709972239326
0.550378076812072
0.665075159170092
0.582611934383602
0.643905818992398
0.594371684121975
0.697777117798455
0.581273850267531
0.635697516043956
0.70965670947486
0.532982593466184
0.53301188987534
0.571715495889771
0.4999959226214
0.51736760392561
0.541419218502677
0.607999781106933
0.633893455928543
0.506902836164901
0.624977907331359
0.521242206439821
0.661957209028116
0.650919210272749
0.540789993946729
0.579166535526184
0.494842424661834
0.51918227146496
0.659260469724067
0.645505164571181
0.575336508404475
0.643226197548567
0.534067097798823
0.695863225747101
0.772226292642738
0.408737238670916
0.495977140264625
0.552204895681842
0.627921862796409
0.639611284113989
0.564311205414407
0.584178020163657
0.627889324074575
0.643057389907939
0.677620890243591
0.743642729408189
0.607226373118067
0.750286054516097
0.482387326277346
0.603061398029104
0.729797333710762
0.693169921179492
0.645875352451822
0.555630005427071
0.747761711692786
0.813375024382307
0.606447852522866
0.826954759745176
0.7675420381172
0.623563559322694
0.704102394554891
0.830263185821586
0.761210635448378
0.618762795418107
0.648598630771405
0.667116574883184
0.673313388128545
0.654339515101399
0.574097455681297
0.714146853764034
0.530144549990068
0.778138972583341
0.842708475616674
0.666131821917869
0.586793429264463
0.661664404809677
0.717271731772847
0.63245463662743
0.647438671555375
0.629735959406157
0.685138392548258
0.609641370943441
0.796208302267539
0.707878781568861
0.678172870590397
0.706393484038614
0.604763312382729
0.558652632499815
0.72382590491287
0.818881100470736
0.781134095820584
0.764258468730779
0.628173607934552
0.782309875625021
0.535205459046414
0.871816115423868
0.748085713601877
0.777150985836467
0.644846810461144
0.621358479870708
0.617407995019041
0.869167058095916
0.631798299654402
0.87967077491715
0.778482861830384
0.725280176273127
0.794669458424817
0.665936036178874
0.755189177570669
0.790700009124421
0.721372413208845
0.695182013486005
0.776085364053818
0.748656079871272
0.737503425737923
0.80179100257121
0.813795653612015
0.801096505349085
0.93067990674089
0.802744583807655
0.858989628397291
0.833008404493325
0.841229058760451
0.794357122410284
0.747186792072686
0.606434195545917
0.901514547532993
0.877029240889402
0.900098331321169
1.06155802875721
0.900037667762298
0.847499679192878
0.779488051259376
0.811534805621182
0.932227742396706
0.75981453573144
0.77097924788123
0.855567551692868
0.969643476939395
0.827695025036619
0.833439289671542
0.755048112308959
0.855780854579283
0.890143713175921
0.869272300378816
0.885217512086958
0.716362551411848
0.74353823124432
0.869312715453424
0.87304840330919
0.950378443519425
0.804601218274977
0.928918160816749
0.858651528736981
0.925228682795227
0.799903105408379
0.999294835182636
0.846883928483157
1.03238208545546
0.78556469003538
0.823210954501607
1.02250504032043
0.854912388442852
0.983327923584531
0.920655605778786
0.836295485822394
0.771632498977858
0.955008006272193
1.05603136058739
0.78742615800201
0.94189431758681
0.877290857231322
0.832483050930934
0.9797547060995
0.984343209474231
0.911727032851539
0.887826168548148
0.909849557384125
0.982670745682866
0.838664585861021
0.842493393612776
0.929811482340904
0.949312749683741
0.836816750182283
0.931749445897376
1.03158958599572
0.941949313243896
1.02199521484426
0.89781114705137
0.821516491312403
0.83737853455918
1.01020809557817
0.986238597753301
0.829075644372323
0.935340548699665
0.934732770707607
0.918379205311895
0.915178846657565
0.935676953366115
0.90514590733682
1.08456533589798
1.08239564031241
0.897146069248006
0.975092779281075
1.02515954933026
0.900282160655572
1.0941882614464
1.0002604702245
1.09585191306792
0.972075759161919
1.08079915257732
1.05682603405345
0.897716656763448
0.947042170726487
1.02067664866679
1.00435523199228
0.941360085823049
1.07355575645846
0.955242371283065
0.900467537105011
