"x"
-1.11659273986095
-1.0162462139888
-1.05448021012247
-1.03062224012969
-0.928699069886324
-1.02035409240259
-0.895974500007251
-0.938341663219235
-1.08981486082442
-1.06654512234938
-1.02137006354578
-0.976081104115211
-0.921611180613214
-1.05801310595184
-0.896437592239179
-0.977279842930478
-0.887866270972215
-1.01225059586138
-1.00984167515218
-0.890805387497308
-1.10019302311206
-0.991358253059641
-0.8973970714917
-0.868959936452384
-1.04056656645095
-0.914746556630443
-0.890384127899554
-1.02803492866716
-0.962890183667561
-0.928583907513381
-1.05681076265236
-0.872468082998034
-0.892731601854328
-0.811060697429177
-0.847432762926907
-0.904065678500099
-0.795696396521432
-0.905477811097897
-0.878925634881697
-0.963717869083486
-0.879243870486185
-1.07201720015074
-1.0734472476878
-0.974786617619992
-0.8270322748972
-0.918574586188979
-1.02491489209683
-0.845322205028451
-0.784995484130927
-0.901948164858406
-0.879585413082191
-0.891129252974202
-0.83775641892959
-0.843887223744134
-0.864510327487519
-0.841762658563263
-0.892070776875301
-0.844815153000428
-0.965452888304809
-0.942732062344396
-0.848365124953112
-0.876755481539953
-0.911373127001989
-0.860480491855238
-0.894144221588803
-0.939259257402398
-0.919308317732816
-0.824252185058619
-0.892747317314679
-1.03267350127238
-0.951899447506891
-0.889309487698129
-0.985798942595505
-0.800746019669577
-0.817915408221791
-0.863687533812018
-0.900294771494059
-0.917698229974571
-0.873833435333742
-0.690689073968679
-0.886112153784948
-0.823330491252382
-0.821159921072715
-0.854431626682578
-0.897054431075869
-0.849808370055998
-0.790086938861228
-0.866292736959334
-0.805108551715406
-0.923237664146729
-0.817083120559011
-0.736218922746921
-0.867211800748476
-0.838982517364348
-0.786199969050721
-0.838056394454849
-0.836578469580779
-0.742994784870246
-0.767136450392207
-0.700611479624777
-0.85204305109967
-0.746245290490748
-0.72854979162344
-0.71706975038779
-0.726775533225353
-0.904554871955071
-0.628194669917675
-0.688156775021236
-0.755934236489481
-0.78654201091977
-0.824975818216658
-0.858396554668186
-0.771765356414404
-0.819700754180826
-0.853779067710754
-0.832600462536725
-0.877213926411575
-0.599865190760862
-0.773199254449331
-0.759350747589625
-0.772003317845493
-0.863064276526166
-0.808097194672151
-0.589045964099827
-0.479929025425826
-0.664177250585218
-0.685375606641863
-0.738604328615738
-0.770620060912896
-0.827260728681048
-0.758142009655812
-0.738172912954667
-0.742728797703598
-0.716668935980515
-0.641439807260195
-0.791450064956352
-0.794275906732582
-0.814379937384386
-0.551058684670637
-0.687309786547928
-0.642846764572966
-0.718890648265344
-0.688968966809626
-0.699319443435764
-0.61671104936101
-0.746987031082424
-0.797587030836016
-0.742267225921221
-0.652439090453979
-0.570446609385794
-0.544889943206592
-0.666462001827628
-0.680593594120824
-0.593784729392806
-0.720587892928664
-0.678573966793369
-0.838822832489053
-0.779004010100977
-0.568531249851764
-0.66578404647002
-0.702779389034923
-0.691462349703976
-0.800835157310976
-0.800911265645097
-0.689340651728553
-0.820698401158483
-0.618049482962919
-0.563470546414899
-0.681205507248904
-0.523134339927619
-0.637908005201373
-0.648966365256105
-0.629537824617821
-0.607675650618975
-0.628794735363643
-0.644509878791747
-0.537934313833602
-0.584086949894267
-0.560136247902377
-0.738380937947657
-0.688930134535184
-0.697749007032032
-0.643540737585689
-0.610135092920144
-0.583663523536255
-0.616010270185948
-0.635002110976315
-0.67858541371949
-0.544524627464104
-0.696950796904789
-0.586169205242361
-0.610349931118549
-0.605526644794689
-0.466720676331718
-0.583081508654462
-0.61871652313206
-0.601503558616869
-0.630149844855631
-0.674755763182976
-0.545252732200149
-0.548402014206148
-0.576929513215457
-0.665904517042825
-0.608413268769913
-0.502055592484596
-0.646896840437606
-0.558158762832981
-0.563344412105115
-0.440123050495227
-0.54177633089321
-0.594963678814303
-0.521022133004553
-0.443904933418025
-0.516971298250619
-0.567815401220013
-0.48434092501683
-0.381971918500173
-0.564248164709218
-0.552253419189509
-0.492595332650803
-0.573664307740637
-0.544492588316272
-0.70780418260756
-0.534441101722273
-0.57260935340108
-0.432263657079623
-0.471292934353943
-0.687974099441538
-0.456143544795818
-0.549256437833082
-0.536592884793678
-0.593577467154939
-0.443508729869424
-0.569139705042189
-0.555396752007663
-0.519035592453968
-0.348895781789144
-0.431289386987201
-0.521563667194446
-0.540934415339558
-0.513940765106819
-0.540402851913137
-0.6720560380677
-0.551030001201951
-0.438865298945533
-0.688818053459087
-0.314240845546553
-0.59520500010015
-0.497836879477696
-0.537854834576621
-0.417037907455889
-0.626437563612045
-0.33484509993674
-0.712633451552218
-0.594222706444799
-0.467490614441099
-0.482602080610774
-0.52467101646264
-0.469169025779076
-0.501505510508782
-0.400179108380454
-0.508931207602596
-0.485629127839553
-0.308868169152366
-0.538898175082791
-0.618632461075212
-0.458976557856603
-0.400225343869683
-0.500288936912203
-0.476083764540867
-0.309025402057176
-0.375298797108078
-0.557877033423322
-0.552920273611826
-0.356543814401625
-0.363007782075078
-0.369372823950693
-0.414891336181476
-0.599369436835799
-0.511675036612275
-0.554528512641867
-0.31172838901493
-0.554510601002869
-0.359294189089967
-0.354712271867062
-0.310926670986746
-0.321116586105768
-0.636751119674003
-0.379455505545799
-0.518795107758903
-0.657663045194905
-0.325445816415161
-0.578873315587266
-0.447330347082282
-0.428848720713297
-0.411597498710877
-0.404149191988264
-0.460082940442195
-0.433049112715677
-0.309536639169562
-0.346235415891366
-0.536960093341659
-0.433231327319312
-0.501597164082005
-0.50968705755045
-0.396475054980507
-0.358582266228315
-0.305658713736051
-0.449325871025015
-0.287874013099796
-0.423571439260414
-0.417905521259745
-0.344121528483106
-0.416586327357505
-0.304389448366944
-0.459906305633346
-0.221951634740171
-0.243375488500398
-0.301678465434219
-0.455331432451276
-0.345766312690344
-0.455837561319218
-0.413820835772908
-0.360783437162219
-0.468506528325991
-0.312493347443493
-0.225500748922607
-0.322440600164233
-0.396075653400081
-0.316606350631125
-0.350314545222177
-0.340957859478286
-0.308137837272436
-0.129753630527842
-0.405486460360006
-0.281831095824201
-0.322595953434611
-0.4173707402382
-0.548161297258908
-0.344010856952981
-0.424906883858354
-0.190131961001888
-0.329624985249986
-0.349421307283826
-0.201334417354717
-0.126082691852683
-0.354490411887142
-0.162955676865784
-0.400331580974801
-0.306767182612493
-0.287644126876098
-0.397330541436308
-0.116199234483829
-0.193984062924329
-0.337046524584975
-0.30467672604152
-0.318796108451415
-0.368176091163708
-0.313076620887919
-0.332811644533229
-0.264987577800231
-0.417685663106088
0.00310518861619918
-0.413572866067556
-0.195142386960221
-0.314945586730152
-0.288329560518435
-0.1054991935507
-0.369941207647782
-0.299983954934958
-0.276657933032017
-0.127795337954886
-0.205520459456232
-0.151214590454497
-0.182491982933502
-0.194769016403761
-0.207117637290346
-0.242766147848243
-0.271389442984735
-0.443612565203563
-0.233428974240589
-0.276992808072348
-0.203928829887253
-0.0844804248461578
-0.332174422136305
-0.198512828565789
-0.356927826580157
-0.258641466121533
-0.29888207804424
-0.30182121473701
-0.26414293903348
-0.0857212959548575
-0.0982808646636321
-0.182090971638412
-0.244279530120125
-0.176900085847097
-0.235825066352011
-0.326565839444474
-0.192609708713826
-0.280196700813155
-0.16708890178635
-0.308843056216757
-0.133589561237135
-0.360977404798363
-0.187023075896858
-0.196339183451041
-0.274101317477165
-0.152340514226097
-0.211882790889662
-0.153469023868598
-0.162001151838858
-0.056326848548435
-0.0318387474105611
-0.166604082674108
-0.127037223250842
-0.041144223681861
-0.216938658130451
-0.230525109244471
-0.186497368638056
-0.187252695132963
-0.0672247149426475
-0.249280803555103
-0.124399894417701
-0.0732012436184255
-0.255634289840627
-0.214294463861599
-0.06429485672604
-0.0525558883626023
-0.137880430077408
-0.136767682134012
-0.138068094780767
-0.155883542793511
-0.274054802841089
-0.111243381789018
-0.0921422862659338
-0.165897023899618
-0.216695032435925
-0.000959524402410552
-0.180585446600628
-0.151551609065689
-0.109922144357655
-0.0852017266021084
-0.0263761727219935
-0.0147926251948393
-0.143298474686189
-0.18012374993084
0.186651168896831
0.00281471337464032
-0.0844925709163574
-0.268752976055538
-0.212726512456578
-0.2504871404637
-0.130231998471181
-0.161466856052564
-0.0982038823012197
-0.143797460519813
-0.0316919106276604
-0.104175816751338
-0.132483838261542
-0.112999667747534
-0.0675027712742381
-0.0318126506749549
-0.134455872871118
-0.133532402577469
-0.139465812017922
-0.0185824590268084
-0.0233201960550984
-0.0894668890962462
-0.00892450161659439
-0.112504598180171
-0.0147558011281148
-0.0668869442690372
-0.139284431824515
0.0744112927473749
-0.0656409391209882
-0.126700191690083
-0.0508003240979145
-0.0331214535663508
0.0233283036115178
-0.122713985568378
0.0782197134967673
0.115760374923076
-0.0938016525718486
0.0916641569829983
-0.0572648996562574
-0.0133685420492297
-0.084353961356555
0.016699414720957
-0.0339213626208488
-0.131891934393764
0.00135368306726808
-0.061065838190286
-0.0496031926228827
-0.0156492595310945
0.108951146404899
0.0786509857857339
-0.00131847712635415
-0.0604921817825472
-0.0242221248445071
-0.086115565696042
0.0100138405982842
0.125872552981574
-0.00266224830878968
-0.0148645151800665
-0.123213040995784
0.205457876697904
-0.111099907129399
-0.183794268654745
0.0939288030481016
0.0238094502985305
0.0594147023623903
0.082804255149686
0.0502351132067755
0.00133299809544039
0.0258790715715886
0.0408977953919606
0.0943828615862641
0.136882256870046
0.0893282503269438
0.0422227274387057
0.084489302751539
0.0919561126458862
-0.116819544185321
0.18187222565046
0.0669452429220391
0.0325756847284362
0.165611446117082
0.090496159590863
0.0589092064105614
0.0163228982018927
0.103532976722136
0.116597614718423
0.104837655335523
0.0779007114050152
0.187737258845854
0.0160249425071893
0.0582851076999949
0.0235920918827366
0.132568064705633
0.137830888393256
0.0909671863768051
0.242819790454446
0.122519637203191
0.0292721739622417
0.0821313893498606
0.14104437623127
0.0719749854013215
0.0401169522586072
0.0247098472639576
0.0473704454202372
0.125265734017951
-0.0483217483222569
0.0967537990339396
0.0146640469622449
0.167547851633313
-0.022147672864867
0.145239394315682
0.155429618158445
0.119017146057167
0.281515406171424
0.301703802404067
0.214677689448178
0.151469722615594
0.145246598951589
0.03591706689053
0.206720646836418
0.0652359506954472
0.0662574282791305
0.17231054291916
0.018828212630449
0.184964961886797
0.140333970949139
0.0570449746282243
0.12320528265292
0.20508050640423
0.0903957216935004
0.26505409129559
0.251380031876237
0.124382238959183
0.0978936101099507
0.102931526993921
0.11622095417349
0.19198621611053
0.176143683404168
0.1594311834535
0.268252933126953
0.0691983406969716
0.342064037578013
0.232592796697232
0.128405672887945
0.196346076366443
0.125222702024501
0.192034824394816
0.267617221026057
0.0462871805838442
0.234406993093626
0.18648587702351
0.0342436527027587
0.162940593913976
0.140734136578661
0.238124246868943
0.172822288893137
0.285020890987612
0.273394650634479
0.132054517821369
0.393859451512995
0.292008650472264
0.0683173964973903
0.169152277650059
0.126713420976446
0.227891315407929
0.271957203343867
0.252576319460307
0.311675411424493
0.329266523093055
0.274070688272489
0.28395493275181
0.309260918293612
0.269961488082413
0.149590356303533
0.192541282387462
0.260800962737799
0.195196309651861
0.313629688493488
0.281853546329612
0.329746631859324
0.286571853372322
0.260089140051168
0.247148647339176
0.32685440072444
0.315927989275393
0.311971301618269
0.286931148272858
0.310312695442394
0.303771700653921
0.22764144599451
0.319994823718572
0.351757821619453
0.254224389828281
0.223316328321812
0.260804936881882
0.334217246537883
0.378991046519378
0.443606006101091
0.285157223748429
0.246917761696103
0.299059736609845
0.375562872902504
0.308903869707709
0.166034600433655
0.335047255697466
0.199220822961075
0.29163712752819
0.277444143002969
0.268686875172553
0.354205471899188
0.371590937368107
0.441769002882887
0.231392298940473
0.340409319109338
0.297013450446724
0.288944579704312
0.27658515440054
0.266663180058872
0.228436164217051
0.40375378650763
0.411109080626266
0.199919702302255
0.331862809330338
0.222494751950839
0.251421225455975
0.177951818198521
0.270142350820929
0.411577961282642
0.378001609652058
0.340289478781643
0.297393462826643
0.255735661010381
0.468770419010176
0.43923558913267
0.579210137017154
0.517554028837767
0.304760422724148
0.38897616409064
0.442353609572035
0.332429677945369
0.442888153436871
0.534899487095778
0.31203973670125
0.339903734180836
0.445815696082443
0.366941027115866
0.347052556362683
0.52757844748454
0.379056144184671
0.281802552119945
0.248269520303582
0.437878727021112
0.314065205641406
0.272372431053764
0.375823843891558
0.317104755587681
0.433396097297738
0.432428910062237
0.336079316544175
0.407846258783746
0.255710500980131
0.40533415810299
0.34220460237138
0.521550244089561
0.438458539491273
0.517071456740709
0.412989237724361
0.386849434683858
0.275343217984593
0.437745958028678
0.516053506604566
0.403083785949327
0.364111613107899
0.466385872370013
0.483922594905598
0.461577747927353
0.379988215832689
0.491668666839107
0.520648663088221
0.478181503355604
0.303698754935227
0.420992797588697
0.434559210918426
0.558282817335914
0.533839541341067
0.398461125115426
0.414605531654901
0.457205285728685
0.436134786299231
0.495972931658378
0.370715876224936
0.455771588054037
0.483633867241042
0.581809050749251
0.519786157205994
0.606776107762798
0.423229113394844
0.558295864972883
0.5507494073618
0.534168026997735
0.482935832502524
0.614625980491664
0.560669949092438
0.518257665283749
0.374754753196826
0.355972242732273
0.476842891498714
0.400144085572371
0.568339618265883
0.446302251833354
0.603758755126555
0.5372550259329
0.466269734631647
0.691831734343594
0.626805609634501
0.6210187715903
0.474762112477366
0.519092513962762
0.420329393670927
0.559027964835744
0.528703014069716
0.537708092550919
0.637138118728867
0.578074490924031
0.532406720653661
0.505015282388827
0.6669590930574
0.587387157742352
0.529846773068335
0.503228840184165
0.63310244855063
0.591803809965847
0.641844540528391
0.359681148566627
0.510450718392682
0.692980588807064
0.516283111340416
0.651514665565678
0.575728387722494
0.617036820935249
0.616380312044948
0.685381594423848
0.574740574198002
0.629874295148077
0.696518103651782
0.548581135487443
0.551959213860166
0.553816515477247
0.490300341967178
0.529704556602361
0.533025213191467
0.636639291800164
0.639214992994762
0.5081163608878
0.589798722193216
0.472446317722534
0.687015692774916
0.64684863131306
0.547142773700817
0.577959949423666
0.479200795109379
0.528572308892752
0.626899146270762
0.635157744780332
0.568597835187074
0.650300529988235
0.536038918416572
0.68380451376206
0.775477467213412
0.435637031997408
0.521294736326621
0.534119334732403
0.656439976507757
0.622132479155242
0.568816964740376
0.593564322760676
0.63375756206647
0.655943607376264
0.677389960039068
0.756532327729501
0.602817104838247
0.734524344416727
0.510239876214728
0.614842121363061
0.706764956519991
0.701536648379109
0.614992947675292
0.570052224106289
0.760505538313479
0.840280234555479
0.588621494353309
0.82401127597747
0.748175694424951
0.614742680435699
0.705990368860152
0.832943343104977
0.759809386917079
0.61303580423667
0.642612489619472
0.68227662310441
0.665292898162349
0.649065980830838
0.589855644348588
0.720566358695019
0.540651337726116
0.78934114331035
0.836214020924556
0.673603354047234
0.58821256855937
0.651526105399812
0.714534352900793
0.667400174154554
0.633241591625783
0.638212226388402
0.682402986907645
0.61369802114706
0.798350481695974
0.708511248084687
0.664798055573333
0.708021250152597
0.606637217962279
0.560079059508743
0.724013674530214
0.841015176937709
0.783649424603604
0.775595620558308
0.643094896657146
0.79249585090037
0.524309179031274
0.880543569507182
0.771281866912456
0.785167168401742
0.654342418774999
0.648564644105513
0.607611964782567
0.862024860315789
0.655513853117197
0.875029681483339
0.749128748756415
0.716092367983091
0.784118180701189
0.684141760710348
0.755351755185991
0.779115080652464
0.706252734321375
0.699198652817563
0.78143754606413
0.746578965024366
0.739549889509027
0.794996713805265
0.826029391944303
0.802612799734997
0.902151897856414
0.809185027656511
0.866445764426826
0.86404683992701
0.836997235750029
0.795636227055567
0.763625507783326
0.612479846813744
0.935966712191106
0.87874135050408
0.88627424151403
1.05446887255959
0.886738674551904
0.844284451690231
0.782248558795962
0.822362153319774
0.915735754966644
0.776444847807343
0.790477979504857
0.878059084443201
0.979901237425811
0.844258829598024
0.842080736142882
0.749795956091786
0.853850692424982
0.917682910037918
0.859287007958297
0.891305810646724
0.70785127983835
0.737110016442062
0.870926720607958
0.879953908224385
0.963520949387035
0.797939758513346
0.950844962119562
0.886328885030701
0.918526588618131
0.807359772941672
0.994480710571107
0.841718888835853
1.04772991020322
0.757663950582376
0.815214913226169
1.0448208834252
0.827447808615406
0.972705254360374
0.914916363135428
0.848830118223021
0.785652583600484
0.94136305947591
1.0610495350878
0.789819711034384
0.925476076959396
0.870292499223236
0.83021286851464
0.981395834944056
0.988768500380635
0.920808396616414
0.86886081374572
0.897913385657783
0.995335412638565
0.834449127983451
0.835951493444477
0.932959795456229
0.9349489034846
0.82883776369121
0.916870601515573
1.01628724189033
0.943422969714569
1.01391598091123
0.891883896707372
0.836218232881258
0.835083093515372
1.0144938613024
0.985773069156274
0.822751123085135
0.935310955313965
0.946506305284481
0.89905364421094
0.910644557674005
0.932830684801852
0.91651847306113
1.07765996727154
1.07257358282283
0.879186869712953
0.988929848341167
1.02480387057126
0.884103297938204
1.10002097517335
0.99067823213531
1.07596302747364
0.977737785747544
1.05839977736108
1.02539015108379
0.918909510960243
0.931399743769727
1.04692343171477
1.01458532261381
0.950937186052555
1.06277341001202
0.960916709135682
0.911748635517498
