"x"
-1.1982083554152
-1.08489399649215
-1.11547438423741
-0.862807618065437
-0.93649947503748
-0.93740218286292
-1.00223911260756
-0.90511330984058
-1.16551578764043
-1.02811955581154
-1.00492619813143
-0.978490095825963
-0.925187009824075
-0.853491174458235
-0.933945980550289
-0.996911915272195
-0.994506452453798
-0.985593667412602
-0.947022583188739
-0.871494121345611
-0.945273951759551
-0.983079916325325
-0.84925022281807
-0.91829239947508
-0.988172427972325
-0.806511215927726
-0.924461612533717
-0.889299125914342
-0.939108565426415
-0.964187346995518
-0.964890037953986
-1.02683837655787
-0.930796801265146
-0.901511552896599
-1.03849560261996
-0.94843808676562
-0.90811559682451
-0.909287251213614
-0.806395884278093
-0.80434478802418
-0.894823562902264
-0.794619702775148
-0.809637616332927
-0.807514311496435
-1.00722147328358
-0.92460165690342
-0.892841127629647
-0.95524985928783
-0.889604160795101
-0.857743926780928
-0.788298528218626
-0.962995077940065
-0.879983726091296
-0.88239323699116
-0.915484007995568
-1.04414037477606
-0.923709055635119
-0.910063963585873
-0.969039109583238
-0.928586761140322
-0.716795809625783
-0.933457819531908
-0.903155452438169
-0.780992661843255
-0.809126940575242
-0.712363096597229
-0.899002163398649
-0.835095691553894
-0.818537875854452
-0.829103344489089
-0.861683637056049
-0.830601671527963
-1.07560006235214
-0.964581719669817
-0.934746355572214
-0.915585651350422
-0.856521676325988
-0.709838985180667
-0.765531136922774
-0.829888344188937
-0.827997749674507
-0.83741472258485
-0.864805854323161
-0.833082846203796
-0.79822530338344
-0.724452595811385
-0.802098034178048
-0.881361034880146
-0.871491669399678
-0.78481028043713
-0.739688146852699
-0.718775662799214
-0.760926382623167
-0.643050398599364
-0.813532705975205
-0.918110341960488
-0.857680017299293
-0.725043022726073
-0.795379597843713
-0.730653481715516
-0.87086514604943
-0.790244847069193
-0.817514105974077
-0.873713990406009
-0.822329652232049
-0.86128661214863
-0.762492295193838
-0.816075040227015
-0.811036759680624
-0.773050177531
-0.789436663766626
-0.806569942978768
-0.783124549862543
-0.610070212647244
-0.781260111873556
-0.876805936171725
-0.651764802886385
-0.711142607012166
-0.637045392196772
-0.66438135589761
-0.675667834150273
-0.779654358992305
-0.714525850397671
-0.801527761468124
-0.695527426727339
-0.677782025350041
-0.702264486459123
-0.581784160678146
-0.655739489640092
-0.798380977901014
-0.657062601139205
-0.884030715133036
-0.633096602813381
-0.615076188199446
-0.752772252910763
-0.785494490131614
-0.769520742196414
-0.702391303443265
-0.673586817681079
-0.771166066701459
-0.687373022757824
-0.775957215570663
-0.808342506904386
-0.87642182835952
-0.635880403720571
-0.747103775084556
-0.635147866222924
-0.781624704483529
-0.744003467130084
-0.74244814641903
-0.556679636890399
-0.667645538582132
-0.780616345678068
-0.604420935389351
-0.765212183396952
-0.731331591568957
-0.598334311761818
-0.721953515106124
-0.74967365336084
-0.764198912795943
-0.693046023992507
-0.783365019743133
-0.605136719837964
-0.593979479622841
-0.682251208384214
-0.577339003156822
-0.580418838450869
-0.710349651399884
-0.546643725415903
-0.770679098538506
-0.711513833039718
-0.663096707729309
-0.745080139002254
-0.565652494419918
-0.709409909338977
-0.647384333276887
-0.672307190095773
-0.608632400829202
-0.686431448167336
-0.66143097879456
-0.693701177822171
-0.605683911382555
-0.573710185326602
-0.577264002193184
-0.698479519325864
-0.626348674760193
-0.606737477478903
-0.675956894399622
-0.659939752885769
-0.835045836952683
-0.518071596306691
-0.683302118278876
-0.647587436695139
-0.642124014717026
-0.650764048689448
-0.663644763765198
-0.557558119826453
-0.729701646253041
-0.532171805813739
-0.56707084227056
-0.607754607122889
-0.701671669928582
-0.642428488166031
-0.653256719114536
-0.621393487277894
-0.649988189745163
-0.406482182660736
-0.509334600339634
-0.75127584894555
-0.673879235905372
-0.570416746197518
-0.467606763815256
-0.539482123846624
-0.525615404216018
-0.706705839649208
-0.432792141640158
-0.430307573971128
-0.72686291106095
-0.605205404859162
-0.542976608698184
-0.525554287158956
-0.490772749579384
-0.623470818603167
-0.420308233908258
-0.498200776370669
-0.654822494370989
-0.687217951438501
-0.479552502414267
-0.379783462335962
-0.431446131359402
-0.633538882015211
-0.54306143923553
-0.368391430371174
-0.551565531767216
-0.517113055512222
-0.553429666587336
-0.599704791002919
-0.432158326357921
-0.565140350498607
-0.526389102501352
-0.568962772606654
-0.403001055970109
-0.572645287179933
-0.479198460099071
-0.383539156638133
-0.513075034641487
-0.585255132700716
-0.575726106246385
-0.440702266496888
-0.4742109106147
-0.556925502392678
-0.531848125412033
-0.541969459651159
-0.532313134584684
-0.666465020586956
-0.478957173449882
-0.427177282818388
-0.350522416863805
-0.462664874760049
-0.541157695982604
-0.470136636517374
-0.423757474988147
-0.543725810534174
-0.3871557070621
-0.499157915571594
-0.428576372385736
-0.449919525973784
-0.482756275503147
-0.371889749107434
-0.351764440928436
-0.493878948733608
-0.53851673470045
-0.483684997949147
-0.29932207290309
-0.462952362614712
-0.415849710358392
-0.390561342110417
-0.524331807470208
-0.548600935980181
-0.46574448964406
-0.322231665625672
-0.370839692046227
-0.517328536603603
-0.430615559895424
-0.384286315417758
-0.365069330410039
-0.474789328002722
-0.469694947464269
-0.310977776074185
-0.35853535487929
-0.425980948268972
-0.560860928919276
-0.392294969891006
-0.405790882430754
-0.414551216574376
-0.323272741948023
-0.537099117717459
-0.366153653572599
-0.479156201037674
-0.476199727108805
-0.342417387096181
-0.385359792861691
-0.369068892086069
-0.384734789810877
-0.225786131950149
-0.267894123237783
-0.377281372329842
-0.444453129813403
-0.309670601712921
-0.476309767507772
-0.327486800938265
-0.574791111311665
-0.479393322820128
-0.261560856198316
-0.397921070110317
-0.290280854026135
-0.4007053408929
-0.537867130913284
-0.262928201956517
-0.295889442906272
-0.293437811778094
-0.352387778599323
-0.214663430894808
-0.227730032978757
-0.335078309849543
-0.32932934902535
-0.342278503475027
-0.298156693041727
-0.479612737399361
-0.351724914966523
-0.348618363009964
-0.324880048356073
-0.157896442627465
-0.406608337977007
-0.46040889092664
-0.447053323571813
-0.347135396018501
-0.388719455697303
-0.305930739861242
-0.412949928099906
-0.274834596055453
-0.41083006056056
-0.330212274791406
-0.258393148432991
-0.336150232344679
-0.261304297364784
-0.419386067588354
-0.298302639718171
-0.273721167015113
-0.276324981492547
-0.486177955703264
-0.360963568547716
-0.269113171839876
-0.225330558100383
-0.288337850134579
-0.334490785168951
-0.312203635108849
-0.362710848764561
-0.196734353969928
-0.316893261591084
-0.250168236527993
-0.399613272920956
-0.370954987142258
-0.347612437909253
-0.287996658377903
-0.391340044353265
-0.280201649643487
-0.24252499407922
-0.144485499017494
-0.112209928108917
-0.134300243598874
-0.302467554189989
-0.307434131101724
-0.219398274003993
-0.32025826500354
-0.165326658757506
-0.278523522328968
-0.0572631757307034
-0.267884046554848
-0.442476738971411
-0.319420520584114
-0.230518812703652
-0.178305985128357
-0.396868234223058
-0.38141176973261
-0.247203222651759
-0.174580896001647
-0.139768075003943
-0.227244586392066
-0.166862083071721
-0.289373917988711
-0.160372538384114
-0.13147945072503
-0.375875548038049
-0.184144638314667
-0.29458978500656
-0.184083393176901
-0.172436227591571
-0.170741069476881
-0.215515917858246
-0.11589613952578
-0.209838787821706
-0.308894569627391
-0.229323005364693
-0.0522198981854024
-0.318435228176164
-0.16848290422126
-0.20742919565269
-0.0102786092692812
-0.209997099576189
-0.145035541000201
-0.095867090176132
-0.266587474578806
-0.198249990875897
-0.147720576713451
-0.347542920446082
-0.105644389282725
-0.3099108587989
-0.134977753750718
-0.102699522638345
-0.257542144269156
-0.133380486583699
-0.214420499380801
-0.243037022496235
-0.27029112910392
-0.100969512092561
-0.120919674279991
-0.0180541212560544
-0.178929671227378
-0.065562359077222
-0.23865937681051
-0.281940888795709
-0.233110237478605
-0.169556870416686
-0.263557714222533
-0.0610502517613495
-0.164853482745333
-0.0245931108396332
-0.0712655282088085
0.0301891696357874
-0.00256117092064163
-0.117178798503604
0.0224800576386524
-0.189548701921126
-0.181795046261829
-0.112164533745201
-0.103755945734501
-0.0361920623421895
-0.187055284324271
-0.099044237200561
-0.120455689516714
-0.0263712539652961
-0.186847777258671
-0.179643504534714
-0.163494703076879
-0.0527351987011194
-0.0844220021875735
-0.038629639223811
-0.200113037896594
-0.177589823015419
-0.118386610060761
-0.0329517157624218
-0.181797656216803
-0.184649787576044
-0.16062009353003
0.0420205594436589
-0.0789939893213132
-0.070478664013276
-0.1490215097016
-0.150334860728401
-0.156092236121189
-0.130095842373751
-0.219246248324936
-0.118482806780597
-0.0569770300499934
-0.115934867567323
0.0888220672196382
0.0215379837234261
-0.160164330892195
-0.127415049086238
-0.139006857808992
-0.0188356148065999
-0.11322757893575
-0.187213849964368
0.0988582840443822
0.10219545696377
0.052362868630844
0.0506961107281908
-0.180869554444979
-0.0589881509897106
-0.0428418355219504
-0.0298068146185239
-0.0235495846243937
0.0417879819956889
0.0344910954224048
-0.143117535297202
-0.182738977564257
0.111767308331828
-0.103186034808951
-0.0211830609218236
0.0579846955321642
-0.0947779750292182
0.0604466219268397
0.0505737697946427
0.0237033265558733
0.0376444459795243
-0.105035972726494
-0.189636316166587
0.0847698324958366
-0.101988834383946
-0.013989032572228
-0.0107469530207516
0.0479509740502625
-0.0790687679764514
0.0392379663448401
0.186251745381834
-0.0294868372449919
0.0581142693616337
0.120520512554715
0.0599030430082858
-0.0358664049746739
0.121442697241885
0.000454282500174416
0.0411446641005498
-0.00519405136716155
0.211676460018759
0.149614143011205
0.131596156498082
0.053616831376995
0.0849601582521731
0.111735343363836
0.0511878869871701
0.0305992649599098
0.135316180328801
0.0381728271353631
0.138511152239546
0.0257441084807886
0.0372408599943957
0.102386018705238
-0.0100848767810528
-0.0347144942783021
0.16180762884845
0.0916252790142731
0.0320490671095281
-0.0440045025615617
-0.00164301287767461
0.207625949530679
-0.0187010709704109
0.155939525442361
0.00519335875264342
0.0331401429881687
0.089386427512545
0.0096136902763905
0.17491187842954
0.095832815680999
0.231359479962392
0.0521483707711687
0.194395870755107
0.0199953962762328
0.14501777804517
0.029603012986518
-0.0976810850772471
0.121297136408346
0.0998835081680668
0.207114576606382
0.236445710077974
0.240982206831872
0.0134736348041492
0.111281540907641
0.220777651354586
0.146629844846852
0.10945551345941
0.137737302995424
0.10129611639732
0.163509170470067
0.154590566452029
0.0268297104074381
0.148805624546902
0.196242553129928
0.0747979959708158
0.336545863656926
0.0414097353918241
0.212453706496169
0.202542722455388
0.173922187981683
0.103095357785119
0.208073333801521
0.13312906433605
0.153675121934227
0.320397064024558
0.319106299537299
0.267040156700788
0.131948143607714
0.0833118528566067
0.126454282501278
0.214624980880532
0.126028639071455
0.210564157564069
0.14800575919798
0.287138206905218
0.105377213750404
0.0735535163105854
0.204201527599231
0.168975463489108
0.376234984584044
0.324705113773917
0.197624250194673
0.358947462753004
0.243394371996294
0.211656537350965
0.240327133440514
0.232643458428288
0.205272764586087
0.126529254729068
0.266953148526514
0.306721729086082
0.276078846944202
0.248033423990643
0.358540217977314
0.259978547003527
0.356863865277317
0.225184124610235
0.144324107029242
0.212864831151645
0.272776167624721
0.287345770611804
0.149386245575566
0.344453950292149
0.246730397708994
0.293226434392331
0.289582845091947
0.139080966172604
0.0854922158082716
0.193403307006688
0.388183484562874
0.265993838617667
0.255791668992068
0.300115549571014
0.346910811439184
0.225372541683396
0.0858254247656754
0.388116278617763
0.302962386609224
0.237776389103654
0.378133121702857
0.0560738814820673
0.331540143190926
0.17527540325079
0.232560257036356
0.275148937106849
0.280622031556569
0.282829713965318
0.373052396239157
0.313977285514538
0.416738346350713
0.384607993134763
0.44583451346779
0.23066779631546
0.394692054776564
0.266303881733587
0.343346600573894
0.2097645462804
0.374480491938964
0.219076008312683
0.503681024454336
0.435715843697629
0.284271703635571
0.343545274022426
0.372406599389605
0.363010139973872
0.247901338181391
0.245998118408425
0.314972139104226
0.332463866620354
0.408809829752705
0.378848701033699
0.265731726366641
0.463622490979721
0.459857927080564
0.418148957606531
0.479519954360745
0.493424631855305
0.344074675251506
0.40202214664341
0.547153738276081
0.1742451816204
0.360317933620826
0.440717247231857
0.26556550578974
0.300383188485845
0.23788647170591
0.546261872294203
0.395775392580027
0.322376782768245
0.491596683480463
0.412661385706951
0.396866595953083
0.351952408470622
0.425220451577453
0.347943267105747
0.499069234080021
0.420516139259924
0.448443871170291
0.399902859628552
0.423492433225937
0.386547883657402
0.372955319632544
0.443930702045113
0.367384032770197
0.431562987770762
0.4012339672245
0.27287774755878
0.376040580405234
0.394550603914837
0.489506473228524
0.387262060815497
0.45775041304694
0.357617439649894
0.435565183104296
0.449684978683683
0.261737845662544
0.400245782935277
0.546450034588165
0.485680399321739
0.54969257699216
0.630228023243009
0.448327513423498
0.45100287559429
0.328323005759405
0.551150674979851
0.478125413269572
0.349735726116845
0.574137767715995
0.505331878873544
0.481390638456835
0.582609257846346
0.43562814306725
0.54182742608205
0.534787200756987
0.5955778088593
0.443121092276242
0.571410922303835
0.421178706451834
0.562237950861485
0.412338565920809
0.375695659151338
0.434864450958699
0.743956845728059
0.51372264234012
0.494793127685998
0.437448637628808
0.494301366285606
0.564870071572913
0.536986721178881
0.404064895559803
0.570592905536696
0.668622942331945
0.445710598442594
0.469784076607484
0.447706571119672
0.380478562623951
0.521291372567939
0.56989251507535
0.49307158058802
0.535843681860983
0.508959528545655
0.442186113049691
0.438828115564823
0.532525659182777
0.545049737204572
0.592875630099996
0.649828214561873
0.608915166564303
0.369254536347104
0.525418035144852
0.580274440246335
0.611063477842173
0.56116523454127
0.435593822832957
0.56450096573693
0.619853080069348
0.609118684808455
0.557124289416423
0.646300358690685
0.559354797012252
0.523051170148226
0.604775794558143
0.569618219921097
0.65460959006321
0.561622642615283
0.593241765560095
0.370141826030152
0.465809962161638
0.602894579896948
0.55011530045661
0.626956578019767
0.533189065257559
0.558821945096439
0.542636371399854
0.581236138858202
0.618725150402142
0.573273984637217
0.452069962005852
0.843010021435707
0.668467774614771
0.581992510717986
0.591769182583549
0.70733179434044
0.527170929453941
0.699089880761505
0.601892836664118
0.596603927610369
0.607279180816959
0.63714067041139
0.598830971881613
0.637190438408799
0.726188143163823
0.578525138071382
0.73135726661386
0.554891459293042
0.614000674416593
0.685656749014429
0.616900395418897
0.588661404913566
0.746027218017442
0.737485765158145
0.606722523948133
0.662415502722597
0.660023967262126
0.709109959561946
0.699589532623426
0.674812117975486
0.750160273083587
0.777123430793796
0.742240722358721
0.561604926299625
0.601534778562804
0.703820323328295
0.737882492175476
0.760676511616335
0.654912941867621
0.532446362984513
0.626876745874815
0.765870603215507
0.615083093465285
0.736143151995923
0.697832954057021
0.812801507752061
0.657757016339229
0.615866889108063
0.591983710611278
0.774654762024076
0.762827661412517
0.610501209029491
0.665795067349387
0.689700609422151
0.690074628515495
0.713915567813918
0.644103975137557
0.733125449392575
0.593086674547291
0.865479297755642
0.630823368792739
0.533109837392375
0.782327425136982
0.735452083459739
0.773206415673597
0.68272237657369
0.8445858939254
0.706151490409971
0.728063276332387
0.723168921233366
0.743079780754812
0.714948927132826
0.835213920612257
0.877270842537341
0.886801067915006
0.743679957337843
0.695294457079635
0.561594712137494
0.732165915781968
0.74165141887818
0.83070154014411
0.762694470208455
0.700409275065073
0.877020879320272
0.682608139150955
0.857359517447316
0.765958473822596
0.671798520618168
0.847298062973696
0.723591982607448
0.95356571850014
0.744733795279404
0.66727018273036
0.820662234712627
0.844665579614204
0.686673196443044
0.756481541706536
0.741329560011834
0.842873303840515
0.782523780992411
0.820928494573003
0.674151677967397
0.642000327785252
0.858177350410563
0.828585042386211
0.797796273439106
0.849634579615895
0.851605814578869
0.899069289775819
0.821745616726594
0.785033751018696
0.909467573930093
0.959810012260238
0.776765490614467
0.915138229535894
0.684662319041891
0.74512501954663
0.828996934144133
1.03880833636897
0.777655075217912
0.900339003827207
0.803215021651739
0.69557409838143
0.847094880644761
0.922201305392323
0.787139187223195
0.755123382650462
0.867964603191879
0.893675046988465
1.02504532901583
0.867911601226514
0.917810033267111
0.899422932670261
1.00781038378605
0.81739339688323
0.857423087096981
0.952677233118766
0.746647737750571
0.970144501780273
0.939060713963186
0.696273809947847
0.884911494275301
1.03445160185155
0.919165259337706
0.74886082573983
0.939953291950098
0.792800521013566
0.898656283156428
0.869444161305248
0.762071730587626
0.84878161426571
1.07123507257867
0.839407432778255
0.820846632035735
0.999677181999483
0.914736704979986
0.889284082113381
0.962731353774508
0.879617958696226
0.889011782695036
0.917951098887968
1.01966615526249
1.06288794642185
0.819537957772919
0.916952945427843
1.0835414883511
1.08695490092086
1.00381595948689
0.973067387365173
0.938735227667707
0.814862805513781
1.03320301773479
0.990281160174325
0.891156231061397
0.814102715809212
1.02665886589991
0.989871846018427
0.773793960130756
0.776379155503255
0.835537082721346
0.967204816388513
0.844751232565848
0.987170566902789
0.839139977891544
0.983841502124289
1.02589301540855
1.07985964675881
0.987252035292241
0.998487476742393
1.01506247842748
0.979670038471491
1.02261427113956
1.02275328891458
0.988102391611312
1.06138241646997
1.28530983008552
1.12478598705111
1.00233899113071
