"x"
-0.918604562409234
-0.851433492454383
-1.0797805034814
-0.866983947749405
-0.881633101916069
-1.04242250820351
-1.1150281294105
-0.942729615723234
-0.943894591700986
-0.916788973156386
-0.973785047439152
-0.987781052473971
-0.935312915663449
-1.19385938092795
-1.01248073232685
-0.993648299465629
-0.982785532512942
-1.02897543875797
-1.03557673372237
-1.02950910896808
-0.952644240273841
-0.840971357087074
-0.976013444224832
-0.861585652956937
-1.00209944978436
-0.902320493323903
-1.06673545331237
-1.02173849739121
-0.989709178324059
-0.879251760344304
-0.948477194051876
-0.834207765648906
-0.860091185258499
-0.895762127355687
-0.789128209302713
-0.86846006498341
-0.730918378850476
-1.01655428684084
-0.852473255506754
-0.885787935465888
-0.899672664836314
-0.856057546947975
-0.886333956266258
-0.879827303662367
-0.847275724870432
-0.830117169695619
-0.910739224581621
-0.962274590724511
-0.999171888731761
-0.805402837236698
-0.898078361563063
-0.888728746349374
-0.725189072381305
-0.857287734360059
-0.822944952143287
-0.992767069878389
-0.875891485590774
-0.976702332406123
-0.817268268341613
-0.892363575023727
-0.786496044276146
-0.920932806104431
-0.810634805930094
-0.928773880750125
-0.956421163024284
-0.915262372938107
-0.823159585242177
-0.90530800193394
-0.900715388914129
-0.887083555967097
-0.754618007650045
-0.809237830195893
-0.968635264680736
-0.803451027918832
-0.742603001601394
-0.858501675199746
-0.813299717025896
-0.770097238858103
-0.71347682671169
-0.868154882795134
-0.809337025660464
-0.695895517692865
-0.903408979776475
-0.782070219885952
-0.818071029747419
-0.878582155731676
-0.883182608685753
-0.848311406337629
-0.82963124890236
-0.84317400268004
-0.707696066570497
-0.894562290447207
-0.902528100465049
-0.716444311225555
-0.88062064960439
-0.751272086039092
-0.748683151286829
-0.67667174169869
-0.749176787799898
-0.901943388274046
-0.823421196696187
-1.06379189286496
-0.752123779103508
-0.7887131634244
-0.549979831798058
-0.761369133081953
-0.846703976208623
-0.829287383228661
-0.743412919800066
-0.80497278132352
-0.725682012745331
-0.778627080773802
-0.794124190933855
-0.700828811956803
-0.813690448693929
-0.818925782150087
-0.725689705037523
-0.743491241981199
-0.643660659713574
-0.827849063696054
-0.602570385131658
-0.849645227556392
-0.880765812513752
-0.677200864856463
-0.891262798510712
-0.751493818680446
-0.804056891047804
-0.607198855934277
-0.868015970819149
-0.650293263740513
-0.707216827374165
-0.685868806449909
-0.695643548371537
-0.688744390521037
-0.708797220544892
-0.678015960169358
-0.73188324469691
-0.796034372197796
-0.680434250693474
-0.862928772107711
-0.789852657546531
-0.770750214243999
-0.699753476951626
-0.805203427874371
-0.702177099436291
-0.412964262785336
-0.67243667656542
-0.749162489495388
-0.788994140952172
-0.669172425867403
-0.754064074718131
-0.627496388818553
-0.773869573321695
-0.679975771725437
-0.733083904109714
-0.690529588783262
-0.733249703839763
-0.706170634138952
-0.782593030093563
-0.776990718586831
-0.769707550457014
-0.730643316783113
-0.596835003799782
-0.653597032679598
-0.568135750551938
-0.759165839947795
-0.60159686475819
-0.666212691463009
-0.665539572861864
-0.637935405993104
-0.644287285830887
-0.71374418907837
-0.665335578480204
-0.736330269480657
-0.734303191113304
-0.646668725805789
-0.657945249505037
-0.58514721018136
-0.75380203804881
-0.669556379238567
-0.80158385741106
-0.641279107412941
-0.69893280091992
-0.553291513393317
-0.686604507603538
-0.64420491755924
-0.605608457032883
-0.540354173356149
-0.657729035993745
-0.570894071581736
-0.581645639958681
-0.492391124744676
-0.637206136767992
-0.461944900454829
-0.694262752210324
-0.55488570609455
-0.624397087876326
-0.70066974588188
-0.525004680617579
-0.539890500381179
-0.556170763695411
-0.552381221742901
-0.689322027848888
-0.592171778212807
-0.601368009267462
-0.662925033170798
-0.533925003177427
-0.688151629816591
-0.69098696440264
-0.547977125814117
-0.556919380524053
-0.580771551915788
-0.432951352579009
-0.512093639687005
-0.578618126051739
-0.466055892284584
-0.623706393952695
-0.515497109447738
-0.591154657192188
-0.499133244398433
-0.659762897330415
-0.570570874438079
-0.65476778087325
-0.482732681698594
-0.507101189654407
-0.579628105909734
-0.609562066317038
-0.508811591907906
-0.614396621133385
-0.551102892140701
-0.574233115900861
-0.495597048611712
-0.378415073400379
-0.533332091119588
-0.518274133688747
-0.52794773802707
-0.424271440177521
-0.50088824924157
-0.519734117643387
-0.448705961757697
-0.481658005622544
-0.565023103607775
-0.51967615811985
-0.634653623871723
-0.546940219235409
-0.467361489685495
-0.586893018356026
-0.485064096732695
-0.562846677989843
-0.426445871926961
-0.54380376344717
-0.457958436121268
-0.419886354304123
-0.345455217529621
-0.565486786667258
-0.391706601359331
-0.503734045868005
-0.549777889314025
-0.466224089594363
-0.432334088795195
-0.510428989568115
-0.491179188572811
-0.330370411636265
-0.641956479369428
-0.557778786090573
-0.466766846824296
-0.528813156703271
-0.388181239688127
-0.507007186467338
-0.396706886793798
-0.38361026669921
-0.530174825300306
-0.549633237510372
-0.361804805364279
-0.403103735262342
-0.522580258598662
-0.447996657492493
-0.410626874809202
-0.335688487082653
-0.470608696413185
-0.434769910383202
-0.31399957898032
-0.406183621375042
-0.377087495514401
-0.439966837981485
-0.430282722137366
-0.484227496993915
-0.483584434171042
-0.499141061581891
-0.421983715694267
-0.542947080810382
-0.43557870104627
-0.288922561345802
-0.540886290514002
-0.441217092868065
-0.440153201854332
-0.50969592828391
-0.285605407960857
-0.464058134679236
-0.393171858994947
-0.426877661090092
-0.475543496229234
-0.469201500567146
-0.357236040311769
-0.431677810204905
-0.416401192423375
-0.491059718723962
-0.442203859176552
-0.394392845412091
-0.520836936020384
-0.434798633247601
-0.364603314411068
-0.484214787125122
-0.406464791146038
-0.60141399084524
-0.329485681821581
-0.260896968458806
-0.318542872642874
-0.333817794769767
-0.464091210808947
-0.334622074951463
-0.304373055569829
-0.426440068445904
-0.257576521366858
-0.443927383933799
-0.36498993494973
-0.443456126860818
-0.367891199339611
-0.219963194270726
-0.281721153262817
-0.338929813444883
-0.356597205358254
-0.342960930222922
-0.431372479987936
-0.243063140609685
-0.393344754496369
-0.325364897180062
-0.275251141831609
-0.354818871958025
-0.320234353876346
-0.293695808284947
-0.39256888294448
-0.246060059030529
-0.180209658363075
-0.272184520640988
-0.384936968691573
-0.189849232077994
-0.254759987064701
-0.436268902725498
-0.321221277699736
-0.255396667621602
-0.316812367641375
-0.349382633700234
-0.339203660648678
-0.170928231435444
-0.210903412505995
-0.162405387868467
-0.166709087638298
-0.208037121503479
-0.459283587975995
-0.334253616870647
-0.206352529408121
-0.295369645088459
-0.279650569498029
-0.294792736740333
-0.285062951316049
-0.280412240465936
-0.113865886182407
-0.169395667314064
-0.222507317186314
-0.414960055402078
-0.260235804332666
-0.11850118719503
-0.257912201144985
-0.38816618066579
-0.241091084217021
-0.410143121521379
-0.193815746401923
-0.257217324842868
-0.0775346128243122
-0.124829896006947
-0.191757474053983
-0.230651087573231
-0.215862585927307
-0.246386112246346
-0.322875755577766
-0.214279293908573
-0.124746566130074
-0.108591330013335
-0.272455023237961
-0.159890617807335
-0.213368763207084
0.00852843441144562
-0.311259724626024
-0.121807682144968
-0.246297496502072
-0.0811072921772845
-0.110595051993303
-0.198652905376933
-0.0547708468527333
-0.210994150550711
-0.296549020034812
-0.275675187067249
-0.0745000878456198
-0.140713116158614
-0.124207404321478
-0.139602338201053
-0.0988298238870842
-0.325098382194321
-0.223199367189128
-0.240775334066271
-0.245067930910017
-0.0527931168661962
-0.117301852448809
-0.246185125153672
-0.0830808855392372
-0.116181484293755
-0.0944619078142572
-0.206586688070228
-0.180633139444001
-0.198357184401959
-0.29759657193638
-0.25666662254653
-0.183895778033351
-0.31646567103415
-0.104346157430752
-0.0894637496723395
-0.136695909990904
-0.0420972251323751
-0.139796422058873
-0.185133578235992
-0.0931218820393631
-0.183367707875754
-0.0623643290894472
-0.198807927339617
-0.108149474722416
-0.0582516598258752
-0.195273241371065
-0.160045779095793
-0.0602422398025208
-0.1357508561673
-0.103826571019633
-0.143025703811544
-0.051391510354568
-0.0363820411911198
-0.0889914952712028
-0.208128305645864
-0.024242629038784
-0.0491867892074691
0.0143894553532632
-0.113160668960356
-0.0472886053386814
-0.0818300062608586
-0.0924982907747636
-0.142645611011877
-0.150234509763838
-0.200956229367184
0.0760670117324353
-0.0340434210876141
-0.0113171454238374
-0.124096440418471
-0.0219530387992497
0.0861101843180962
-0.0229767483320039
-0.0640434474258226
0.0306322837247533
0.0622009588170352
-0.123740376989782
-0.150090493604063
-0.0369042335302779
-0.19750158336209
-0.0270730557184257
-0.119027427364784
-0.0407075863309437
-0.00126195540046037
-0.0522701161830604
-0.0371464060155207
0.105188655491753
0.0311575551218623
-0.0989284352987739
-0.0529644358956825
-0.0229275080171449
-0.117209070742954
-0.0157397319960051
-0.107292430939899
-0.0937672596519708
-0.0277833674147263
-0.103825798579196
-0.0852509750295747
-0.193441764936016
0.0324043414450609
-0.0653427855056271
-0.0281739331288085
-0.0149234277668483
0.0931628384550745
-0.0733712770940954
0.00480960819898499
-0.00712036933598033
-0.058222391609582
0.0509721035075705
-0.0992757012698894
-0.0703515781750797
0.0335463324628908
-0.0129317362171828
0.0135549939043296
0.0175606329532285
-0.0601721933952368
0.0317866481959599
0.243633551846139
0.0211592866324158
0.0183602476808136
0.0581002663883834
0.0497008518220699
0.0659847560203655
-0.0752209251015926
0.101819963591827
-0.0453796563660867
0.0654949157292861
-0.0481521817713114
-0.0525118724727227
-0.0204134650777258
0.0947935239618477
0.28108512426426
0.0366478254838498
0.106228783485678
0.0302614447100024
0.0470438116867404
0.154671265443019
0.0887004783874631
0.059489578308603
-0.00703585057418947
0.172566279477985
-0.0183501456346247
0.200914841821484
0.0774935258227479
0.206734694835136
0.213256379443359
0.0641219279355288
0.0591269059339469
0.106388525691252
0.0753113274684922
0.0288998795780981
0.15004324572607
0.159981266518965
0.166136478879916
0.0784984821246912
0.115507677436971
0.00981331236214786
-0.0734531634260806
0.101816085380406
0.147018792337323
0.0760542559841353
0.0980904292827003
0.215045115082157
0.161834066384076
0.0850557862283347
0.0949527565884652
0.0866256963527948
-0.00421384761026783
0.148665684813436
0.124715092348855
0.183251472121041
0.0317706170137942
0.160804418009599
0.307816589379978
0.051856461765093
0.140683032740723
0.0047639375469516
0.089079524159444
0.156994564998056
0.149524544674573
0.128473250373201
0.267893436535798
0.0712885987603289
0.169676404473647
0.175972553215226
0.22172372625087
0.166434057368272
0.126793082438775
0.300203770112333
0.0547129916373523
0.23367549648193
0.220091260758492
0.0909241797143372
0.19286908625998
0.314797746361014
0.237807572546289
0.222864120288459
0.118704888368304
0.137456279515076
0.0708653629024118
0.159759389337473
0.111919286323601
0.196612541126916
0.233189537119513
0.21089288947589
0.158301907700908
0.266681879992437
0.244629799782293
0.214503687509184
0.272500914543362
0.21490928974163
0.170416709391244
0.150190501285899
0.218287212885901
0.187436593219732
0.241780316575148
0.27610684709302
0.18210730509319
0.127780756586803
0.212452798956801
0.174032651836932
0.199330209877396
0.212362240623117
0.273675841900153
0.158528086387327
0.196053696229305
0.154692238929691
0.178341123753831
0.25220833578136
0.21362548183181
0.224091430909717
0.264689086634112
0.37964977561729
0.480993542679692
0.268163488473407
0.204097623580453
0.211391654080614
0.232960346318029
0.219572578340198
0.220002401635842
0.17352004409064
0.31994773357764
0.137308453468128
0.366497752687518
0.41310199140023
0.191651641240453
0.246918569475341
0.15003324206783
0.39186519507151
0.25030269030547
0.201298455632688
0.303091519780533
0.310042606294543
0.154748718242857
0.301737217057716
0.351069783730842
0.39709655880516
0.16126498663406
0.336813153549605
0.423699068233139
0.285431564410546
0.228754270510068
0.360420252468483
0.149775005522063
0.394824945307247
0.374721074875697
0.350928196125766
0.478456266922992
0.43107405489194
0.273970425616192
0.301833841882204
0.346570530645436
0.203640594120691
0.385482569776996
0.213115983905592
0.248982688870134
0.370352600152671
0.30100183665499
0.266645135213268
0.39845168445465
0.558185415172501
0.465493686135284
0.283866113513378
0.253048239245624
0.436596139438066
0.375386966505571
0.354691004193113
0.340800395047677
0.390203306291494
0.419431702166459
0.407476296498164
0.327013585604367
0.255608098618511
0.360374263081273
0.400046477817291
0.350025646218132
0.314467476253785
0.428212327081166
0.376661669823693
0.40623603098778
0.332193567936403
0.456822948060782
0.264737917258682
0.33837411617342
0.244503101470675
0.213670117080763
0.4457216382789
0.433191242532549
0.402096245538761
0.326520258517662
0.429533006499182
0.462373450648604
0.513853076769465
0.406353794374753
0.342296562525615
0.410977162100357
0.41884772326309
0.477027150495504
0.447603862435384
0.338130943361891
0.613737680373305
0.458471901433305
0.584824330058769
0.528884540322662
0.521027006543544
0.515642791291332
0.431890345618551
0.43993388448564
0.532002757989166
0.526986772567628
0.408185297448179
0.512647472823918
0.472786093501775
0.481378531986069
0.430174723959692
0.403675193121226
0.314980407439415
0.322578962187622
0.424265653219822
0.407729212772907
0.415304428242534
0.439654112243225
0.524856662892099
0.440064559100059
0.472815625138581
0.452992369979924
0.508492817308814
0.508506263126881
0.538397715995003
0.368290079313942
0.561151799400529
0.521530040862491
0.386464790984018
0.399836677437204
0.41291486601453
0.527993517380093
0.347341974313591
0.585388148113908
0.548793499714335
0.422531743415593
0.504569490610487
0.626066166879107
0.526834241637481
0.570022849458258
0.579938615397991
0.424322765573225
0.407091967673611
0.547637829512807
0.569417171648748
0.42309148803694
0.386976832859415
0.630697406846821
0.552090999579188
0.538557215102503
0.581816470826196
0.571843132457242
0.531978039647942
0.50065160846622
0.576983656169113
0.451477275933719
0.583694332021048
0.563012833457104
0.441152937434537
0.657144644602278
0.591767511249985
0.642701443924464
0.474734157639415
0.506556064426083
0.48046464449221
0.660278892838811
0.52418440216927
0.594408813104915
0.618235424721228
0.525993641455154
0.625494622358101
0.637428615008139
0.583541809210676
0.676927464361987
0.610217912865115
0.702256615577793
0.505675905361931
0.577863752031308
0.358942601085441
0.536263543717579
0.531354524138876
0.544658166429147
0.662557268310121
0.57778403227295
0.682966910432971
0.515585575681275
0.478502070184928
0.614518421389688
0.758317242946966
0.66987389896661
0.623096940201918
0.46994537731338
0.595567214732846
0.629219066274286
0.575466351531421
0.697244117929844
0.623082809903204
0.490282246384071
0.607891677512288
0.667335409385149
0.567310358243782
0.704965996593855
0.76763342461924
0.430277233805344
0.761194187404685
0.553275221725572
0.73949571346668
0.444974325820427
0.592895716066409
0.708549885249784
0.640525966528755
0.513007573613524
0.66566470520746
0.56842392859151
0.717424693225097
0.719248334429509
0.69769672760783
0.577607007098426
0.787251462545753
0.731886204452632
0.518428498842897
0.650782067263274
0.787177230222636
0.769068731195579
0.628882037825319
0.822084357711287
0.576371899117358
0.662363123423569
0.730484503703017
0.598454860585716
0.670646063206219
0.757812135383431
0.681524730947342
0.756112149803784
0.670790772380543
0.667175316346551
0.749992347440219
0.605669955243463
0.744085526009477
0.630153039238395
0.793956048705403
0.68234957137669
0.749531619277746
0.5350751540783
0.847455267549746
0.735262928791601
0.760938386331239
0.710570411059246
0.735998509038528
0.642958651467566
0.689670538794926
0.807526904781361
0.779914217158533
0.745811435251402
0.671731115750856
0.563482320719366
0.565662018583067
0.812349380529
0.771185790849118
0.692509673166892
0.788384920837815
0.726414572871178
0.670482135738187
0.848147018627629
0.90049150866606
0.707406748775806
0.784362083042622
0.77453421184431
0.687185695040109
0.807635598257774
0.82411496749457
0.86811355191546
0.851526291458226
0.803962716620952
0.759164474577214
0.600298622523808
0.821972863248106
0.521944212657927
0.883477047068664
0.836192319558458
0.864559939368029
0.804702612451056
0.708074549224859
0.77924858890212
0.78190352790979
0.736566467198917
0.768486915386214
0.854965225591374
0.800217798381033
0.738308625312404
0.637395289144576
0.977780252563671
0.731620307449591
0.813118343616261
0.736244527985617
0.80118792182265
0.837202538913113
0.963046632716674
0.876928315275362
0.749295140571325
0.887788420312619
0.757253470662697
0.751395121860274
0.827644575266528
0.810769397502953
0.788319378543361
0.876487967711085
0.802059498951755
0.94978583176709
0.769971063956917
0.955831287838482
0.904532762928099
0.713133470649442
0.99957628382881
0.790675961562505
0.879415889976584
0.782798574909422
0.857905401557521
0.924952296033298
0.825349908635719
0.84865050959782
0.897979566845203
0.842338023977188
0.914040331150132
0.906724158403698
0.904804960221805
0.938195978173344
0.85872649853754
0.872166444493443
0.830396370795252
0.903144999468796
0.825576529019161
0.760508571777077
0.882709476431232
0.900432005039089
0.983416006840167
0.716990739386667
0.867240175599736
0.931440186187521
0.8049687674558
0.746846204389856
0.756658243721574
0.808151358676705
0.857467066576286
0.798206098704202
0.864953058929563
0.911653357898191
0.989095312924958
1.00441459713965
1.00535608767956
0.791924484262624
1.02246626041733
1.04464457158525
0.959873295513161
0.916650773170335
1.05532073400115
0.970314936489028
0.882636327967563
0.976746895738628
0.9180946204623
1.08461719395164
1.02182222956906
1.00623399448263
0.813589395598436
0.925613419950123
0.984127145678133
1.05927196106751
0.967190356221432
0.98036272191738
0.900255949853465
0.907477143281304
1.07539917069272
1.04570859286007
0.980185941735655
1.000211115269
1.01121343418408
1.10866985626478
1.04333124381867
1.04841951360019
0.954760781095188
1.02750227828252
1.04674468833044
1.0238562905579
0.909722924706907
1.00249490592199
