"x"
-0.939777182416611
-0.850061965884759
-1.06558935223521
-0.875505656386789
-0.877071824205533
-1.04578679783148
-1.1265651733415
-0.916917294144278
-0.945655850232649
-0.912651137155332
-0.979367261005192
-0.999662754578172
-0.962552950994911
-1.1729029775264
-1.00948600416783
-1.00015273077839
-1.02273208958615
-1.020230400249
-1.03225819079485
-1.04298805577035
-0.959041763971174
-0.847479013704353
-0.984378161805208
-0.84423554315101
-1.00884396766372
-0.927380970993308
-1.05850136940316
-1.01895042888339
-0.989456293760096
-0.904765590219557
-0.978014387900227
-0.83579954952153
-0.868270358765798
-0.879718344039679
-0.789760744738487
-0.848853227875501
-0.739589036754356
-0.997559801590024
-0.88686112777409
-0.889808665006238
-0.896862623751867
-0.872164341472204
-0.8810098544487
-0.874673452080642
-0.841664164540597
-0.813493100766059
-0.928473358786246
-0.960484850331459
-1.01521631830123
-0.795767810086735
-0.875836658690161
-0.876345081887831
-0.727174825612667
-0.862428478738612
-0.828115200446785
-0.996296406476742
-0.88494428644208
-1.00064288919951
-0.847057134907964
-0.89249869080878
-0.797700683057945
-0.925378204463727
-0.823833111558869
-0.931971957811384
-0.968010592669333
-0.916808488333685
-0.833433376546527
-0.911837657724541
-0.895415632624619
-0.895840210484849
-0.766576064847517
-0.814611516362797
-0.975393367390613
-0.809040799722568
-0.71717699428988
-0.842310483949938
-0.806077125792103
-0.765823713134295
-0.705247724735236
-0.858711514123274
-0.833629002001093
-0.709153692204692
-0.917602115960331
-0.77346157871418
-0.83003669338351
-0.877961533509147
-0.876932103233404
-0.853079029738566
-0.818915110018655
-0.838816554268064
-0.712207247817674
-0.894990885690526
-0.879932170955572
-0.735634736420922
-0.898796961130998
-0.761257413111174
-0.746094089716488
-0.661226766900876
-0.730530420174021
-0.877535303740708
-0.823474747773728
-1.083407933432
-0.74967245549658
-0.774613362221819
-0.54851105861038
-0.774799481882914
-0.835153978364199
-0.817571635321491
-0.758550289055879
-0.802633560700064
-0.728381303164166
-0.801852369444846
-0.778244375924465
-0.681954201264269
-0.820253747778259
-0.820559868022858
-0.737622031546335
-0.779611866531864
-0.643106698056793
-0.838407440757908
-0.629781579367086
-0.832623491541889
-0.870900680302999
-0.662110848566365
-0.8728966446516
-0.765215422496636
-0.792595347054736
-0.610645719313268
-0.878325619817608
-0.64368930789594
-0.702439685712751
-0.696106091355318
-0.697446293768798
-0.654347173627967
-0.723385466910465
-0.696719416974199
-0.712940313425424
-0.798716650232693
-0.698181677448207
-0.863485987873928
-0.803323833969306
-0.752830617342681
-0.679478620098269
-0.817498167782393
-0.703826541751025
-0.422801327141449
-0.673724305177948
-0.751057389621338
-0.789287211598225
-0.694988138302148
-0.754948057800308
-0.631550164719374
-0.751445254782262
-0.697859530818061
-0.728192995794913
-0.681399672558647
-0.742135461188205
-0.70197100098686
-0.793735749750305
-0.759733337798638
-0.764839654878418
-0.71756527072362
-0.597790831685483
-0.637435416375869
-0.565282938001503
-0.769119006852067
-0.614826469523522
-0.672464409101061
-0.641664282672863
-0.668525824724502
-0.629926998180873
-0.716115597440235
-0.664639214983989
-0.724245562795781
-0.729509066697337
-0.632260004824344
-0.666772419991041
-0.5850012245005
-0.739722644416122
-0.690693020839773
-0.781092410943951
-0.651087529237592
-0.688824925807676
-0.56904469897539
-0.694898198019601
-0.656144746708256
-0.623287042077597
-0.520971461074889
-0.653409952214147
-0.576480638717177
-0.584337096442819
-0.496276468562484
-0.601107557112647
-0.456654281841216
-0.698865330101021
-0.565875696354137
-0.630098235031191
-0.710206898471936
-0.518626691335126
-0.526775550765098
-0.56423064498117
-0.540654231501486
-0.688196265460861
-0.608746708744826
-0.625285340780028
-0.674550749533993
-0.504472582149965
-0.690167916577456
-0.695497333627721
-0.55576776907971
-0.551233460649691
-0.575232703426417
-0.441717941930822
-0.539403524444309
-0.571937104636725
-0.463737208100887
-0.60308503365736
-0.534186342719457
-0.607766795169987
-0.487538936432956
-0.670179115126871
-0.560409401299665
-0.651667939994971
-0.488249807534933
-0.530527815518034
-0.582672382901104
-0.591889066941407
-0.501755490586984
-0.606221582166965
-0.541301506612514
-0.556139769523172
-0.481185678771399
-0.379390500430162
-0.54212208505122
-0.526108093461193
-0.513680559077586
-0.422601497648105
-0.520479642421207
-0.530006789673026
-0.460160789383482
-0.498589906596014
-0.545386631646082
-0.484866036475195
-0.647404348647902
-0.552628907167969
-0.481628828386241
-0.56835991884155
-0.461666955865806
-0.5647792181278
-0.439162308196838
-0.550237746042556
-0.460039209413983
-0.410541354468582
-0.338665366945545
-0.582216608400148
-0.383258532953685
-0.511425481133601
-0.569760206452186
-0.47361191890786
-0.43863815524863
-0.502040410501582
-0.515838704786164
-0.335221685920063
-0.640073301521917
-0.560306359364442
-0.465550992372309
-0.560391527182905
-0.419528712184034
-0.503978069777638
-0.383854719428528
-0.403013943108563
-0.541608460491305
-0.561902142545849
-0.374864086454924
-0.406162869820061
-0.531183646694642
-0.447996967938124
-0.432684447021542
-0.328728958144084
-0.489098484207547
-0.421178150532937
-0.302429480662499
-0.427405313407043
-0.394617977141073
-0.436999167181789
-0.421730135541821
-0.473070134243853
-0.477958380159561
-0.504228668776401
-0.403570892325908
-0.52587631552586
-0.412516326579825
-0.278813283714454
-0.525898926211535
-0.451561625874489
-0.431020432445807
-0.525349143428099
-0.295348196212361
-0.476524696693875
-0.395607649554432
-0.424178656082814
-0.470130957030187
-0.497126334689306
-0.329848214693038
-0.436231308225487
-0.387071293359144
-0.478029345817952
-0.436367302948082
-0.383116664969542
-0.507978722586758
-0.408765649511534
-0.377486097569029
-0.473880863831502
-0.412658478506849
-0.618249943034837
-0.327251803518198
-0.269238823818381
-0.309545796772041
-0.345458716114634
-0.480674454735813
-0.33087413862358
-0.330708737432071
-0.427411630562596
-0.246935494472069
-0.42773328096348
-0.355995243028352
-0.418149364037815
-0.332680517268918
-0.217648076201861
-0.293288218473592
-0.340313871854222
-0.364130158674922
-0.32528383005144
-0.43258744562826
-0.265673623189785
-0.368395307713876
-0.322546069950023
-0.292701018529728
-0.359649248835664
-0.346679097097916
-0.313825564095543
-0.364097977994768
-0.263210422986558
-0.19947341773413
-0.265416899901735
-0.381740945201306
-0.200370734359792
-0.2312617801118
-0.417380753068346
-0.326758468911404
-0.249368486503767
-0.332673221094603
-0.353629126752412
-0.32459655726107
-0.147949251612635
-0.209987331413956
-0.153185007516745
-0.158375245812861
-0.228155345156839
-0.47699767444586
-0.347803699790756
-0.175437896618526
-0.289287637065128
-0.296900938357018
-0.285660024566992
-0.279284889781272
-0.300031855393526
-0.112930722378541
-0.189266018406178
-0.218314157337139
-0.39609982752814
-0.224339908166357
-0.11461534881667
-0.225682426286572
-0.392378077908705
-0.239118502511966
-0.431238015693976
-0.179505908120039
-0.240305900325612
-0.100950578739779
-0.115546288143235
-0.182916282861425
-0.225326160243867
-0.213459426131755
-0.254818515175291
-0.315735033634126
-0.21917281858007
-0.136118934533786
-0.109065201199454
-0.279875332807042
-0.178701112216227
-0.195133336065597
-0.00129790790396934
-0.324543070481658
-0.134676925445882
-0.238875615921483
-0.0892999116590538
-0.106863679269795
-0.189641580559511
-0.0463452933654064
-0.227391662678418
-0.29519731324524
-0.267203860514677
-0.0982196737150095
-0.16195960202902
-0.100256247293528
-0.109452714277246
-0.123457096130144
-0.354552065305167
-0.228961705223048
-0.260683466409712
-0.236492929477004
-0.0660847275994079
-0.116241975638933
-0.233295529379601
-0.0711085561627513
-0.12425186517614
-0.104087828367906
-0.190089819920588
-0.162970588418891
-0.220448896903955
-0.313440368385852
-0.236383236243454
-0.194173142833145
-0.308287604990553
-0.124914460571067
-0.078328490320224
-0.150243998269532
-0.0601224881933298
-0.119176166499971
-0.199219635641148
-0.0922432657825346
-0.139991240103692
-0.0645042226285212
-0.176162146703923
-0.127478193516137
-0.0318114925490344
-0.187562094914362
-0.14649849446263
-0.0791636915726816
-0.138984769474399
-0.121356476052073
-0.122172832626665
-0.026343558995774
-0.0492547169925518
-0.0920749129791117
-0.223269755459744
-0.0321446976324456
-0.0661314627867923
0.00429777713418452
-0.116398348520672
-0.0396541232883354
-0.0731091905700739
-0.0932718853691564
-0.121634295293545
-0.132538699901288
-0.208762280593028
0.0904565016652246
-0.0284397058656114
-0.00739585238760299
-0.124019790190696
-0.0161678901607945
0.0787097153414999
-0.012667106384061
-0.0725061251802273
-0.00104688400762107
0.0540271063590281
-0.12107647766686
-0.158577046988152
-0.0366774275117472
-0.204125348689025
-0.0189756073031175
-0.11073366884486
-0.0410028385934393
-0.0256529776597781
-0.0381077461666555
0.00142811441798902
0.142997291980109
0.0401483124397335
-0.0802362693353544
-0.0494984216770685
-0.0354148860848399
-0.103613482485338
0.0106030931415175
-0.0739551373648937
-0.0867998148989912
-0.020848989820749
-0.120701884296485
-0.0827064207915452
-0.159714771452813
0.0379174977126446
-0.0735231946610891
-0.036124030052566
0.00329558180911497
0.091701217370503
-0.0623021885819786
-0.0119775643985724
0.00778554705178438
-0.0416451351269146
0.0580069479518186
-0.0956042627242584
-0.0678289947494031
0.0443674593884774
0.00649197620830461
0.0276023559305329
0.0279343454086055
-0.053625143807097
0.0248891396545207
0.22980980231087
0.0248025801221621
0.00303245336345126
0.0658853756168539
0.0379060055127099
0.0341920558816592
-0.0703279365935488
0.0823592766883117
-0.0323330532868469
0.055355219835371
-0.0694272082867868
-0.0712884921779676
-0.0379798374993734
0.0977301393491754
0.269347853870976
-0.012359575880527
0.104439651853986
0.0283914183834392
0.0377670516253252
0.174604162845154
0.107030937015888
0.06094397496142
-0.00163636104137046
0.169290562559551
0.0125737406317672
0.184847964747678
0.0806275493138967
0.227996682010372
0.211314737787722
0.0579043369404865
0.0496240313323371
0.103341849358894
0.0790942120625832
0.0245006034589091
0.149257921265442
0.162635386472273
0.146741890404626
0.0648899643367599
0.118418339572486
0.0304689322469827
-0.0624374209304824
0.081789877413679
0.157152349647291
0.0770306966210198
0.103539203269814
0.203007006417972
0.154304498063692
0.0867305040977767
0.112801321752752
0.0899203960734827
-0.0132052115827472
0.165860109121172
0.133873721906528
0.179267223180035
0.0457899285738502
0.16469910214071
0.324737480529264
0.0508881279997046
0.142443847620441
-0.0139853645961294
0.0899589856411982
0.142458726396812
0.127428489347863
0.134387784966026
0.26905495788569
0.0809534185940515
0.159476654203114
0.196972623918272
0.242400571389057
0.151375112438537
0.0960966377335958
0.28971882916994
0.0598043790479943
0.220920179482711
0.222729633542007
0.113396122706645
0.157686175540684
0.297586316791984
0.234316049938446
0.224023067312271
0.13515924444175
0.151253020049182
0.0713655170787271
0.144978400071543
0.121226628000996
0.193299325957585
0.245097135146233
0.220613428210233
0.159559438171703
0.244420435919462
0.25106321724819
0.239144525726161
0.254712106911468
0.206390261402049
0.17682046296425
0.163177099394403
0.202470567070562
0.204335670396519
0.23766692293629
0.280441042037331
0.200025774361227
0.137111846443179
0.200708394187933
0.186696967383301
0.21772806800914
0.22245891462096
0.260903576771512
0.182675602081786
0.210209375144642
0.136412551785381
0.176428110094576
0.253390694950909
0.178201433388295
0.246419623548652
0.282012579575739
0.389575734725187
0.484822015077714
0.26316111167841
0.197351195384199
0.201020795491967
0.231749441531998
0.210533118293745
0.217891243224092
0.165638463048765
0.322656926605072
0.113127370653986
0.330378017535475
0.4224515982992
0.177752437220521
0.250290648916627
0.16953974007383
0.390077057997083
0.238307509223726
0.200296472911132
0.285812187831452
0.323162432726042
0.148572489119315
0.281528259819126
0.339084473669337
0.40498845621213
0.173777214575929
0.327313574122718
0.430570065015506
0.289104833003039
0.248102644843681
0.348533015225754
0.147579707632097
0.419087086614895
0.390547109345411
0.332375738095448
0.459383503643949
0.42076374989637
0.272473194132001
0.299417044848244
0.351061863413114
0.184926079755445
0.385422634522412
0.238641459579816
0.264632095556763
0.369585194619361
0.322704053549917
0.243512103319508
0.402050423612136
0.562598318248317
0.457976714323557
0.295511403727684
0.222699054520084
0.435877197976989
0.367029295372446
0.360716873328531
0.323151317988567
0.411370746114227
0.388448240083726
0.39655420566862
0.349493037936316
0.260807399107572
0.359084411785156
0.372543884988346
0.330056194099145
0.297709073406122
0.432934264971814
0.386842114980745
0.426444761731404
0.336090912244595
0.45840065566402
0.285263612706505
0.305434641012722
0.242768746497395
0.208812735885104
0.451198473652624
0.418623531519796
0.432789181731052
0.334312817919117
0.415116672455998
0.449782343875879
0.530327776621533
0.404590275566919
0.359966539272844
0.427140639718636
0.430366818432876
0.4822637302707
0.436859090547179
0.347029186455585
0.614186803327428
0.431209843095286
0.564791762861611
0.502260092613171
0.500695476195467
0.499943740517468
0.4272919390869
0.461306827474036
0.543910380304388
0.514132084024482
0.407456506060502
0.538106140784599
0.481172449973896
0.473841842773994
0.433167974692478
0.412738699827713
0.298487862304933
0.292914045307966
0.41854213619081
0.421997836118072
0.447418266496623
0.420307801121353
0.497375410105886
0.446414824317435
0.469924411697054
0.449594865016038
0.466452450795113
0.522363108425179
0.498385048109178
0.374607486337798
0.577630669111618
0.52012541857591
0.391983518189028
0.400766469009803
0.417573527325375
0.505945293893823
0.348776538633192
0.583605166805643
0.562808846220505
0.429145066792745
0.498001767126144
0.622721170591867
0.550823753816039
0.541374664518094
0.566972207387527
0.417769964250818
0.406094190745358
0.549045412819846
0.556545018400787
0.435125460997111
0.387395996770532
0.621706908657292
0.565635585421701
0.542380760594877
0.569064029265749
0.552739090417647
0.53536879595339
0.499615865481111
0.583420381622063
0.461229412222549
0.591420530991096
0.546389594609595
0.437316904083134
0.65259923855628
0.582027863131371
0.635139283278436
0.471626451339194
0.50296526489716
0.485166087770251
0.659410780131161
0.518732672457428
0.592933568573438
0.609579569355447
0.552986289194202
0.623752119656466
0.633874635159568
0.594010598802802
0.70262079470199
0.621934777072584
0.712584646656156
0.529743789847865
0.572687722907704
0.337375371405947
0.534868693076505
0.526452631849163
0.515797162863856
0.637835036900614
0.57983365222514
0.688336473291046
0.530804369988436
0.49606873442009
0.61966370548066
0.769337296626496
0.670488092849212
0.618554808368171
0.458667006482005
0.604511438257873
0.632052882794436
0.592463459179518
0.704294332444807
0.64176118613742
0.484525776279922
0.62646902144428
0.658065853575873
0.547684098064414
0.696147875929456
0.738645716837346
0.4419414937582
0.779993568295343
0.5651054584829
0.755395305543879
0.457585669409321
0.592966917938627
0.69997721271579
0.634235512460021
0.499365803960477
0.661982917249422
0.55914407906606
0.715399404640562
0.696308427610059
0.699548026291029
0.567633438146212
0.787263642347073
0.737792524424094
0.501259958627664
0.672791152520733
0.816777938885358
0.771415183336786
0.629723719912049
0.817844922097487
0.578705239598358
0.657626968572906
0.737573785366075
0.600750735881694
0.665356929788151
0.734465657093
0.668986324507553
0.754531811521957
0.658903981587361
0.652907947175515
0.734946746186695
0.612632344315793
0.770610983404383
0.634299069536053
0.792147870220494
0.679198259522054
0.77775156907418
0.526987975371576
0.837318629813893
0.747816180168637
0.739821108485303
0.6881814201318
0.738050633987799
0.630793474747687
0.699288747834085
0.790209988553526
0.777242567281395
0.755132273612717
0.675169919806496
0.553832016350692
0.593020129786146
0.804473416917063
0.771612401553999
0.687716155252035
0.792204426116737
0.726405816937902
0.673331539389661
0.839314019244805
0.878957884769111
0.683582879152526
0.770145907596957
0.798188222368165
0.691213595170638
0.794273019291231
0.816941373223737
0.846217905784294
0.832335895405687
0.803988208324924
0.778316986810842
0.605536224686928
0.808932430683924
0.555275054355907
0.894035578852032
0.828503693973687
0.888904706251496
0.786667160239612
0.689375055577416
0.776837312978789
0.792693020830043
0.728681697905564
0.782984265274263
0.826719516559594
0.794958800365094
0.75703154974153
0.63623158505279
0.96245359886283
0.718408906219006
0.836495589042919
0.710712531718724
0.810629922056351
0.838577695611288
0.946946154136653
0.864946315330304
0.741014837442643
0.885571397768745
0.727563440222311
0.746129406979814
0.853269687576805
0.830459639631585
0.761846316007007
0.869101686274168
0.796894337205328
0.931948932360003
0.777158292148445
0.938599468423701
0.917578420296186
0.699910270644978
1.03880233606745
0.812478589468686
0.87552508122632
0.796480565406793
0.835313076216267
0.919924672939796
0.81296441833825
0.842153565231048
0.89369572178432
0.877723681439966
0.904008470777146
0.916051995715694
0.905486496437284
0.934695110861942
0.8644040552338
0.851547914941938
0.83994000716019
0.903865867295544
0.832871620841227
0.749808937663774
0.896066878315496
0.927695950944891
0.967717619487589
0.717271096838472
0.87573460381173
0.922297915955841
0.830964229351719
0.751303668377634
0.747338587135327
0.794709752604227
0.879615987090284
0.799498296183024
0.886099236321912
0.90450643839099
0.985874290742407
0.985586165181005
0.991100029126418
0.784505884322004
1.01670303093975
1.0105011932287
0.956300987108825
0.92993024328201
1.0621374359554
0.959119229916284
0.901750231382785
0.980418858672864
0.91623972640146
1.12547613712696
1.02169458829943
1.01992733041357
0.811909351910561
0.918210549278904
0.999045187826437
1.08425039289056
0.951003834816804
0.957925490792731
0.894596772434227
0.961405157752194
1.06089742031187
1.05965624379516
1.00868460793936
0.988455012486141
1.0287375778215
1.09402950908791
1.0484629020955
1.05891325575908
0.940790770455697
1.00934393746523
1.04501185706597
0.991331079793392
0.893487484810321
1.00359784182256
