"x"
-0.939624658915368
-1.0210759601398
-1.13235000504771
-1.11839184902647
-1.03614566254395
-1.01128020635206
-0.925922959013223
-0.887922357213013
-1.05945368062198
-0.939273051462092
-0.947168937519852
-1.08808919669434
-0.930998723679497
-0.843254236585328
-0.811134622167813
-1.02606569616372
-1.07957097325512
-0.928517087694157
-0.990972642110835
-0.804044507467193
-0.819185096121407
-0.880592935852156
-0.964167162693309
-0.968303393882121
-0.8324027920951
-1.0891264930295
-0.967581913079938
-1.10633655045474
-0.950429394092556
-1.02678694008556
-0.920310427440293
-0.900848865427569
-0.95348950183472
-1.00257441779892
-0.873211296760881
-1.02338686107177
-0.905051223922609
-1.05688116503663
-0.852016559654541
-0.921386570561363
-0.967478749721478
-1.03643648968861
-0.963420396126137
-0.978539504129588
-0.894514734046225
-0.923029167367859
-0.899742984669811
-0.690785091336198
-0.882379659157241
-0.952858251145366
-0.990831303983558
-0.909475894756305
-0.829545859341437
-0.809314125548482
-0.913137284568098
-0.921184027300587
-0.829257891535276
-0.883160393433873
-0.872244602171095
-0.788248906185122
-0.865115042155566
-1.02692362630832
-0.897884956838884
-0.833055363802327
-0.887906393787668
-0.871454500532206
-0.792836289348294
-0.874553317754101
-0.826908558913228
-0.969629272595427
-0.709535643035239
-0.737778222337095
-1.0115029362361
-0.89977289511352
-0.800561911053413
-0.847728216884309
-0.94717653094806
-0.750077229560283
-0.884917086133954
-0.78579544336403
-0.828018679201553
-0.754668384384155
-0.974552532969596
-0.755619260002317
-1.01872638832309
-0.806540810465297
-1.00208475626128
-0.83917737963629
-0.741983734837023
-0.735868266230356
-0.789600799669249
-0.803942766776387
-0.822364102526148
-0.812066226997874
-0.788958479010854
-0.779532312163024
-0.77353512061982
-0.679954715261848
-0.896555997841407
-0.737524816143985
-0.752020057271807
-0.824789626635295
-0.597608091354351
-0.687885817484933
-0.760779033384782
-0.793567717756452
-0.719151810526951
-0.694235732614595
-0.827155547103449
-0.733430716383013
-0.602560289237457
-0.83344998285835
-0.828913138915654
-0.770314558855416
-0.854460206271254
-0.858789082165246
-0.761304221450189
-0.766732818011257
-0.593165206114386
-0.750905439723698
-0.660759423056107
-0.903148348348772
-0.824954630352726
-0.849521125097865
-0.833701713107617
-0.684280680576546
-0.851699800499534
-0.752919007168553
-0.813909943859349
-0.691336298312693
-0.685671600555773
-0.725989155277064
-0.661968192662928
-0.828920207593222
-0.729161919570289
-0.758183116735228
-0.676057273048331
-0.783059544822595
-0.658171340190458
-0.647445017491561
-0.647764736808
-0.579775172962845
-0.879584857173635
-0.550185686839289
-0.660674028535834
-0.77432965207976
-0.778128641814611
-0.696906411572899
-0.677971438203477
-0.642871093525771
-0.574166885750314
-0.543822501371152
-0.641901092115198
-0.76232030371077
-0.731095689516329
-0.645903501833846
-0.691663992085092
-0.617051570786496
-0.679903283784142
-0.649328366158899
-0.765520569567672
-0.629287908366038
-0.678995783319084
-0.563812524575624
-0.576756193885667
-0.744206877876007
-0.736569274452189
-0.625936999208299
-0.751751906303534
-0.72166898916048
-0.593279237186301
-0.63078783906784
-0.540378758513823
-0.668997414969216
-0.701087956646411
-0.63913419027116
-0.725054604392073
-0.633759677063034
-0.805514030609702
-0.638494451989109
-0.725813112064917
-0.60906867960147
-0.629520646623544
-0.689503427896477
-0.685061852510658
-0.619397073445605
-0.622823147101672
-0.594171144748922
-0.625440909524179
-0.743665148165786
-0.650456901518225
-0.746157697231777
-0.51554993780679
-0.636842302009775
-0.658206185376762
-0.588921143210636
-0.685260157910342
-0.572832175160427
-0.623799958520528
-0.691243431322465
-0.718148887677321
-0.526073503992747
-0.552571768077503
-0.530461221939263
-0.660732955276906
-0.652707580414361
-0.382639355316654
-0.588048230624193
-0.464940976400481
-0.323523377322852
-0.503403993108701
-0.51396271804088
-0.629254470032813
-0.518439983215618
-0.628821457167543
-0.520841474113414
-0.350513507893899
-0.516462983741964
-0.715337275716862
-0.727859104907311
-0.63487222723898
-0.592307056879838
-0.408460798533087
-0.803788219161759
-0.725077692012225
-0.618147369118606
-0.447228516119938
-0.501674836989867
-0.367237220431963
-0.584544850818487
-0.661673901500027
-0.664194888056216
-0.608431511124264
-0.592984124686408
-0.559715318821663
-0.437567718099373
-0.704738392956832
-0.464665392148777
-0.532150582212941
-0.483079555977747
-0.531348381603248
-0.573065062310251
-0.510840499707244
-0.571573711541705
-0.577909136352338
-0.368666719040173
-0.542021094447549
-0.426817302458514
-0.429383172387734
-0.653157343476396
-0.391176769858322
-0.482499116471501
-0.439825393999586
-0.377636864007045
-0.622709015149135
-0.475164976761308
-0.503299799658841
-0.481589958564012
-0.457427242787002
-0.394130578393232
-0.585083890165943
-0.52781263591032
-0.250591601450373
-0.542241738707528
-0.633969429396625
-0.556123081976312
-0.418642873525969
-0.525223793683386
-0.577567454290555
-0.466734765021756
-0.48290967557536
-0.34000156276337
-0.404582654733087
-0.406094988024804
-0.429400406498607
-0.664174837598681
-0.454232548006912
-0.473833880562837
-0.437716192239124
-0.46343042307883
-0.434076507560747
-0.440591405285741
-0.501954501221668
-0.427194366019644
-0.47585424482491
-0.481122560308515
-0.368021905714696
-0.413995741979996
-0.35793049015191
-0.613787820466697
-0.471130299181972
-0.374514118440655
-0.577652970879815
-0.460343559125619
-0.37870836111206
-0.447790527807196
-0.456247820345639
-0.455327121051782
-0.328865169289087
-0.563538747010694
-0.478576434795099
-0.44920361208171
-0.337790006083795
-0.397614612621636
-0.253503677323271
-0.383756098052753
-0.559273610938675
-0.164956178554406
-0.351345861795735
-0.314258100728207
-0.336223397689641
-0.317957400413121
-0.392145747449491
-0.221987910599113
-0.412218881414576
-0.354623979182018
-0.351983376565832
-0.176830652608864
-0.465939990306423
-0.405278952195045
-0.308706635626517
-0.366174231529612
-0.316310727815682
-0.428210231853427
-0.412571408495383
-0.417287447085845
-0.177966699213377
-0.285747498963767
-0.37129847395804
-0.483810585851014
-0.19649662011229
-0.214079161344425
-0.294411698418251
-0.293298890518024
-0.293978863590285
-0.376665396990486
-0.286449738655685
-0.265140999752321
-0.32809565973323
-0.229159129469333
-0.301145125444919
-0.255317719392724
-0.355971238261867
-0.239197087979777
-0.354810952616305
-0.362621761860006
-0.289557000394736
-0.377006536579744
-0.267670008039415
-0.41025653113282
-0.202976627677445
-0.29875740004993
-0.291104833840165
-0.15071457352704
-0.424861652278004
-0.298336899022224
-0.256304936760772
-0.315438759902683
-0.246956226784505
-0.264556731140957
-0.24227362118063
-0.366858278888659
-0.285799648476121
-0.118333478371101
-0.179510022469829
-0.29814006769307
-0.308247361303111
-0.218090709230676
-0.195172441706867
-0.273559602944852
-0.206098044656083
-0.2632817196347
-0.147575546008598
-0.150487690612973
-0.272156189490594
-0.283347655695952
-0.172868606101846
-0.357805517352485
-0.174069994769614
-0.234199744804278
-0.227434328657024
-0.314810320785628
-0.161590987463731
-0.193133110861755
-0.170022947748567
-0.248235442848861
-0.277785942525474
-0.224774463712574
-0.254560224177403
-0.151975818737995
-0.291336712217711
-0.157969233365104
-0.225466432499674
-0.269785753040405
-0.287849487986953
-0.263882261303705
-0.046985084018252
-0.323651355546727
-0.243335655455854
-0.0209550573292077
-0.151691032284226
-0.322520615414613
-0.0465841814162448
-0.154523278483738
-0.298993935604461
-0.255295330952098
0.0317349739570891
-0.317450574154718
-0.228566581697024
-0.0930883258433908
-0.193726940150461
-0.10863349886485
-0.1910878714017
-0.180695426425412
-0.15296740535835
-0.150581923657345
0.103996663157978
-0.0509360818157502
-0.0852343282526608
-0.179004703384028
-0.122721534640577
-0.144615654482922
-0.163417099959504
-0.148614226990015
-0.113087794771383
-0.215701906251815
0.000766836310171339
-0.0453418781944203
-0.0451672590985036
-0.192610850580267
-0.234904380998368
-0.15390404053893
-0.0914428881893423
-0.0569952421954546
-0.119337321000027
-0.117001123110748
0.0448498862289462
-0.0571160143823632
-0.116518958890342
-0.118636438634172
-0.121658330831118
-0.199462074105893
-0.253216224931113
-0.199069552008103
-0.16284256406925
-0.217873267685831
-0.148335484451521
-0.278330967294773
-0.199925122796082
-0.12776485675443
0.0736837044622517
-0.0541749083591439
-0.0250570428855615
-0.146374720012505
-0.0323248643734822
-0.10938620324925
-0.00755236717475931
-0.110216167847733
-0.135940118141181
-0.157292769384716
-0.077055852338496
-0.03696784571387
-0.0876485283226689
-0.0640355700868368
-0.159182140992933
-0.193236199066258
-0.128885341171851
-0.0073209659767215
-0.0335760756513617
0.0296433331267953
-0.0680590395539321
-0.118086317962799
-0.00295988419235687
-0.0217282058289812
-0.313889698225587
-0.123592860968847
-0.24621714192917
0.033933879926548
-0.0520060699124165
-0.0355896880721755
0.00972784344328042
-0.0925156522836036
0.0405197200352015
0.00779359576594133
-0.0591393528283923
0.000741382725064185
-0.172015967473929
-0.0306786098279533
-0.0840696218290502
-0.184049486665805
-0.0229529251115072
0.119367463515512
-0.0070723712730744
-0.134489626915507
0.0659148359562124
-0.139155736952945
-0.181492892316834
0.0483200064317863
0.0350166047723959
0.0309710799791422
-0.0384454843820471
-0.0228265209554962
0.0329349382377202
-0.0259900709966059
-0.0720453809739529
0.211633452028253
-0.168064700785192
-0.0368424431497531
-0.042195803197108
0.0544989545004726
0.0331223467491998
-0.0643569110051225
0.0295338525992246
-0.136780481430577
-0.0140321224038982
-0.0151554347831393
0.0518192536295909
-0.0386231709053917
-0.0179085816337497
0.180018160248575
-0.09229936205263
-0.0355563490869644
0.0125117965546714
-0.0737288305748742
0.00602753380267775
-0.0436302013671861
0.179272614094571
0.0951189509098927
0.0728344388477753
0.207175267049103
0.0469750153702563
0.00150769453934048
0.150033816851127
0.148075354951286
0.108315717097615
0.203299691838331
0.0969326860744268
0.0432081727744141
0.177992880342253
0.10897064435637
-0.0722885553261813
0.115675299965981
0.0660501688808295
0.0512361304251744
0.0063516806218862
0.10626298880935
0.0985959094197737
0.113445000086475
0.0113653101614856
0.0662258786710127
0.00302613771520982
0.208231000100858
0.113040057533106
0.132068455285969
0.192440089990405
0.0400110227169946
0.127760864464718
0.136527016569729
0.119275227705978
0.206095482591161
-0.00475995798777924
0.0124524166353562
0.0638882735936531
0.0578432622481321
0.358565999554572
0.2419817960199
0.257795806888889
0.0354673918826447
0.181780405799482
0.0222935381153294
0.135093066065344
0.245323939564514
0.0157347347773062
1.72958153605927e-05
0.111793662614301
0.203407392460984
0.149834831516641
0.139821079407977
0.180869400614561
0.245657695338222
0.184726405137302
0.203386666263395
0.0832359711529746
0.171879829140603
0.0877526988797677
-0.0237772829641223
0.127713249672247
0.0875370335819239
0.180536919200362
0.26091835099093
0.226804766130019
0.1804643061047
0.26343811406178
0.171109883649689
0.163174785014329
0.194109155270212
0.214660720406345
0.217262842852407
0.134562312561563
0.123128928568371
0.201086888190269
0.232248899905255
0.216705291641607
0.364373407139246
0.244509973429062
0.0187789331436601
0.237529437167534
0.212158541685528
0.36376527455711
0.140902694163357
0.256262360296088
0.285911021688509
0.144764558294005
0.383922576489333
0.277222027577579
0.220541539319474
0.255893952937295
0.121763163329059
0.293097098122656
0.441362046646356
0.348158170534214
0.183898560155868
0.275719039572435
0.254215091943398
0.310618451583642
0.294733652989933
0.373098733237171
0.171182907549279
0.301723958596106
0.331210030125053
0.191230569493036
0.20593075994514
0.251324833154843
0.334271661973096
0.223381788124827
0.409332795237117
0.287263356776077
0.453625308705351
0.247372742718853
0.286784438856927
0.298234429358916
0.287820696618791
0.206849708863546
0.240521270186925
0.207952449516317
0.378320017602206
0.413732574038122
0.351300967252927
0.215511325643396
0.435759445757153
0.517779599509429
0.39718913269887
0.356083616821193
0.35273678706838
0.0754420059281636
0.353736089333033
0.39678556301068
0.178576313778972
0.434813059363157
0.325766758240633
0.351042422058825
0.368788520592114
0.312705752356102
0.414325466230328
0.281315477711418
0.351552749297243
0.30224431458133
0.305744712459029
0.4043090579465
0.29936434921311
0.400508677137305
0.37002123628248
0.256216479153655
0.437803467139035
0.332303007617125
0.284745312926877
0.328527701048319
0.356089934899989
0.377598609056722
0.457076225459185
0.31863977809219
0.392786539307813
0.379922628567715
0.491764507741341
0.427123945642366
0.366834926238942
0.377075093910442
0.432533323355529
0.348725324482032
0.388517829131557
0.48377445302749
0.276541896096798
0.480524911454985
0.387100875018441
0.393787879966923
0.349232707073925
0.373228633499546
0.470186076586429
0.427682478606939
0.502297861271134
0.330675368825147
0.284293157138329
0.360272969707951
0.596621076043593
0.360726571769626
0.575395264232283
0.351206331430969
0.301414604509367
0.347378984211597
0.43771264281872
0.408047431453447
0.399748077900486
0.340557694959236
0.457548254576468
0.445262328172362
0.63308320501448
0.483678123961838
0.503451898525103
0.48003578014811
0.394555600637011
0.49979249235552
0.438885852086178
0.388811917845297
0.54670678683893
0.634642911878925
0.266037616559392
0.513641188805044
0.452228566618906
0.614224362764165
0.355036439591492
0.434678282647935
0.526106107827359
0.457599738531828
0.501866280260457
0.50198154269342
0.374458362648908
0.559610901132133
0.540736167294552
0.526263582756096
0.264990665930915
0.414801487101579
0.424577128541419
0.347390072225525
0.57599503600113
0.410021173766067
0.47730154610538
0.552914985714178
0.421151418260467
0.359845070037545
0.560597934118091
0.462715529310606
0.40568685171254
0.542493045244813
0.480903094385009
0.494712860194455
0.333167330143205
0.470297651980399
0.563783118946457
0.471181018416063
0.543780181997775
0.512060428440041
0.475786764646629
0.467904548796123
0.572247014701475
0.427094699715332
0.552342370136575
0.549561270909379
0.570844396372809
0.494012235756345
0.486026634002148
0.492932160598702
0.40591730984094
0.537635662430561
0.557120153915199
0.662865105098101
0.646807966291783
0.593499918027345
0.371327033490094
0.566648003571664
0.492713014552948
0.608152030434445
0.501976002001247
0.49293274538354
0.594573721915301
0.563270420034814
0.437935923427664
0.55812982778348
0.530691872651126
0.616694504387707
0.533880521132246
0.468423808681865
0.720189010895323
0.604412525928566
0.616353116606407
0.563529664834056
0.647194572164503
0.558509591693539
0.600491966802389
0.454653650604634
0.666517765554158
0.544555264399416
0.554079162339643
0.642080817440243
0.765647305709747
0.600131994421016
0.72735152145842
0.564300693897527
0.555616348130338
0.661525720556647
0.671148895860778
0.76927773901638
0.714121788555037
0.596691518835222
0.661368386844275
0.686959283099153
0.529165129748225
0.652654190088344
0.538980176882211
0.601251339280944
0.570394550302565
0.520742593725844
0.621851198926233
0.507229470620828
0.644134040577085
0.777921620901101
0.591081007569926
0.730372349269434
0.740842480770177
0.673762003433266
0.673778151288102
0.622401037600425
0.592428565229964
0.694166361699321
0.790926428754213
0.645270107679943
0.570909215585664
0.712416368237524
0.58797885435388
0.500130661287431
0.63980819719037
0.623093862029046
0.746485103569744
0.69670724118694
0.603171379481419
0.565871567660552
0.618934528896546
0.72877680453046
0.667099737850827
0.764269573187433
0.677537646169498
0.72922245434826
0.866219380831287
0.841553841340447
0.54943122695019
0.806439654215047
0.690418822331173
0.785651386853541
0.645207923614061
0.688818906453697
0.776486892839839
0.733859077483009
0.754443614528857
0.734768435505593
0.677775006665713
0.728650556863062
0.767430276573734
0.69163281835848
0.699423101816068
0.721007130755158
0.650632928526911
0.733067376635585
0.751807299433955
0.68627259432602
0.691015323047262
0.667305389644571
0.851870823857245
0.690082974877121
0.650629783377923
0.744185269419569
0.603784540142949
0.660198727394844
0.768431176504176
0.718727493744844
0.764650821781034
0.618118797264884
0.631823452833773
0.62288127493454
0.775325931071753
0.731681868627573
0.880693111499267
0.794910307886748
0.759654201977374
0.869051080199656
0.687441988609208
0.744989874904957
0.780613594467731
0.790765206424002
0.792612448373356
0.887397777087548
0.77248539113234
0.822550123709883
0.751059902622322
0.803865367799967
1.00102132058208
0.92646574917023
0.850760739205776
0.840647955753729
0.930745473348931
0.771477787540514
0.815025130825818
0.807688553388022
0.817356227789802
0.917026741839252
0.781955756633553
0.787623097389219
0.826425073135371
1.01035624170207
0.649440504332595
0.842245619652284
0.795511481805417
0.847567692781295
0.819349619688603
0.838387224244191
0.791559630214182
0.93153031135674
0.643104835932109
0.916493762935142
0.853979634655635
0.660487542270643
0.889585068986882
0.927599234512748
0.946025453141116
0.882974906003999
0.952176093532267
0.758421224787308
0.788236976168525
0.878307780358705
0.990907383201074
0.905910490750274
0.852350670630925
0.983039447099909
0.841354096234981
0.77663803653964
0.983000054153104
0.956202636420744
0.809722994674159
0.838333886508177
0.894482280133376
0.965484326135424
0.943359793971516
0.989511128187267
1.00864129945962
1.02382679337789
0.917229386730795
0.827990727464846
0.904539698798299
0.973289009129751
1.04235724234032
0.928529147792072
0.932048258131349
0.956893749489686
0.954332309244743
1.00782054790765
1.05241827547165
0.919099087441567
0.903921813096974
0.851177203600631
0.998362902871078
0.955054268502311
0.923661379338892
0.902769297605016
1.05525861001292
0.957126004611121
0.956534879325676
0.92813368246452
0.937294257609737
0.878978494187097
0.92677281106865
1.05946439446916
1.0349431098242
0.827931401192568
1.06067114406319
0.981937545813979
0.821149923939383
0.931146774481211
0.926799638274988
1.12479310088447
0.976672138877947
1.07875584955958
1.02992629077662
0.899105760087206
0.785963804752102
1.00534166105532
1.11903775337794
1.11805219490518
1.07053231640727
0.957456734750684
1.09100379221083
1.02188561471136
1.01136699119971
