"x"
-0.917854898126224
-0.845563681399809
-1.0905230931605
-0.857684845477096
-0.899914217392154
-1.0373099709309
-1.09766436316198
-0.943714911331317
-0.947834772288997
-0.917950262967675
-0.968568606277842
-0.994714384832495
-0.964280437693563
-1.18418712105901
-1.02164128642585
-1.00292335620377
-0.985114700050784
-1.00718562051161
-1.05068263969897
-1.02719208761014
-0.975078343203053
-0.84988345782109
-0.978792643137734
-0.87056627274511
-1.00332754298374
-0.930241995945051
-1.06640380270249
-1.01854289051198
-0.983305290838559
-0.889584053136135
-0.968040514892555
-0.822236228421399
-0.872078492031027
-0.907652176939465
-0.796607603486397
-0.864549638395836
-0.748621807149905
-0.992901839055097
-0.874599478042495
-0.891076650356793
-0.885069663033397
-0.854713422618299
-0.888136379438215
-0.879515477469351
-0.840633730766546
-0.798656142677764
-0.906236421033079
-0.957388709499798
-1.00623882858235
-0.810031864779211
-0.878764677370841
-0.895929982666063
-0.702794251900071
-0.875998937726234
-0.838680194396136
-0.997888757341097
-0.888997495967208
-0.997165442545902
-0.84675153428508
-0.917788677189835
-0.772179893476391
-0.924061429201788
-0.807118819747896
-0.909445428477022
-0.951336962639094
-0.907719236669699
-0.831222393963304
-0.911412984853288
-0.88781478054337
-0.892548322500185
-0.797871524011457
-0.813244826621821
-0.958054393112936
-0.809018191077175
-0.745485177030313
-0.836747280429309
-0.806770400894416
-0.767258285535064
-0.71904749242118
-0.881264302805968
-0.823816311047247
-0.690788209190554
-0.92603015195099
-0.783300720999475
-0.816978917329167
-0.895033750272139
-0.87320481989461
-0.851508753387543
-0.82337903886573
-0.869940762485442
-0.712337511235734
-0.892729547196648
-0.890362395454019
-0.721167804007277
-0.882519480821116
-0.759708599227305
-0.74566882466733
-0.653426147838381
-0.72510430229462
-0.86899128173145
-0.837428884308848
-1.08153115348903
-0.732139716801402
-0.79096171093058
-0.532016093946615
-0.74259311525278
-0.827653636110583
-0.846706301452383
-0.730939563528036
-0.801815867103627
-0.743176764303071
-0.771886745379093
-0.786025443976512
-0.680239115358351
-0.826803161718188
-0.816595128064671
-0.720120868438119
-0.761887163439116
-0.648651823090279
-0.846733049383327
-0.610054848225068
-0.838147133825258
-0.891533647509431
-0.665561835111487
-0.879102082904857
-0.763145892963785
-0.805917664399029
-0.600607049010472
-0.867675203707895
-0.642056268476102
-0.704749307121379
-0.696421042836725
-0.676816823591976
-0.684090026196021
-0.709797748159615
-0.688467318551167
-0.750651886428248
-0.773263157963331
-0.713274824404986
-0.86945786380231
-0.776122268830464
-0.75674238347206
-0.70105037719575
-0.807223981107496
-0.693548451735221
-0.42003061336118
-0.676971402302731
-0.752409056382649
-0.779490079975241
-0.669623767999438
-0.745723716884425
-0.629993468605431
-0.762049678256192
-0.686255763226041
-0.733245564317748
-0.668608836477698
-0.737306273193576
-0.682932795568147
-0.798512025902436
-0.765071306673304
-0.768133540309975
-0.73177073210826
-0.591032494983425
-0.628440155465498
-0.565468656443351
-0.772862858521394
-0.595589059509146
-0.655120533937186
-0.646883039270901
-0.658417365112455
-0.654180188699145
-0.69938694587096
-0.660280685774221
-0.741826765603278
-0.72010997229493
-0.632286431820865
-0.679462647292599
-0.591500160340083
-0.735087534123592
-0.670326844839658
-0.788464648543145
-0.65295140848608
-0.679106142387227
-0.567592670589641
-0.704336744730227
-0.657015205547734
-0.597064306410358
-0.51589920141084
-0.667654421798706
-0.555578619270186
-0.574154223127735
-0.492716453667127
-0.603892493418805
-0.455951143490915
-0.714615605853316
-0.552352254783225
-0.627855793347066
-0.720252810223912
-0.515531740294159
-0.547749857533028
-0.553852431589951
-0.54427935677151
-0.685200319714723
-0.598069842339959
-0.603577037035723
-0.659097367766322
-0.524317479224062
-0.700282380539225
-0.685980039481853
-0.561844036501469
-0.555811574532227
-0.589345390261188
-0.447890304576896
-0.518956923081613
-0.586438401900012
-0.455932406155955
-0.617073260695764
-0.511659711486116
-0.615933310382205
-0.477582711061514
-0.648985638524094
-0.562743055049274
-0.658605759274806
-0.466422060819442
-0.498059209877166
-0.592026939601881
-0.59279049371063
-0.512285652047032
-0.589447196315658
-0.554414256304134
-0.577411592199811
-0.487496396618728
-0.388891020068523
-0.517768026336585
-0.514695304139654
-0.518489045968339
-0.419265085107043
-0.496672118388267
-0.520235339594531
-0.463814280895001
-0.491270521413067
-0.556905217820698
-0.509405806257088
-0.649412721647026
-0.545917165499652
-0.474439236560192
-0.5625639096873
-0.484400738889837
-0.564931506968876
-0.444928689330115
-0.527418788605664
-0.443282385933982
-0.40783918772849
-0.326482573302376
-0.579006893528349
-0.392441603577699
-0.512118207020247
-0.573934820423893
-0.462366819118163
-0.437812595800115
-0.491469433586381
-0.480888304800192
-0.328171749482762
-0.662446348307855
-0.571276893497168
-0.463099687277566
-0.537552439368633
-0.403920184822737
-0.501282213458502
-0.368180888497487
-0.407314372705973
-0.538903035738615
-0.551965852898322
-0.359180312075639
-0.394396436054468
-0.517935096336916
-0.454322567938408
-0.417809323717693
-0.3257174809307
-0.500632417579139
-0.420486853900904
-0.309829793720499
-0.425769324379533
-0.40902386752767
-0.438283194903167
-0.413221077639285
-0.474319345732006
-0.488750205385871
-0.497957820505282
-0.401486267536377
-0.555606163871726
-0.423569624086396
-0.297081732821727
-0.53439901205929
-0.433654012560705
-0.419261476938165
-0.531689753027249
-0.309210291620387
-0.481453032897215
-0.387718724448679
-0.42545194705388
-0.446342646777012
-0.4923667439094
-0.336645664462244
-0.430603060393552
-0.398817069015246
-0.474202828484414
-0.428509137730531
-0.39809993701334
-0.519736418063651
-0.412689004386396
-0.36475268900982
-0.487463628543144
-0.396610341785448
-0.596354254895084
-0.326614509971109
-0.24738740401375
-0.320621079961082
-0.337437211803048
-0.457165544995444
-0.33265006086997
-0.329925044022893
-0.433878412973611
-0.257686016310677
-0.446473977361633
-0.368527268526843
-0.440857504659313
-0.337961959236466
-0.236515783286392
-0.298137626182422
-0.333531470552557
-0.361676542857264
-0.354194511100961
-0.415393781900842
-0.249064354771297
-0.401370465982647
-0.320786092920467
-0.266517723906582
-0.34995637277388
-0.324323623982924
-0.304061571703888
-0.36855780118035
-0.259294812906343
-0.187628424536012
-0.270804568097811
-0.364439233350809
-0.188882346674712
-0.248771950971061
-0.415575420512058
-0.334119593630749
-0.253179384596382
-0.332910072773583
-0.362999253100465
-0.325258574997895
-0.150853395911946
-0.213557491301478
-0.158711312832507
-0.161306254745482
-0.230662991586174
-0.486673005720701
-0.339813025617268
-0.179238653743944
-0.295121898862562
-0.290002023590214
-0.300203206487197
-0.269749377953299
-0.265838559652377
-0.122320308426815
-0.182121898194158
-0.220244493517956
-0.393833875766962
-0.248833485539599
-0.133704188207723
-0.249422747181747
-0.384556662337654
-0.221568498439362
-0.442413245654785
-0.178520860960199
-0.254672381695502
-0.0993336078860146
-0.11185266345355
-0.166850656774062
-0.244521959308208
-0.222659570326393
-0.250371279752109
-0.334413570182585
-0.218016711821326
-0.15424082417782
-0.0997396841803442
-0.267545428008571
-0.165798268228038
-0.208455157861376
-0.00498261708632319
-0.320630930525503
-0.154902648592054
-0.238461404599449
-0.0771539609162167
-0.0834091844778495
-0.209706067735914
-0.0717708697607632
-0.237435549126338
-0.284713191168704
-0.252060243423065
-0.0958928324103223
-0.151901767582056
-0.117522564298884
-0.134535952935279
-0.0998316317235693
-0.340833856259378
-0.211712879104822
-0.244802828793053
-0.249957433695084
-0.0470545224335474
-0.100589950994749
-0.233601062799432
-0.0824199303293127
-0.117801504028061
-0.0906786072338944
-0.205346245251326
-0.161639705558847
-0.198283487054415
-0.313309421010994
-0.258087612995768
-0.177933554617838
-0.309094128010605
-0.125895396393861
-0.084100296579555
-0.126904167538843
-0.0377193463738923
-0.142491958276791
-0.169568138479573
-0.109485046940336
-0.157513568810645
-0.0608738637532754
-0.188188665634468
-0.118375111726928
-0.0435535258786403
-0.199650991309902
-0.158201958861528
-0.0917535446982612
-0.14298249995398
-0.118636138263332
-0.135652701257616
-0.0435962998496876
-0.0472677627539063
-0.0953868395779654
-0.213198619940069
-0.0322005668636228
-0.0666619789729271
0.0129503162092254
-0.119588839383441
-0.0404088350965963
-0.0908247941123615
-0.0854690775368325
-0.143582572465708
-0.141863698970508
-0.196472933581
0.0902969303257197
-0.0493248687735006
-0.0369009133727194
-0.121845118378288
-0.00163566981682394
0.0754955451076497
-0.00385811004679118
-0.0768206940185535
0.0150751165189873
0.0621059883416716
-0.118471074013311
-0.138396215166592
-0.0595397011643751
-0.200528293250062
-0.0282483163601346
-0.111419076352679
-0.0201803035575608
-0.00896541718707784
-0.0480050949127665
-0.0290475645702626
0.10668099111187
0.0419704623514661
-0.103167534260111
-0.0520555270246169
-0.0215801883567413
-0.125217426690415
-0.00712783829445738
-0.0920988107908471
-0.0786870520899339
-0.0241046220219971
-0.128457752969962
-0.0783128202403463
-0.183956052755967
0.0204484051343192
-0.0738017516478642
-0.0317679284503174
0.00889190932269953
0.0705975250822887
-0.0646448636088514
0.00727910390941041
0.0171182432623752
-0.0354938181349612
0.0444111282841123
-0.0886816142179212
-0.0542715599231707
0.0370994865998151
-0.0200227991742969
0.0271321213533251
0.0425754692776628
-0.038895714022578
0.0413860899673944
0.234194428024047
0.0270374584574427
0.0102289970989486
0.047782730642342
0.0296759960110992
0.0654302006988494
-0.065332540978456
0.106432971530229
-0.0168749957529446
0.0503371815357373
-0.061867476200392
-0.0667885079849998
-0.0199273358393737
0.0935890335309488
0.286277351557388
0.0153307552025355
0.0837051343008461
0.0281764812063879
0.052705749541995
0.167020095962194
0.116564565467398
0.0471143321244104
-0.013434160371433
0.175400988901811
-0.00297176461523261
0.197847022700463
0.0819346617039975
0.220379881076087
0.227588681283313
0.0538443062279109
0.0463735894979243
0.0831672199154918
0.0911460432289878
0.0208523479575231
0.134282054231327
0.148692310523023
0.142368081921266
0.0326323191585546
0.118502241451305
0.0186639573332546
-0.065494296716925
0.103009596665486
0.156061431030575
0.0794330152020029
0.0999979671701845
0.210548240796099
0.139649119424736
0.0869811672888543
0.115559730399907
0.0874597661363141
-0.0322233187364015
0.147754392714283
0.11910574187524
0.180406091638392
0.0353178154561618
0.152366762463873
0.332882697376628
0.0808177886399057
0.128488485854095
-0.00104431543193249
0.107832183480081
0.153490464515518
0.115709661001377
0.146145219865251
0.264015893424975
0.081313391363252
0.149618193252397
0.188795871335576
0.236497273138445
0.136332789195867
0.120915430279263
0.29551713477629
0.0664713813085107
0.238662581832086
0.202475142613906
0.101469107577135
0.181566628060979
0.278726391271406
0.237632481503028
0.222600630476673
0.116560116243653
0.165137196798888
0.0752031100309674
0.129223098776525
0.115522941166397
0.222963489519633
0.235105448582269
0.225823049714327
0.15440350211202
0.256581313256301
0.236403289647072
0.235039487148289
0.266468850003763
0.230639943538729
0.177523802482184
0.174859611581061
0.224919707021811
0.210208112243281
0.204159514965953
0.273084943079697
0.171261235196922
0.130689778669267
0.222820846353858
0.171456751591759
0.223506523128614
0.228716572913698
0.268370911666272
0.140041259991155
0.199190534479965
0.133514244367303
0.154399465170121
0.261945541627364
0.189527326109207
0.246914768802112
0.273022039982904
0.379517340143757
0.462767251033815
0.243529315847689
0.208178100380416
0.227185623587316
0.233382202955865
0.23036093079459
0.213985103129354
0.162921583722557
0.304910379317024
0.134269031627249
0.35394044398165
0.424706877665878
0.190604443819046
0.253889087049487
0.161341171691999
0.394716302132297
0.249104501201432
0.191785147476505
0.299254626293993
0.30052752457558
0.153259739521935
0.282466669284828
0.325578343356113
0.39522647104092
0.161011495720895
0.324845173219403
0.423451389073851
0.275760164650704
0.240985667961182
0.368356349490532
0.15354145873394
0.425816529990211
0.373437322054976
0.338296518534183
0.486015890201955
0.397665381627654
0.278514144774358
0.281195386244856
0.348361721354895
0.208118275966711
0.373136317881205
0.204610904155662
0.260318202999497
0.358319496590953
0.307753454887157
0.26681680939613
0.408301569091452
0.560831122391517
0.486677101110043
0.286906432225489
0.23320864271931
0.433996855236786
0.394296073808768
0.368699907309337
0.327062832818001
0.397521641782108
0.371835686088181
0.402630793593026
0.347413034790805
0.242649409968355
0.370710807857101
0.393550358138962
0.338160961232201
0.339961197056147
0.436834872557074
0.384105810790392
0.434786721568443
0.324586825747673
0.462407994330517
0.271065384403393
0.356975406183802
0.263370511723643
0.20659353127513
0.462513573131442
0.439067155836777
0.407959662457072
0.31694889000106
0.423516071342316
0.435372765240676
0.505327002284396
0.410432448638821
0.342775964376033
0.426565869352317
0.411123908452387
0.490444118170447
0.442949759626088
0.345419748052382
0.612826998034942
0.428521267874979
0.55809816644873
0.504513566253512
0.505035949982895
0.505273596254138
0.431233211493636
0.452304176637099
0.535665164619585
0.489099237632435
0.388884006287683
0.515315034937936
0.469827126549176
0.488887573158755
0.433787077223753
0.410670285101473
0.298811342917987
0.317221249273051
0.427547403400805
0.405798097143308
0.440446287451033
0.4113129032631
0.509256303109411
0.429675414174576
0.467102106470982
0.460245064635365
0.470575970178847
0.520245082395613
0.528595622092449
0.377324293826736
0.586344908961671
0.523710679427239
0.386521179172315
0.406287740557969
0.388067575364825
0.525222670999005
0.342581579086573
0.570348590414592
0.547205445153505
0.422003008315375
0.502284391068655
0.614651491785416
0.524182471013661
0.579428581972463
0.579869277968998
0.418433577440223
0.413238903931822
0.532731590773003
0.544142246382301
0.42495649690121
0.386009603937251
0.631418823169996
0.543695569459526
0.539751998890631
0.576721727229156
0.566250852169576
0.541979403671151
0.495896162635925
0.58722081353672
0.473221331815276
0.587256381454354
0.558526262895578
0.437417782469493
0.666524932808395
0.596235951303185
0.631433173865385
0.471195409242543
0.486498929756395
0.479097176342799
0.667770562333649
0.50986977381072
0.597242486499853
0.611739930358824
0.521911640307692
0.644172012252021
0.626075342607885
0.607140031073439
0.684102860649909
0.615704862081684
0.698970230451374
0.5342231210005
0.557994038771199
0.336973311198523
0.539863193317542
0.505696463220929
0.531883737851338
0.641187708375075
0.563572336847987
0.688648500673393
0.513117720299862
0.492088433863563
0.612826637661059
0.742474085040772
0.691898022229815
0.628502916940835
0.449375289840609
0.589407160247152
0.631757231767582
0.594864410608888
0.715870078981707
0.64293223250627
0.476072263702524
0.615973922867268
0.649584112701876
0.579263419323602
0.716330483859241
0.750209089919188
0.455800527975616
0.757218803826893
0.539215052236023
0.754069523649966
0.4517323897379
0.596893949144155
0.7090164309203
0.641917381960863
0.493513672049228
0.636296028767778
0.566881863093293
0.711593391021922
0.696703897373017
0.685752654644333
0.552822066414508
0.797657587899534
0.75000912020794
0.506827977653333
0.649344563303828
0.790254467107957
0.779576291666875
0.627803831552017
0.821347681847741
0.558285726685185
0.669647476198878
0.742458390549664
0.612517624471242
0.654802786461859
0.759023144924956
0.683912728054916
0.740403164019663
0.669401662505395
0.653787462712886
0.74575419831983
0.598139683949402
0.74573833584254
0.641307469210983
0.77879429046242
0.686696755366965
0.782887033294025
0.54600897129861
0.848835798801516
0.721509846651383
0.758660810342826
0.711444559651842
0.741075185298816
0.636482322072126
0.695957606892371
0.809654260996748
0.79959711558462
0.741708835507109
0.666553013683909
0.555627867903028
0.568292120690896
0.79655641271441
0.792434356045822
0.692099762445348
0.791001391874278
0.72167544109305
0.699359418786402
0.8456669366151
0.874652099666931
0.703974440393402
0.762790401304571
0.765184215837063
0.69324545191159
0.786254533477797
0.808338729851994
0.859687898463845
0.858386419009327
0.795349658883123
0.75165226090507
0.614369448763002
0.824028373936184
0.53118171788156
0.888128921198403
0.84730969870224
0.873029871567157
0.773928757456353
0.711997089974388
0.787565041237636
0.789668207966036
0.750967557233859
0.761522505378051
0.864561731917969
0.779928536566642
0.747250164005414
0.634208424468239
0.966642259189909
0.722247862050293
0.804662528264988
0.727953371085707
0.80288396689113
0.829540985403703
0.974721950748193
0.869664405002551
0.724949942846533
0.8782168616467
0.730335283463843
0.741527423905729
0.817775187418644
0.807860022006327
0.79244414157225
0.876416422467205
0.787926218010579
0.939265353032523
0.772147581757486
0.948765522126535
0.921861060019462
0.708273454739247
1.01995384117844
0.808730780187734
0.871564370629741
0.776379808857762
0.863733243740444
0.935978796303393
0.833806339942297
0.827316720227415
0.906772365132162
0.844320759903382
0.91393303278861
0.938490036279173
0.901025029586273
0.908622945329686
0.854114093628535
0.860036168250839
0.844938222953827
0.921385863044785
0.831762201647063
0.723076742329777
0.9011011506694
0.90764395507145
0.983607766026703
0.725688227075233
0.87138984911841
0.916928877995476
0.836648086649584
0.727213871553083
0.7773667985978
0.803648874480356
0.853904952253188
0.80210402250654
0.87135605252579
0.895945925330611
0.973962423466366
0.98109462933306
0.995517932545409
0.768012944347585
1.01202527571874
1.04285210441871
0.979076312747901
0.926624179372169
1.06656192515835
0.962347554937844
0.877212827902395
0.992204700483079
0.923656732544338
1.1003200532174
1.05538310958088
1.0280999812772
0.796245508852852
0.917481909779579
1.01309487751346
1.05324294347068
0.98094256379057
0.976286807508098
0.903157247905233
0.951253047718308
1.05719479853546
1.04541584489206
0.99680272960117
1.00123427949863
1.02834970683386
1.11326334881829
1.05954768139493
1.03667103374012
0.945425135112506
1.01026129684978
1.03826776969689
1.01717923583442
0.891258555161886
1.00610000473915
