"x"
-1.19580807483658
-1.08393830480024
-1.10575565274101
-0.891678605907084
-0.920245257416096
-0.92625358369079
-1.00564474526795
-0.915671087216148
-1.14308746717805
-1.00370729233445
-1.00698764879933
-0.99855493527387
-0.918488015059959
-0.856601536852807
-0.923987206082282
-0.981241344268515
-1.01855063526884
-0.989021392254483
-0.953819388222448
-0.90584293036641
-0.904050570169257
-0.95926141027951
-0.847235760678188
-0.905859655032348
-0.975202514945657
-0.807310943655252
-0.945027269736053
-0.879196876489585
-0.938963442928509
-0.956639743510528
-0.977299149404394
-1.04144826850946
-0.921145339205414
-0.917495801178326
-1.02564423501496
-0.961683211657499
-0.926085519079827
-0.916007441689998
-0.827545146672884
-0.832197069687872
-0.889363121257828
-0.793144959391681
-0.798956597334683
-0.791051841275966
-1.01088328471329
-0.912112870242535
-0.882186670687392
-0.958762966787148
-0.889744982700813
-0.870181200887882
-0.798841410937961
-0.978891095655194
-0.878594051790308
-0.875242764411146
-0.917904192413855
-1.03245479217542
-0.922043303633294
-0.923667223440391
-0.952750586363584
-0.929830631047736
-0.730720566342556
-0.951439450730368
-0.915482712087941
-0.763917844501772
-0.808027203250601
-0.703146995284958
-0.888027412641407
-0.82367995692375
-0.832813648315042
-0.832216249150453
-0.865134500476306
-0.835224886239252
-1.07345734754866
-0.96556219277846
-0.950630989596761
-0.921156488290387
-0.864008801257876
-0.718364201175772
-0.760153351426913
-0.842571308827581
-0.846002388645511
-0.843722121115656
-0.877023464782297
-0.81657317727705
-0.812445457697657
-0.742760450129034
-0.820015954908753
-0.898703684868483
-0.868720479672907
-0.805544261967889
-0.728237227995287
-0.732965304493736
-0.769487391992144
-0.630058904958752
-0.809877994482393
-0.90958078949548
-0.853481918535606
-0.723503661639616
-0.785620093227061
-0.723347596909924
-0.864406936737102
-0.783058755512775
-0.814296875426483
-0.865277415424916
-0.827594140633179
-0.876743677048544
-0.776411957395727
-0.804708459216394
-0.810018869501331
-0.784005441736004
-0.800985530254454
-0.794752683087425
-0.790293278101509
-0.624108345327276
-0.781666984110965
-0.870865850923536
-0.648794068980317
-0.721000215388212
-0.62304646095645
-0.651763225736334
-0.668661354827609
-0.78622871929482
-0.707288193636624
-0.801450248965736
-0.719846205850769
-0.686573543275994
-0.729522828215941
-0.561972346886576
-0.675311047493326
-0.783465927030149
-0.676193089844164
-0.884550006744558
-0.615304738119347
-0.639837173984135
-0.744210696420343
-0.783728981018855
-0.74744543034685
-0.713581305490544
-0.654622435883472
-0.751762103179652
-0.678210946068522
-0.775183147900327
-0.802520424902752
-0.856253263724358
-0.621317734517422
-0.775063858060417
-0.634310517396607
-0.75471836479006
-0.732372418543387
-0.737945994047426
-0.557814612059216
-0.658486499585611
-0.766786563995535
-0.583598974644077
-0.772604845511491
-0.745618458611587
-0.585658027283089
-0.719145489748538
-0.762959354910228
-0.753182323780584
-0.689963694919431
-0.779444986543449
-0.607703023770843
-0.584779234518106
-0.683926659077796
-0.577352591715865
-0.56007292187518
-0.722950994698026
-0.540374219082916
-0.778349930419612
-0.721631081071639
-0.651909605278593
-0.730074959130964
-0.564533440586952
-0.710805594461276
-0.665399083124781
-0.687225937110692
-0.593841453125035
-0.684659546965106
-0.649238400968593
-0.695160376594011
-0.61388056179242
-0.599560789222384
-0.575441764167586
-0.652844782083235
-0.644368984513284
-0.596888304927092
-0.65289092321891
-0.667003459701732
-0.852097435908603
-0.536230024028098
-0.683472503386919
-0.644536419639335
-0.666877675150981
-0.627652305340781
-0.672773268953519
-0.537997201973548
-0.740584219221203
-0.542709930213641
-0.579570903423474
-0.593593178306163
-0.698213257778434
-0.651981610585029
-0.631941240602526
-0.613216542491614
-0.661941870560516
-0.420963937816892
-0.506245478739018
-0.751185540481647
-0.66111825420289
-0.534388863626335
-0.477793658901427
-0.519346902608451
-0.517220771899963
-0.692930362886881
-0.420764501251581
-0.418740763681791
-0.707272781203723
-0.633942661631249
-0.532239033815585
-0.53354955798992
-0.51760628923576
-0.631421459937372
-0.415719951197535
-0.485472024223195
-0.645774247346741
-0.67122295557347
-0.454161085451265
-0.398658632772082
-0.443390901401092
-0.626858105593276
-0.575874026572901
-0.374301599388742
-0.576065787943321
-0.510225169574131
-0.559187592570198
-0.58426273442632
-0.425207819463935
-0.594721714297449
-0.532841588577454
-0.581206099021835
-0.396562799383777
-0.58594609026637
-0.471467132800666
-0.385190876930146
-0.52341503076878
-0.593056350081436
-0.561064676442185
-0.447763596048623
-0.476136265161837
-0.557204726479976
-0.517250728063888
-0.514967982636897
-0.520029993660448
-0.652283727269472
-0.468936085434268
-0.41459162457594
-0.360432929737036
-0.490329528830404
-0.53311297149633
-0.463979324393014
-0.435788796994957
-0.553027398544114
-0.388222276265216
-0.488776911524662
-0.41431824416819
-0.482046148529332
-0.475304631915154
-0.350515345270383
-0.343830889627439
-0.477679700256183
-0.543053506995128
-0.484263176382008
-0.296256847175996
-0.454669234768825
-0.424460471170013
-0.37098213039201
-0.508027062604718
-0.561997999219226
-0.456406054008644
-0.320459490433113
-0.38689222398566
-0.507861842461324
-0.430787926955792
-0.386443241843535
-0.366560909827056
-0.473718321591766
-0.492902354330786
-0.3067139239549
-0.355372467071825
-0.403561526090556
-0.587302480423283
-0.386228570126495
-0.409780779141419
-0.407085011636299
-0.315705301306328
-0.550657988794062
-0.386191273506028
-0.486887716252721
-0.468724107865453
-0.346918649005421
-0.404218356438803
-0.361943801585156
-0.379624465295388
-0.229041502487409
-0.241040231187204
-0.378165344102423
-0.431239323819917
-0.301845232870136
-0.475832062340321
-0.325113555760046
-0.570428176586107
-0.464643858854095
-0.255547096115709
-0.405292453199276
-0.287509080222291
-0.390903008360075
-0.534577930522598
-0.259038329086633
-0.294596542341829
-0.303498589452406
-0.34881734356691
-0.240490611481989
-0.205991229540428
-0.343005710456328
-0.33294272791164
-0.336901906803661
-0.293866148884102
-0.483199415859203
-0.335899195059306
-0.341174314349608
-0.316874910130603
-0.141638052786882
-0.419023700043894
-0.463199787269854
-0.43670617260616
-0.344705340173226
-0.379861933702499
-0.312094277815582
-0.405336589267645
-0.296784131269354
-0.384183126097134
-0.310945977831547
-0.248719646079235
-0.334091374407846
-0.294750464915268
-0.426737441054702
-0.28376576538565
-0.2586935359047
-0.272283055020579
-0.474285094176925
-0.360459831291069
-0.253818739747506
-0.230118111816837
-0.309193292205902
-0.339791069349968
-0.27476347856018
-0.346175875884163
-0.18870910190409
-0.324344717761957
-0.244675788417088
-0.392861452617132
-0.35125490854882
-0.345519105112142
-0.264709572208515
-0.401158330082386
-0.280913333374649
-0.237313210784064
-0.126185593327932
-0.137941310051913
-0.15721958118129
-0.301132425391906
-0.318801956845988
-0.221096134571921
-0.321268192081913
-0.17206423860465
-0.272543006864151
-0.0535638379325692
-0.258002192316397
-0.440049004224906
-0.32834549920818
-0.22374608135696
-0.174263126298806
-0.389719806744265
-0.378811422085169
-0.2636586387478
-0.171413293168625
-0.14005022564745
-0.249193532454974
-0.174344606203931
-0.290673831717756
-0.122629232981493
-0.129503112925868
-0.375988716481094
-0.169524209272942
-0.280895997233539
-0.187996726555787
-0.183893932920895
-0.187731552616966
-0.204216889131654
-0.104312644525292
-0.179378036448716
-0.324006586393404
-0.227302983373341
-0.0720194700511829
-0.34533817358502
-0.173147742185552
-0.196799468728295
-0.0170102082978071
-0.187061710544011
-0.145438615224896
-0.0886409252971468
-0.222705535064687
-0.205984018107915
-0.15037423545045
-0.367286054741076
-0.102925988284273
-0.327963535857608
-0.149545855863944
-0.0885311554660621
-0.252409672691883
-0.136942113667687
-0.215877499354982
-0.265874445658307
-0.26940666989931
-0.120219741937588
-0.137437065178244
-0.0219914457866368
-0.16371660476132
-0.060252788761417
-0.224361493589073
-0.265502960219713
-0.238523688886756
-0.173381640908184
-0.242488090736193
-0.0517820424882418
-0.185809384075582
-0.00635874865305952
-0.0877640051642379
0.0688844905910178
-0.0214163050201977
-0.0963369878774154
0.00450330286565791
-0.172643167007064
-0.207315798188648
-0.110448555247882
-0.103682304762893
-0.0274227304885846
-0.177910277010685
-0.0757209858610771
-0.13204688601929
-0.0280413826057365
-0.186944794739905
-0.166951483242945
-0.160697007284247
-0.0652769378962657
-0.0878917910127091
-0.0246730226808472
-0.210190908716008
-0.197323442778917
-0.122980261364276
-0.03082871036494
-0.169234532132162
-0.171902805885312
-0.153088482802395
0.0316107265862824
-0.0839418517131183
-0.0302292341080426
-0.164670458248707
-0.166225950053024
-0.160782084881635
-0.138290965860653
-0.235990916408669
-0.122513303374371
-0.0506023821466816
-0.109567421181375
0.106673929696707
0.0146640195043776
-0.135849874638475
-0.093665195868885
-0.137854042905226
-0.0134458940953859
-0.101186730956916
-0.177829194780917
0.0898646813178071
0.0996428250575484
0.0669334345743093
0.0469341179040366
-0.168408707358331
-0.0558277356569419
-0.0543575109982203
-0.0379966335689893
-0.0210848589747346
0.0493897909164179
0.0273005924158783
-0.150029881976147
-0.17910855247006
0.11447787372448
-0.0905566258586331
-0.0163455801054097
0.0544060749512167
-0.0865349885585663
0.0744224664010401
0.0734648796825914
0.0188651597530588
0.0294138664240494
-0.0935292379725823
-0.169777254355729
0.0988572147644817
-0.116586488677907
-0.0294701037381238
-0.00961288748265348
0.0583288943291369
-0.112300546448429
0.0345186003206458
0.179340983236376
-0.0338336858203004
0.0544204630278362
0.128953753147245
0.0786953215146772
-0.0156262471825888
0.104004603520434
0.0115787976591718
0.048486818940229
-0.0110718776880035
0.214362219973569
0.147479422596375
0.117332679654492
0.0414438691461029
0.082846613082764
0.121135821430282
0.0434863724571065
0.0396910722497921
0.118663715113435
0.0454298512269131
0.11512281673112
0.0299516446543875
0.0147911719294879
0.111533380147079
-0.00978701575742964
-0.0285286389676645
0.13510965165401
0.0696032991711256
0.013038621860902
-0.0416828922207121
-0.00859693109936912
0.208235547689586
-0.0237674817222143
0.136783073811457
0.00937264511430558
0.0351587304422632
0.0789151742896755
0.0268078751710176
0.18380825911211
0.0920457382275768
0.240225963317711
0.0280996850918162
0.195407280163197
0.00928486137602002
0.136666188260857
0.038902889038853
-0.0912710465265494
0.12909181197865
0.102756465771725
0.208710238239166
0.240285494905612
0.250024771321215
0.0191671864766704
0.140096841694343
0.228809904818693
0.143857058700787
0.0973398300808643
0.121255883814693
0.107568043747312
0.184103240384821
0.152627669453445
0.0196152748982283
0.139388728563809
0.181751850253424
0.0867076324609265
0.353503756505126
0.0228033977578551
0.214041902119428
0.197022603442522
0.165111226265116
0.0942494400926172
0.225266809654774
0.11879364846456
0.157489664929417
0.311655700508952
0.305745796306089
0.270968551969287
0.114331582417178
0.0815214670403728
0.114327950991592
0.187058348828054
0.101100222267899
0.196815956017765
0.140999303830889
0.29635250539797
0.0973641548214108
0.0842648363673885
0.208426517019376
0.170656987665654
0.369287655396194
0.316309330708628
0.196933848133734
0.34627945882344
0.233274665872946
0.209384072284889
0.246475405761496
0.219778954768971
0.213520698005197
0.149125594494856
0.273959534419575
0.325154335232537
0.257711827215595
0.224320796655989
0.352874641838887
0.261818618090714
0.352165032107589
0.200107505671849
0.139514154230189
0.241801083710551
0.269432938833224
0.306337369202959
0.161776389149328
0.331181987261782
0.232821582965155
0.299883728965718
0.280469337286688
0.126491411814118
0.0737723460471734
0.190884940355282
0.394940121321274
0.271436440534677
0.255795186634639
0.312653241684511
0.34096824287679
0.20706441931864
0.076154155112501
0.380113375377457
0.318101741409906
0.229155399721758
0.363586348421456
0.0531353673537275
0.326913679001015
0.19241955055745
0.237003957982327
0.268262920979374
0.271551244419679
0.261702284557686
0.377461243262702
0.325515600947796
0.419131114597224
0.388162816527431
0.442793840947594
0.216454238013519
0.398809618286406
0.273063036441423
0.332940039756811
0.200126542072651
0.358577563463624
0.213271343236219
0.513468429304443
0.465325393804718
0.279168926497835
0.324296973746992
0.370207569756769
0.380226687042904
0.259580046759773
0.271313852151174
0.325792783304472
0.337015753224018
0.415400836322295
0.370352901220159
0.274711563987432
0.46422825329765
0.434523100477018
0.415078219491365
0.473289391295852
0.487826063925923
0.348691129105689
0.421896112252201
0.514586494893328
0.171935896331517
0.363763593188056
0.398293926216555
0.241380628059497
0.294488421937631
0.249126172929047
0.526099399861067
0.372936676835951
0.30352988210444
0.480009791057144
0.407993718927635
0.404878210130535
0.373368835813861
0.446204220939105
0.340240478899001
0.506068742137831
0.408510534803477
0.45065472505881
0.395049381519488
0.442347286634472
0.374551160341444
0.403324967254919
0.442252045710657
0.376955580529366
0.426486798854594
0.424605192523092
0.275807487921532
0.396331308676973
0.400129704478303
0.485943573236372
0.363162278562662
0.459557339660826
0.369494405484844
0.428404022722262
0.412128844428235
0.277059551313178
0.411146616072735
0.552290152103297
0.461519136659927
0.568913501933901
0.624932728851685
0.431985718812534
0.460754564176419
0.330551201580236
0.536710277908747
0.478500897590671
0.354049336659612
0.571944463244737
0.508958777869335
0.480134864797162
0.574131138050331
0.451375445400162
0.548191362351387
0.527721152027157
0.584840256059284
0.474030072130888
0.558775029665479
0.414472393966222
0.544019263927774
0.418865029337623
0.364532324593196
0.444659471619701
0.755714887918284
0.513068342565295
0.513767182836539
0.441925538003119
0.512161100184941
0.571306388946163
0.556421999026227
0.397609321127529
0.572489784964516
0.677459073516193
0.453145397270567
0.44978031202797
0.457465812972286
0.366314093408964
0.522943139275274
0.55896693967255
0.475225405888521
0.517256334288161
0.513111846066894
0.443578407864379
0.436243027138956
0.518248319014093
0.549006684207065
0.619241553545882
0.647879144517072
0.627989680412492
0.372815521174778
0.524244602259221
0.588691283013642
0.590706522514325
0.590100874438628
0.44886880273574
0.544775399246172
0.632929145281629
0.604615591744582
0.551037880068497
0.644463954907313
0.597523538295845
0.527429653024924
0.611841896266608
0.566518712150506
0.668757792393036
0.570247108061832
0.593646736329266
0.369536043208248
0.458221661807477
0.597666636441962
0.547794436850534
0.625898364715338
0.551035849498397
0.574480789941204
0.536826747060815
0.56083362128603
0.624353323016524
0.582220996991377
0.458412520385968
0.842468441455339
0.648542067828969
0.58062056819852
0.589622959462841
0.719989668193082
0.507786321781888
0.691676775437059
0.616461938885534
0.610917638043474
0.578750727127117
0.618953664117621
0.5963956329552
0.636256459417513
0.744174496758386
0.571834018257767
0.746451923941788
0.564965767921107
0.588725071340276
0.673176899004199
0.605201367691716
0.594519163154918
0.752785651645315
0.74326018115189
0.611770407447487
0.666483079645802
0.66185908521018
0.736488173740931
0.706036816962246
0.658221495404501
0.764923818859428
0.761692759425711
0.717399744105049
0.588792009213144
0.593664925395707
0.705921228455707
0.733872900260069
0.749461806380646
0.6502546433979
0.528427215797103
0.61869879788226
0.766411375165916
0.627361722484245
0.738041246942702
0.709958902731759
0.807014966640126
0.644279469261697
0.617782487623627
0.579948329273686
0.766754099572464
0.741848191538863
0.607120431729867
0.670269308057647
0.691582079272715
0.694638140851042
0.708762598848589
0.660473936097271
0.715105700371252
0.598454563110088
0.863197890194471
0.609879926582869
0.552735700300583
0.747497226833509
0.754175200779788
0.768301098729796
0.690346106304535
0.854542079662471
0.722787952419971
0.74666049735061
0.703256940167742
0.726684732845686
0.709917336771575
0.834534083915346
0.882646394676624
0.886558834862773
0.749545245374894
0.66655765046544
0.555381624866236
0.701177357663441
0.731937299933369
0.8302313242175
0.768149836688397
0.705874529109171
0.897847112781001
0.694642387351831
0.866568690641349
0.750890251803755
0.669108993986939
0.832369745323841
0.716883164317772
0.942322250273142
0.735939629107346
0.677172194647715
0.837071419831679
0.839129145515811
0.72411297047374
0.762661376696533
0.729284049090063
0.865202115245979
0.748933673555459
0.810636471418399
0.676246136332573
0.63855168288565
0.867937154250342
0.830978377214182
0.816267355826339
0.835501230235798
0.830628638439962
0.914518253935347
0.830084138578139
0.800568156908033
0.904475244867783
0.976767679369956
0.764666788745828
0.908027716655352
0.670939846761777
0.738123112729564
0.83175219056095
1.04377288411319
0.754762477121399
0.87419554839253
0.830556858537587
0.666641357303845
0.839643869273604
0.930951287317833
0.786478101115464
0.778088268589143
0.887863203123144
0.885799054901312
1.02738582252627
0.851004956580066
0.900155567082033
0.9009389171931
1.03237289146078
0.805895704602604
0.859852617209699
0.945748908707114
0.758783873852692
0.957035453078543
0.945875714763587
0.689065776051741
0.885947686683477
1.0349690150284
0.90280437334335
0.743491405569474
0.944073452910015
0.788652940626091
0.903264053171947
0.877916928461847
0.776102542363041
0.87968727978729
1.07194436271647
0.827767434927801
0.818563882114598
0.9938379284973
0.933674926559187
0.879892463955656
0.971340301208156
0.900099161713524
0.873465376882554
0.906543349595578
1.04431413826362
1.04474109456332
0.829590258162026
0.90725714688915
1.09013568445729
1.06828164321492
1.01008887456322
0.97312761352105
0.924657391631445
0.825218153138508
1.01015634568035
0.97557481593458
0.903000485264108
0.83311860892976
1.0290338966443
1.00108599923958
0.78803510795842
0.764299807093734
0.822938653189467
0.952884614856333
0.857961855428405
0.96123128768344
0.833704727366941
0.971226766409165
1.01833137403116
1.08823958428296
0.998604857442848
1.00164576050259
0.999612627662128
0.979420919159501
1.01225710605252
1.02854183793185
0.96927801913773
1.05053320598267
1.28712831531206
1.15263284081194
1.01454056793973
