"x"
-0.948866508594037
-1.02999537365533
-1.1414528105188
-1.09310823910671
-1.0617146623037
-1.01187202791507
-0.92649244097063
-0.899196873079553
-1.04597087692385
-0.973238858765143
-0.952661918792147
-1.10261383222341
-0.936280837970897
-0.869106528466229
-0.796220473931947
-1.02953321453578
-1.07309688126686
-0.906885448916045
-1.01654289126761
-0.792633871726244
-0.8335822651841
-0.885502091513457
-0.953092154502851
-0.986000908929817
-0.844304805017649
-1.09507222884279
-0.960889054762736
-1.12177366036888
-0.946314284568234
-1.03152002615648
-0.906929681714958
-0.875363425462177
-0.953432015004618
-1.00419130875461
-0.86326108475361
-1.00340351060984
-0.880453371909389
-1.0836929299536
-0.870370595259801
-0.929718598824824
-0.958103532423728
-1.0355881384363
-0.934219397934317
-0.955498658487533
-0.883452095608856
-0.930921511661237
-0.900001250793666
-0.671033051413545
-0.866997459310163
-0.953229983744324
-1.01888098971074
-0.910136330153911
-0.806490256293425
-0.826093194953999
-0.925574602945606
-0.913218131621456
-0.823827767738361
-0.878960154680898
-0.861619786639927
-0.803700836355
-0.852380224040324
-1.02410219893207
-0.903232823323864
-0.846320208070967
-0.885990337276316
-0.875164666434959
-0.808656708614529
-0.891298574336831
-0.826381302027645
-0.959730863916038
-0.722183464554475
-0.725864804645641
-1.01867399076242
-0.914364607204054
-0.784631018932455
-0.851046837862143
-0.961194086361751
-0.747397920430288
-0.88427529563498
-0.798811107261402
-0.821583192895496
-0.779680209358304
-0.963722861613483
-0.741505520377635
-1.0362189481445
-0.816588735638835
-1.00988995199424
-0.835723634309998
-0.744306109167868
-0.745252047253773
-0.776417067690243
-0.81898860603658
-0.825496934078876
-0.827484019849265
-0.787196401502477
-0.800750070741642
-0.771246535371063
-0.691669083640429
-0.895801269566875
-0.734646757583868
-0.767712958387455
-0.827761258685839
-0.597733358202666
-0.675244982455535
-0.763324753410338
-0.786934765031933
-0.743172875059792
-0.681429208297635
-0.841353808163248
-0.742069597382651
-0.601379947107125
-0.827255579572198
-0.835370160779342
-0.787184920940582
-0.840283465423369
-0.836994589987159
-0.749858044540884
-0.766530648691161
-0.600921577643029
-0.768953490701736
-0.65049628405637
-0.895205914370554
-0.818809550368138
-0.852522797364491
-0.840683989001421
-0.681799541078324
-0.865073944636467
-0.767434034056864
-0.810924973438053
-0.701268998031949
-0.704077691139556
-0.715387383956388
-0.66887130664524
-0.834969641604543
-0.737234028844137
-0.756839601421885
-0.668654144381942
-0.801035519577447
-0.645009260927257
-0.652650830120723
-0.645167447052344
-0.573955152873353
-0.877366268926648
-0.554767419120611
-0.668306258628015
-0.761797860856943
-0.747937748953859
-0.707631620658574
-0.665196836754143
-0.654539591504409
-0.577440558241975
-0.584521407940143
-0.647548696438483
-0.762651035702602
-0.743210715050055
-0.631871615853427
-0.693564221615416
-0.600633374151922
-0.676949930294381
-0.666026076489501
-0.759424579169636
-0.633032711985541
-0.677373343654245
-0.560087841568458
-0.57371212083776
-0.736596476766632
-0.731839015806791
-0.607788598441779
-0.728212373863949
-0.72623468520498
-0.604346635890592
-0.626786323489408
-0.528680252055414
-0.688537964800955
-0.708827855931309
-0.629365122247674
-0.723465366111591
-0.617887407992628
-0.812825437139882
-0.646026895051643
-0.74500206902528
-0.604165508531029
-0.639470406892323
-0.692952120931885
-0.683689193504003
-0.611053632103693
-0.627378879902623
-0.595994311979331
-0.624210517846067
-0.746474850728075
-0.626864119003918
-0.756396282697354
-0.499945883061528
-0.609371214375259
-0.669719522746891
-0.599414601144001
-0.669017104140345
-0.574772536311842
-0.641494960886695
-0.704092039169257
-0.720468610705881
-0.517338198135279
-0.553336379337058
-0.52786505350791
-0.677086055939687
-0.639849071872053
-0.38028065233303
-0.597010026506627
-0.473183631642094
-0.320932555207211
-0.519278961657567
-0.518078849350748
-0.64254830854515
-0.515206811056155
-0.628092078394193
-0.528631005296523
-0.359888618195608
-0.52005136086154
-0.7148137061464
-0.725536358684696
-0.609582808501515
-0.582675261740152
-0.397780840099243
-0.793670802606517
-0.701974648469977
-0.607422904002338
-0.453060869157499
-0.505244672260914
-0.376052411485625
-0.557737106041931
-0.644288474121536
-0.662497180842492
-0.611789517761513
-0.588864470974735
-0.545353181320364
-0.449302565457098
-0.717102184189359
-0.477630955197663
-0.53330142263309
-0.477086884393031
-0.530856037647239
-0.589229112968607
-0.503312066917815
-0.595316913286519
-0.587094517508493
-0.357846719892577
-0.526474102741377
-0.429759650502145
-0.432065909862497
-0.648126758366558
-0.387158758446339
-0.483278083425768
-0.434592722233166
-0.388932643557077
-0.63684026338464
-0.470474434963833
-0.506844960128785
-0.48832261445796
-0.47101201031859
-0.390254350664585
-0.596047584700376
-0.524092921878568
-0.239793631546426
-0.519840868085988
-0.622968074182982
-0.565190434514733
-0.425090495214997
-0.530594131695689
-0.560465443615945
-0.459739364210946
-0.466014770940988
-0.346280109872016
-0.421467828401856
-0.40691612338733
-0.437161368027782
-0.656250479155987
-0.470593629251587
-0.488711040419049
-0.436700057751287
-0.466016227182189
-0.422573543762332
-0.458055449660434
-0.512859154841026
-0.412043152054133
-0.469838421853844
-0.486531173583114
-0.365957853183295
-0.432270453848435
-0.349405612980515
-0.642899706109639
-0.462267613762443
-0.388025420105612
-0.581127844430169
-0.453629772240359
-0.372921352463002
-0.453765104067511
-0.437911701558542
-0.45637945682183
-0.328456418992144
-0.543669416797997
-0.461979504165864
-0.434564864977088
-0.35363653261118
-0.423208246301777
-0.239494900939193
-0.371951138625864
-0.529046762655259
-0.188893138697046
-0.345650674504617
-0.323956507733852
-0.347457818148016
-0.321924012983973
-0.396517184964976
-0.230427936575445
-0.421081576245232
-0.346338414851593
-0.326457430126822
-0.162305509224136
-0.439806400165454
-0.41288199737294
-0.285727095302975
-0.348001943847866
-0.337622173595399
-0.424834658424911
-0.440162284302477
-0.410177817088482
-0.196231544222794
-0.282400979533328
-0.358212031122711
-0.477465229033863
-0.177566239842709
-0.213046679425907
-0.30571193937838
-0.297575325566718
-0.28759899457494
-0.345330295611524
-0.277921682642254
-0.259015877380347
-0.31789122841497
-0.232631022250402
-0.278386959145371
-0.242781610472298
-0.350631463055531
-0.211100867211386
-0.337236831458056
-0.3538355075696
-0.284787196529511
-0.36995801886604
-0.278064442345005
-0.408581391249298
-0.202279799178998
-0.301642331521762
-0.307610589632975
-0.148618154031837
-0.406498069212961
-0.304155065587697
-0.261050102755105
-0.327868043553465
-0.274852083011808
-0.279665820010799
-0.257241918980701
-0.367384295849456
-0.270840012934026
-0.132676612722738
-0.187253326079599
-0.291231226534314
-0.325422796863674
-0.210683665289652
-0.203971277268129
-0.28376376360913
-0.224948621917128
-0.274648848555371
-0.143137242445249
-0.169989336080633
-0.2953017704713
-0.291646552430334
-0.149969013677281
-0.320028896710913
-0.163446008659224
-0.227441765283771
-0.237844508802575
-0.31435313282336
-0.162644985884702
-0.200722415491704
-0.175352859723627
-0.264700618954782
-0.309050735621891
-0.237709893282178
-0.287938305870648
-0.172956440021191
-0.306771105185694
-0.149897198936701
-0.24187452587709
-0.245535826831423
-0.273590234669349
-0.244784348936887
-0.0329584490513388
-0.317052537682306
-0.219815863052218
-0.03949161468095
-0.142737051138324
-0.322220466250097
-0.0552922359083952
-0.167066779216454
-0.281223762514934
-0.272070867516219
0.0141944239632113
-0.316695140084652
-0.217290971234721
-0.0883942640529616
-0.207472207173189
-0.103298741290008
-0.196908022464308
-0.177022210900734
-0.133440226303727
-0.118916620288578
0.10904154692749
-0.0325496782329268
-0.0642167216960583
-0.174300425302855
-0.125267623693657
-0.132458882004343
-0.171265748505425
-0.120494565390765
-0.127039396000588
-0.19549750702974
-0.0186420720060795
-0.0640870857776754
-0.0386593880652807
-0.180175318958163
-0.220595579669271
-0.165675659736685
-0.103286650053974
-0.0649454651423758
-0.112522385457485
-0.107816660281502
0.0373085942455213
-0.0524478790007357
-0.11725686365129
-0.111142229082046
-0.114870451084548
-0.214415748509008
-0.236909094032443
-0.200794945896305
-0.156743514966339
-0.200316347525366
-0.159168614599212
-0.285953368378594
-0.207169768360888
-0.139588657700959
0.06329348333315
-0.0596975282842789
-0.0333305997063776
-0.127874124569625
-0.0431736459206703
-0.12583489026972
0.0182434368940827
-0.131904625321964
-0.148595284330006
-0.178462615774192
-0.0803494599709404
-0.00408848851098427
-0.0995705917747389
-0.0501236627586976
-0.166811903317091
-0.171721460607701
-0.125267786813357
-0.00526754410772217
-0.0421609882718706
0.0224055991980074
-0.0738554925567352
-0.115711885174032
-0.00831154556559715
0.0044576474833097
-0.317781205338287
-0.116337175931733
-0.245606527740602
0.00769351201378385
-0.0759373008275496
-0.0502268115301338
-0.00284499408171672
-0.104275448714817
0.0597610821655925
0.0398179537934787
-0.0420554613576233
-1.57472913349917e-05
-0.179520048057713
-0.0237974625014246
-0.0771506816584128
-0.176944173699071
0.00397612699170255
0.128217091019242
-0.0296750014057271
-0.121344567398701
0.050571818834406
-0.132621148054263
-0.178584739936942
0.0368848991004883
0.00285911414844237
0.0284647265600517
-0.047883652976769
-0.0207290547348852
0.0453653620397551
-0.0313218894922124
-0.0801034279137507
0.222830705001946
-0.164425914475229
-0.0600975358091526
-0.0603760229196308
0.0309139416517896
0.0463285361694689
-0.0713027408114187
0.0173193121839471
-0.141491776820717
-0.022245578945191
-0.0247117590446698
0.0635364458351522
-0.0114867546901094
-0.0130388787341647
0.158234428490924
-0.0868298674817211
-0.0258416874638492
0.0182762018388877
-0.0874255892509045
-0.0169790132525866
-0.0523564107840152
0.20812000185039
0.0926523123916345
0.0743842088358753
0.19723633630809
0.0462955864622631
0.0215401234246986
0.151717556510511
0.139562240188385
0.0810831027583607
0.202034013929993
0.0935095539639043
0.0645296852495358
0.193020136763741
0.120234220078593
-0.0604672057230755
0.121498980252689
0.10570730374476
0.0431006613926076
0.0113557852430828
0.11609484971126
0.0932581804573201
0.137532765754287
-0.00858741194875726
0.0820812922748614
0.00234718183514719
0.195193251381225
0.0962966262095955
0.112968447029987
0.191995378392018
0.0403310486755728
0.148712553962869
0.148188455695114
0.144437436493436
0.204897757146031
-0.0133444120008226
0.0056152235890193
0.0680042137330573
0.0553316344293156
0.375764299088384
0.244124272190645
0.239306829436107
0.0306604203203571
0.181930608956897
0.0306505935738275
0.145799992070261
0.27230382840474
-0.014442977544483
-0.00727308715046526
0.11175414022519
0.202253289567527
0.153251086296345
0.13127298764498
0.202323496151635
0.237824690073439
0.180509256891597
0.242843117459132
0.0717921882826672
0.189309816699946
0.083224295692294
-0.0124320353266136
0.129722027938021
0.0706583480051467
0.182213712457774
0.280468786238262
0.201158282246458
0.18935827375593
0.28001232781935
0.189338915417891
0.171430890583456
0.197555276782147
0.247380127277305
0.201724174699243
0.139818188140973
0.122275508845355
0.215842950909148
0.230461092346881
0.209887118264028
0.36975501426065
0.24278436949065
0.0173573548520269
0.242349428844376
0.226744186303966
0.366078267774844
0.160198954685029
0.235966072345472
0.272305103266093
0.165891647535086
0.410799827180628
0.276064285686175
0.213180894708941
0.273031819893541
0.14489541398836
0.295620242764633
0.436446927845368
0.33994352638872
0.150751172043048
0.271827467768231
0.233021733833982
0.329436449991955
0.295796359992768
0.39405473531706
0.159231706640163
0.319498731931054
0.327999756775396
0.189847892972632
0.209497212184663
0.275381410975156
0.347476770142159
0.243477633915606
0.41614562866717
0.304954120638968
0.448544670284749
0.251091963500105
0.277696225475146
0.284227438525703
0.275841979911597
0.223916016394854
0.242370931800625
0.212289258384957
0.354377093636046
0.399805105180473
0.357966843545711
0.227225644298639
0.443233089041869
0.527010681066316
0.40912972030799
0.36087894021139
0.357474375782869
0.0815946253140201
0.358158599038559
0.390542652143301
0.189767166641123
0.437689750876578
0.341869293531086
0.370784681129771
0.387354808498038
0.304932608020481
0.433942841022944
0.305901981428189
0.351233324993035
0.293297686621582
0.317469063377274
0.390113814261407
0.327123428440652
0.378220481948668
0.380282488434827
0.251539264071407
0.42716266855184
0.327485378936094
0.268641869584599
0.322324141315328
0.345269919446404
0.386757583241261
0.468362451694072
0.320702461883199
0.356428115957094
0.367156817676932
0.488053759100231
0.438550004817934
0.393806764663942
0.385807225869405
0.412223461742236
0.366800890786031
0.391572564498143
0.482554335108991
0.280763920456386
0.480981549186733
0.397791758875783
0.376582093339046
0.365708944682653
0.37767792845789
0.473750593185995
0.410049250492449
0.492746841142568
0.317145254367346
0.273306252234417
0.364359834967401
0.613092619211772
0.380929072947812
0.548282924503595
0.356910245402191
0.28913245596344
0.347487610546675
0.439598629083548
0.416444736428875
0.393852066519494
0.351841951590433
0.479779319124137
0.447327329752911
0.639866713915117
0.483318297063601
0.500030219353712
0.497185857762723
0.40006269522984
0.514466000945529
0.431212795159652
0.378029433902821
0.534231710924027
0.621134265471202
0.268106007601603
0.514056975247969
0.429599326835574
0.604076875456097
0.346915777701516
0.424317704967606
0.548069331587151
0.447391508808091
0.520507762226334
0.508623952670419
0.36963132966877
0.561641430138061
0.540590349864337
0.537939216055443
0.245202984369914
0.444733618685321
0.416752744986896
0.34104934064706
0.565116984799007
0.409713969474737
0.486336145851223
0.541005637523421
0.409046328731604
0.347640723332181
0.576757621528659
0.467499261223847
0.404766315032787
0.553120519986624
0.477486312639664
0.482578350454339
0.329375097771879
0.473000789136245
0.58610708074349
0.489992408548827
0.547881911876996
0.558027271449133
0.458239385888044
0.454046867753995
0.562019255015751
0.438869243903834
0.547276290889191
0.542888762219061
0.570772470480426
0.493661867243522
0.474505886962076
0.477195868017393
0.408587712834632
0.538096854798502
0.543375869244169
0.637651141219519
0.648397775914684
0.574360640149984
0.371747272040392
0.565596997501111
0.51726360775658
0.589442307543864
0.500818217874761
0.467557963743861
0.609289212317566
0.579503989238641
0.433199865144819
0.564227456385894
0.517687712015435
0.621722757596997
0.563938347616974
0.457151510780314
0.743334474701544
0.613634557793046
0.6202777875313
0.577760231410167
0.638250238924682
0.501825515894891
0.585974035846318
0.458120914205416
0.653064843927585
0.540288258202159
0.53874580214821
0.6311495739636
0.771125577822177
0.60990139837969
0.729198588212612
0.566338494084423
0.566474740400387
0.671619323131353
0.65230484797636
0.749578768328941
0.745747520068782
0.583641743580588
0.621183389334108
0.706032547558695
0.513683282006022
0.645943529121448
0.544414546877646
0.604663271963842
0.530826364010308
0.537297904115517
0.62422581083633
0.506730576045894
0.628103049542928
0.764368543742294
0.574809340862677
0.722066156916089
0.765749381243212
0.661430824677248
0.665861966145732
0.602019799379142
0.606549748452062
0.657639072510991
0.806610555001387
0.649028123348274
0.557791757166073
0.688232114374804
0.590439666277115
0.511027343142859
0.638636343831037
0.594208448887381
0.743600992863913
0.70641879342549
0.600135410342621
0.556208726223593
0.623733309542346
0.714428561145774
0.680920073997427
0.748869600528602
0.679376104817581
0.723582129697076
0.859629829588791
0.842567528559803
0.57098152338541
0.806424926887445
0.731390191167681
0.780931403892731
0.645846423238596
0.719592129250051
0.776698479112561
0.730037560978701
0.752551635722759
0.751648387126431
0.692188775237344
0.706755252157274
0.775474268986633
0.68398339182262
0.694272915256934
0.705248797345881
0.6456899676978
0.737640126053227
0.738361699323068
0.705907997844536
0.692017301050147
0.66003614130984
0.8360358767425
0.693107920070596
0.654029315554262
0.729238032016339
0.598723498366198
0.673612502377342
0.752697416586509
0.721176500951309
0.780753785671807
0.614515715319687
0.658551219931005
0.640214764282844
0.798490505166025
0.741915053736221
0.864440945940984
0.795069995842234
0.757797033415007
0.857528282451241
0.68339194677037
0.726217829134731
0.783182361646179
0.804948076031786
0.78331239818168
0.886443168048061
0.755969698936522
0.819228519143058
0.75646742669802
0.817990884912255
0.991911345300724
0.906112581023125
0.843495377483805
0.839263864635975
0.936169034105153
0.768091603295159
0.809233677608183
0.804590646793933
0.825897112557529
0.931939059596103
0.797593619942966
0.797143906067185
0.827341666358615
1.01777974875704
0.631468880303511
0.829871923992441
0.76492260978674
0.866853016561918
0.832095334013996
0.828493893743118
0.78266424991846
0.94157161565246
0.61473380349216
0.93005804708785
0.862209621130178
0.663294124185389
0.898971864926818
0.929476713654452
0.958614686194384
0.868453235506897
0.946026764912177
0.780286442115737
0.796221444439122
0.880707139023158
0.97515535152551
0.906244204412456
0.868158055142098
1.01239264481734
0.836443016358146
0.771274571333807
0.967243019430565
0.933096107342145
0.796426328493476
0.841844145985823
0.898857394294491
0.969928588722477
0.943891558680737
0.999789124409954
1.00110803883913
1.02464170410935
0.921158284626953
0.824605225407484
0.910974207512024
0.94811028857649
1.04168127710335
0.934151655996637
0.934778799099719
0.989826083482803
0.937292944629296
1.00266709437509
1.07361660355737
0.921417698830269
0.904012447372306
0.848824269424305
1.00294555135414
0.955492750374732
0.934913055547187
0.911556915589545
1.07331627739033
0.956678828346965
0.953952533991225
0.91948572996527
0.952911069212708
0.871310795957683
0.929528150817379
1.0388330292356
1.02549466732455
0.842451902775019
1.06356126185061
0.993102370895729
0.824644051417441
0.926363477362762
0.937158580285232
1.12032690270496
0.958690949432989
1.08917203314554
1.02013458602934
0.92047779352751
0.794360283857345
1.00278845530456
1.10543287487259
1.12362150518346
1.077233010551
0.92899947906787
1.07886789374766
1.03525792007611
0.984334509704485
