"x"
-1.10158829731421
-1.02571801956208
-1.0424335762894
-1.01716076859081
-0.923294419547934
-1.02538832579451
-0.904360842933593
-0.963864765051558
-1.09853765250743
-1.07887418449698
-1.03016749754806
-0.972782376815767
-0.903055515030712
-1.04742570537673
-0.88466339590677
-0.974148367886157
-0.914585085103292
-1.00364752710293
-1.00312259954829
-0.897865236240724
-1.10733637757044
-0.989126976455949
-0.893665287835001
-0.863869836448895
-1.01406812195132
-0.925431118713819
-0.89602098631193
-1.02541836915183
-0.953978084472003
-0.927728006330565
-1.0452278597961
-0.876142483711175
-0.900416321889741
-0.812599381334433
-0.855602184742269
-0.877073240797618
-0.814533409731451
-0.914276242005819
-0.868433976127008
-0.971896652991133
-0.866842496133364
-1.05689581527425
-1.0690335428375
-0.98045298283782
-0.842701952162089
-0.926250089267399
-1.00123117377476
-0.851544252465978
-0.790402767307398
-0.897524251544716
-0.877302723307206
-0.897501418901
-0.842385727208953
-0.834462952350747
-0.874031331237241
-0.839096246073861
-0.918398909862472
-0.827309981240152
-0.976480234525902
-0.945258927002816
-0.843150305625637
-0.88736303714333
-0.907192864131133
-0.85360821047648
-0.88038723058171
-0.919773921311473
-0.932345138971275
-0.821222747674315
-0.900841319032327
-1.01721519874109
-0.950087131434027
-0.885109952078657
-0.973337431571023
-0.80170007456331
-0.840406547420738
-0.859844940004583
-0.871824904280078
-0.897880845928257
-0.855273011723384
-0.668410918046016
-0.88799169994876
-0.814539573091035
-0.822649959519954
-0.862361236014597
-0.927647996185337
-0.836344221687417
-0.789216074406569
-0.867551242997903
-0.796221641221957
-0.913658417966121
-0.808490955821409
-0.728466168319368
-0.849085802669468
-0.824357516942293
-0.758638031776917
-0.864036467920866
-0.833800822937075
-0.730637494028475
-0.794980940246358
-0.694335081073239
-0.861630623725668
-0.760237603592592
-0.744288797527471
-0.698116995029227
-0.728950245537474
-0.8842940483349
-0.637745521833844
-0.713171125556421
-0.733669659311982
-0.772124245690729
-0.85622659399148
-0.852050233287022
-0.773259520150463
-0.82236803555763
-0.876424082753654
-0.824128490744061
-0.880718161109004
-0.596468888670826
-0.786334218080369
-0.745103164668186
-0.763231697330167
-0.893448584916266
-0.829373065137892
-0.601288322495359
-0.483845789550389
-0.672785569954402
-0.727839438774176
-0.745903895719135
-0.762036391805695
-0.816103639042272
-0.760222903285476
-0.73932590697026
-0.750150385392166
-0.724271784818407
-0.660210606661947
-0.798355832542306
-0.800435657126457
-0.842085747323463
-0.559792900850014
-0.679776198247523
-0.641484636563374
-0.714942108970977
-0.701560623985401
-0.699954013681458
-0.639535854113132
-0.765325049955628
-0.789896163305003
-0.762579876020367
-0.657533623968369
-0.585701476316546
-0.554209568298378
-0.656994870966946
-0.667020012902489
-0.607777382799558
-0.723059151675934
-0.676443997933373
-0.827727905837734
-0.759626226969513
-0.566876819933565
-0.661932728490927
-0.716673948192526
-0.689692766908103
-0.800265085809856
-0.794313559038599
-0.688024029036683
-0.806770825403641
-0.646678433977832
-0.553850081696684
-0.677532511039516
-0.538368479031173
-0.627559434086564
-0.631718606185627
-0.65084550562308
-0.595189716650367
-0.64356527700163
-0.663082019370971
-0.519833068978204
-0.590619793128556
-0.54019226592521
-0.743476943452646
-0.674437053041757
-0.692088528941713
-0.639775609556618
-0.598372520343526
-0.59338659776622
-0.600526481410869
-0.631988382259997
-0.662403489579455
-0.557212089045906
-0.702569753452272
-0.624648703291191
-0.588278416509138
-0.596673041576859
-0.478574525808032
-0.587718191981074
-0.639702865864706
-0.601156477051711
-0.627113860547739
-0.699861356649796
-0.545243063454734
-0.562722259332559
-0.595559762607675
-0.659739961406747
-0.614717791628077
-0.468909388652357
-0.660466413881078
-0.560138879630086
-0.570527279133498
-0.44321409326813
-0.552113709658722
-0.61171329672492
-0.522511859363302
-0.44792902181061
-0.497906504988571
-0.562531303779028
-0.498323643543743
-0.362405495271328
-0.535882995232754
-0.556765105914298
-0.503882126896561
-0.581896737221602
-0.547154620387637
-0.703208996993472
-0.567271563790387
-0.582593550534905
-0.432642319381104
-0.472306776600422
-0.676090462193713
-0.444946363579087
-0.546722677693146
-0.537494277552321
-0.612564080663451
-0.452289464300125
-0.569075146006381
-0.540867169157512
-0.496449687453527
-0.36790180060243
-0.438805992257666
-0.51857635655465
-0.528651426918065
-0.497028244611309
-0.538661851778301
-0.671642978119377
-0.583421414293214
-0.424231028087356
-0.678556007000953
-0.321898910906581
-0.599816681091186
-0.498464949999021
-0.530384150671145
-0.389236351881677
-0.64472799613667
-0.326493843664281
-0.696282228497582
-0.587881361666838
-0.456524027547966
-0.476702156576828
-0.520142236289141
-0.486478759273436
-0.495852043880518
-0.420670727856635
-0.506899949475392
-0.487540818775904
-0.310179678820147
-0.500960184245007
-0.621501924496163
-0.417609222182287
-0.403867781054564
-0.498435052013322
-0.490709042353676
-0.320862971741019
-0.377872400980333
-0.548971009623678
-0.556183464715849
-0.364152234851664
-0.357139782066895
-0.374295783643998
-0.42261395500124
-0.587976845529808
-0.509935774147021
-0.559247028958675
-0.303170052599466
-0.548221364370642
-0.369915573849987
-0.350451822537889
-0.321800844646529
-0.339091862407913
-0.640096413885673
-0.368272588530221
-0.539006567363504
-0.680293188325278
-0.322539523837597
-0.553605248780866
-0.473268749752091
-0.429877251306378
-0.408291900166375
-0.410356187194626
-0.441416998982559
-0.421831944707978
-0.309590431577927
-0.335536204269153
-0.550380839074775
-0.415846499217441
-0.500473503455474
-0.488088586461302
-0.385685796339928
-0.355159266900514
-0.306616189036782
-0.4627338732386
-0.298254483449275
-0.426065325230422
-0.386002753284207
-0.379301051359319
-0.420902460999102
-0.304599653594075
-0.460935062171378
-0.221211562433679
-0.232367580017645
-0.315282290248427
-0.458025822232575
-0.346296637818092
-0.444170145560662
-0.417058149317571
-0.341572707499311
-0.473411902726056
-0.30473571946456
-0.252351982275784
-0.303452362228251
-0.409481993423892
-0.318298347250543
-0.356993058445519
-0.344390281987852
-0.305157086245676
-0.129562065238068
-0.433789591205689
-0.303978941499462
-0.318804232836127
-0.400606059975861
-0.539446805503793
-0.361254550523302
-0.437415757758007
-0.184416088264152
-0.31256968717457
-0.356806794763466
-0.20648731369672
-0.129845309197345
-0.319699208538129
-0.120079376104354
-0.389344845768258
-0.295318985969078
-0.287938922158557
-0.4047484956178
-0.0933058734685338
-0.183200104367512
-0.335105357469001
-0.309956690168089
-0.316147768184305
-0.349369806072053
-0.328773671926685
-0.316485009616362
-0.295528744250074
-0.401749900666434
0.0246929139963143
-0.425111920534353
-0.190983093855516
-0.322033085914746
-0.305244732974987
-0.10309793601531
-0.350134277175348
-0.304689372850787
-0.285352326181809
-0.145323451619913
-0.20489746824228
-0.132857566722287
-0.198241397754711
-0.183388316690505
-0.200754755086999
-0.237411329972099
-0.247920474043783
-0.447952318064237
-0.232079674916055
-0.285719596922035
-0.209622062944119
-0.0467174676639845
-0.331179959255336
-0.201134960317765
-0.339383098404023
-0.265203229539616
-0.300691247605474
-0.285669832043527
-0.29082163558685
-0.0602275428286999
-0.0939055682935731
-0.171160188270982
-0.250224373465401
-0.164652471725937
-0.25764131506101
-0.33251946972268
-0.190603509307894
-0.271090647246223
-0.19779662241989
-0.310097424433178
-0.116830788587038
-0.35576255838762
-0.193437415036919
-0.214599075227019
-0.282588323190788
-0.154485549019533
-0.199595659632122
-0.150993457169012
-0.151682778390066
-0.0815245730738481
-0.026861189106199
-0.181454035044574
-0.12925576133926
-0.0365123509458566
-0.218088138654955
-0.22932194738762
-0.183824438095837
-0.189159371645532
-0.0887986754030614
-0.243293127459672
-0.141055680854822
-0.0768597085284224
-0.248842966551216
-0.217451802551109
-0.0692670669129962
-0.0409152413516291
-0.142767295000439
-0.14273635347117
-0.144286528500634
-0.166241633335987
-0.274860748767937
-0.0982817677922526
-0.0938536720068428
-0.161923216960553
-0.215109521316245
0.0119338111117526
-0.180482427841332
-0.158829463299472
-0.0766586685731024
-0.0871080788552389
-0.0214258967466517
0.00515955906476897
-0.158196029730563
-0.17024627268309
0.173720271216533
0.00632578926632651
-0.056237913106972
-0.280082442042941
-0.209019526179863
-0.244596593739728
-0.106346253406555
-0.184374920374088
-0.0715744752461129
-0.170303941746855
-0.044759935052131
-0.0899971011770384
-0.135139668373091
-0.0945153397173782
-0.064063324564156
-0.010619505406171
-0.150425433389439
-0.153869391445404
-0.160512002276948
-0.0333830919806128
-0.0391940384266191
-0.0929852309618955
0.00251759153943586
-0.0914911427698266
-0.00887837957773262
-0.0827452454718335
-0.160843114021736
0.0470432171044959
-0.0552912519504518
-0.113064428605062
-0.0532427759816701
-0.0355506002710293
0.036025328712579
-0.142908794744559
0.0712641656520132
0.141701430081175
-0.0989433078198956
0.0997438826326691
-0.0645213389743644
0.00468028175865364
-0.068649911874579
0.0188028814400386
-0.0514269150139746
-0.158617392899276
0.00535448279610351
-0.075198195836617
-0.0322386243087605
0.00473378241116116
0.108318033487776
0.086789013967828
-0.000438255026922808
-0.0854564858153368
-0.0409582680342569
-0.103960496741347
0.0228610277941675
0.129527463895787
-0.0126550931261692
-0.00299708653825664
-0.13095389077677
0.209251083834018
-0.0910292072693759
-0.190378258117679
0.0980129310733616
-0.0066587452336321
0.039182952113407
0.0978242857773168
0.0485275364881146
-0.0247079428317661
0.0466368649325796
0.0217497694508388
0.098971977062278
0.102391557140041
0.0874840976630812
0.0344592659064297
0.0704339885535969
0.0741618806257627
-0.127879400249612
0.188264687178726
0.0567728074858451
0.0309241429156002
0.138527921616698
0.11085671001062
0.0439599463049996
0.00188060251993015
0.111186581772801
0.101081692273759
0.116821545215259
0.0871430054607419
0.196950453223668
0.026652687254421
0.0505268926767734
0.0137251377468892
0.116872573538888
0.151664103221382
0.0992265118267259
0.236127834796879
0.124366941227111
0.0131671419110707
0.0715788145297901
0.158538017285289
0.0984975888542715
0.051793276452822
0.0243414518912078
0.049956556686037
0.122607212989784
0.00670334203238514
0.0832756212429259
0.0120480189565347
0.20158341747455
-0.0475095108467513
0.167319814214377
0.155343457318174
0.107739142890791
0.267680887443649
0.290169806003743
0.209862591562088
0.136780017475607
0.162933053020448
0.0572864358854851
0.197704305984381
0.0577222358841639
0.0420188463912736
0.174978978275403
0.0491814088289865
0.171813571249551
0.12846019273883
0.0554558304453033
0.131808282965862
0.162967724972333
0.083698861015795
0.266846719804171
0.254170114265009
0.144748120997907
0.114674238617668
0.0988461693824017
0.107972777082833
0.219906434977128
0.158459475743725
0.1628210053659
0.238829865727252
0.0448705329542316
0.326922506844975
0.223257047733146
0.141108178403461
0.199944203840851
0.128171452091765
0.18135861122942
0.251084910791794
0.050260018532856
0.254716734265265
0.185391009052627
0.047722408712989
0.15747039405
0.121203448037549
0.227125216509002
0.141707149664369
0.288776826190233
0.252434152141884
0.146369836315975
0.403779398560725
0.279011539122469
0.0833027076357624
0.170782071624364
0.128406678258927
0.248072902899385
0.277163517418456
0.2522845289911
0.32278768093871
0.316097867381572
0.265679300797715
0.267454781566164
0.294379834914043
0.279142878652466
0.14214140076993
0.180233010785784
0.266373425887761
0.185913977638674
0.293945549043912
0.283052566767303
0.336858205981086
0.255489402435245
0.265735187316738
0.259884794635585
0.319802526245708
0.283423818335939
0.331200989257285
0.268591972556973
0.295889240955904
0.294257095328458
0.238623856740548
0.315764273992282
0.35399774451063
0.261705451053418
0.198308758765782
0.276199077098681
0.338346177199333
0.383268580459563
0.450975780888907
0.284104695548517
0.256450874069974
0.286415499193872
0.374703275079982
0.324801132543686
0.157617142363337
0.324842813070466
0.177924344639911
0.280556285883751
0.280913601050333
0.245535674453435
0.377308815410776
0.386744692994756
0.441262741521056
0.207351954962597
0.348240100256893
0.282616584913898
0.316474038498833
0.266092406632301
0.265153937394749
0.216809884808
0.391900471889681
0.413576948701075
0.186528915717364
0.333760829835978
0.220322313949351
0.24834937157222
0.18648100176182
0.270512730726953
0.399008067785528
0.3762372764786
0.380043842373878
0.306537592211243
0.25038322063731
0.483809263513454
0.445888890407983
0.560207419415485
0.518670675271467
0.306592487485196
0.396041926573048
0.449756823729698
0.348076161187274
0.404370598129111
0.524720135767823
0.316765905200742
0.336602476461075
0.446367850329154
0.370994723349513
0.34390356482393
0.521604261394858
0.396577384724866
0.284918842781441
0.234256630583752
0.449605399780693
0.311062203176748
0.304089763301847
0.364894606750786
0.330224800077919
0.432760494423139
0.441561001470374
0.352117699539981
0.391119916707254
0.25661484354973
0.396377982540729
0.330568654541223
0.536518060255421
0.455333182453307
0.513440056729538
0.375619544808097
0.384858320179831
0.260104082176811
0.425621241243523
0.538768272338195
0.391027777758741
0.366048893114198
0.470887546451159
0.474898070249607
0.445721980764118
0.370019847063442
0.479393566183539
0.497225797716668
0.496621407913096
0.274746797360571
0.42360795761981
0.418796758256788
0.569489870284184
0.528431899864602
0.397505652854043
0.39945480199829
0.467385038915723
0.437742027629811
0.491763093607317
0.367019002668377
0.468331581911322
0.484545116092463
0.577631744534521
0.536493321623139
0.597135665456187
0.434705376440138
0.578326973249833
0.522287416655393
0.516649341275935
0.49554572925199
0.61236409407769
0.558187364489577
0.513830670853874
0.36856285801453
0.353323510552716
0.468746651001565
0.406773295363891
0.581879940343309
0.45188734674915
0.587386788995824
0.51063278124835
0.478059433374427
0.675775778468137
0.644172375886558
0.618519524236622
0.486811144439406
0.539530988888816
0.420806747481822
0.565344161835191
0.522903591258239
0.508710967185103
0.629283288300337
0.58834369925812
0.551541298130242
0.498071191118462
0.667112051819846
0.603585924526607
0.525666904998372
0.511213336355168
0.634356628609402
0.582074263314529
0.638770423939715
0.362386570405462
0.520574835545158
0.691066869258919
0.548083849140299
0.671129024334279
0.571928628060114
0.621968971882676
0.619371690279702
0.694793812889769
0.594778497682982
0.632600359671885
0.705724157629666
0.539867474924728
0.548438911876017
0.565290754164461
0.501938257981927
0.521362725345201
0.539079526007879
0.632236559093939
0.630760946006677
0.506883645060801
0.594637837853052
0.491954426121816
0.662674520423271
0.632012544748578
0.539060994399273
0.576086396164949
0.483410133192194
0.522175654544421
0.645619149365784
0.648486570830899
0.581362548900269
0.644407239185596
0.552751676835062
0.700467053094543
0.780654676836644
0.412021172621345
0.510692405897679
0.534855271580078
0.646990579039229
0.652292379012961
0.580411028041672
0.59516861849334
0.617649349581661
0.641765827005208
0.684989498043299
0.741450059742279
0.617030820920852
0.743488621553651
0.480021919642999
0.622252160217961
0.707442181878058
0.718516825480098
0.636196122364897
0.574960566304793
0.737629897140481
0.842354346215148
0.595914506429622
0.825311331561066
0.775895527363786
0.616648051041559
0.687962080085971
0.845540540740614
0.761053462912555
0.626226068165898
0.65303215960853
0.683371665086299
0.66094840384037
0.649799783612752
0.583055389424319
0.732799328100822
0.53950850327165
0.775266283891015
0.835408958244598
0.67223455452466
0.591437611584134
0.653174191297622
0.691712049853363
0.664821614542383
0.652867852451003
0.622486064401164
0.681795857527565
0.609611756161517
0.809705130370348
0.701616695936387
0.65391409422162
0.696574320321078
0.601314188059573
0.573447914811652
0.734464391546221
0.830312882085252
0.784665811303074
0.74618396985395
0.625309588235906
0.778402149727322
0.521122080458816
0.884081421892079
0.729726146996235
0.788179387932672
0.648268150182137
0.630647002641751
0.622431325931938
0.86054707487262
0.670198655545045
0.856244840409024
0.76685079211928
0.730190010576656
0.7760708917279
0.671988058423368
0.767779603142519
0.799794256262155
0.722767164301533
0.682118910407032
0.778534848026907
0.746914442088553
0.739627906262888
0.805368092794476
0.806378445396855
0.815163727267735
0.910973635367872
0.808638438356732
0.847242889878999
0.860388901904947
0.834125672314827
0.800381915023818
0.749983035777932
0.628118359574418
0.913723944930073
0.858090535822731
0.890471259594475
1.03693700745961
0.884615993727381
0.854832769303295
0.75258747781276
0.821182201376343
0.921472603502916
0.749233613436111
0.800842145401678
0.864395986824409
0.974764110221434
0.82372996146637
0.832319900189499
0.73819696560225
0.854078870847781
0.884696343195265
0.867752694642279
0.895643509176907
0.719691954486266
0.731408986900452
0.865792517947109
0.869044900834964
0.950798999544447
0.817163939693558
0.9436206988115
0.861210743944943
0.895952953984961
0.790497144632558
0.996486305856418
0.840605051671713
1.06916751929184
0.782571870679994
0.817564083355221
1.02010539961621
0.815865811398605
1.02167726221517
0.925869510967001
0.849777666691089
0.781635225075693
0.947136548008617
1.04873098540598
0.801112531792574
0.953133452968158
0.879831898190819
0.848726505205755
0.97926537382915
0.979363153363573
0.922659522479839
0.871071121782715
0.898080323190994
1.00044708835853
0.853013326691583
0.83347164756987
0.933075221917981
0.929767514594315
0.822579980610371
0.939261109522555
1.02631244296663
0.93618402018516
1.02587955980289
0.889052907660083
0.840592537615387
0.828697706286878
1.00964180777567
0.992496059594484
0.827596484188414
0.936595457803627
0.929138185502129
0.898704150154934
0.927219965558882
0.928335973115499
0.920967237053392
1.08249520774062
1.06140305551106
0.879228082649053
0.980334093515444
1.0371456307052
0.929091025406586
1.09751756564733
1.01786067045255
1.06766748065625
1.00321328686397
1.07088921639428
1.03584011931101
0.898133136701348
0.942768283660473
1.03165844065599
1.02916415551874
0.950756571092491
1.05620173589748
0.94308013124695
0.929892385949303
