"x"
-1.16993302271152
-1.08057149919179
-1.11939918176657
-0.895571431556985
-0.928183657735761
-0.938844868336799
-1.00982432447206
-0.914992745900323
-1.14288203744947
-1.0112477056278
-0.997673644799399
-0.969990379119139
-0.913204514908175
-0.85912668549336
-0.914143277644193
-0.966935368061376
-0.990479255901195
-0.987527436411353
-0.939011786718344
-0.91238555161063
-0.927590549818791
-0.959281720217401
-0.847312003225726
-0.907409652010428
-0.971778745639699
-0.832118433619828
-0.922229517288821
-0.880916459066419
-0.920696395316732
-0.95031662429516
-0.974226912709631
-1.03325477123191
-0.924465460460195
-0.903828191758054
-1.03518342823332
-0.932051418971367
-0.913550768172493
-0.909704686825572
-0.808676519133117
-0.845286094460811
-0.900257787224406
-0.806053634988441
-0.798079315992537
-0.825327666842995
-1.02033585247365
-0.892538120772209
-0.88892007429569
-0.939563445239952
-0.883297578626493
-0.878284992868474
-0.796207089669145
-0.993649851136265
-0.868471491677819
-0.858849233541197
-0.904388677313355
-1.04847986035731
-0.931084032699078
-0.911155404826691
-0.953702743061277
-0.913454937507941
-0.71813245144546
-0.950033597018457
-0.903464683987896
-0.762100139754286
-0.795581450763967
-0.704532349851317
-0.90430326262464
-0.841629125860638
-0.834407527611726
-0.825186147133144
-0.853567734314043
-0.823271478674391
-1.07185981250044
-0.968993477874783
-0.944827092629743
-0.951413096196076
-0.842643214970756
-0.730119738127337
-0.763483858413287
-0.833512997156412
-0.81568749374912
-0.827383502355196
-0.862612347018554
-0.8340306381659
-0.785375303757281
-0.729477712886102
-0.80673277945669
-0.880407989451097
-0.855095426185189
-0.78712401838012
-0.743263966539566
-0.721777815166621
-0.747246686652961
-0.646236840263357
-0.808153936413933
-0.906787883864303
-0.837107594861395
-0.71820020876405
-0.792284201975667
-0.735680165408409
-0.865697727354567
-0.801576308158743
-0.850531742050594
-0.861619507537343
-0.821558648320837
-0.852106659159051
-0.790891473187977
-0.778837636806866
-0.827016013046687
-0.776709237349019
-0.798269059996439
-0.809403780805165
-0.777619663185271
-0.617111621907649
-0.799664822315296
-0.882570729354887
-0.664042772437495
-0.696818535499708
-0.644050950614423
-0.65894487403796
-0.669671385550074
-0.779971261355766
-0.719317504481945
-0.782610557324739
-0.716219599989294
-0.696508965569047
-0.724925154654757
-0.576189056338689
-0.675140768905545
-0.785600525941206
-0.671817285436023
-0.886965357234811
-0.605422631282574
-0.634646039014977
-0.74514194027778
-0.792069671968049
-0.761226942578261
-0.7199028200227
-0.648979421375347
-0.778531714711466
-0.669566754974019
-0.748974235722542
-0.798551277728473
-0.846022360798376
-0.643157472684174
-0.763676864642463
-0.65146921839366
-0.756940983473763
-0.754698763076384
-0.735754471806081
-0.546088311971415
-0.651807722294752
-0.775413379840108
-0.597733190520073
-0.760984228625797
-0.734813642173979
-0.595454642521586
-0.715126053290385
-0.780737456078657
-0.75006812165434
-0.683476806821257
-0.801275307776211
-0.612409679359713
-0.60067639069612
-0.683754368638208
-0.561642541328209
-0.578966231227278
-0.717116642746108
-0.536691947641823
-0.74649858687514
-0.724894794921579
-0.669909567284518
-0.733997151086153
-0.571587939428687
-0.718095772151027
-0.67516514111754
-0.685080127746824
-0.605505124399854
-0.678205968135133
-0.667345101638591
-0.70348171358843
-0.602088587569367
-0.607002943590198
-0.576025491879726
-0.68273085097396
-0.635770579085585
-0.606008155912468
-0.654292997451225
-0.672749127043029
-0.840071541300326
-0.539601836082538
-0.66653723524773
-0.652482646504171
-0.644783158901186
-0.633062111139987
-0.668957029279339
-0.539248254936643
-0.736007224716606
-0.551607233293787
-0.57456257588992
-0.584339637014045
-0.703470104377512
-0.651823682274211
-0.658982865021146
-0.611294378305176
-0.663233282727412
-0.433491423719626
-0.517410945564879
-0.741768015821812
-0.651847680837046
-0.569346535036241
-0.482220838481759
-0.538166587852221
-0.518161312841934
-0.692187404872683
-0.405934249449156
-0.407462227570651
-0.707421533993299
-0.609058967172556
-0.543430748728551
-0.510026418276851
-0.487927442804566
-0.6420534829759
-0.408411459727151
-0.483627363397204
-0.643914802226904
-0.667666522361652
-0.474403533695515
-0.412288440534943
-0.432412437232275
-0.61701394873784
-0.560664547925298
-0.367396106972174
-0.572099177279463
-0.498182032993652
-0.567721853438887
-0.591592983083184
-0.427567530427051
-0.583300555149918
-0.51307172020942
-0.574283443134456
-0.416111587581313
-0.577123119515569
-0.47043089238241
-0.390651358666124
-0.516568439739155
-0.574111949314502
-0.552948656642922
-0.433978995600075
-0.46731473038844
-0.579794234893677
-0.518777729871831
-0.537990363439874
-0.548972426063907
-0.670421815508583
-0.479163335460154
-0.425375862803404
-0.368967354207322
-0.462620824984335
-0.54242675774793
-0.478998362577164
-0.434529050263438
-0.558033769472899
-0.403961584988919
-0.487004663734199
-0.431493216979546
-0.462262381984431
-0.489039963261992
-0.352920696245279
-0.340568450671327
-0.490775487930702
-0.540058376258108
-0.483426450393337
-0.309102521335021
-0.441349801751243
-0.434649241768596
-0.375345431182877
-0.497353363828365
-0.549478775262666
-0.453391689987307
-0.307582213664447
-0.370326267867981
-0.528994177082433
-0.41139072213236
-0.381141108307927
-0.351322034028457
-0.473137753838997
-0.477459549414709
-0.302615020408106
-0.334394025020438
-0.397753435293301
-0.57963529524858
-0.398146388142829
-0.418368898412107
-0.409748629641028
-0.308431410559027
-0.53875206558624
-0.376125458995147
-0.491299826175231
-0.490913877377543
-0.345613869806075
-0.38217095162431
-0.352318034463474
-0.397896779427784
-0.213003831359164
-0.235276027171916
-0.368731108312097
-0.426186735975598
-0.310230842897682
-0.479186409048142
-0.305633659871473
-0.582524800175945
-0.480301090092206
-0.272675666244898
-0.410842666027784
-0.280365812106391
-0.398419972003056
-0.538331303125918
-0.289975962632635
-0.309268026517689
-0.297000338028478
-0.356750295689688
-0.220493271885267
-0.218145535276199
-0.324732184674351
-0.335108503667063
-0.344703119918294
-0.311284277472587
-0.470309138570878
-0.331686571804868
-0.349685747513541
-0.322123576207069
-0.148797442446331
-0.407812689263838
-0.470431972525423
-0.44155483617825
-0.336008541802462
-0.393836886411319
-0.295813052145537
-0.408435892013868
-0.330154877489755
-0.415900277471315
-0.332797282267754
-0.263844439500029
-0.328147966044064
-0.263564546446561
-0.428010516300293
-0.297968987982303
-0.259667733909227
-0.280574520557313
-0.485028859104572
-0.353667567652479
-0.263257329831655
-0.222632893234866
-0.290474922713779
-0.330670089729627
-0.316254946250568
-0.369682699820508
-0.196008129088161
-0.323153579207219
-0.254427685184659
-0.400345700332849
-0.354222262683007
-0.342755266685198
-0.257475383657503
-0.392107343985946
-0.288332698697403
-0.242849880135987
-0.1106921924513
-0.124929168597
-0.153701233201343
-0.308646320104468
-0.308069782524732
-0.214597590588221
-0.304634369162106
-0.163850707687093
-0.271783913459206
-0.0584275687494722
-0.2734718642233
-0.453282594447995
-0.332751157034034
-0.237032534692165
-0.187097012494287
-0.388078386220633
-0.369619410993011
-0.253808751135601
-0.152537610770014
-0.14669499957624
-0.243897400490317
-0.182318036241769
-0.270370411560557
-0.156338955238132
-0.132706267320454
-0.377402164584059
-0.17288347874943
-0.292839120126905
-0.178469885413679
-0.163433705595006
-0.184744484215716
-0.196667865020735
-0.118141319405304
-0.192027921735565
-0.322671705915276
-0.209576216736954
-0.0753023364135684
-0.33968751461429
-0.179514244664331
-0.188589417712228
-0.0199501080107074
-0.178384012493397
-0.165601912508645
-0.0933489508298566
-0.251357939725311
-0.175283854003336
-0.1730024587042
-0.361817871884655
-0.0841876933790043
-0.31237353081233
-0.152793996498323
-0.0845732838796671
-0.253853657672626
-0.143642996407742
-0.229183415117172
-0.248447451630203
-0.235855856229166
-0.104642255088591
-0.123676465262652
-0.0187164730991207
-0.170326436561413
-0.0577624431561189
-0.241153144202458
-0.292676573193797
-0.234115873440534
-0.189550601940091
-0.250520077763534
-0.0577994917271422
-0.164076004845305
-0.0129659133814683
-0.0816448288602563
0.0434472968359009
-0.00814555782820213
-0.10050465902844
0.0242030901130179
-0.183450711245851
-0.164717650104735
-0.12948881171952
-0.121002769209955
-0.0324435444350991
-0.170246616036658
-0.082662097311553
-0.120932589258434
0.000678494169637263
-0.193414305501427
-0.169593225320175
-0.136769311251765
-0.0679202803918101
-0.0639972448167814
-0.0245501077278635
-0.201432520921733
-0.181983527242542
-0.115331075143984
-0.0206634270077109
-0.169514823033566
-0.17643540824305
-0.173869544582426
0.0366687928785089
-0.0936947623385267
-0.0518941980762777
-0.143128338936454
-0.175445421826276
-0.146146050355513
-0.147921976573154
-0.221000694790317
-0.12312089910063
-0.0922922278145694
-0.101834900311079
0.0833815327728983
0.0146612855513684
-0.137730430072203
-0.101255421280897
-0.14268818847804
-0.0181091771594308
-0.121576523500502
-0.216315996527647
0.0790169607111754
0.11339068789317
0.0578499551259746
0.0384856808217182
-0.174348136321087
-0.0496131973167835
-0.0236322290126054
-0.023776745405994
-0.0224659266767805
0.0480332855776899
0.0584145377835258
-0.141230243817254
-0.187645966369256
0.11960306500255
-0.0826002102421098
-0.00661959628023426
0.0632455638397046
-0.0971311372740414
0.0559879573579098
0.0556460935188833
0.0083920584696437
0.0216291672899861
-0.1086605343586
-0.193931210326641
0.0956329725122514
-0.106553730483282
-0.0325683021164834
0.00208206878189155
0.0428154641810313
-0.100673008896959
0.0124494464294876
0.196209794826651
-0.027711348561862
0.0461142508439266
0.131221228195816
0.0785021693421168
-0.0270480884344044
0.105724235788135
-0.000120839842372992
0.0438253192953053
-0.0123440342235897
0.218518390408112
0.139600731234636
0.127907270337187
0.0511200386108573
0.07476150825518
0.0967893327050474
0.053337363332559
0.0444963086189003
0.113396234129861
0.0535180611558935
0.128094235396896
0.0290483160154241
0.0230307870758693
0.111701580279645
-0.0134597794399501
-0.0311468739881615
0.149915525766788
0.098073944476927
0.0303896422211692
-0.0529110602958098
-0.0235226028722507
0.207045659884155
-0.00689532348431688
0.147992065715973
0.00361049783451872
0.0261095444251168
0.0896485282011782
0.0255289134653798
0.183296144151531
0.0869032590239521
0.221758493161848
0.04495585424259
0.181128802796075
0.0224396207716481
0.155027665719869
0.0348336865872294
-0.097634157408988
0.110397255957627
0.0847497805534499
0.210427932084857
0.259344695179145
0.231975121030515
0.00379068849100041
0.1164094114622
0.241718430744737
0.148884886191673
0.113447259659604
0.123511532911814
0.0876101303098831
0.1376985632654
0.133239369719008
0.0308293968515076
0.119842426358528
0.197386710782021
0.0717175812080176
0.333440223724007
0.0173094269104527
0.213033687758694
0.211641897555602
0.178868080690304
0.114157900081487
0.198687642986376
0.130183827980266
0.164827138730717
0.294695328245781
0.289007383080154
0.269863742076558
0.101246594555949
0.0908101106679768
0.13397810507858
0.189376791351365
0.122859988818084
0.207005892925031
0.148291951919976
0.297439100489774
0.0862950065834929
0.0726514360904916
0.220800193808798
0.18155405341634
0.369617394341922
0.329602763830951
0.184263307083934
0.340293365641627
0.215379257206032
0.255168930846205
0.249707747157193
0.227450015854055
0.204315953039653
0.12814337474676
0.265563485874905
0.303339792371096
0.280616889409816
0.225435346522611
0.344539499933424
0.269003181687822
0.356508322940451
0.215407680716071
0.150066035309273
0.23337199990345
0.269837348303237
0.277708636573444
0.161027775847821
0.338430825952321
0.244791996971598
0.273383095810805
0.274949460285283
0.131544011637117
0.0961658544206646
0.18071687889689
0.382286688973732
0.273083929036192
0.251682099251565
0.318820760180468
0.338134306756047
0.211824151822016
0.0966148736028777
0.375067564451307
0.311219372043098
0.212436090067599
0.374651230806436
0.0646926151300353
0.334474529670503
0.215915092013434
0.228813913229717
0.29644188545071
0.266024768129556
0.261983313001203
0.388569608623501
0.318034209753663
0.418466761614418
0.390698163479036
0.442797028779627
0.230690579794403
0.382715542956468
0.284897832370829
0.319891696073121
0.207375179250386
0.390261262366556
0.234876061390493
0.520260022142111
0.461165716098766
0.27293038345411
0.335977668244372
0.363093729006675
0.366431166552935
0.247245197065878
0.261460652983021
0.314808244589028
0.33944107977655
0.413215581575827
0.38558555531658
0.297139627988077
0.471686077183347
0.451854183131946
0.413092342723652
0.47169530626854
0.486412109943873
0.343599812506589
0.396576495656335
0.544457833308842
0.159569472867495
0.353381995306371
0.414190645477046
0.258978371883667
0.287312045252761
0.249386366266347
0.528762784225461
0.394893432597873
0.307172327409141
0.46390881260046
0.411181645975063
0.400424658785956
0.373824434560438
0.436940806364977
0.356131332231452
0.496313292992734
0.40320050270019
0.458508874291152
0.400259783426784
0.454518730099883
0.3545645967835
0.366694963662335
0.444288854126249
0.372466986023556
0.410649342890552
0.403108668920156
0.28115745448269
0.400924818415865
0.430170953082433
0.471410607579375
0.38281520629067
0.4526666625197
0.35677390634165
0.432640546540621
0.420936796566505
0.301461947919775
0.391767634348722
0.556578457527847
0.482697937872469
0.559733424775883
0.607935740975711
0.446434478787706
0.469016055518333
0.333642211691255
0.537986147171825
0.489019775516396
0.366895139945942
0.574942083418507
0.481707536476469
0.469829347216533
0.595587048641532
0.445388633778619
0.535661562446427
0.545303960362874
0.561591977342745
0.4379862285981
0.546633529101584
0.431272491956521
0.551867554297955
0.399022671313132
0.386962530391093
0.445727220435918
0.721440442486701
0.507939722113334
0.500253311785626
0.423278428177636
0.486977638277858
0.571126872723538
0.528139810202854
0.385925055260252
0.591347522974587
0.685272549970962
0.432316694303942
0.436183190977352
0.443969772180582
0.403019929316319
0.523013339846977
0.55679215687542
0.448115531219973
0.545281675692283
0.503156821915672
0.440718202201041
0.431607405903515
0.522341280749621
0.533187759702231
0.593637445605509
0.640258505533254
0.603186229979814
0.373566691107851
0.490021744705789
0.573641046261797
0.602406727305605
0.574717247268266
0.435060222123448
0.57226599952921
0.616542982817001
0.626832540644826
0.566989739180716
0.666405305408178
0.566825345743424
0.547184963051406
0.606421438973122
0.57677145533517
0.647825732106414
0.56417193912921
0.588931924761551
0.377947552564541
0.453610846102958
0.596620890966512
0.562220948622608
0.617312340857821
0.521316283547906
0.574252894942904
0.537666163001282
0.546094951936186
0.623288334110905
0.569526782456634
0.43586753610032
0.823563056264326
0.64851504557876
0.573423548027412
0.577690792920758
0.709831552199432
0.496593938893622
0.690935189374558
0.615228707660126
0.593794833848158
0.601174043908336
0.598383999207751
0.618386669904205
0.620931163287661
0.717888330849018
0.556517731493717
0.716574125964119
0.550454071983418
0.592396553301676
0.697481798639454
0.599635487237695
0.600628062599819
0.768921246971424
0.765758011377327
0.608636484128357
0.641720425519332
0.669489699018043
0.720714181938487
0.70508851713538
0.656007507174635
0.73508410726724
0.769933301349461
0.724381385698285
0.576981606101013
0.61105892938399
0.691606592829138
0.73654096673115
0.753805528324374
0.658122215050938
0.51582031271036
0.62667636452799
0.77705804850638
0.63272292082033
0.713339753202997
0.708027255811054
0.834979084571536
0.655376550578329
0.631900483529641
0.600055167896079
0.778768421261357
0.757207899993116
0.624590558565292
0.675047322789868
0.695935087713834
0.688047352232314
0.712787609075631
0.66986974575513
0.73237512106521
0.591367391100076
0.865742110123386
0.615480870688316
0.553078276801028
0.769299053069544
0.737144814186439
0.77193432079124
0.691335097815472
0.846733956462824
0.698608296517283
0.732609407144564
0.715662396970607
0.73134386406511
0.696753518828757
0.82659536570396
0.87578854940239
0.892820037046632
0.735673871248306
0.690225063163468
0.576076582858598
0.733243190412375
0.727892274270853
0.826053918024372
0.754497144962325
0.706453303273259
0.887876216899759
0.698641715873657
0.854873857805972
0.767554195937902
0.654208647067856
0.855842512737017
0.723053351143119
0.939636435505469
0.740629339151887
0.653170992645132
0.842667813444995
0.818803104555574
0.699154523106313
0.763358791921196
0.760909861431915
0.844855699096079
0.767000693293014
0.811349208043255
0.678044012271566
0.63922730828366
0.86868351715771
0.830111991269732
0.816999271950731
0.839309350487029
0.83778383689482
0.914783029856418
0.828584532561365
0.808924001219662
0.901579990369742
0.951196172833223
0.79013278939711
0.893235485093974
0.685523856852952
0.764530731664858
0.839996847076246
1.01596669626733
0.75819596727854
0.89054464640576
0.817328321198154
0.695042127291633
0.855822254434636
0.936425988074884
0.763714840969961
0.764364576391751
0.875443423616938
0.902864793179783
1.01791055813724
0.886483633589756
0.904369236585197
0.899351072703063
0.999291283996403
0.828188273950796
0.854039405729697
0.938348178591171
0.742033776700358
0.976072699074747
0.936840852851338
0.687002243925106
0.887322386121878
1.03247024352839
0.899076768621959
0.744971759517089
0.956322642013862
0.802419540917784
0.904622320082199
0.849523523141783
0.754041865345348
0.873860744925207
1.04290425145177
0.854414610464588
0.812038831630439
0.979063996015298
0.946639575102755
0.862972138833275
0.961406155528461
0.886248580192191
0.887939416777725
0.94295764180349
1.02330553370323
1.0352736515431
0.831777305012048
0.903482209252145
1.07717706837178
1.06433440684996
1.01209890350087
0.991052819085912
0.935515486698316
0.825041539698136
1.02929300989999
0.974538960954433
0.907397134120618
0.813726601701159
1.00830359704126
0.991005638060352
0.779324809676289
0.758932999378114
0.840179827890413
0.971827099098425
0.842792378488551
0.959652532333479
0.82118357524284
0.973242843519029
1.02123012119834
1.07468175048781
0.985942478224368
0.990844876319918
0.999221215322845
0.984576915653019
1.01832528944646
1.03132889477086
0.976771510478619
1.03383729526011
1.26546510480127
1.1164585570879
1.01676389556286
