"x"
-1.034864656043
-1.12043766778484
-1.02394623810521
-0.947393033484579
-1.04283257443962
-0.98254290436686
-1.07645744243323
-0.959431889756449
-1.15935968779849
-1.02989102787616
-0.959033779415354
-1.00935408588824
-0.994519454062206
-1.1467351336133
-1.12241225852022
-0.984510730398346
-1.04848563145643
-1.11609189673116
-0.848194616859475
-1.02594763608699
-1.00278493839435
-0.90420372749792
-0.931595530386468
-0.956540413253363
-0.889466952754815
-0.865061040989647
-1.006383786968
-0.856345133627412
-0.919535794868311
-0.878200332852337
-0.928586669820736
-0.929807285181877
-0.997165840411008
-0.838829572225399
-0.888363730994242
-1.05468646537538
-1.05113764287333
-0.945713839595731
-0.881275228695149
-0.957220582555541
-1.03942121513338
-0.778208460263868
-0.974630662360211
-0.967789511811804
-0.95199375395789
-0.919081026685954
-0.982987032556136
-0.944111477770376
-0.861070902324066
-0.989493835764072
-0.911803411394187
-0.954925490373306
-0.868887047627409
-1.06861036431819
-0.878979002376515
-1.02381506768374
-0.922229205368419
-0.711735334807248
-0.78111820619329
-0.882840733739774
-0.898084643067957
-0.892488568535153
-0.728810432383557
-0.879493882267843
-0.951043941630482
-0.861786422337174
-0.941856385247127
-0.984954805436213
-0.980400207550791
-0.827793651507516
-0.791188724896213
-0.863817538256019
-0.810654957650184
-0.824496277572442
-0.956419210727085
-0.870369053169263
-0.8765870595551
-0.638135914970288
-0.858121719141244
-0.724335697442712
-0.718616119257791
-0.760369057601996
-0.850734146554269
-0.89880454492665
-0.988800184153304
-0.841357858014945
-0.796016146920585
-0.886207681846391
-0.787044099973936
-0.894681255444209
-0.787727576329129
-0.851889857811761
-0.93775698347166
-0.781946856465604
-0.784898382406067
-0.737703073263834
-0.728635689422101
-0.742271971360361
-0.700345251274398
-0.718493522536481
-0.852943332651646
-0.741763747671275
-0.607730346030746
-0.883841585844249
-0.813244250448736
-0.816583406047828
-0.873683557512247
-0.798189258002351
-0.745467602875272
-0.713107578449387
-0.690806288405976
-0.795860202644524
-0.7365053631467
-0.876549761634536
-0.698456245226198
-0.916650322675884
-0.729863314969363
-0.893907279014874
-0.663955669173225
-0.892613810170233
-0.735599479477295
-0.794707163490205
-0.819342719932955
-0.967377621829563
-0.741957569636594
-0.84712304932675
-0.74015088488762
-0.629036729987185
-0.71723996474457
-0.673495285940228
-0.708074225821221
-0.78795273912947
-0.807683058431904
-0.872893513874592
-0.910188480192962
-0.813811975161873
-0.63786488798543
-0.626151174751228
-0.764639388365219
-0.682967999138777
-0.794699064933723
-0.456650077658776
-0.695397425979515
-0.757371070821932
-0.630432348542838
-0.513817632653689
-0.87678544404663
-0.558802315801379
-0.68657177895313
-0.641370100333656
-0.798221771607175
-0.660602148021887
-0.806862671276114
-0.732363640610996
-0.585875643613864
-0.657812310727446
-0.584380624032335
-0.624317812569304
-0.600665123832542
-0.698053620271912
-0.629411511810615
-0.712534205276266
-0.621871663684244
-0.55337845507538
-0.617327285241075
-0.628888082187414
-0.695522025323962
-0.605831340736821
-0.571174582649229
-0.70396085490473
-0.749611955272155
-0.607857831772293
-0.66759687602121
-0.645533605224713
-0.588848809197321
-0.521843075460737
-0.555812287757528
-0.569559550022906
-0.633061039172974
-0.683043648607241
-0.731276699572306
-0.693889752681411
-0.416554974328356
-0.599488216233441
-0.619348987190106
-0.683132738150592
-0.571302025255508
-0.56997104019582
-0.729747199243972
-0.600826192852413
-0.69884752497632
-0.607891727106447
-0.728845830585075
-0.695656099871396
-0.515547277416709
-0.651271579786575
-0.654325309032364
-0.672188242244759
-0.709009358130436
-0.495600320650809
-0.65804094276332
-0.611709656799262
-0.653398429062263
-0.613860744119755
-0.5876026533423
-0.524725744872959
-0.636923854860898
-0.587548375232452
-0.627888241323461
-0.507844305753873
-0.500523946721431
-0.482642067383225
-0.575401360076018
-0.515432643535182
-0.523442117717691
-0.531404791103393
-0.466900781540264
-0.50752529976349
-0.589556363657048
-0.600867342837905
-0.53919357879527
-0.597280798002186
-0.613569727256267
-0.524791260441325
-0.436482903730703
-0.575557535532813
-0.492298969938573
-0.595192500366821
-0.532363371613421
-0.4699696218601
-0.431401745739811
-0.597458601258822
-0.491772969585637
-0.539971634557115
-0.547951884051042
-0.476111314024998
-0.545895583146658
-0.540676368483139
-0.580451859360087
-0.524091349162113
-0.580667838379659
-0.576836154780939
-0.475434452709359
-0.618932296067582
-0.524108051192281
-0.547591729834393
-0.519276367556964
-0.565828815873289
-0.497824644643862
-0.551098465803388
-0.518813487431422
-0.600448414532472
-0.374187816667845
-0.619095422101206
-0.479656254086875
-0.565405170718761
-0.515673745357839
-0.529333018446339
-0.470122492378747
-0.514381683645344
-0.620362894807557
-0.613834003626482
-0.367036133893603
-0.548170066080791
-0.417010058154039
-0.49208761513211
-0.409930951222755
-0.52314647628856
-0.400446699309278
-0.389391816412848
-0.34339669580253
-0.440254580559802
-0.556033376248928
-0.447590904744261
-0.430012797535256
-0.344836993216973
-0.461595687374667
-0.485778561713914
-0.520273555104424
-0.442388548298203
-0.465623246522693
-0.527676432026263
-0.325397852371286
-0.415376618328633
-0.42855237935571
-0.378945165129548
-0.375228718027495
-0.332578709639251
-0.322953849509226
-0.351600426029628
-0.4354268025746
-0.27933537245289
-0.303898205393555
-0.516246018430017
-0.368495045237181
-0.399652350767364
-0.452148368298214
-0.241489467941297
-0.426885344460477
-0.441596172145747
-0.425181428850748
-0.361248033928622
-0.376963503975955
-0.474845537844817
-0.319898898502105
-0.383790266124306
-0.37833405154156
-0.470683676085674
-0.480043638642601
-0.338064503774473
-0.428613191986563
-0.307485371691467
-0.301258721851604
-0.383526432152772
-0.321745280937197
-0.314701934709501
-0.412960150013972
-0.180269480935053
-0.432199168933612
-0.255813567673737
-0.364505804979777
-0.406136670522262
-0.376892804446151
-0.387297908438189
-0.363354371436129
-0.450368211418212
-0.139046275503388
-0.336352142049195
-0.359482527924822
-0.175056823132494
-0.333056676072942
-0.2469425903989
-0.380024181865363
-0.309950461809964
-0.34216508768146
-0.433071554565339
-0.34568393841908
-0.41087967100311
-0.396029400335322
-0.223358260630863
-0.32603423896201
-0.350374608411138
-0.232294111309868
-0.426342755726781
-0.391580854203043
-0.25509469052567
-0.347142682964303
-0.462033492555454
-0.412281651725718
-0.210647665654913
-0.308561021163173
-0.294689787760711
-0.202048832676043
-0.264478229194129
-0.200819116137776
-0.240596910964398
-0.327543883246564
-0.293371659400746
-0.439974629447526
-0.222838601323297
-0.390768291549206
-0.370264723955765
-0.303845623372822
-0.264343306767236
-0.171549277034092
-0.411231390525247
-0.281396721872197
-0.342489771243175
-0.166160838738689
-0.205437505620837
-0.254319657490156
-0.303295704642602
-0.289364013677129
-0.395504493071961
-0.270528403547917
-0.21329496599048
-0.316013868506321
-0.249992920360516
-0.319219792740491
-0.382116065427887
-0.283059467551106
-0.240247525622819
-0.359673028484482
-0.233936350578416
-0.349197365135658
-0.318022219363378
-0.393038793251561
-0.176447116083046
-0.226751757667152
-0.205634055079146
-0.19084741761682
-0.171716447478904
-0.25453120219589
-0.0709370380606079
-0.372386774101312
-0.224368489141363
-0.206622374735269
-0.124359738625717
-0.275058646331125
-0.30088430734224
-0.246011269555942
-0.106404341076829
-0.19575729113385
-0.287119824636475
-0.352384858098604
-0.0391302701378215
-0.0888322961541297
-0.346094665397113
-0.217333564570957
-0.226022235119917
-0.262317642038613
-0.0497150791544827
-0.146043669495364
-0.250101368784103
-0.217173763055219
-0.157932625120355
-0.232583606150073
-0.182913714578977
-0.0762785546722614
-0.153999848943511
-0.097764782817006
-0.194059337371633
-0.129787880865026
-0.188520874386593
-0.205254688232854
-0.0603148440078761
-0.088112434882414
-0.186979151368013
-0.0859073808991459
0.00881694437738716
-0.0970853446113655
-0.0839694494066816
-0.266056674746803
-0.151287764648882
-0.0776147176732528
-0.0476355155286131
-0.0841582514866044
-0.0576001763967144
0.0594483124750003
0.0168518381252371
-0.212233550892023
-0.10241816197103
-0.0407252924514614
0.0845757323328458
-0.134013471041544
-0.0671434255934148
-0.148474057576081
-0.0664570351979202
-0.0730213348339351
-0.286270158580189
-0.129557715012911
-0.125337983354272
-0.128383493502938
-0.198971084497754
-0.0345561681708991
-0.0818688941124254
-0.0174442636395477
-0.0379025983818692
-0.0414309655233746
-0.128958540450608
-0.0912196400905147
-0.0259385774895457
-0.0509713121000201
-0.0456670427160057
-0.167573072393041
-0.115949213182741
-0.0413404362407471
-0.150476634077362
-0.139097727882291
-0.157195671198259
-0.0774049865438224
0.160173208667034
0.0810211691589543
-0.125082068000378
-0.0157856387139623
-0.0167578119981458
0.0477439633281425
0.122459264242507
-0.0165662427175185
-0.0715919371814139
0.0251059908278412
0.0907554695786475
-0.00958380820857928
-0.00139172369284973
-0.0358777902943432
0.00873343626966898
0.038521365341529
-0.0851583184229462
-0.0580439774706835
-0.0195244574609698
-0.00610329402303004
0.0211509125620123
-0.144202676176041
0.120835605777187
-0.0313891493675349
0.0672421569967012
-0.0103614651212084
0.0364275500499233
-0.0901534709191572
-0.0456368113816623
0.0147451790560676
0.125334308007246
0.0350559963000747
-0.0451430278165609
-0.105443653549134
0.21877165001179
-0.0084092315313602
-0.0337969154693419
0.0785217424231511
0.136419391901375
-0.0382693354094616
-0.0176286451312022
-0.0914102753025827
0.00364288852692156
0.149604145371625
0.0382432819728695
0.143608422183042
0.0554644281767132
-0.0296635819897409
0.205565715645977
0.111012233191897
-0.0624151524687086
-0.0958804398715057
-0.0483791905993568
-0.0662719932708881
0.0406134327546324
0.0980151246282744
0.197703380465035
0.135672250723478
0.0409874150754031
0.060811795678455
0.0485989565926647
0.0468799339803408
0.129350565964341
0.360038055155591
0.0799864248602428
0.0738006064004835
-0.0418912493191222
0.0783963695708745
0.0931946733953447
0.139855592905446
0.151058155528579
-0.019790887187198
0.0635526181716615
0.213667490374448
0.0830679769395595
-0.0128664033126943
0.113046721469265
0.0379889991208811
0.0890540935630399
0.107140502021617
0.123027397086082
0.163134982607883
0.0716455006234711
0.0626447453024094
0.0970913139403494
0.0490944349556822
0.103880123923621
0.128111634960002
0.138999318243882
0.209535790698245
-0.0360183839227944
0.0975295812445655
0.186279552363212
0.245694172310084
0.0160114696099519
0.0328861483204083
0.188443507016828
-0.013986239192848
0.181691312305331
0.0226557733267573
0.24771847461544
0.172499250820442
0.142063951022681
0.127177090019565
0.0917337070419885
0.230734960689468
0.0730414380266452
0.233486333993126
0.0239326515071533
0.265375884236641
0.220441197664734
0.137501860909866
0.0795868901364987
0.328274406619264
0.239306981963304
0.248483066363681
0.182228183268025
0.0765895564579403
0.0590070407876766
0.103537552605668
0.0286994921099139
0.292598488759497
0.290538160015499
-0.0305362531470109
0.270769877115608
0.300868554937213
0.252585013796426
0.230119604280843
0.199006760626146
0.160248017886498
0.178864367784838
0.282183522634453
0.091991522258515
0.321687442769272
0.285406523301777
0.159217863106538
0.229888858485261
0.236211597601114
0.259156180756547
0.288493129419594
0.102679182716574
0.218368405451544
0.266516667647473
0.269873390804967
0.376632544763169
0.248385369046387
0.240728490741943
0.27926475329604
0.242958152945007
0.143381872999681
0.237637712986899
0.302060656474297
0.074717082859917
0.191579981935179
0.260153748085233
0.366188677965074
0.155382141751253
0.362423102156833
0.36682505963719
0.269831888626137
0.15410077438146
0.290225943108149
0.264748119896913
0.338604977580655
0.182074965241698
0.391863170168153
0.424159189334512
0.283113452689792
0.268984602035399
0.285368655517751
0.236663719501218
0.394298035235859
0.450824351565626
0.329149554928431
0.19465843525519
0.152533753697821
0.444340599470333
0.281744504360982
0.218259109106796
0.330954148583414
0.24913250172245
0.409155088396386
0.285636194606619
0.296831361988371
0.255413601295961
0.244453252327445
0.406618396416281
0.295087459216707
0.486875869963804
0.285856617101342
0.378791851849858
0.356833489957649
0.383662778802715
0.290544729819778
0.252363210892989
0.412042210983085
0.312235242075953
0.44461721413072
0.310437407839553
0.422375001681928
0.339178106198291
0.278397012523694
0.371925840714551
0.472795631553461
0.446156600425331
0.400034854447093
0.351422924277965
0.350496087726359
0.290923698278139
0.163828827592818
0.428353254134045
0.220200855283449
0.200635016141915
0.413073144123091
0.451458750191306
0.414377724764375
0.355962060837689
0.351760865489399
0.376903193655569
0.351284994693438
0.365050472908137
0.333235015951128
0.346865108303399
0.385208998209615
0.326255832630826
0.288924532881817
0.377515161221417
0.451011513280899
0.354193482370596
0.42819556397108
0.304510178547905
0.360633039139992
0.302992796599221
0.235961204525727
0.565782792749694
0.451862458506504
0.325788666306255
0.429445561401285
0.515597081570213
0.423184984378211
0.470696261556132
0.32772398941921
0.346652568325838
0.413791893740891
0.36930039826644
0.303753667579714
0.416847247425004
0.293742536875677
0.440964759131513
0.5082914823679
0.493656891812482
0.474186788925104
0.463980712997209
0.530869000770544
0.45729435274834
0.502593620010777
0.401716551271443
0.637502182896035
0.372159461144365
0.541218870690256
0.422376407805761
0.419040661096443
0.496064285426699
0.418737774364867
0.557985523458934
0.51593944191649
0.325990720197063
0.380925329947774
0.397920356308152
0.401763845380623
0.592822312989482
0.62176683579242
0.687997423746995
0.46209630679476
0.491895709284175
0.601757676953058
0.498679040094534
0.421002209899656
0.482317755943899
0.459758260767698
0.550640312768814
0.51179327490829
0.648258981669191
0.340817878864769
0.606683107939201
0.564961511689254
0.454289636415411
0.625633698795342
0.568404053239465
0.586366912744641
0.671029540833675
0.516113833443902
0.448914675342727
0.484098715059643
0.60945333419755
0.491186611306919
0.493047551702593
0.593312055346941
0.581605664806126
0.512590581110135
0.563367207381485
0.506620059438553
0.738397424985721
0.703705634261856
0.394885438111541
0.448114786581448
0.553791043730362
0.566919387878892
0.47802521441297
0.364715947105138
0.469973643042135
0.552876876048102
0.574358075114498
0.600658122180728
0.426659434054927
0.696049801285317
0.640409736036818
0.572554297127435
0.579607335104272
0.717485851069851
0.445540346399501
0.350375759070278
0.545586336255113
0.527217853063475
0.527839700531698
0.492539615581192
0.425540011883605
0.572154677380311
0.556019454711786
0.837141335471695
0.688688741058301
0.592073009847902
0.613767806559492
0.694018993648004
0.630007137168535
0.663610523035449
0.636337069884527
0.592788774194831
0.575339612781907
0.556754824427983
0.674863570082952
0.511043186754391
0.696680997948943
0.696046891525075
0.685128649989341
0.742218258634524
0.5819705881758
0.670187980219708
0.629466951125207
0.682493683897569
0.605696267586961
0.756914058213105
0.810513779015388
0.830889740971129
0.636849129780846
0.619676463397843
0.671750894484516
0.784784388513789
0.639948681311416
0.721694879408683
0.680179809833541
0.673746541323378
0.557291024469619
0.606367884412709
0.644814704152308
0.575712885549654
0.790950790552762
0.577549973567039
0.631883951828944
0.485228820486129
0.616828692285879
0.641956327926042
0.516097048579748
0.689517283798298
0.654156975787014
0.727664081362872
0.612424693336653
0.711507774822255
0.64378579335192
0.539788604934565
0.616717837092531
0.747521507907079
0.807190418328795
0.817458153179745
0.718661392244381
0.732014703554943
0.793513949109949
0.64942759165829
0.609139450017702
0.760950187502132
0.747505819752239
0.739527982221463
0.763467991942334
0.807937229244303
0.67702452259137
0.794550539700352
0.816067902875194
0.667546842351744
0.634733080603775
0.679164249054862
0.704286456583007
0.849397270266918
0.84178645009541
0.597502605447868
0.709704062735818
0.882391912383371
0.793731519164084
0.818865173795605
0.668126717478867
0.887149362751115
0.771476247889171
0.809508132016392
0.764362194296174
0.773443454895469
0.917173497010397
0.642951835099848
0.834809385126544
0.799453302968681
0.773039699454109
0.716928949422393
0.770055556583135
0.89014959524803
0.794305009340154
0.825293923460794
0.796995936961691
0.764552631300047
0.7462701423695
0.778064846420252
0.84304918931761
0.715574057162213
0.615859253463541
0.952128619110976
0.686829665288056
0.905779669774552
0.874093203438888
0.858593401034642
0.693452374338507
0.841289525864021
0.891684621489785
0.730548010502006
0.807813541727129
0.825651699835504
0.895798252932567
0.993609586293934
0.853574847458786
0.653978737031587
0.757191626258131
0.789265170378913
0.909067472869291
0.764739171000747
0.83454504737169
0.851086595010524
0.842548779537671
0.692490664033211
0.892581731442152
0.834596862805403
0.953080514485807
0.88428389933216
0.74014924342962
0.956727343670803
0.852499092614481
0.822378283407429
0.744513224369557
0.829387045410435
0.794383237006891
0.868112791045658
0.955773734653463
0.871652442833933
1.05107164278993
0.857510576423245
0.878924420602396
0.674940064965765
0.967111826170311
0.966124461010919
0.944950045922018
0.855162009207882
0.935699959852303
0.859770863108314
0.832462426152797
0.837550884532934
1.03555442241704
0.953568548333283
0.846374038711528
0.909680967051495
0.881322844230525
0.905058435804361
0.950644928043251
0.932341917470563
1.01202056158457
1.01278907556718
0.905058221848471
0.809708161340244
0.826048207879872
0.891696717120355
1.02271284075873
0.92605735754798
1.03065256427611
1.04183308517687
1.01853213635267
0.890437560925114
0.832032400213208
0.900348322974163
1.01931432035799
0.851498436577925
0.934978608566318
0.95584821015292
0.910397335379398
0.846762725441735
1.08096150726208
0.896091558180898
0.773574579545833
0.875619572504396
0.882504472988297
0.992513448417281
1.0250719100855
1.04334812320773
0.951397849306456
1.05560597118786
1.10253677459751
0.972541947979119
1.05737881021424
0.980108604407676
1.09574825886154
0.978459229076178
1.02597156879121
1.00415809923509
0.930712822466175
0.950985642334161
1.09352013512429
