"x"
-1.05249620739391
-1.12993690247975
-1.0015756375308
-0.919872172616843
-1.04333994223793
-0.983133333297836
-1.07343923798389
-0.975801727361487
-1.14426272610791
-1.03797258873972
-0.975960910905405
-1.03516753368798
-1.01052029419978
-1.13981320899304
-1.12428096987811
-0.97826331019056
-1.05696151890483
-1.11117715184172
-0.84233685227538
-1.04120500281701
-0.993164063112622
-0.905215504580899
-0.926484155551799
-0.971761021448749
-0.896941280779794
-0.853584263178156
-0.999216491952475
-0.854237651787819
-0.941455359983579
-0.876621116655917
-0.922645245118065
-0.920543086273226
-0.991213957368514
-0.839511049847238
-0.870905341328775
-1.04598533797707
-1.04341571639784
-0.954194853392864
-0.881787183893621
-0.955657988446753
-1.01925875442992
-0.797425834277014
-0.971865340353646
-0.973640400756219
-0.922977508332342
-0.94824222007277
-0.979587108030037
-0.95447363359818
-0.862786701632814
-0.979772326695193
-0.914180760049451
-0.962331699043013
-0.86144963563687
-1.06333034768494
-0.879087103889891
-1.02443540123858
-0.913933445112293
-0.721640199826779
-0.779470088743225
-0.898648053498168
-0.886255467670864
-0.868085240385406
-0.711185589636233
-0.867651080237987
-0.960102694401818
-0.874390782778524
-0.931394582286925
-1.00939644731461
-0.972216759297864
-0.837310166442967
-0.772369259391462
-0.874297344580176
-0.802823558746949
-0.806330097077133
-0.951722552967447
-0.838329115694198
-0.898056149652747
-0.645690633721221
-0.827349958037096
-0.749078007564001
-0.715183851663486
-0.75341679581137
-0.868202029433913
-0.890113352637016
-0.991574820913019
-0.818567599146344
-0.795041964538073
-0.891935297778553
-0.801503644143495
-0.873231870479628
-0.778842214704744
-0.864199899018511
-0.923404803781916
-0.796818488739543
-0.802395891051149
-0.742641304192001
-0.736684385088332
-0.723710310964524
-0.702551968021632
-0.721722612896998
-0.854735428919008
-0.755352236951694
-0.620055983641739
-0.859237143966739
-0.806371622858312
-0.778420833073198
-0.868007505483699
-0.790702089357399
-0.766610203351222
-0.707386212554504
-0.695559574606914
-0.808968107073296
-0.707588886424381
-0.870383673840678
-0.708920810931099
-0.905758077961851
-0.725144478855265
-0.877652919794503
-0.668541642573056
-0.880922871309253
-0.725300537131699
-0.794550897419972
-0.822071319763046
-0.989730037482748
-0.762683490744366
-0.833285762010769
-0.741607973869956
-0.643016717528744
-0.705889812544564
-0.698666769846195
-0.705238448796381
-0.780742073401781
-0.805817578033271
-0.898474438760245
-0.924523649323583
-0.811372717025933
-0.628412894914994
-0.636358478294565
-0.743470832096274
-0.674992021075164
-0.801201798331449
-0.458130883335437
-0.681456105205341
-0.76413255067536
-0.640981164524627
-0.527631113305694
-0.878950582086884
-0.566047756123518
-0.671858577640275
-0.616397718983371
-0.805959570522649
-0.676686099770062
-0.782349963759577
-0.726115891564775
-0.590680314887558
-0.645364561735706
-0.581788577673416
-0.631517738910264
-0.605248366211675
-0.677481538330642
-0.611155286419949
-0.725265301584763
-0.604435810417383
-0.533472827171977
-0.648927042076656
-0.635585933946718
-0.695625910163211
-0.595317359244043
-0.561547923303328
-0.695468227067532
-0.774101699083441
-0.612161535586028
-0.65342339639235
-0.642701394928555
-0.575150090230845
-0.509108421987041
-0.576861274049452
-0.575196615084224
-0.669066390396194
-0.678253752078852
-0.747304531172445
-0.67992276891063
-0.452562526184629
-0.591136034809199
-0.632267458001976
-0.696862479640757
-0.576225957256063
-0.577622608106587
-0.710135966274774
-0.596637165130023
-0.68973066772237
-0.619207351215392
-0.743937452227255
-0.686676615279288
-0.502295370587834
-0.647056708120242
-0.654493943030296
-0.6751979808277
-0.714995705640066
-0.509548650872331
-0.667708447859011
-0.616786434970015
-0.654809514145843
-0.605087633611751
-0.603168152592402
-0.505982547532801
-0.66262302865232
-0.573610924015026
-0.629137551831155
-0.502936558383844
-0.493940972225192
-0.4832131005066
-0.593540455829635
-0.495539921356193
-0.537879300766386
-0.54173695820307
-0.476284086049966
-0.503719580717488
-0.593248398196795
-0.59495793773961
-0.566470595476284
-0.586766259249825
-0.61185582323165
-0.508946411561414
-0.436396331837936
-0.577232487769235
-0.494677267725258
-0.607131483473785
-0.523100486943815
-0.463487275512441
-0.410217124863046
-0.589914626162952
-0.491676790937765
-0.511306641939555
-0.551391267925421
-0.472933819170306
-0.547599478072426
-0.554625885553002
-0.571223927585014
-0.521867520547652
-0.576142114586764
-0.56005131929912
-0.47880171660133
-0.641186029182203
-0.54028377909691
-0.523846675794627
-0.510477070983367
-0.549803417232414
-0.468597026839249
-0.555873566692828
-0.505599364419275
-0.590918548206476
-0.401784165881063
-0.630293789393381
-0.465057114699817
-0.567050898045915
-0.498937435295801
-0.511473739686234
-0.454243131377725
-0.503803345733281
-0.610293162364098
-0.621577557206615
-0.360816749027306
-0.547308999632341
-0.410742434392279
-0.49570963121897
-0.423154399911493
-0.536045509897087
-0.418875352096183
-0.399437159351242
-0.345179440171667
-0.454177736059378
-0.561764478679155
-0.4427274669709
-0.414432124366214
-0.325206561315747
-0.472912721548223
-0.482147188633259
-0.531404965633856
-0.42943679920671
-0.468332086251566
-0.525651411466757
-0.327477156773185
-0.4004440763419
-0.433808656338959
-0.378057152785375
-0.382810686873981
-0.306397107255037
-0.314286682038953
-0.3463976975828
-0.443895555192696
-0.257239970580972
-0.305334261337189
-0.527835744742436
-0.378317930499228
-0.399611883325513
-0.457508058032911
-0.250190068015052
-0.44826028804969
-0.405748401481265
-0.429128914338901
-0.368316116671416
-0.377383385016644
-0.484780784792635
-0.312252484643994
-0.385519015074837
-0.371586704478341
-0.453945348408657
-0.462415495525089
-0.356079322539558
-0.444840306170286
-0.308250906954204
-0.317268802114168
-0.42914093061787
-0.355269501152104
-0.326485561173783
-0.423770081516047
-0.17468433647526
-0.441205525486105
-0.231470369247612
-0.36915273343956
-0.419836060535714
-0.395077607587749
-0.402780928094575
-0.358117530476353
-0.466304214541849
-0.139768946993619
-0.328650902151266
-0.351683382292377
-0.169173524005344
-0.353221980658683
-0.246241374309792
-0.37572880773953
-0.317763875303825
-0.358917436463831
-0.432757354310608
-0.321481810292849
-0.397386076916527
-0.397628614268269
-0.235738216002551
-0.336394355438013
-0.366142226043376
-0.240737100719142
-0.429544019159942
-0.37418991410499
-0.246579643653602
-0.370860371005244
-0.471266537545571
-0.413717446554635
-0.202547208966885
-0.313098077442008
-0.305526625758581
-0.209671423391314
-0.260997113894115
-0.217515378265048
-0.255801082628058
-0.320223110500722
-0.291975282219942
-0.430342692500925
-0.233087123942413
-0.397603729447298
-0.365585965549397
-0.296947082814008
-0.272607777364623
-0.168272925539913
-0.41062923181755
-0.307472775961352
-0.320902148316824
-0.168904890027663
-0.191231735652464
-0.234351370110705
-0.307298959514739
-0.280306096380685
-0.394868376669977
-0.242314772428321
-0.211819434364089
-0.299849767670377
-0.265048363100154
-0.308919013263341
-0.376136757557319
-0.278667653146085
-0.237822258251616
-0.367251716059796
-0.232486080859493
-0.348596002639636
-0.32870337263117
-0.394387709132998
-0.200682802261501
-0.220050395835775
-0.218449294706541
-0.178117464946591
-0.15787095096806
-0.28167134454781
-0.0623712321297593
-0.367763009245389
-0.217206315840099
-0.224469888600623
-0.127991719621148
-0.30509703081123
-0.315618872259216
-0.244106273746477
-0.11452692966462
-0.184497000942912
-0.286953267169313
-0.345254270751651
-0.0399576080588336
-0.0595122762739679
-0.367051239809077
-0.222249959141243
-0.232113340703556
-0.274248694580873
-0.0294450511894287
-0.184995103839661
-0.256231920779937
-0.212872452325985
-0.155403269825266
-0.215771713081177
-0.179957519000632
-0.102860988725979
-0.168135967405249
-0.0981745797663436
-0.19607137383492
-0.12959453784205
-0.183242560298842
-0.210926158103145
-0.0711360778895042
-0.0931217296790072
-0.165878196269289
-0.0886080667623677
-0.0121219399610604
-0.0872047892957116
-0.0751676207379656
-0.245466889758242
-0.163409849403596
-0.0906603565054694
-0.056052306345809
-0.075286965838897
-0.0667392175049861
0.0631586140744212
-0.000973002491798825
-0.208890384929445
-0.132963005285819
-0.0567321320681075
0.0944446362953809
-0.151776525952022
-0.0563264684504271
-0.172574117118123
-0.049964629221194
-0.0585145638822101
-0.263261082061741
-0.128803830091371
-0.11732916219722
-0.120537319008208
-0.209562643798926
-0.0228785864465122
-0.108435888174289
-0.00992982741103964
-0.0324223595596248
-0.0429350797536517
-0.119123163608152
-0.0767848077713616
-0.0206408553945892
-0.045609602484575
-0.0512947969793235
-0.189416069379265
-0.0991570446527007
-0.0473992776901654
-0.152554864121828
-0.145855562833176
-0.12517882918181
-0.100154648384301
0.168455786196543
0.0790592741582605
-0.118098824269807
-0.0193772526644158
-0.0511107818318888
0.0289345193253523
0.107723067136631
-0.0378959534270541
-0.0672201234648003
0.0245976644966772
0.0956297636699045
0.00436044841455206
-0.0092947419627468
-0.0406706343320201
0.00571920258212469
0.029109989254424
-0.102030442192351
-0.0717629035080342
-0.00933082778231615
-0.0252722622430763
0.025726418732661
-0.113254754696014
0.0999426279510142
-0.0442471956655608
0.0594198285642143
-0.00326382295362545
0.0339935285552747
-0.0934769959095759
-0.0324144660976023
-0.00499675749911679
0.14326807424789
0.0574403427061072
-0.0310804873792601
-0.130653999978648
0.198091597788668
-0.00982265790799461
-0.017354103938472
0.0852919987918081
0.123998251973654
-0.0333581328199481
-0.0137137667798074
-0.074481354359959
-0.0132035713881203
0.128410093635867
0.0418732617974877
0.142895751903856
0.0669362734703761
-0.0415552127814002
0.22088422722871
0.122391284300521
-0.0650212371268373
-0.0916432405528303
-0.0548161990658915
-0.0653538624968481
0.0480590731611645
0.0962658371276081
0.182317136384702
0.126316742033392
0.0552725263785999
0.068429614999785
0.0501755021125671
0.0400890911764257
0.125668714751272
0.346167675759242
0.110823050590066
0.0708263426309612
-0.0457773196726949
0.0874561536448916
0.0874329993151681
0.13548660239123
0.168363825243526
-0.0093031496576555
0.0721582957024366
0.213158723434919
0.0826613589967051
-0.0106944641841901
0.115432144697593
0.0209960309054946
0.109482152200886
0.102412534903976
0.0917509461755881
0.183007091666427
0.0742942953624495
0.0641654374707364
0.10243262087191
0.0207183190273356
0.112155299981069
0.129723116626573
0.117614852266066
0.184811410608249
-0.0513867390847025
0.0887927738897098
0.158974963244436
0.252811255459773
0.0354343150406454
0.03790073236184
0.157479322140476
-0.0265534879464616
0.206263817999809
0.018031683284022
0.259695243913569
0.172219564736445
0.125888225104323
0.137407022375187
0.101695825577012
0.255184412721812
0.062317854496873
0.233269114631778
0.00314466991567083
0.260717348079805
0.201377817065676
0.1188258801677
0.0873953448287153
0.350059961546094
0.229679033888946
0.237236653029338
0.176429850682555
0.0733457721605629
0.0401189107704214
0.113498612679577
0.0134505677571519
0.264818521523895
0.289231527118734
-0.0395515651264268
0.241471181746401
0.307467963482313
0.216846166391291
0.24003826926235
0.182951636377776
0.14604183273963
0.158995789810809
0.267186810870565
0.0944291627604494
0.323788918981605
0.28904427956564
0.167341020282216
0.225607669768335
0.234991514244777
0.261777174808744
0.282933220934353
0.0959409531391994
0.210014626248264
0.276330762507066
0.256387217411445
0.389305463940978
0.271820593565734
0.232944071122341
0.260265874642281
0.240296874714298
0.150640398073393
0.259345557114161
0.291200974240672
0.0513282408240734
0.182481616479701
0.244552949400174
0.382567707580692
0.150657985866957
0.371619143000247
0.365667233504699
0.285404014020637
0.153648849029436
0.275095364028945
0.25857312677267
0.333217535496634
0.202134251568632
0.389383644818981
0.425535291445784
0.274845112152206
0.26452534737109
0.246936091689157
0.224688850204854
0.406140846099693
0.455274094955483
0.311918974581977
0.187361084867119
0.123852426036637
0.442916315303675
0.304628086829963
0.215882045582657
0.339583251232009
0.260157623403748
0.391528320977897
0.25860342073619
0.288768548561264
0.23859421472328
0.253808848039026
0.39052835561047
0.30020587612135
0.469759157053322
0.287362122714285
0.381462422282502
0.337759214509693
0.383211296239063
0.290657606836662
0.251583241989939
0.415512337349532
0.322813443449891
0.442149708361693
0.314894852151565
0.448627942831097
0.329928813508077
0.317851856610366
0.364451913500276
0.479175970205809
0.430474104005554
0.41879595500054
0.363384587168372
0.336367377590618
0.307122142024985
0.180129677631918
0.438779234358457
0.210851806452023
0.219421051771721
0.417151430498815
0.430518073245029
0.430940066042755
0.350087442796535
0.341792116345323
0.358598959091571
0.351226681598524
0.360211674322668
0.340362695284023
0.358931325558033
0.389453756755537
0.320152584294506
0.3082492644895
0.363181927236804
0.471346115073634
0.367194676676031
0.445810443411885
0.31089594677734
0.361749614436116
0.30661491598394
0.224395201607656
0.562598357785155
0.466304248629322
0.348439948219304
0.440869805104016
0.525367440508626
0.451968613230539
0.468254679675349
0.326240478656013
0.338711183900872
0.406208552145936
0.366301231288309
0.312579818112879
0.402354919762665
0.301124182495035
0.433008379909699
0.507749461676438
0.468296872731597
0.457987055933116
0.465554801317067
0.528846660480994
0.437729526454849
0.490763141752248
0.409846653389783
0.650387819214395
0.353245660626624
0.543334786094678
0.418200088648282
0.41069068748039
0.526550200394439
0.431457387616986
0.543599194447754
0.514459081408379
0.338082121128069
0.40207538184277
0.397835997558979
0.388198625670597
0.588061659708535
0.626111859520071
0.661472115411073
0.457552269855596
0.477081981279296
0.604800700581612
0.491886375471809
0.435650174250043
0.490729356655183
0.4519376387363
0.547468149027719
0.492305582547796
0.632590743191347
0.366840119459954
0.606986888670279
0.561378760008402
0.445118288464685
0.61439697519516
0.549252884569655
0.592517242744664
0.644663913520071
0.509899143949138
0.447578278487075
0.456723257094074
0.604769546850049
0.476212673219123
0.471251248304346
0.630636678482552
0.567686795977919
0.516786803135287
0.579164825495833
0.479903181011226
0.732767237425271
0.693493724962175
0.39584641798989
0.441751637748218
0.570110238296506
0.566512708332568
0.47214831068156
0.368747969127201
0.466169785320512
0.545493164488386
0.592617757700234
0.605459067433087
0.441202302374785
0.681497419214079
0.638351732232033
0.592076294943867
0.572720705399384
0.688085603257407
0.429745588771733
0.354453786810879
0.528757137723295
0.533174201252218
0.545100539679379
0.472301956445741
0.417905974531002
0.594587485680913
0.551510228786239
0.83180393993344
0.682519962799178
0.570487879833262
0.621833758703008
0.710209109115455
0.645424951345273
0.681005953521922
0.658239677638758
0.583984260211098
0.603591969300824
0.550964069586529
0.691527998694349
0.51559004508334
0.66959823487392
0.700812215303145
0.688076582726435
0.727579629694699
0.589873302944333
0.673830138384609
0.636313375012493
0.700992821982017
0.583252435495428
0.728114218722141
0.81791292331532
0.811686018663973
0.637894633681688
0.602846230860387
0.672176579848496
0.814542624458373
0.653899932605855
0.721298851114742
0.701633074466235
0.656713814357536
0.570347932215417
0.593110639886627
0.63213852702483
0.564043661182909
0.794883725745144
0.587297630692386
0.628096355245228
0.493968100099149
0.618692714646022
0.652821138463542
0.517369200475672
0.675949387142231
0.651797572499015
0.75402522894258
0.625342636372572
0.738411525112137
0.667923660672779
0.536852967511155
0.630350201437297
0.713075467257551
0.788158842728254
0.817706840029664
0.723734758163349
0.736850915383093
0.78917282434432
0.654203955402341
0.6117194433034
0.758774283191809
0.722822480227813
0.738258610153423
0.744435246759451
0.808726574022295
0.671751014887544
0.78359537194197
0.813505655390928
0.668819905193813
0.650581361735871
0.660591834680921
0.713429174192507
0.833218305918455
0.851416228619769
0.585299511489501
0.70002748747398
0.879939062380032
0.798927807859608
0.798559420744393
0.631233072361655
0.86057527820272
0.781652720154343
0.81195386689895
0.762809473703423
0.800739468707052
0.880510649081373
0.670155098663409
0.84621121319139
0.799904978685396
0.777818858792591
0.716853750137845
0.782463967737163
0.875990943527392
0.78179154570132
0.805918655287462
0.781656003326385
0.76340128265978
0.743785729103543
0.780345789657956
0.842380676332253
0.706563498898521
0.60185818871305
0.954388780944707
0.697886424821163
0.8833475503431
0.866818110817117
0.858557094327045
0.727761980492923
0.835863675628819
0.886180358660239
0.743436749508348
0.804704715258088
0.812679374974402
0.892222471339839
1.02060606401698
0.84904440991231
0.657057985135326
0.771966552358308
0.814141393609329
0.902974209647034
0.78844786691513
0.851058793827582
0.854604494802724
0.818354951319413
0.717247124720062
0.879485071900051
0.832274583951316
0.963155059287335
0.879314547238856
0.751407729090196
0.962623307215908
0.86000423684062
0.81509629989775
0.741922237016388
0.836034302061376
0.813901984014461
0.858037812854149
0.923238573226091
0.859514036269767
1.05506198869145
0.857861082915186
0.870518871780463
0.681220170973365
0.966410977619507
0.964919314745158
0.938391203236053
0.842055528333053
0.94146113474435
0.86000250765724
0.817529050343572
0.839854517587958
1.02166207657536
0.948223765282549
0.853999454988487
0.916797653730074
0.876492554079919
0.901575569280374
0.93751330959414
0.939613254541078
1.02494343741322
0.984932541180619
0.893980374310023
0.823282475302981
0.8166449977733
0.901945995149718
1.02575302037737
0.924956559930294
1.03049878310348
1.03907209922447
0.99797677291967
0.897460790163149
0.827883788052019
0.891499481481519
1.0197279690604
0.86634388936936
0.932848237287178
0.967267916469663
0.938506849007276
0.841224101324178
1.06788005350978
0.908667917451535
0.771355075476384
0.887465470796465
0.874003407404461
1.00902163929955
1.02182567878949
1.05760216487147
0.937617496790784
1.05755497764227
1.0998989942172
0.983302116323097
1.03218645727644
0.972468355465252
1.11028970220539
0.973471611698656
1.00513992266543
1.00050378120345
0.928494213633076
0.93911469638463
1.10126993837824
