"x"
-0.927470154080804
-0.846140723159628
-1.07932434036614
-0.867060995728917
-0.885589587604462
-1.05525270157058
-1.11807655042674
-0.943049728694056
-0.944294086823254
-0.91779835207907
-1.00319934524503
-0.994940920771638
-0.967064776206731
-1.19303267760069
-1.02844751260694
-0.988726976409666
-1.00107334961514
-1.01740781383384
-1.04183427570497
-1.03672435346999
-0.97233658885494
-0.852657785941696
-0.964406585459472
-0.862947416313217
-1.00702171730541
-0.939308609263044
-1.06980029212112
-1.0160039784464
-0.997616882779303
-0.890609894304776
-0.976707045753038
-0.833493108370603
-0.878031814024504
-0.872284453240722
-0.775266711319902
-0.853582278851381
-0.720384582971628
-0.996232917517619
-0.847755330031945
-0.886758864708875
-0.881932537733311
-0.88174232464529
-0.878307402362511
-0.885487948031547
-0.84727892768738
-0.804563163663538
-0.907448324288654
-0.956219978924329
-0.994707286415592
-0.796469699772395
-0.888717763132962
-0.885532918878408
-0.755242586865409
-0.853459906883723
-0.844016405696712
-1.00146058300728
-0.865243969148223
-0.986524578975069
-0.835688833236578
-0.895742206081146
-0.807072412343562
-0.925319748270717
-0.810566770869848
-0.937342872351522
-0.970077542109663
-0.920188002049599
-0.845116314591069
-0.911769224558097
-0.900983255681765
-0.888538992899505
-0.789549132952208
-0.822862745304171
-0.980348386797103
-0.827909098430654
-0.746471577349244
-0.836125171378898
-0.801238500850857
-0.76713575014382
-0.691878860559747
-0.862469452453354
-0.833351890912999
-0.70540912906724
-0.915394307419232
-0.783201768352131
-0.818505646815114
-0.876649942803778
-0.874045449164979
-0.875308726870908
-0.830260188278855
-0.831733622056875
-0.72199631336848
-0.891539899487155
-0.900384197307281
-0.719196088288661
-0.867328610337585
-0.75366684646046
-0.754602071573772
-0.671577959722815
-0.739056295214219
-0.880170680752669
-0.810389848723179
-1.06650418986377
-0.738059110983757
-0.784868701650126
-0.542231717417982
-0.76092556319572
-0.82597006901244
-0.835964216452524
-0.745157269923097
-0.810324779557381
-0.721121012713511
-0.795102792301726
-0.791964302478563
-0.693080803677634
-0.829495902069413
-0.808656665783909
-0.742473727236931
-0.779303582998587
-0.664241204269702
-0.82687624199334
-0.629944668781317
-0.861545835564598
-0.882307562061628
-0.687191934816481
-0.881774293065212
-0.755380717548968
-0.804774313479858
-0.600719930689607
-0.881678355931501
-0.648319313891051
-0.716047813016357
-0.695770672289653
-0.697214481977563
-0.669574600369959
-0.705500620896042
-0.698847043934153
-0.723576988521075
-0.776748338182081
-0.693003506439904
-0.83978075552082
-0.784200248726456
-0.759584043391545
-0.6997667090983
-0.795464381260702
-0.715905250524837
-0.444986865972983
-0.660026400537484
-0.750154679223612
-0.770092110564891
-0.688284399526346
-0.737771814497296
-0.636723221030333
-0.774386501208909
-0.677846191208851
-0.74651069792019
-0.674355538111321
-0.766104267894348
-0.703090110142578
-0.794146929365545
-0.766804425611848
-0.752204047104386
-0.729821723769199
-0.590420157642178
-0.638030820672494
-0.555162073767373
-0.76714910624895
-0.602996397106311
-0.669442248818202
-0.659871153841672
-0.657653422089575
-0.643000095364871
-0.695646448350034
-0.670923696762635
-0.743969007925356
-0.737665727026075
-0.648225754589739
-0.6721031212727
-0.58082160524449
-0.744274589815854
-0.671318771431548
-0.796129760763228
-0.65711684656793
-0.702449227151294
-0.555708093846786
-0.696232410310191
-0.672518194981684
-0.615333711378781
-0.50067252697252
-0.651299449579861
-0.578317545387514
-0.583543655235661
-0.494800855089404
-0.603499136036622
-0.446144340426513
-0.688821777364899
-0.548242904910369
-0.627227478182427
-0.702127394076485
-0.527649803116503
-0.555803366354373
-0.555264973664539
-0.557718752750514
-0.67371785482525
-0.611200962723944
-0.606730327525952
-0.678786331349859
-0.521065712378986
-0.684191240767116
-0.678507240882455
-0.566409354227266
-0.565319147832675
-0.56475047246623
-0.452780195939234
-0.516313636333705
-0.575189478848727
-0.441236373977619
-0.621625780986025
-0.519353061077438
-0.626415155968317
-0.488399266229593
-0.673951885034973
-0.553778849570031
-0.654659547746537
-0.482255253453768
-0.51677653439219
-0.573402376315541
-0.595321532780586
-0.487063048484138
-0.628305361117
-0.558192594723379
-0.579232558414096
-0.502725672512806
-0.402619382785068
-0.528889832365991
-0.511894155336033
-0.509130601970909
-0.418019945788133
-0.491267409303671
-0.525012021155934
-0.461644621657992
-0.496749966205777
-0.562842856172143
-0.50437805662966
-0.658118229324977
-0.537290332116545
-0.469332141326927
-0.577081062955387
-0.474530827123307
-0.550268695189632
-0.423889216074443
-0.552405784930432
-0.455322117673925
-0.42830940938339
-0.340339224220288
-0.586493858363689
-0.382253236726472
-0.506938143521874
-0.563165764831043
-0.455880338492306
-0.410908129579045
-0.512498946819114
-0.488990777609584
-0.331328977400474
-0.648871366987661
-0.546166392972949
-0.481932571688659
-0.524962007532746
-0.404753183459131
-0.506729496279775
-0.404777084065696
-0.36815734729795
-0.538667550492872
-0.539977142493327
-0.359505899710545
-0.399308630359351
-0.531299346899672
-0.465054672214519
-0.413191691482494
-0.338825575416353
-0.490012396213496
-0.425089326797234
-0.283043597633824
-0.413425621986788
-0.412008306173691
-0.434270932636734
-0.427910697758571
-0.485143415074094
-0.508200272598439
-0.504546294612841
-0.395758540594362
-0.555560556180335
-0.428733676067046
-0.285875121729183
-0.506226374233018
-0.452378417270539
-0.423098213528318
-0.527617352531804
-0.275059947963265
-0.49673966279941
-0.420237951386846
-0.432147622550271
-0.470674393441125
-0.476439431771395
-0.342334804546342
-0.435441073498516
-0.403758525234453
-0.478470880468162
-0.433840284501517
-0.388505268352749
-0.520202390495708
-0.432701980997636
-0.373676902127031
-0.487833463426465
-0.391255813796896
-0.603975282430795
-0.33179711299315
-0.272528667805463
-0.292675016852589
-0.338384321504133
-0.486882800728505
-0.312068517706247
-0.327573687724023
-0.429204939013733
-0.255952496600695
-0.437450674239761
-0.364186524160246
-0.440214922591094
-0.341716524536103
-0.218510934390256
-0.263537665904216
-0.338807410901402
-0.352516519700333
-0.335498667726958
-0.407151637377628
-0.270486400974244
-0.386600990675512
-0.317510693141716
-0.290497967113385
-0.341677327542998
-0.337474360186658
-0.307439807732638
-0.36248497143412
-0.256053954801725
-0.196869777333305
-0.275646036167315
-0.37408120518203
-0.188609199351796
-0.25620314819837
-0.411907928670831
-0.341119360867898
-0.263559182933189
-0.333996908820065
-0.36208490462628
-0.357459485463507
-0.167312930326027
-0.202672628310487
-0.157847795335538
-0.15454552264075
-0.200150692165243
-0.462318566686928
-0.329715858278806
-0.176035597702913
-0.291783202786516
-0.302281141779794
-0.305298114704548
-0.293941032526842
-0.284215748560965
-0.0926092185608098
-0.171181652423094
-0.217287472625958
-0.408777881777811
-0.236296193247862
-0.118304542807717
-0.260213508793832
-0.37087857759827
-0.250848867014992
-0.416722815537069
-0.167316119294877
-0.272466843804418
-0.0767467910569281
-0.100399361720687
-0.175055003155409
-0.248636777290437
-0.207615460831125
-0.245970278093633
-0.33254031231832
-0.230808798255853
-0.15706313553622
-0.0901495251906997
-0.276153126644948
-0.168378014071826
-0.219674562177391
-0.0212550269529354
-0.322786395711585
-0.121196455785937
-0.255718101504187
-0.0751821363010527
-0.0995508758467767
-0.192685496360567
-0.0549129095527605
-0.231081897350697
-0.293922929055371
-0.260867801594437
-0.112498174244322
-0.146117624398973
-0.111200245299582
-0.140498741463194
-0.122253609345334
-0.336737815830078
-0.229838578516953
-0.249670699607674
-0.238218324098423
-0.0575426751315619
-0.107273327574405
-0.23404184207245
-0.067259654958848
-0.124442133182437
-0.099657878756518
-0.18935586715338
-0.159617756571341
-0.199944980956559
-0.325794521312755
-0.25227754672189
-0.198594984596482
-0.307400371052576
-0.119102333013868
-0.0829366216743367
-0.130204100231412
-0.0608435549342681
-0.11181724191987
-0.168196197383565
-0.114961792199608
-0.149581889085059
-0.0549893250700145
-0.200521902962486
-0.121466088113614
-0.0396224296731626
-0.211422919708807
-0.154628989311264
-0.0642422098117984
-0.152694046742201
-0.1045673418549
-0.141954552318224
-0.0321483938412047
-0.0403396743139145
-0.0944278606020247
-0.214481539747639
-0.016503433461361
-0.0503291707035318
0.0117305107391852
-0.117362736700268
-0.0434380575409857
-0.0970603090172533
-0.101742368002524
-0.123680040571192
-0.117930601661042
-0.197139894602509
0.0650381820643385
-0.013011987302249
-0.0264054855246748
-0.142483094888189
-0.00485796882085699
0.090568452530413
-0.0266527236818711
-0.0702347637385809
0.0355294856930735
0.0693271180308567
-0.111562959273588
-0.160483119699303
-0.0731323716936547
-0.214135380881731
-0.0262956453046788
-0.101231462293036
-0.0212145841795745
-0.00245613717954351
-0.040734322124022
-0.0320566386454484
0.134564117618204
0.0522140655131669
-0.0902196749213344
-0.0568965870607046
-0.0338050610401787
-0.11621934774177
-0.00634502117259609
-0.0926661474970896
-0.0848419214343139
-0.0224083968946478
-0.151922734428683
-0.0745891304282555
-0.181895310689917
0.00498900866932414
-0.0682669405557996
-0.0302197587648731
0.0102337635507073
0.0726742459507763
-0.0541017983094637
0.00492402644970839
0.0023676291020834
-0.0368963984417385
0.0538298828833946
-0.103950275172802
-0.074714113076963
0.032551550160843
-0.00299183554351737
0.00955743419789717
0.0406326467501401
-0.0602866410482364
0.0207473597129664
0.235893665209891
0.0450165716383645
0.00175519860743565
0.055582821294988
0.0504507542370218
0.0700017872263295
-0.0658003313751649
0.105544003787123
-0.0362730109188244
0.0539371744947064
-0.0667421571316123
-0.0650443301330353
-0.0430677604591673
0.0825701562913524
0.277552170904555
0.0219802626299729
0.0899242960066417
0.0352582989919505
0.0461237407100823
0.163386375764248
0.0876814023275631
0.071563768522974
-0.00881625445362502
0.176053545773969
-0.0150720839583441
0.194970555846983
0.0680000660718329
0.214380220580731
0.200095725989402
0.090891296953482
0.055631008680011
0.0964454502545834
0.0909326451260538
0.016794231441536
0.128199284631528
0.154464899466763
0.138055213779325
0.0699089321383693
0.11947607993261
0.0215309570075425
-0.070622798722601
0.101315773582685
0.167067898932082
0.083373965737272
0.114599052014708
0.220139711843551
0.159823029067057
0.0803317282657143
0.101835572182199
0.100041250767294
-0.014881438439068
0.145750401875151
0.113738549914976
0.183806534379021
0.0175387914416654
0.157480039803059
0.312329153244335
0.0844476205524042
0.12645397340487
-0.0179804178851438
0.10374718177995
0.136943635574071
0.128603174060863
0.143773885613106
0.287500007172773
0.0698805957462205
0.15468533551979
0.179804962088913
0.23103173088472
0.145534437596549
0.120239996341471
0.288709501485941
0.0681754502688013
0.230397044788538
0.231879604609009
0.108369151978873
0.173340217639957
0.29192707382302
0.2267667998313
0.209319902646674
0.121662575982651
0.165804924684019
0.0530100151694337
0.142716604980502
0.108306826332154
0.212668136488022
0.23531457637148
0.225302403988927
0.153057405969707
0.247501213951337
0.239525789028798
0.225621238619326
0.286956321608823
0.1957766774641
0.183871335450752
0.169962617108334
0.21525051066755
0.182316054575336
0.242540472620034
0.308085185409731
0.170573673228718
0.121543316694152
0.202283488481819
0.173036267292684
0.234502637444568
0.207843678910053
0.279604236413975
0.15912085987807
0.206620751639785
0.14267037302233
0.16125890028257
0.253770926293486
0.186059333062174
0.254511995977211
0.279875570925386
0.37523389946676
0.490506656648876
0.241508931907129
0.193586013070199
0.217944825241706
0.211187635390049
0.226963516733522
0.219830757290614
0.147910975291101
0.319640590910087
0.121340261944439
0.356191428676236
0.425028531017814
0.170305922080416
0.245216820430203
0.158340658893806
0.39289327646582
0.281731126197928
0.177698354959526
0.307584090567195
0.313600821210117
0.152033293759968
0.2921002677469
0.353642383730447
0.400082390953004
0.153782932436143
0.341116357831209
0.42299546925492
0.277146910761241
0.254385788091427
0.345028302730411
0.176799441388898
0.412804762591465
0.387992395871492
0.335807930748211
0.481713256486023
0.418138453104098
0.277655345403066
0.288660957775924
0.359389552751006
0.211192839838742
0.384792482873024
0.229642152187236
0.278017725010828
0.382201188302018
0.327132997140187
0.250708116983773
0.417760731121011
0.552992612210269
0.475121929805315
0.287774048931469
0.241084803046801
0.459301022554151
0.379746389967862
0.369108621988665
0.303577665718569
0.394285241232693
0.398927112311108
0.395516796767042
0.342348814153083
0.242103470113873
0.373557230972835
0.391504825579132
0.345569908095656
0.323349392266021
0.439915357038075
0.374768814214215
0.419459841744269
0.365410630592351
0.45040198322723
0.28352818769753
0.361342468135492
0.249859872678079
0.203809100994837
0.454519201607238
0.435538030718467
0.431421042812705
0.315998296787549
0.402636092454142
0.446384499367963
0.505929220185165
0.411124564232574
0.34657825043025
0.438259812924876
0.446918752069336
0.461273316554104
0.453074611742931
0.340197394581278
0.614964825258226
0.432395121620904
0.569356000087081
0.49413484964288
0.522928858950888
0.490058054964268
0.435313177115743
0.447416737856331
0.535248130583178
0.502427253346468
0.422888689583573
0.530069928647315
0.460373353009836
0.494538942884298
0.434232343455785
0.403125953298122
0.308081003774551
0.321579123209687
0.424884707653094
0.399971344472876
0.41947677106343
0.418441108695159
0.512738244471876
0.414072730094461
0.472819898551095
0.467323715130493
0.492466444523256
0.511576148466651
0.529020873752849
0.384217140880208
0.582533039172465
0.528844964093645
0.388836347145596
0.404002202596158
0.402041886519137
0.502455685420841
0.363428806393912
0.576094713550618
0.567323340398956
0.426355940203801
0.510213810482063
0.599074968793087
0.536324969913947
0.551552064248802
0.549464377617966
0.402894946848196
0.413404532022591
0.551654358474574
0.580543084963637
0.413698685222663
0.38950863041244
0.638189005925122
0.569043981165271
0.563201076076505
0.572097387531695
0.558163866252835
0.516803854795958
0.49349602521804
0.586744094700178
0.465407411697181
0.590770040658775
0.563479488483789
0.42696134286511
0.650746551899665
0.590185143929318
0.650998279977225
0.470171826234143
0.480382573313541
0.483842961874084
0.669932298720078
0.507121745478273
0.597656380960472
0.607003787679221
0.540944398921569
0.631442384459127
0.625951714641965
0.610261426531712
0.667123539082972
0.629401475639171
0.716928515173909
0.529245658528923
0.576238843466168
0.3659825422284
0.53396314404873
0.513747962618122
0.516925777596528
0.649131840403459
0.583599729647439
0.685109394499065
0.496534056033048
0.489802449444978
0.63260007099925
0.77103958376084
0.668218373259123
0.642382677250608
0.490827696286598
0.602668234311223
0.63639397240049
0.58831033496298
0.713718635254429
0.639885930917463
0.488117412092653
0.646566912783878
0.684173864583475
0.57950976769185
0.690873458760665
0.768932407168555
0.433885384137717
0.754655716863912
0.551704480655562
0.735035629690691
0.436222990728042
0.603729892463956
0.705553094660688
0.640899059360296
0.501017962411728
0.636471472844662
0.562583535914863
0.720768596148984
0.699837986720797
0.678648575962746
0.574149462997975
0.808943217445979
0.745658525422872
0.524137860146002
0.667796850707299
0.789900279025506
0.788375884670951
0.630924598594327
0.814995972421084
0.573318087922259
0.646814390052047
0.740153040712996
0.628760658257843
0.670526703247129
0.756065186486158
0.700938844270767
0.753984657879537
0.663126229086433
0.650516957864463
0.7501793269346
0.609258715733177
0.751007346901877
0.642685647860868
0.786470287160487
0.677103015861943
0.761093296264231
0.516803150197672
0.840496169035123
0.738227979094313
0.735919397281402
0.715373237916238
0.742957045462392
0.65277925291066
0.721816314594609
0.805571895189403
0.779028099317115
0.72714079378666
0.682650209321591
0.549748750290626
0.571170434734938
0.824683106970472
0.780751440831111
0.688179023476041
0.781303100653734
0.733779523146914
0.689802301214912
0.826168211160236
0.876964691430349
0.721091489735151
0.776952287431708
0.784284386278422
0.689976336076061
0.77241524308747
0.820312282840641
0.84104523225887
0.8795751056884
0.794006632605176
0.765993697798522
0.617636414578986
0.814403743358049
0.54665337214398
0.881412707200424
0.827986989960654
0.869857501309614
0.804987131732084
0.70620297808505
0.786606428638411
0.771505054997711
0.725091895632596
0.761097203576127
0.837067224415118
0.782659238181445
0.753222189055967
0.639947621564277
0.974309712979063
0.729748512146387
0.830335313482151
0.73392660979027
0.783296531120566
0.833292941695026
0.947980604177814
0.852684009594738
0.73190130589478
0.887611076820919
0.744798703714551
0.746450921163033
0.846651237074375
0.822321816847177
0.793781963483657
0.866069076577917
0.784083502413539
0.930308292408933
0.776857773504104
0.936130415214819
0.930206530612413
0.72927500313786
1.00016919261776
0.798053159455318
0.869014955326186
0.785765575502677
0.82343644399688
0.93411837265311
0.81068185261525
0.821166111312418
0.93020904228569
0.861867171402006
0.916225398499936
0.914023940221154
0.913847158229653
0.924241773381193
0.842756453321688
0.867031201210205
0.848264508987446
0.914270830052669
0.844531732281071
0.738940087813879
0.876172815391229
0.943846712247941
0.9631459339936
0.694055651666609
0.874902225902248
0.911899705400452
0.830481256806183
0.745602999333498
0.755944845360339
0.796818261969839
0.844456340722832
0.805925831625832
0.8587363328298
0.900332615047584
0.968774002276393
0.992438509502787
1.00449487537247
0.805101298274308
1.012398066694
1.02138604829137
0.953031102935779
0.899642854515838
1.05387197666163
0.946626179199333
0.888146445509059
0.98490179912082
0.926706388633518
1.10643399913796
1.01640186681579
1.01711248729358
0.801940552730527
0.909754952792234
1.00130002294137
1.0696928044295
0.956345387192263
0.983078352369538
0.891787408661371
0.948587469806089
1.08186570198796
1.08118731497078
1.00492958709196
0.98310876067198
1.04673183282144
1.10928989906705
1.05839237806906
1.0436788172081
0.944230417515613
1.03236640183773
1.02781696634761
0.999692245735125
0.898714093477719
1.01355884115321
