"x"
-0.944688549961955
-1.04521290771534
-1.14444993758485
-1.08549849892093
-1.05343565083793
-1.02492689107409
-0.949432809085317
-0.904273819152235
-1.03919661442064
-0.958348169908982
-0.921629761359143
-1.09696938472673
-0.919905426199214
-0.850054810182994
-0.807345690467673
-1.0455688418251
-1.06143825296058
-0.912880790884755
-1.00929215821339
-0.798635432163677
-0.836527859791987
-0.885640694584568
-0.977710480148684
-0.975066416124656
-0.847570129665453
-1.11295737087582
-0.973988927146648
-1.11359405657812
-0.948607659373712
-1.01958818989528
-0.916638072317833
-0.894505106165455
-0.975100912789674
-0.996781837793727
-0.893944619666569
-1.00912198402169
-0.883279280498401
-1.06349298310614
-0.863515003625138
-0.928688117449248
-0.940481629028026
-1.04565711229693
-0.972661432913671
-0.964711844443234
-0.91239167718054
-0.951592965378173
-0.889186049492371
-0.692395233299098
-0.878219427712197
-0.976986578197099
-1.0012968469065
-0.898402376172696
-0.812464903283827
-0.820467670927285
-0.907228520164218
-0.915681330764021
-0.845047353387093
-0.886945670550092
-0.893572432826421
-0.767504449668014
-0.877399880571346
-1.03788029190906
-0.875402900017467
-0.839691780554236
-0.890975094582063
-0.891264183881817
-0.810072406742146
-0.881082025008821
-0.83612461103049
-0.958118420704114
-0.714786062736885
-0.732797125937433
-1.01275751041368
-0.911826405578142
-0.791079705468401
-0.870332264137487
-0.938958067179663
-0.739153072374252
-0.882940361535352
-0.789042237802995
-0.828430455353979
-0.764650254335373
-0.957099975511402
-0.771918387276892
-1.02957161312682
-0.821676347243397
-1.00525428627249
-0.834745919308238
-0.725729749887918
-0.739200008198759
-0.776087084725187
-0.823161793234722
-0.822803987829103
-0.812191654201111
-0.791103505581447
-0.778881148241023
-0.760686991272763
-0.691248513930976
-0.925140345237123
-0.733384916529306
-0.767312858848918
-0.815870765920714
-0.606933315835019
-0.69184693955749
-0.768980848125495
-0.756835522118424
-0.720170623728289
-0.666092563564815
-0.826250207122963
-0.765658956662002
-0.598560016738167
-0.821327487205054
-0.845253115069246
-0.772513350711471
-0.865603469051236
-0.840976975968737
-0.746451457007408
-0.762914980236677
-0.617517700071796
-0.755171172814339
-0.662338236876901
-0.892532660796676
-0.813338953861194
-0.852641023157348
-0.834670839003168
-0.685420990548366
-0.872587777257775
-0.759002722960328
-0.802129080698346
-0.67503485664839
-0.692416358206404
-0.715734355972703
-0.668856110121756
-0.861075432894613
-0.741941536988412
-0.7524323834822
-0.655039918538808
-0.788368040671704
-0.655255618981491
-0.635264031184356
-0.647598141574314
-0.572475541048768
-0.879028904112819
-0.553447786044819
-0.661271500177674
-0.776204250290933
-0.759498737840948
-0.692327947018678
-0.676558825882381
-0.633357342988697
-0.567684704631178
-0.575531244689403
-0.649025139574116
-0.77406976572752
-0.731144753810035
-0.639066227203576
-0.692153039823799
-0.60308963432165
-0.681678220541051
-0.663437567060066
-0.760741664612821
-0.620286921099994
-0.676610577681488
-0.56705794011358
-0.589090500822208
-0.738083582230636
-0.743259220390468
-0.614074502372913
-0.757445015941311
-0.729654054225828
-0.597104272782514
-0.637837683273881
-0.550902261729914
-0.687036236216341
-0.70363638622036
-0.644850275772373
-0.719548122644339
-0.623850364177193
-0.816193182715988
-0.64654628131933
-0.733954637338349
-0.598601875821348
-0.636421599693055
-0.702821825257689
-0.680408596810427
-0.618498282768603
-0.623911700610791
-0.581204081215936
-0.611390984935105
-0.737786290393014
-0.643498288873076
-0.739614542918761
-0.508128333231665
-0.636199674275095
-0.650695732808389
-0.600320919627451
-0.677628128631067
-0.576995162035501
-0.62404002370869
-0.684442341733147
-0.70519208474978
-0.523815549056026
-0.568024875903895
-0.525813017313113
-0.679762286765817
-0.635650482622818
-0.391658974796504
-0.587143629123302
-0.486265427023959
-0.323389512858744
-0.526346492990044
-0.535583644535951
-0.657507313662112
-0.524762788956548
-0.63024787076563
-0.531314492233596
-0.331105445024909
-0.498053356037537
-0.713803376496417
-0.741485046210506
-0.608361749174292
-0.585620206872638
-0.394093663517502
-0.795297838860624
-0.687066759124962
-0.622825359985148
-0.428336226736488
-0.504765582471397
-0.388492219251098
-0.573530079929159
-0.652438784451707
-0.660112409930448
-0.588830614885118
-0.593209676776552
-0.54562236502582
-0.451647753751649
-0.697851450315898
-0.459935060056449
-0.533855676407331
-0.479442718492056
-0.528422976326565
-0.581911123312158
-0.500924787877997
-0.579255435112155
-0.577916162904155
-0.365183274656295
-0.528636150876673
-0.431972972788434
-0.433104879739952
-0.661932488324426
-0.380002644360941
-0.486125723606019
-0.436695293598692
-0.393590628968715
-0.62961208310255
-0.464957306369949
-0.51621694744063
-0.478557197104108
-0.447760468399791
-0.384401728761068
-0.57785324527954
-0.523691974787341
-0.248184201474804
-0.543497072919801
-0.636098569215212
-0.563610024835274
-0.428800810785843
-0.539592685083028
-0.543805174952123
-0.477222793591503
-0.469127895238863
-0.352557869972866
-0.417054357868915
-0.400382021738489
-0.425042882712198
-0.680346969644914
-0.452213190719498
-0.475132814401561
-0.42886977407138
-0.459719541487289
-0.405114454296809
-0.45049293505009
-0.494226598633862
-0.408644724319297
-0.463055494562827
-0.486010274989033
-0.369536461152593
-0.425242290622357
-0.352670464696771
-0.650614451061905
-0.453938317650132
-0.375785671235716
-0.599956584763648
-0.424044970218897
-0.371983428046088
-0.450572580520509
-0.442704258621942
-0.462885226458419
-0.325914369765162
-0.562033528698095
-0.480309279576008
-0.427634444427186
-0.334769837636076
-0.403360608269369
-0.245463712369606
-0.380681762426725
-0.529541873321894
-0.194315505982365
-0.324232083191963
-0.311750374221748
-0.348098374453285
-0.331210493749003
-0.403227072848605
-0.228680449121391
-0.412945109780819
-0.34187349624579
-0.333938869702352
-0.18976437404802
-0.456889505677979
-0.41192898805481
-0.31950087488335
-0.370624120603419
-0.338470273238159
-0.413490271073972
-0.429884107037521
-0.408487900876858
-0.199497563597647
-0.31202277365275
-0.383337275431791
-0.489742857779947
-0.198769352526047
-0.223486640264632
-0.293993794810254
-0.299725903581558
-0.299428282304099
-0.35971212700283
-0.2871323054186
-0.266252889464091
-0.336859226872957
-0.21185718948934
-0.314323996750038
-0.248636605180277
-0.343865963980259
-0.243843708435669
-0.339429627329792
-0.362274973407171
-0.308799127855088
-0.38872366672175
-0.264098299750883
-0.423695698077111
-0.213065478860727
-0.298073936192416
-0.305413400336962
-0.162355105189932
-0.424504523511624
-0.316960934394525
-0.262724655792238
-0.323883374690563
-0.253951214960358
-0.26053789319711
-0.271221161615006
-0.350988363023964
-0.286676953732626
-0.128852510970261
-0.204296564162834
-0.271277439653404
-0.307840149435008
-0.22264399230811
-0.19001453808737
-0.266031278227297
-0.224044551458863
-0.274679688665722
-0.158366124105134
-0.152012844433857
-0.275678013378913
-0.276791205632996
-0.193635998373186
-0.331089638898503
-0.181705577629795
-0.227229041452622
-0.244531595470179
-0.319689647715705
-0.172766200877854
-0.199658151806058
-0.184240033624195
-0.254187478130437
-0.287937816832828
-0.236666374100819
-0.284108623467209
-0.171316206313919
-0.306616597072324
-0.154271776912734
-0.208369917542532
-0.27472366477986
-0.278826977083242
-0.254644609697535
-0.0320137472881926
-0.316750433556598
-0.246194208377519
-0.0150272092400721
-0.126604601077626
-0.322033410027732
-0.0881077639036745
-0.156207061456586
-0.27181227579959
-0.26932060051936
0.000209817414028278
-0.324212953654417
-0.21917854400715
-0.107313006952841
-0.198861121136183
-0.0842766489435196
-0.185571994273596
-0.181174533712061
-0.135145387837832
-0.130786317777895
0.110830854475025
-0.0480860267144322
-0.0903881264604424
-0.179494430393267
-0.131489230199578
-0.159177668503671
-0.138515229015201
-0.118220574934881
-0.134417374809195
-0.19066023565294
-0.0153377723729498
-0.0591594312729965
-0.0486373413212946
-0.186350180446662
-0.238928242359029
-0.172255071873873
-0.102678719383468
-0.0807325931042445
-0.120557205337534
-0.10256145901038
0.0493558610948088
-0.0666372223807988
-0.138698796073007
-0.131651794614928
-0.102948991686578
-0.212123536926739
-0.247519204796075
-0.188678757336624
-0.161123168299218
-0.246031511416519
-0.154628960039124
-0.279272340933575
-0.210478135188329
-0.12496172788688
0.0702721372468904
-0.0709827270612633
-0.00951999126229972
-0.153725457670475
-0.029054526985542
-0.133311268621534
0.00191398851398326
-0.122161180706788
-0.130323384428516
-0.156061109977123
-0.0788541924897878
-0.0348364432412786
-0.0908567009078173
-0.0728712521218474
-0.169779010844827
-0.192858878627753
-0.131615502350739
-0.00736647508806339
-0.0449904799508664
0.00890659363524633
-0.0781976655187452
-0.121385618116448
-0.0313942096909812
-0.00107985757202439
-0.314270600348679
-0.115600890872428
-0.221571939955193
0.00190334214397009
-0.0472655953884769
-0.0479121929170927
-0.013115397752978
-0.0932950727236701
0.0554167892576141
0.0197496976116892
-0.0389692496063424
-0.0282412828504638
-0.176528714843365
-0.0263629787591412
-0.0991294099414437
-0.168273524795211
0.000481850174728059
0.1019616323161
-0.00276095956637946
-0.150128184975418
0.0500883859605045
-0.131162662564772
-0.171995619400861
0.0285950987852062
0.0107029559492778
0.0199505911136615
-0.0420268985910656
-0.0304672849370751
0.0190092983634556
-0.0395405745808409
-0.070149967468429
0.238733310643326
-0.152016116387012
-0.0537346117133596
-0.0300433697073705
0.05889524101739
0.0370863894877249
-0.0470564341583482
0.0162965063475627
-0.126594767950646
-0.0222083793850661
-0.0234661485343278
0.0601778588771054
-0.0209069531772683
0.00519969051030812
0.16449822709755
-0.0893776745214172
-0.0329109607866863
0.0299541205078673
-0.0672386109624969
0.00501472075742226
-0.0438104104412533
0.208793291568004
0.0778708263432506
0.07688111228774
0.188145331121921
0.0496580609113055
0.0291435583172736
0.147170943356228
0.137616718015461
0.120930098918167
0.211586423357201
0.10260403550516
0.0490219821558764
0.168226171347961
0.115704861576818
-0.078230223336965
0.138662343594304
0.0658785329765546
0.0419016954045206
0.00659618324023517
0.112599170001062
0.0817169320007399
0.129001489995083
-0.00343351309398596
0.0732296257784479
-0.00623066349066649
0.197328463672529
0.122459748116236
0.130929300814613
0.192078165597306
0.0397526852515179
0.123195183087819
0.13711678857651
0.133927423424697
0.203225092479738
-0.0226135906876139
0.0119389653358248
0.035981527558753
0.0362738340198945
0.370200719633979
0.26315519030417
0.230204663737244
0.0283411292202169
0.18807688951303
0.0226427940178823
0.134869001486752
0.246235183782217
-0.0171373841052955
3.54799070218685e-05
0.127082490909372
0.218004080253853
0.147213623122769
0.134790330138289
0.195431494285775
0.244770092468277
0.157905716027044
0.229302884610451
0.0966413930098159
0.181729228271651
0.0832983834053361
-0.00352948291867416
0.131320476369022
0.0770775558251706
0.189416110306466
0.271610736524934
0.214988328175915
0.194856128980945
0.270719941111462
0.170731846808594
0.182756482857488
0.199361176758839
0.21677209581237
0.209745820307428
0.137468654980521
0.102621284446499
0.201578055754075
0.23217546086175
0.228192787854017
0.37485286812801
0.237379292581264
0.0179428150084645
0.240779771135148
0.225963760444406
0.368676590745241
0.134661762332251
0.227403214336131
0.269852693420991
0.147139943757567
0.372833424928181
0.266419895700834
0.22838437477189
0.265503139062233
0.145469654233965
0.308590162272561
0.450197837969265
0.347841921106068
0.162449544354979
0.26252637454309
0.253943207615901
0.318336321876891
0.264366337914645
0.396635003625485
0.169859878900597
0.294888846109356
0.346416828020628
0.185076730619827
0.196912753320257
0.258984919838611
0.363216981945246
0.242038129401842
0.410886001462688
0.281385202371562
0.448909211584375
0.24530785404598
0.271922675745561
0.28174498119709
0.274676484896058
0.224640453484136
0.254784923952037
0.206163790808263
0.359901259683642
0.409959611725825
0.347483158995291
0.227249601450567
0.466695956569588
0.519301640889837
0.393834024605951
0.353291539823909
0.369397620527131
0.0808736941176224
0.3590533288749
0.388962530082501
0.177459072827309
0.416817093745325
0.333220884940764
0.355589962330252
0.385126882291096
0.315993603975906
0.410412195013714
0.288094148321857
0.354987449449716
0.287050267445667
0.310176651969209
0.393146562912749
0.311562542354779
0.379584176119709
0.362353507433803
0.271548663294571
0.429927506116252
0.327693287104969
0.288116142421704
0.323928933028463
0.379495020587002
0.376774165430942
0.459026871570049
0.311594900283967
0.364458095251881
0.393034139708884
0.504444684572639
0.446424432305512
0.404781638817346
0.374043756748793
0.41659780251852
0.363837883769364
0.38703669916812
0.460400144843565
0.277766369896216
0.483061784310566
0.386269740736494
0.394046672398768
0.353255639523716
0.378276112279332
0.475229793555064
0.425582090092508
0.485452821515373
0.32295260151904
0.274149790754523
0.377511064847832
0.616735103989401
0.393887243302455
0.567792573177406
0.352310468040574
0.304283983978576
0.350695735941373
0.437444499992329
0.410030787650204
0.396074969738863
0.365276692038653
0.476567705192465
0.449918294786507
0.639719685185246
0.461124740900846
0.49543615220858
0.479417391145511
0.390326827712787
0.502321627900096
0.429928145845399
0.35746016596457
0.56323194159739
0.636905566318826
0.269994718251761
0.509816584271642
0.458812558957377
0.595883563078436
0.335231644685092
0.435408130993665
0.541644548577368
0.462853996619931
0.499596991667189
0.510363392609498
0.394974151067416
0.553558183299689
0.536045122273106
0.544783693944985
0.259025149994048
0.448505492162589
0.424973104191166
0.340467448435106
0.58649912445999
0.427162732256138
0.494379794603354
0.539824696677353
0.413155641848757
0.350420370212914
0.588944329239953
0.443720071392507
0.398036882600621
0.553271625908056
0.479064524926734
0.503015151577121
0.339869398001253
0.485134654082184
0.560572429713934
0.474349728807382
0.547865404586435
0.51676435854812
0.454757532738049
0.445131699391295
0.577033265461737
0.431621241347614
0.535773286268427
0.548337898405545
0.570866591335073
0.506645970890738
0.490226514634475
0.489999827998155
0.404611023414035
0.522126469432374
0.557266338693206
0.66121191843658
0.650439181982516
0.576664616058536
0.371786200130662
0.563262328191472
0.50528881776408
0.596237119118164
0.506038127194974
0.473432996359478
0.605438914550874
0.590209805189705
0.439954366434896
0.572455330516555
0.519484273810546
0.632179340650957
0.545283265363425
0.451649556276407
0.729901777390293
0.613400538247583
0.61960818808642
0.587054707319388
0.630782860789023
0.496294348672334
0.618270403836012
0.458526006390115
0.65990940262987
0.541410867264328
0.557227682058238
0.627338818214648
0.774944591559562
0.612225858572687
0.724995942475109
0.577387361917633
0.566166226241145
0.661659876949987
0.670346019450329
0.756659941362382
0.721430787523869
0.57648197557149
0.633114762673843
0.705414071666361
0.52739184412267
0.666572310458581
0.565678066261992
0.594992358042967
0.543165828983595
0.549694316961799
0.629080594214893
0.51686147900943
0.63134267566498
0.787439917261088
0.5771937417508
0.730906452506648
0.759128707216021
0.680213551376846
0.672079985160818
0.637246968551244
0.615542502086735
0.6746309058266
0.803614012582359
0.652406346875222
0.552698693025325
0.683294339312616
0.599589499982149
0.508590007644797
0.634388768107554
0.610178911214881
0.75991037975823
0.679557365541007
0.608395642775404
0.554655814709727
0.615067844456248
0.701376264777387
0.687010745430413
0.763298643467399
0.703193612224056
0.74054873186187
0.882628604618439
0.834111643445103
0.555939218549315
0.799933710134164
0.735829377354288
0.796543650998734
0.645233546840076
0.704717098931906
0.786161925215151
0.732731543720112
0.765839941956078
0.73449487995282
0.684173697980606
0.702569390809966
0.768725341546682
0.694144703759113
0.690236083633407
0.742954574835167
0.650323423028163
0.718151394391326
0.738075524759154
0.701376744571741
0.693388887696136
0.66724370325683
0.819109181393612
0.687728281451561
0.650508867904018
0.728546208818562
0.597820092100056
0.658887249425732
0.737167173211219
0.737752215832703
0.768276602075111
0.619718364615284
0.643729698765448
0.641466369020193
0.775448000154194
0.723158747077067
0.86607306631653
0.780867732719969
0.743079752381773
0.884634852211101
0.679733384495253
0.739419366699017
0.779735874776987
0.781166277309722
0.783442069472445
0.888177952874291
0.777872086105081
0.824514245965529
0.74431968888319
0.806085027199546
0.992310444089969
0.918878601287642
0.858145127868753
0.84794011885419
0.924486092146731
0.766752915656098
0.806393573268919
0.796071366357865
0.813423830640881
0.944404378309297
0.767758557968251
0.792585014981242
0.820047708404547
1.0229474420673
0.626799572955244
0.830677873291445
0.801019216497517
0.864432747900141
0.836347371838013
0.811617774386277
0.780959174127815
0.922527095070128
0.642974879507157
0.926863828705757
0.873365321068014
0.657555236697076
0.893747730963436
0.943978290638412
0.941197466177985
0.874398929691983
0.948187131297481
0.768694426180036
0.786702996064873
0.879845557453114
0.974494188171805
0.908189840073861
0.850501051107844
1.01613140383126
0.844652807137087
0.795021615249342
0.968383604935253
0.968010592609319
0.809183232957929
0.836398047173558
0.903320007597997
0.963128267088188
0.938040738230326
0.989996520074458
1.00011055682401
1.02639939888141
0.9224529961632
0.816312717859401
0.908313304060713
0.950649938569519
1.03959517139596
0.919884289204483
0.92655601592883
0.983730564720817
0.931178908729372
1.01961166634552
1.06447600032238
0.916728748359856
0.891493498214468
0.835257079661457
1.01891541862094
0.960921539259196
0.927197917136422
0.90885691858285
1.07854651070705
0.987363159251048
0.947418088448508
0.923426944146602
0.933864899092155
0.86840384129119
0.939768305743089
1.05654736858897
1.02540865328872
0.829218625954478
1.06475827482438
1.00451592212255
0.820332556697363
0.920942158577719
0.924716766484214
1.10831993465361
0.961079470570286
1.08046244645928
1.02555768427105
0.909633939722907
0.800488190289575
0.999983304377405
1.1186959482108
1.12620232886043
1.08000311473198
0.942911817223633
1.08312445819986
1.04492943509658
0.984235830466035
