"x"
-1.05099051146106
-1.12778123770022
-1.01532321496155
-0.957290830046541
-1.01811596161515
-0.992373486145623
-1.09779847859606
-0.974740969794483
-1.15195044617948
-1.03057537693626
-0.968108393063315
-1.01768544592753
-1.01300709976437
-1.12578424805952
-1.12759934263544
-0.970833236863812
-1.05227523373338
-1.10706228479904
-0.847266107090872
-1.03725014606176
-0.996516495167546
-0.913183612086702
-0.908979069861661
-0.968901915873946
-0.8962624583262
-0.860415539781732
-1.02024389608129
-0.860836668493745
-0.911187382002827
-0.901834061607698
-0.918891879863692
-0.921104355870517
-0.985592793391858
-0.816702569394307
-0.87183807679265
-1.04412554523788
-1.04077374537292
-0.961319855982527
-0.87920687437162
-0.954082282354064
-1.03519407671479
-0.784434679294721
-0.976128250679001
-0.971735929709124
-0.948729071719073
-0.921089200835342
-0.970815922677585
-0.948673636225738
-0.872754391086641
-0.970143577465765
-0.927326095131462
-0.946312025148495
-0.882695354639794
-1.06428192836642
-0.87307525225953
-1.00327816694868
-0.932280527609205
-0.712869167173624
-0.788572629992053
-0.896892079505169
-0.899824313916108
-0.881684832673571
-0.710187382543669
-0.867937759737663
-0.922956066554549
-0.855139721877412
-0.920732571626328
-0.984162938819645
-0.982920525162521
-0.838613725568724
-0.790784243085433
-0.881176590288296
-0.814018839707509
-0.836816915895143
-0.952511712707298
-0.853312154875491
-0.897448807757211
-0.67350837130521
-0.84071801371878
-0.753366578908709
-0.724648834627275
-0.774839458672777
-0.854681389096845
-0.885358533994444
-0.994875826959396
-0.828408859537032
-0.784159747432378
-0.91103087793785
-0.801874119989886
-0.854609244575264
-0.795892472039366
-0.841623177065322
-0.923776412441726
-0.808924066370187
-0.785598030881226
-0.718647534450785
-0.721182697093356
-0.708908753636199
-0.717134152350757
-0.719718747052976
-0.854002029781979
-0.746575573352962
-0.611102714416497
-0.894202475387615
-0.805215228402355
-0.803523675875535
-0.872270412400398
-0.799475924459568
-0.777478720562615
-0.686185718230185
-0.706257426062292
-0.794882121253952
-0.687386178100301
-0.860268251024496
-0.707360093084923
-0.887422412452811
-0.74376749764785
-0.900533835867285
-0.680361197264038
-0.888053616932864
-0.723920358574279
-0.805873478318241
-0.824398191993296
-0.971662951724968
-0.760499343115059
-0.831434748668676
-0.742338076945028
-0.640974016807765
-0.723913261549651
-0.671346605329408
-0.697410255311419
-0.783562674430167
-0.788000792873658
-0.863570143685697
-0.903452553963783
-0.800612922876609
-0.626297025800448
-0.607068923407682
-0.760302818556348
-0.68582747448545
-0.81365644202816
-0.463369405255803
-0.670649812302513
-0.750725474057939
-0.625628826276612
-0.513585527403862
-0.872965114179057
-0.550631416025073
-0.680553195312637
-0.597155206565677
-0.806742659032999
-0.696207337492595
-0.79813000265297
-0.721507164411812
-0.594199861935544
-0.634309372308952
-0.572420330772445
-0.639337372005605
-0.620322079073745
-0.704392722297205
-0.598426707780735
-0.707081218749299
-0.609830547584492
-0.517557709738557
-0.644171499053732
-0.626972749951788
-0.724634037930225
-0.604752583334786
-0.574336378714434
-0.684082146878274
-0.751433528308712
-0.610310459358509
-0.650891413087999
-0.624339615753791
-0.582538003962221
-0.524780240603583
-0.585253799656213
-0.5912764265476
-0.650378088742583
-0.680324023883658
-0.741136077799644
-0.691631180385162
-0.440214185059987
-0.609664291137222
-0.616704012419748
-0.688247972855923
-0.585184816771441
-0.589262078387495
-0.730058610067054
-0.582017681826813
-0.715747263231374
-0.591440313672539
-0.740398190428209
-0.698332443739455
-0.49894490404936
-0.647098631329493
-0.638423675418082
-0.684580126829341
-0.72504213935435
-0.516886917130039
-0.660068541924392
-0.612290119809812
-0.644279973270868
-0.595623338517419
-0.605803334200773
-0.527860191015524
-0.637821585389666
-0.592984232084922
-0.627267116805115
-0.49497882094021
-0.486359060567052
-0.485114958347744
-0.583530356886772
-0.494129657559948
-0.519951871719724
-0.552230563822226
-0.473501336401871
-0.499695867996557
-0.598181350418184
-0.5696094972234
-0.549889608441224
-0.587448646738343
-0.626803374655213
-0.515476234769161
-0.408754790267731
-0.572198950786563
-0.502650413676123
-0.594430116135459
-0.513385605810495
-0.477590048337158
-0.416606849369692
-0.617080720319503
-0.5119282649108
-0.521885575522528
-0.554474753026227
-0.486859050052216
-0.531550325096301
-0.538400159729269
-0.592665829116697
-0.510529767790986
-0.589379422868744
-0.5727045590325
-0.486198368563517
-0.64343741243511
-0.516832136362314
-0.543706176947046
-0.506038742932207
-0.549696173402003
-0.479527760764621
-0.53897299930961
-0.515467659824091
-0.590387774397067
-0.381644696215006
-0.630449509708891
-0.469111077263947
-0.57445470959494
-0.511709022297232
-0.516983915464211
-0.471557696418957
-0.494198866591212
-0.609507530316061
-0.633326397847412
-0.369700491233556
-0.564848910998919
-0.414742076602221
-0.493128713602814
-0.43236634619188
-0.540829749432088
-0.424811671684706
-0.382729646620304
-0.319949975821177
-0.428901980841801
-0.562340313787104
-0.458509804584396
-0.434635844280952
-0.338136378924837
-0.473880652564018
-0.49966862513632
-0.54485526175154
-0.433415788208454
-0.440636353908029
-0.538390875861386
-0.317426144777031
-0.435578211015539
-0.418476863308395
-0.376168418447311
-0.36470827405556
-0.349307134802517
-0.328461691518276
-0.334961670878789
-0.444106082852876
-0.264242934427785
-0.318054792335408
-0.52602921992414
-0.369376362631505
-0.388642085514084
-0.443192647359351
-0.235773622873884
-0.425032424457753
-0.410500956110897
-0.43361386131717
-0.376994908813451
-0.382401428188768
-0.482700618556167
-0.321127952402435
-0.391181902030613
-0.376426809663973
-0.469975647475007
-0.469062041998808
-0.347682551093303
-0.428333147519482
-0.321547553579669
-0.316635621035471
-0.412046701308299
-0.33743978728801
-0.321401007504034
-0.445444719831379
-0.158354379502952
-0.435463257291668
-0.265354656360468
-0.363987149447128
-0.407987124665523
-0.411797787478792
-0.407448648289482
-0.374912325822737
-0.473566261194769
-0.127141163107426
-0.348148297470817
-0.355297620006339
-0.158855805064483
-0.337899553671102
-0.250964699786253
-0.376136289196898
-0.313038728826858
-0.340425897514015
-0.435643056742427
-0.325396483025718
-0.414224928274729
-0.397754777899214
-0.231349373162732
-0.324913699785497
-0.366167867176133
-0.232591030946065
-0.445442417133023
-0.395232870880006
-0.241005684744894
-0.349150066736319
-0.474370685730521
-0.42629488888736
-0.209826691710619
-0.310319796732351
-0.305023825891025
-0.20925980134738
-0.262520952072108
-0.19871018172472
-0.236370176030142
-0.335507719507198
-0.275899264088275
-0.427256624740054
-0.199571759691766
-0.385104332778419
-0.380176149279475
-0.302658273420605
-0.280714414719115
-0.200869737545529
-0.408336884650075
-0.29389921545286
-0.318269386887717
-0.162989862608568
-0.198278018674591
-0.235428765090383
-0.30853342940872
-0.288265728513649
-0.41024796531088
-0.245694948956439
-0.206907019995111
-0.303693963169407
-0.269866347959198
-0.314265509968386
-0.379400922407024
-0.299104629121838
-0.236498256854059
-0.373583258900546
-0.237030348995819
-0.351188836462537
-0.328406586816055
-0.389023919829913
-0.19998225221515
-0.230108680001762
-0.220056733265626
-0.191894112624855
-0.162044068595404
-0.272700662198762
-0.0465557320684566
-0.350892326933518
-0.214277367444302
-0.2274418312293
-0.11856689621209
-0.280752599359773
-0.311956456990845
-0.246264199686854
-0.114825596759569
-0.19020525348749
-0.284853776037106
-0.337675978553135
-0.0361509684459626
-0.0541771326312907
-0.358773028017043
-0.239893198604324
-0.213973447399499
-0.280733117402193
-0.0399962207506577
-0.165306955202757
-0.256948373773016
-0.199033259307912
-0.160068035664707
-0.224880845699998
-0.206393116669266
-0.0725992894378766
-0.153029159620711
-0.0802529265138291
-0.19655086296997
-0.142954616494493
-0.189879094528517
-0.207670769359405
-0.0627063308929806
-0.0782404692009651
-0.181707907307125
-0.0761650008217198
-0.00692486953959589
-0.094226700740528
-0.0942211119087399
-0.252312734592931
-0.150346566981961
-0.0720398326012078
-0.0465321534028692
-0.0807758861624562
-0.0488950092354607
0.0750798943421089
0.0170646269703183
-0.22299901163916
-0.135602887041247
-0.0691744520825996
0.0867014638840923
-0.143149497434923
-0.0479795059929101
-0.170750220953676
-0.0436037977846947
-0.0667063017614472
-0.282196198279781
-0.137067537581446
-0.117712424241024
-0.140287620989272
-0.238810907239113
-0.0160994071355717
-0.100281991397931
-0.0431368590037407
-0.0427907584066306
-0.0381754677502921
-0.128979070925162
-0.0776819634791635
-0.00962778387647191
-0.0516598722046123
-0.0504042480033152
-0.176940407279632
-0.105664349141897
-0.0542005614291061
-0.138281283860872
-0.137552221604666
-0.132734543401668
-0.0783422316821632
0.159912960074285
0.0764847938453225
-0.112513025682922
-0.0311007500737931
-0.0360326089893329
0.0472004711391169
0.11753555277506
-0.0168404076508643
-0.0500850859595994
0.0373930538866591
0.100572819498913
-0.0126465034009116
0.00354214938445146
-0.039515222322682
0.0256124736415335
0.0345558440146815
-0.096511565870654
-0.0721784047844841
0.00577547964331388
-0.0264437124135099
0.0183580740337397
-0.127498988333815
0.103618450457031
-0.0285788719764264
0.0653235753845477
-0.00655889199376861
0.0240338838080752
-0.080062008452841
-0.0286134495337272
-0.00274214040954005
0.127184866345538
0.0631109761143744
-0.0406639204206979
-0.121530907995245
0.208244527781194
-0.0319342756513051
-0.0149816601750407
0.113139347695904
0.125581712570069
-0.0195205000112626
-0.0310594321302193
-0.091219178152972
-0.0107685267142093
0.124729057681799
0.0688431965390165
0.131918960881489
0.0498423864875135
-0.0461310763808992
0.211032882617742
0.108031105802915
-0.056800377238363
-0.0979577146703679
-0.0564386816405269
-0.0781785861666124
0.0415394677591963
0.0965397467187056
0.196639596179592
0.153175871116534
0.0577483344614168
0.0542258237013212
0.0509884598688354
0.0306778050795129
0.119833556058687
0.343404793998751
0.11334049282179
0.0701579365496979
-0.0367300915859475
0.0603592367818606
0.0699148209805244
0.124251449356226
0.144386103098461
-0.0255844362655238
0.0869835675798275
0.20757438344827
0.090037692643064
-0.0142311320363159
0.114587439341215
0.00326289655946685
0.101045186439024
0.102145886233836
0.120126124515152
0.194523184271354
0.0734534792123636
0.0604123436057697
0.102404790242139
0.0310738918646883
0.120226479075935
0.133219574315022
0.132304811327165
0.216948706842775
-0.0591519134095774
0.0802391156106217
0.154127449518099
0.255815409404171
0.0486685029313946
0.0304960792545221
0.164502951023522
0.0107885886330671
0.194722952125604
0.0112058978596362
0.25887161686195
0.174955284146507
0.149667668950507
0.121463891759393
0.0664171165756343
0.265881043526012
0.0639621345050048
0.239393046568223
0.000541825685130627
0.240695928106205
0.233944389534813
0.115025824616691
0.0938006350429289
0.345443370405968
0.227712326513148
0.225164231096586
0.175647090821034
0.0847176527733702
0.0791409449906012
0.11024740915179
0.0128199909742026
0.268900479335431
0.274212845468081
-0.0431076461912396
0.250493655652559
0.313706483686266
0.234066369109751
0.230506577216006
0.180604921826157
0.138195390214689
0.184662317606009
0.264317674896552
0.0950388055110865
0.330111658562285
0.28862274737738
0.168490015730841
0.220963731600359
0.229169837975636
0.260879370724299
0.29545865061535
0.0930517994804568
0.203109369338187
0.273237897098614
0.267388098926685
0.390226938276304
0.254639387857348
0.210490057769787
0.272504062451206
0.244368417409541
0.145346066515192
0.252409755173525
0.300954256841
0.0613843669802989
0.178536014577802
0.222168224858076
0.377501648925342
0.160729968001418
0.37839071411346
0.385970445063661
0.269225136887445
0.147167362536656
0.281404549759574
0.262703374581308
0.346434789995031
0.197044648170972
0.392689681007636
0.432817635977285
0.263033440801274
0.270121108867594
0.282974354770512
0.234356668922431
0.40225609919749
0.439720557667691
0.335115267821921
0.195763493215355
0.124284795389702
0.450336101916213
0.314745070756236
0.229681016305482
0.33949323306259
0.241123804339416
0.39187070310656
0.262457760085674
0.27153763036623
0.24789764855587
0.224960881534534
0.379338045338059
0.287276163774965
0.464003629017176
0.303646090047342
0.375371013619649
0.361845985157181
0.372969433865084
0.314647704685691
0.235634002710306
0.398424160806416
0.33852200206017
0.456049228470691
0.316273333799255
0.445910678696238
0.339898145535088
0.275366731988676
0.387096516359131
0.480995350411595
0.431396528240979
0.415453482158363
0.346819040722925
0.359717170787155
0.307594048005448
0.18379036536804
0.442409683693741
0.18984573819146
0.207874181675415
0.42562439547555
0.447633544416416
0.432121324626791
0.367748503303161
0.328439811269179
0.351111380913558
0.368111159157079
0.352638729831422
0.348240181578739
0.344856091856302
0.407518197969883
0.317496966732513
0.281919375564898
0.375665078840705
0.462188765945824
0.354129315643214
0.424302680159541
0.309867365114433
0.344948952194696
0.303556278805958
0.22217432233688
0.557649603503062
0.469993090527625
0.329016111477194
0.426127687073949
0.51637930937601
0.42809975248797
0.465243282907146
0.341383944212176
0.347882644752601
0.393547567998371
0.351119152041537
0.310483313032087
0.413289479259719
0.303291333746768
0.419895349848934
0.524396678548285
0.480417212625531
0.455902627084586
0.462269811378
0.524591355247959
0.452274323423149
0.502040356082362
0.419091761040709
0.608652573814315
0.390979266914031
0.545179550158604
0.430987854716059
0.412984068859841
0.499569520666154
0.419113483443834
0.550006098192101
0.515598470893007
0.326489470221822
0.385159145494254
0.425718438749912
0.374599448044706
0.580212920618375
0.628798034178462
0.673701402953014
0.448100553347321
0.459495029301237
0.607980117196145
0.513713530511847
0.436856259106144
0.467077979587685
0.465103815821615
0.559161278680296
0.482773712190233
0.643662457300668
0.350304953090842
0.592907770180381
0.581989699562497
0.443596761698993
0.656759022064335
0.565335146748904
0.568751406283184
0.656278704901943
0.513584601688619
0.442501867853967
0.465528603013028
0.610663057666719
0.479977646042242
0.464297988623161
0.587755523400906
0.563414869207952
0.501218248344956
0.572060725499321
0.48258855491814
0.743886935609694
0.710453980270023
0.409181389437646
0.464962643669399
0.572150070056945
0.577382020765476
0.466222181023517
0.373938936145574
0.470766440007606
0.552795238031774
0.575501414388439
0.601225430749178
0.437111735950575
0.690022750003431
0.673747298087211
0.567141784192692
0.565566463726234
0.705839847730051
0.416667642727458
0.370195111049233
0.539287760084195
0.529857850100272
0.525793121076841
0.498082682981618
0.422036382310513
0.570888373481647
0.549984407858016
0.863352148640508
0.677947185994857
0.581156970028594
0.630393742622347
0.713767897925649
0.625927706464519
0.663349080550979
0.638898328202054
0.595448824192017
0.577396671530986
0.567567601901789
0.674223163263496
0.506350000807543
0.675205723777277
0.679346636006051
0.678823852728369
0.730134639146119
0.589215096134253
0.692048502732369
0.622443542819312
0.679655848907134
0.587702284641316
0.735984709022622
0.833651446327343
0.810515094173912
0.643216079963969
0.628115706876273
0.66159070692076
0.793163483818017
0.65730680925957
0.719405454747128
0.689493581512507
0.672365089248711
0.57777176395601
0.592392246082482
0.620441667759922
0.561884885030579
0.781144615781023
0.574357667808098
0.626313202196357
0.512889280178543
0.629442120635143
0.630976703278405
0.515926083530658
0.69145253967546
0.64681047404985
0.739605564503657
0.625438635381417
0.747257534609414
0.646491289226418
0.542046614425277
0.610085736441095
0.740139417253363
0.796106446759109
0.802038228833873
0.733205440292989
0.725353804419622
0.778644040779913
0.646256854295738
0.602320627007785
0.769166068762892
0.726595111086913
0.736978982878812
0.775849433807097
0.801814842859255
0.690866701242815
0.801717486027713
0.821940865249987
0.665295005383536
0.659424938815649
0.65165154304841
0.714940105444442
0.839405445485419
0.850227896109252
0.58109582578873
0.693864679551691
0.883683446580373
0.804687121220197
0.813063742593532
0.661398669338337
0.858858628221512
0.77831739276009
0.800586738499161
0.763789634695403
0.781749312215824
0.910617716383379
0.666382339125128
0.843693581204673
0.807204117375976
0.774470408831488
0.730263600650364
0.787701024436953
0.87892413360492
0.821408140922706
0.810714382385471
0.784157597523669
0.759272009726569
0.741881622545167
0.784015756413404
0.848366666828368
0.700031617785374
0.593072443567574
0.979851952443196
0.677621516882575
0.901930507699879
0.878760832821606
0.848466933801441
0.70040055909185
0.846261940403898
0.905829066844588
0.740540772367164
0.806559290718319
0.824912401657492
0.902047650736574
1.00229611004516
0.858343857447546
0.649811794975109
0.752680086661676
0.796346591401847
0.897892695401039
0.780126762913936
0.838449059829947
0.853842748123743
0.831632242139274
0.705951126485036
0.892392467057478
0.833643094780041
0.962408865091972
0.897905422616735
0.746572353216209
0.94889484484136
0.825124735565145
0.819367110276351
0.728565804096645
0.849272088150084
0.783507070670234
0.859245298961874
0.952928233393281
0.845500578648943
1.04618073916918
0.865640788448956
0.886847184632018
0.690051076976834
0.974781268168076
0.9501431733747
0.936861827128753
0.85320571948552
0.932816397753597
0.846898555683072
0.809388324000344
0.839009685744288
1.01344876978592
0.950521473287853
0.875890739760418
0.908570413019988
0.894428097842318
0.902261904188523
0.955553366171708
0.928245277913001
1.01534394637013
0.996073796784388
0.908368461816064
0.810852100204103
0.836557033143676
0.901703242493354
1.01921679495181
0.927052513642828
1.0302707304388
1.03994109338936
1.00350561626067
0.890537412962332
0.833203747598053
0.894185991884474
1.00736246820001
0.858276293998844
0.921419382850062
0.956599681620687
0.908182174976495
0.841808727952261
1.06196713092067
0.915826108134158
0.754705208036817
0.882235853887723
0.883116736797169
1.00965946440764
1.02312903788432
1.05649543190205
0.957613570701417
1.05425651956285
1.08501111781347
0.976013142839937
1.07291933467686
0.956299481565425
1.08380560887551
0.976418887661302
1.01443767138422
1.01283140247679
0.921756579497686
0.954900776633916
1.13389704951063
