"x"
-1.19066673072234
-1.09753458519419
-1.10045003990067
-0.877730693592674
-0.935505934735839
-0.958476560417335
-1.00140111929913
-0.907346905070349
-1.12965072301352
-1.00094446695129
-0.993035075834923
-1.00044825859816
-0.917915327728476
-0.844196506920358
-0.923518465861073
-0.96977289186131
-1.00178571323164
-0.97219874850234
-0.950479316950422
-0.894398680271568
-0.942770771210673
-0.974982520552718
-0.85799617035251
-0.902022723903824
-0.964771022586284
-0.802113833486691
-0.926841171480647
-0.878273373029729
-0.912709883664467
-0.955007750796299
-0.966906734646421
-1.03083708446151
-0.911554946711421
-0.917413469691905
-1.03447923672223
-0.94467105055234
-0.94198154688172
-0.911286435756542
-0.798289796891601
-0.839763958594018
-0.88794191171486
-0.80108458308769
-0.802814105206661
-0.824961071528429
-0.991781681143989
-0.882874550452726
-0.892850295412873
-0.960893733785749
-0.889808634337897
-0.878279001029105
-0.803861539850467
-0.990789159001112
-0.860127352777838
-0.871940913291501
-0.9195609299456
-1.06331914082592
-0.943049822178499
-0.917061039824432
-0.959812456859324
-0.910166628149977
-0.705207139725298
-0.946830760908401
-0.904317956827101
-0.759266854563541
-0.812606890674752
-0.697706342680992
-0.871199416834781
-0.834456474122724
-0.823011420180928
-0.81341198387419
-0.846922293078037
-0.844574344832554
-1.06241939191007
-0.952315400566717
-0.94526919217607
-0.946077565396698
-0.865423509188651
-0.724645396651116
-0.757817022099717
-0.822550857418421
-0.8361582633156
-0.829168104485534
-0.86524401774425
-0.831257329363837
-0.79536597782145
-0.732429898036522
-0.838370372400571
-0.89706858130957
-0.873914329672025
-0.785276192519856
-0.721236778198778
-0.713771911016721
-0.746610539267523
-0.621741379861634
-0.810728015088721
-0.914532462306567
-0.861406782520077
-0.717431661427785
-0.803520411277213
-0.736484872759626
-0.868320640179604
-0.795620728790294
-0.821248094892946
-0.866528383391668
-0.815398063519569
-0.864273260357861
-0.769143803007905
-0.80679890674826
-0.809684676310166
-0.787769623605985
-0.806140615662604
-0.802298718846288
-0.770654573706321
-0.618555483916888
-0.787460357206909
-0.892797758480351
-0.661191437133211
-0.705545550591179
-0.6417000368325
-0.665434236133069
-0.675816875656515
-0.787674828826117
-0.69914842991102
-0.807542553533324
-0.715035253651184
-0.692676493970657
-0.713941339057418
-0.583470861302772
-0.675861997295358
-0.792894013873251
-0.687314654991284
-0.850221599803008
-0.604363779352828
-0.631597817561494
-0.723917992133332
-0.772346061321709
-0.746901376723265
-0.727373537681268
-0.661204331746644
-0.769750126469969
-0.671130641631222
-0.769593466867836
-0.805099589658956
-0.853652796982664
-0.629745330053592
-0.769688772056655
-0.639626574042002
-0.755572667501412
-0.735288239276669
-0.732700559059995
-0.551853363968085
-0.65304596448239
-0.775281983586378
-0.587232571908876
-0.773232862065605
-0.729667593297387
-0.614195167129823
-0.717449487647328
-0.767326736226841
-0.756072089285441
-0.689655271061579
-0.784270177042131
-0.596568274065791
-0.60460524318385
-0.673072784109278
-0.560997536727983
-0.559836922702638
-0.714520496532074
-0.552000391051335
-0.757435571165496
-0.726672390140695
-0.650235381277961
-0.757522112107
-0.571400345481092
-0.705197912809111
-0.654490692940574
-0.698439151960182
-0.590589110405983
-0.683856587805368
-0.676772377571098
-0.700727638110329
-0.619717803625488
-0.594691278641154
-0.56537120783619
-0.668532897441611
-0.605857098902499
-0.607453377718075
-0.674179477654299
-0.661230888221735
-0.823521945325408
-0.522444673885528
-0.674379029389677
-0.659721787953207
-0.635078986179285
-0.642083019520439
-0.666590875306028
-0.563166900802122
-0.735516966119685
-0.565603314666794
-0.57303238330018
-0.60719775521721
-0.698441609000125
-0.638489763625673
-0.67581833387397
-0.622366115122526
-0.666667333706374
-0.419321907646465
-0.492282891296504
-0.746877852029459
-0.652800153122894
-0.561188355518437
-0.484666324900014
-0.525408573148329
-0.515808549638885
-0.682945230130816
-0.432500262433655
-0.422599932901055
-0.698113717865391
-0.602917933382412
-0.557068754342179
-0.539965735963549
-0.517465068032968
-0.646926188658049
-0.429557825244608
-0.489369354382704
-0.641361350632891
-0.680825724360492
-0.472405630625413
-0.402075477825944
-0.433736504724448
-0.611488332631545
-0.563910595992432
-0.38743414296798
-0.578829887617339
-0.503564376444067
-0.578562592424867
-0.586545561395063
-0.409737087876375
-0.573087634350644
-0.514472628295535
-0.558657077423643
-0.388532781830655
-0.580109610808312
-0.460710066444906
-0.40217622512049
-0.542385218949501
-0.568159249262069
-0.563632030977743
-0.426223440990073
-0.473743753218439
-0.570197524963409
-0.5316811828446
-0.519588242593817
-0.525496910803294
-0.66614023303127
-0.499870526450592
-0.416498372430694
-0.360857267089831
-0.476966215485047
-0.525238812845031
-0.489651539455419
-0.416504078168051
-0.516788008251244
-0.400238419440794
-0.483582997160128
-0.432085563413206
-0.454212407002344
-0.496287263782735
-0.345057219105457
-0.365135486710399
-0.492043873032356
-0.538718225181867
-0.468058213583753
-0.308762248859378
-0.464194582739648
-0.406591950847746
-0.361838997020526
-0.512899414543261
-0.552342050093469
-0.448626685654374
-0.322872245234113
-0.394758241925423
-0.549968969690282
-0.409585782790749
-0.383119112642991
-0.361350039603391
-0.45608045187713
-0.462848497815761
-0.315617407326628
-0.353749474727052
-0.413884572869237
-0.583985164620149
-0.377513905060236
-0.419112089084076
-0.436549481663664
-0.326561997251358
-0.541379355040501
-0.343232692574717
-0.459667733301644
-0.506367541458934
-0.329669611776484
-0.425384741727122
-0.360357790516067
-0.38685624006925
-0.213013134105311
-0.235022773177405
-0.386249602626491
-0.45526443680003
-0.307044976265862
-0.481456646944733
-0.32901458792038
-0.568238367304106
-0.479929081775408
-0.255446362159155
-0.405205918602939
-0.262370476133632
-0.385770637081637
-0.528256766959706
-0.264582661539371
-0.307054160403608
-0.274161014529124
-0.341116093962419
-0.236979103893817
-0.199922221218117
-0.355505032072336
-0.334719776101331
-0.362139570893827
-0.300935532493313
-0.475344401628342
-0.348768611115295
-0.328863698920583
-0.312247412490455
-0.145246487288885
-0.406725809129865
-0.445669932475614
-0.4341559982192
-0.341022487997742
-0.385910368181116
-0.300065987777756
-0.397207953499192
-0.287060214332158
-0.407414966506037
-0.331076365302679
-0.286476896146434
-0.361295460577657
-0.263281714481258
-0.423748819965248
-0.280124480353766
-0.247577847619885
-0.274585327954644
-0.465627093007778
-0.356544587904945
-0.248071021661177
-0.211571064250737
-0.290664707728341
-0.332617783571693
-0.307828717597331
-0.351278243128091
-0.205416757221498
-0.310959883736975
-0.232155756273795
-0.391801188425596
-0.344223093531156
-0.33551029644899
-0.26841404688985
-0.396688755873328
-0.275775604180141
-0.242379283036293
-0.130488119774861
-0.144902678537619
-0.140094115354887
-0.301441073790595
-0.315207283769341
-0.223355823757567
-0.308748484965527
-0.184280951378026
-0.275571990438034
-0.0549904158628662
-0.26634341546933
-0.444054395478295
-0.353918339784026
-0.204633551667088
-0.1739104436391
-0.397262713136677
-0.374591938541174
-0.276392567191468
-0.173242738044131
-0.168759376508618
-0.245753105458463
-0.163741682250971
-0.302543247542883
-0.151232162615585
-0.126128759682816
-0.346969984245814
-0.184139732877665
-0.304006255091018
-0.186182566108834
-0.15573375594164
-0.174947422665857
-0.229526844550911
-0.113787780034726
-0.198686548183775
-0.327256635962012
-0.222290437309784
-0.0936941443206461
-0.340643293751642
-0.178115879888071
-0.20600389534259
-0.016341827346888
-0.189508802733244
-0.160854304307182
-0.0843080626777273
-0.228986164210995
-0.192246582260705
-0.160120309156999
-0.346757934503043
-0.0958825436538002
-0.305957625731516
-0.133323452947706
-0.0899944568375892
-0.250901996950841
-0.14390606663152
-0.222332515731359
-0.259530724080041
-0.26382967339723
-0.0943135865560046
-0.14747652372436
-0.0191554390483519
-0.172955547503916
-0.0749953410498844
-0.236434168847317
-0.288645096410096
-0.246788370672819
-0.183800978275239
-0.257498944939594
-0.0616118677200067
-0.182146021841317
0.00487259238537532
-0.0782045000295351
0.0423975961756486
-0.00651984091218052
-0.0880034857743219
0.0318109200480029
-0.173421427765291
-0.169836553771739
-0.127498092153692
-0.127275972553762
-0.024387431771115
-0.186620672257859
-0.0840589837723475
-0.125505576704382
-0.0354493365520567
-0.197648334869339
-0.177092089170931
-0.160436241570187
-0.0623477242057288
-0.0826490919459445
-0.0299975202039572
-0.176390694915991
-0.188121931967307
-0.138424812430311
-0.0363404618234314
-0.184148941744357
-0.174772843557413
-0.169373766641801
0.045991763832328
-0.0742309086290635
-0.0502804345371123
-0.153973582126771
-0.163199685694014
-0.163619973284104
-0.153347908826178
-0.210118343705096
-0.128958779973061
-0.0731455268566202
-0.118864803810203
0.103163005221423
0.0245940335487147
-0.143153065948085
-0.117477108911844
-0.14378246617769
-0.0270943930917919
-0.108640602021604
-0.172494428026712
0.102565862222899
0.118141792742213
0.0652671677585914
0.0365971251500606
-0.171078814726649
-0.0398445657724424
-0.0502758958892797
-0.0212848484674414
-0.0276417262618022
0.0426443380958525
0.0340398568958573
-0.140406632215079
-0.188273130691186
0.101345031179989
-0.0838059674532013
-0.0180723249083031
0.0264934401294228
-0.0911298122992895
0.0598480337947878
0.0373169512846634
0.0379411687235215
0.034742075909691
-0.0877642478424455
-0.189458659942941
0.103543695586358
-0.0951732442292729
-0.0298569470513822
-0.0274942883457469
0.0495849515257342
-0.101415222882682
0.0339085746742941
0.18456204953847
-0.0286608040315244
0.0621421105690377
0.123161281919362
0.0695798150528246
-0.0163331175646799
0.10317611420632
-0.00478238347190814
0.0490538499577742
-0.0269969785617203
0.215815445653927
0.130017371658657
0.150250948894536
0.0531099691292434
0.0768370523178757
0.112716752070696
0.0464714554118796
0.0356897644875592
0.120268367067759
0.0514650218007859
0.128838750081847
0.0428288884956074
0.034187520491646
0.103124215180985
0.00259062653329726
-0.0120090038854797
0.148633918704113
0.0906386826356198
0.0341631688000082
-0.0591796494039925
-0.021401239115576
0.203389130161506
-0.0277801238049159
0.144323041514748
0.0184997752079796
0.0307915956724911
0.0938489054128323
0.0277966348970332
0.148090150655878
0.0698148510385327
0.236904667970394
0.0368289986640431
0.186514384972285
0.0285311847770627
0.164376001326812
0.0262576336212704
-0.0987902959776757
0.102206687866232
0.0768490066360466
0.213150356242421
0.238470480423801
0.256704599866722
0.0356915916913893
0.12599982779369
0.234152720199639
0.121292700290962
0.0889600633139315
0.133714237157224
0.103562758905427
0.136272896534382
0.15666596983577
0.0374736712052974
0.134898232175106
0.184305784845451
0.080947434400135
0.35212325241523
0.0442169667157911
0.205309135614311
0.210397229718551
0.180439927276316
0.114408754347039
0.241134067268599
0.102611025393578
0.163463597619959
0.302542111086748
0.306055441560778
0.272005961645443
0.1229592908573
0.077002680579663
0.137431444789076
0.183465677496971
0.124520626104361
0.207832602356173
0.151422570464941
0.30809053796918
0.107784746073324
0.0792569984064322
0.203972554271332
0.174303634826082
0.389545219060314
0.336374011281419
0.193390673869982
0.345141257303234
0.234287215625716
0.220871922033485
0.268047862930819
0.240141250669636
0.201571606199286
0.141401594385691
0.250678774518035
0.33246747776647
0.267732157860889
0.220589242949713
0.350820368584685
0.259997418795136
0.361362493759337
0.218850670627693
0.149182763494828
0.254169230616242
0.281154785619809
0.275090479397569
0.15575573790449
0.368031905067915
0.22132391028055
0.288902248223726
0.271455988205885
0.117933080201714
0.0725858757077452
0.186445971478133
0.384808802177898
0.269534187544347
0.256977408904505
0.301546391203977
0.362366194173677
0.215726426122777
0.101309420179396
0.366278539747066
0.313298895067995
0.212835741579703
0.366862104805465
0.0686608473425158
0.322285824772946
0.190322951103054
0.223024469009597
0.258722821009631
0.261878801610812
0.259312304968645
0.400346004129972
0.317573168570938
0.411534878539231
0.387552715171493
0.448148720173945
0.221348518151783
0.396993019610585
0.307400942210553
0.348889089585183
0.201222231336566
0.396335940267548
0.221422355366147
0.52168560567883
0.461213109357763
0.282638261293274
0.323309365993887
0.372793796314162
0.353108918675775
0.245706166254355
0.261556627420579
0.299798832211464
0.340359899277102
0.40684487444918
0.378846937233578
0.265134269473391
0.475220298115603
0.427969669525967
0.416484381601319
0.476139214748194
0.491279874179109
0.339252017920892
0.410141799799747
0.534015077142655
0.189015065294689
0.367733360615355
0.426365375588553
0.273623658149636
0.302073798239174
0.250947389604846
0.519780525423307
0.386787265029054
0.31457913071712
0.488711981650708
0.409488787715394
0.398791993401533
0.393651989545428
0.429846563427157
0.346316394000847
0.49076710131123
0.451872323583235
0.446872895546365
0.399060609155397
0.421112809861101
0.342838615431982
0.380009600208241
0.444101410121756
0.375635561334881
0.404106395089904
0.427867511981995
0.280264529319261
0.383120716382513
0.401681607957063
0.491613588524128
0.409267113318117
0.464694989262874
0.368139230850857
0.444934724870832
0.438373767923153
0.258297828398745
0.394820635514476
0.559961372132899
0.47393248708959
0.555618196806201
0.62134185069336
0.442620016115735
0.468795758380239
0.337707752751597
0.551825672651942
0.478376142102639
0.343257298992194
0.56251382717821
0.489722159766179
0.472837328358039
0.592268079972378
0.436861008681706
0.541678394748137
0.537374952004332
0.587681077474945
0.438726588928985
0.573613415977068
0.406684161101779
0.547128252583568
0.390008151495642
0.372715329987767
0.452424247948516
0.734187008876677
0.497321317387494
0.495343400980424
0.443241792286821
0.49576943250888
0.569278789102436
0.546103820914637
0.411170791211025
0.57260455590592
0.682603787062188
0.450370209082207
0.454894711929701
0.460244546207616
0.379550063226464
0.515279189124454
0.546699643816026
0.487526892753151
0.536214894957601
0.520904546072993
0.443837100477866
0.449961728982435
0.533929528542711
0.521526774769393
0.604633818814645
0.647065716787332
0.631468627771377
0.369325012063216
0.501864491965721
0.57099688735465
0.607437452455448
0.579253060911384
0.42947837115688
0.55324607604312
0.632187230225249
0.60407534843221
0.565655229668013
0.65815652649947
0.568249818940592
0.532847881122897
0.622088396956787
0.569008775704732
0.64977666214514
0.56552455348334
0.610605166251181
0.376124754726765
0.482401234911975
0.59306997725794
0.542197041148373
0.620345688420326
0.53149701158183
0.560830640761107
0.5326805627337
0.552106642738618
0.608694245909693
0.56529178417133
0.467088773992962
0.833798410446106
0.660242719339053
0.57972850648416
0.587300125081139
0.699858716489217
0.526701101016329
0.709954181022442
0.608196727077292
0.580301566422527
0.609471469732282
0.623024800159682
0.623879304828746
0.628006495635542
0.73431868983515
0.555552103495007
0.714580073942572
0.565716578402488
0.601647693476332
0.68335683128712
0.590699512879383
0.605435383763204
0.75803810035217
0.757267991168262
0.614427042517916
0.673332144430007
0.665670965583985
0.700358063323683
0.702257312494309
0.661715633755176
0.763910089006973
0.777109561235447
0.746190505258534
0.593001014992322
0.599087522996733
0.716901211863017
0.742539869394183
0.730771638348179
0.656259315713765
0.524289065609814
0.627742336488135
0.77383516929923
0.626428347387025
0.702117527656107
0.690429441369069
0.803172174824287
0.656123267618315
0.63109494603148
0.601145671754457
0.75582331073445
0.738747970948524
0.618070697446017
0.675033754522112
0.692619985576416
0.701889622082124
0.717584854764318
0.666848994346267
0.711199130801382
0.598171727842612
0.865694588066491
0.639945295525698
0.547670039424958
0.778145721429501
0.731932353667473
0.766670416416678
0.695865944779665
0.837039351756343
0.689658460411953
0.746925082666329
0.701284634237047
0.728492872155846
0.703662230160834
0.83887677027252
0.867684551557338
0.890600517230978
0.755801955833266
0.695988713611488
0.567371774689796
0.745272403057598
0.704655028649303
0.823790902112948
0.742544698912874
0.693847775885574
0.889143798165334
0.693692166410402
0.857853699264838
0.768391591654505
0.663773378844823
0.834177593332042
0.710150928224229
0.957956793636015
0.750473068134513
0.677170806793194
0.848537572150709
0.861811177486425
0.685597808282143
0.757629977081957
0.742243213629843
0.860322430422233
0.741274661733083
0.813056018689203
0.670586816211161
0.63995665890086
0.853981650412011
0.850719182917022
0.808495747800108
0.854214260458238
0.843526438242754
0.929981040479859
0.837263572549309
0.805142954706822
0.895233657853512
0.961260560835791
0.779746196542286
0.928368279724911
0.689868377772856
0.754623513973134
0.838540178361765
1.03261028815767
0.740088259888873
0.881896122848116
0.820286466773522
0.698654065975489
0.827659122121601
0.919810087210563
0.779374015830958
0.768774428810321
0.872395379763155
0.870235079936885
1.00140377705064
0.859029065036245
0.9162430819836
0.889457446865378
1.00644251592779
0.831364814864935
0.882829919790217
0.944770645386557
0.773855667687466
0.966094856460589
0.931984111211936
0.696309531257993
0.886824981070947
1.03637930379179
0.901595438442713
0.749117952052503
0.946440154897906
0.79105327042561
0.915142614993009
0.887826661496654
0.762661822163756
0.84490999710606
1.05761816571162
0.83745253471142
0.817831087498182
0.968169663445434
0.935739721865209
0.873410317803195
0.950098330156798
0.863511315092849
0.882497578635781
0.920428217690159
1.03154859907995
1.04207114756458
0.845291066155153
0.92754793962376
1.09333942286634
1.08311196252702
1.0257411524381
0.98534857005857
0.947866572301711
0.820017835407558
1.02662501330493
0.979572952302022
0.897152368201559
0.805737313589857
1.03663636581969
0.98716651455559
0.782547381849743
0.76493472689617
0.840305916940121
0.978959110781726
0.838586647740965
0.970482139577384
0.838677575765803
0.988386716020033
1.00734436687994
1.06505411701846
1.00355257799982
0.998990050345749
1.00590137684143
0.980591230080039
1.01613369637957
1.03801104605265
0.961465843404742
1.04331532688992
1.27918569958032
1.13308819213214
1.01189032844697
