"x"
-1.18191854130671
-1.10535923240952
-1.10601392531799
-0.894751515436953
-0.922430213893369
-0.934979914006876
-1.00358760650313
-0.913206594995516
-1.13321074731726
-1.01841043415458
-0.986353727135096
-0.992296160899882
-0.905082285791684
-0.859377024789498
-0.929939484727847
-0.975984177284232
-1.00624511149762
-0.989894436730531
-0.945703137128577
-0.898020962348162
-0.920755675668641
-0.972258437310411
-0.837534284623157
-0.917107733343461
-0.974596193947701
-0.819404164415669
-0.914144454506503
-0.871935713674882
-0.950556458610286
-0.971928795021209
-0.962473045321692
-1.03189025104264
-0.924746057424679
-0.931596076422515
-1.03208147338264
-0.945465534939132
-0.92298969001585
-0.908714149127883
-0.822176128384303
-0.840741199889772
-0.908286064018362
-0.779061229429253
-0.79641814194132
-0.793384784169683
-0.995845506873024
-0.901309608030696
-0.893611566877736
-0.936877813453391
-0.880682345800501
-0.874851514831778
-0.783089293434104
-0.991058654609271
-0.854151668956407
-0.857873132547134
-0.902536124948899
-1.05275464934939
-0.915850606088271
-0.915089286595652
-0.964005140647149
-0.913570883083293
-0.700593745385281
-0.939052213221775
-0.925670330360617
-0.755732673964152
-0.800678324711754
-0.710129690648895
-0.896889290803649
-0.863095567209527
-0.837730937836712
-0.820084204586227
-0.858370912930539
-0.833980338922866
-1.0734096920546
-0.967649330946501
-0.932881839693184
-0.938261408026502
-0.841225314901668
-0.709776425513524
-0.762509887572392
-0.835332612907274
-0.824612862804448
-0.836886495205227
-0.892543647593411
-0.836928522970212
-0.783344402285595
-0.735053014858769
-0.797866045626753
-0.880752744055303
-0.872818593348166
-0.786319802241646
-0.732673160046442
-0.719705105821028
-0.776133450450978
-0.642464673665153
-0.811661735268221
-0.918155029472874
-0.86265985059829
-0.708880255130107
-0.786278828615546
-0.731471721467066
-0.889629202102328
-0.785872131600675
-0.834081388525877
-0.865036869918063
-0.823276977914044
-0.879039090997201
-0.75577695549089
-0.804172206746898
-0.809385509400068
-0.778790007914619
-0.78954574409029
-0.806821568224413
-0.784402405611997
-0.62973852105901
-0.796494698300421
-0.890385556371186
-0.663270548235832
-0.703248337999883
-0.632897725170613
-0.656257196884081
-0.662795246562355
-0.780538276697327
-0.713978183461279
-0.802306984084152
-0.699095369768338
-0.68240287373031
-0.718786717598216
-0.582246137558899
-0.686751828072294
-0.792564350641521
-0.662152742644962
-0.894503624888933
-0.606688971263565
-0.607871700351779
-0.72388781147835
-0.79705631281405
-0.762839909496072
-0.710420399728171
-0.671349277915397
-0.760879357636534
-0.686602268268089
-0.774048676823344
-0.768258222573638
-0.84764733908405
-0.635782571263248
-0.758103220593145
-0.632208307208555
-0.763378961707544
-0.740939317837745
-0.71926358582141
-0.548827897438622
-0.655673646706957
-0.777033440255475
-0.607342740377241
-0.750957374244426
-0.696740637479187
-0.601861111151096
-0.715124247050128
-0.772526550399747
-0.774570903136296
-0.681624529509789
-0.783114736253171
-0.593613402278985
-0.602865780934702
-0.662861469903273
-0.570839892915792
-0.551106996269144
-0.701677665074823
-0.549404835065414
-0.771675208687945
-0.723884244474341
-0.639455987969187
-0.74178661015974
-0.544956708292987
-0.715867202151446
-0.659955757005295
-0.668964981727517
-0.623346684212868
-0.682904719596358
-0.669824268187537
-0.697315842677602
-0.625170640211732
-0.605485173776499
-0.563638331430157
-0.677627288843909
-0.615086150991891
-0.589352169939973
-0.658398129987851
-0.651982579283455
-0.839998383421019
-0.51535909854346
-0.668268333978955
-0.635207037124428
-0.64061054797877
-0.642363908946186
-0.695191161928378
-0.536681606278215
-0.738769828072457
-0.549293792550385
-0.569633477190119
-0.586004618646629
-0.689302341654453
-0.644376438242212
-0.644840203458407
-0.619929591712676
-0.657359654906085
-0.404756321011419
-0.517190398148134
-0.773585238206554
-0.671889134921622
-0.577866260407537
-0.475389936714346
-0.533090259737944
-0.529108894386691
-0.697874599833444
-0.417824620940249
-0.420211447322474
-0.717701747322664
-0.598140782344641
-0.547892280295653
-0.530242746136419
-0.490709828042347
-0.63199916712755
-0.417531228060367
-0.505258010703922
-0.632713334542621
-0.674237207406368
-0.458938412160223
-0.390540458077115
-0.433215031412817
-0.626670033144831
-0.559248331820595
-0.389598358597777
-0.576815199979453
-0.493320666653981
-0.586882894507965
-0.581490204695029
-0.423897723229542
-0.575519077792074
-0.519202108509816
-0.566250400160934
-0.426730424732521
-0.582438363767643
-0.48153820841679
-0.382119457834668
-0.532150526282821
-0.58101626048681
-0.560452501624739
-0.447119197928985
-0.471528265401291
-0.565532225676043
-0.541702567039939
-0.529154098822886
-0.551679892297679
-0.656354317939738
-0.459501607194469
-0.392267648534051
-0.375048288045023
-0.46216645721821
-0.547660945527244
-0.474292066343803
-0.434645532852096
-0.543724069667876
-0.390659021380241
-0.496021046825024
-0.427683773211529
-0.471598819883094
-0.487768546600825
-0.361299453254727
-0.359994831520062
-0.492667891574309
-0.551340244210459
-0.479259332204008
-0.314785804012161
-0.466055782056169
-0.419875067743406
-0.368813813883315
-0.500263021355378
-0.548229334819111
-0.45400015493469
-0.32470349356054
-0.381593772079998
-0.528370630305035
-0.41206677096493
-0.381713879371264
-0.369069857316377
-0.457273067036988
-0.463665513997963
-0.298548132238756
-0.344334540417327
-0.411492183939725
-0.580902653040453
-0.384075663700807
-0.413247084519003
-0.404213220246978
-0.311263767604689
-0.550628094682543
-0.368611117570248
-0.46185386942874
-0.485235967476426
-0.363277036611611
-0.415753657535544
-0.363460638685219
-0.383294283590401
-0.221837636819555
-0.238748662812675
-0.35637963594182
-0.432977820658395
-0.298371074270905
-0.468485927194466
-0.322213711959795
-0.590991115060146
-0.483431632289603
-0.268719238416006
-0.395534324712429
-0.278476121857963
-0.391711902048476
-0.522858349895309
-0.262340343710697
-0.304680035631073
-0.293905823028363
-0.344017148793409
-0.255203291962758
-0.212741425849079
-0.334177319737076
-0.34757182815896
-0.354966598871635
-0.307561370970732
-0.473559155634138
-0.345363748714638
-0.350782692830718
-0.298406753525226
-0.147250584091589
-0.406384212586158
-0.429294337352595
-0.440741979984321
-0.347007841964846
-0.391904612574102
-0.289536491157592
-0.406227012685979
-0.301202951613571
-0.38827364877459
-0.33108882145764
-0.249539719253405
-0.336584617925599
-0.260731661180172
-0.424381248668885
-0.307266253997952
-0.239576875771061
-0.278318388425378
-0.479940813972048
-0.350168960430301
-0.233528497084729
-0.225280445011991
-0.290953915022672
-0.349903584254136
-0.299573347170273
-0.355990153577387
-0.196493258550082
-0.329804069940673
-0.248513850359792
-0.391970690508027
-0.344586967631334
-0.337111489247091
-0.277033373918523
-0.384889738066359
-0.286153860355421
-0.25317233106231
-0.141977856440457
-0.132227757917482
-0.158944023437335
-0.315768802096618
-0.319653748663563
-0.214177917589874
-0.308458302299409
-0.169265685221394
-0.291688220323289
-0.0543642777037237
-0.276697364835139
-0.4532172495543
-0.326232477781253
-0.229080721694722
-0.17373418364425
-0.381643164787414
-0.375216660788495
-0.271775391042597
-0.170773694999419
-0.136573178581838
-0.230716634466717
-0.191570015481222
-0.280779967333403
-0.151858645517541
-0.121938577501875
-0.372126248462766
-0.17461781368892
-0.299371257711092
-0.177180399765419
-0.176050178551459
-0.178631946038955
-0.214049843704078
-0.106234620940873
-0.191066121232948
-0.330743374854444
-0.210163389525814
-0.059769558580378
-0.340436147753914
-0.16657448542291
-0.198898159806452
2.40544853081884e-05
-0.192094678777453
-0.15883166939229
-0.0782900942632562
-0.248906285897972
-0.198991048693973
-0.172333035482544
-0.353609172593917
-0.106181316604267
-0.320426226950116
-0.127957497420387
-0.0854350062328765
-0.241220510767174
-0.140541251173329
-0.223327506667567
-0.246715414240984
-0.259527321075975
-0.116179672655481
-0.123884527813499
-0.0248729134001787
-0.190056791288085
-0.0582230989202903
-0.230617718858128
-0.268636021554674
-0.245799224688512
-0.191350343846468
-0.238747441599325
-0.0844451333059474
-0.184915695333632
-0.0179997966105545
-0.0893982779348853
0.0370470720872777
-0.0241473147602906
-0.10327103323596
0.00307684788377561
-0.188504023643818
-0.189518375160258
-0.133182987652072
-0.103432026223967
-0.0329691452002591
-0.187680383875273
-0.0781455230638496
-0.120113177657325
-0.00886670310190713
-0.184678139235564
-0.178240700376778
-0.167108011282225
-0.0744255552577325
-0.0798783934726241
-0.00291573280055493
-0.175359337354098
-0.182849493334398
-0.126244942921173
-0.0342303103081055
-0.180040957962113
-0.173491661457925
-0.165139477233726
0.0470423945502853
-0.0781362939822776
-0.0629774091778099
-0.156486113983599
-0.16405034739596
-0.145843887207369
-0.128305530372133
-0.196465087572065
-0.118677831066677
-0.0948949677913928
-0.138489653638653
0.0956906897942766
0.0105554248065516
-0.133030542450258
-0.101733881783128
-0.113347992408981
-0.0251375734224171
-0.102336991955454
-0.17750756530002
0.099733782173587
0.123550995264501
0.0763481123751994
0.0557599066425749
-0.174010376763465
-0.0520221618379442
-0.0323970325599331
-0.050548099777835
-0.0149701610708645
0.0461991409181634
0.0402972123538834
-0.157393563011752
-0.183061164000408
0.104173570766886
-0.0885977691831063
0.00124782969546174
0.0599954885515108
-0.106336475385653
0.0595329149086976
0.0572718990747086
0.0287425940728486
0.0375615257608542
-0.0852952301647457
-0.199037889888333
0.1106907873327
-0.113761197500568
-0.0302406906995462
-0.0115939776495265
0.054342029737728
-0.0966916699425844
0.0190927370926347
0.176904864544102
-0.0579712046357742
0.0462373953009756
0.133168222379874
0.0783200608440208
-0.0138734455486726
0.113427091976172
-0.0116939139172785
0.0256776592295445
-0.00130169060859786
0.196038827061188
0.135712535812375
0.135505103572191
0.0587981655582202
0.0891332207339443
0.101005821965933
0.0551069092612615
0.033567275453779
0.13600880250333
0.0462028308523281
0.140072663239436
0.0408859164300222
0.0382035330053317
0.108489432060088
-0.0034272373136839
-0.0222359868017986
0.145848364624616
0.0977944625513794
0.00305616786801204
-0.0550759240375049
-0.00226483546162267
0.186147786591692
-0.0189229066483051
0.153279852695422
0.0228646350281313
0.0428122880912446
0.0978023111974212
0.0251106779712174
0.179992725934879
0.106591553641909
0.238320884034146
0.0220212563518077
0.202028538948851
0.0223227897018238
0.164341154309608
0.0411661551180692
-0.109684845268128
0.105251211219502
0.0929197999372917
0.202811643694478
0.260648784578164
0.245685069992131
0.0241010345438153
0.131140377680263
0.239989878940033
0.147267155142542
0.102189833120122
0.130254110152093
0.110940848224968
0.148740604490609
0.150853980208054
0.0260747937774417
0.114467341465049
0.188280176846783
0.094098479443233
0.339301169234657
0.0330181447678853
0.217956218673166
0.187230248453678
0.16799145171415
0.103139100042004
0.224873886036017
0.128252793333847
0.166788557229678
0.295159627229971
0.302955326724368
0.277095487761515
0.117808833785806
0.0733114167334238
0.121242754066879
0.190413351685639
0.127161238587797
0.21019314536474
0.144536897855482
0.305117222435225
0.0953800011018683
0.0727343424340442
0.191580634717035
0.173278347752472
0.369286392769569
0.318795787877372
0.189847807783392
0.359223105250075
0.229658948378503
0.238720903964225
0.24295814302939
0.221895945287738
0.22127479605797
0.160644589086856
0.25939190646959
0.296555073663254
0.274800963117011
0.241960077639218
0.349399117040686
0.266696847354418
0.335513558566366
0.210952237288795
0.150007302119475
0.256194372242536
0.294215916678067
0.282711234447859
0.181150707062368
0.35376312097073
0.244514339429961
0.298248879845884
0.281870216440738
0.110750448069749
0.0798034245682103
0.177071306149358
0.396619428880358
0.285315974074152
0.270817778819811
0.29984197664231
0.361360521543807
0.20729061281198
0.0861682741893713
0.381265094756942
0.297005607520614
0.236853398717536
0.359123672067132
0.0713973695180699
0.329439613496965
0.189743109361658
0.226393361076152
0.285308858215215
0.26962019360505
0.25694186221587
0.384951644513892
0.309783772052668
0.415868418401487
0.3835931241194
0.449408611428844
0.226270878430429
0.390507861038301
0.271053069192646
0.314466058841194
0.211962470372323
0.369913168422662
0.215940361272276
0.530955406397299
0.455948936576363
0.278512092748829
0.327407471240543
0.382031410769715
0.35788480072734
0.235040090960925
0.274990354401932
0.307487257875145
0.336235791387433
0.412035564081408
0.386237341788833
0.27034619243284
0.479998341661348
0.434282670235096
0.416379799438864
0.491048989960211
0.508792193695628
0.352220399485702
0.39841831454224
0.535922074031767
0.172555962371952
0.35814784852927
0.421638270476744
0.274323354375208
0.295013357729263
0.246078638160224
0.532751569830143
0.412999919230447
0.295349358606354
0.49811866988353
0.41108005648172
0.389582807487089
0.40393847803375
0.451441873463115
0.343182448150776
0.495901146980709
0.400024053722761
0.451490466873077
0.385527579542536
0.447245431589478
0.359650394458623
0.387255747163591
0.448442349263401
0.397185092443519
0.41583520137984
0.4117349644777
0.271338991249092
0.40498578733959
0.382442033875091
0.501493772777152
0.38880983178685
0.456890117147664
0.361657273639502
0.449201810796228
0.44246192950681
0.268532582359417
0.405928968284265
0.549170754580567
0.482834753621237
0.556510544828206
0.632288060896197
0.439910172774973
0.459826784627402
0.311450906175049
0.551197341062748
0.48299719818969
0.348648275879237
0.56826882640758
0.507796871138163
0.477242228039163
0.584595554021552
0.437714766252013
0.525436182558083
0.535394590100805
0.583669896879091
0.461228218061127
0.556619854172003
0.440204537442439
0.546192865677557
0.418070578073824
0.404033229469803
0.445432424655873
0.725196672412655
0.530070505301932
0.501347987373507
0.425087733743324
0.507791143630097
0.56236408158712
0.544031287707242
0.391777497764882
0.578128706418651
0.678693375736974
0.462412561205354
0.447616227921353
0.452266557919773
0.375197569376959
0.523671348697363
0.560883112667339
0.4654954425513
0.547270352019387
0.530275348443124
0.450403092258769
0.446280806437254
0.518167242087232
0.534037310044919
0.601523114390208
0.647479862205543
0.621409314895128
0.370282671243377
0.508957677647545
0.562685852376558
0.596235152059719
0.598852858086839
0.430459176927772
0.537634189634431
0.626471041329857
0.611657000863453
0.575537105218136
0.658306107160574
0.581035650125567
0.552916588146142
0.610461471838211
0.566088621807909
0.661621348072209
0.564392218044688
0.600503750659132
0.384229940149883
0.460334545381546
0.58947162626579
0.573441501119872
0.615373658402079
0.524571498164897
0.580946250679257
0.533440511376705
0.567156369514429
0.632348309267708
0.585465928375326
0.44557146474336
0.828212013796871
0.643476454960617
0.580346359633812
0.597184249721076
0.706360755185691
0.522765219433881
0.694906929801766
0.590957152748782
0.594869543796635
0.606925366006065
0.625191372946313
0.603431449871044
0.645130813589205
0.742375523650148
0.579503134219502
0.739368319594522
0.568657153382662
0.597345233367611
0.676979636090188
0.611355308951893
0.583616104853559
0.777083294924359
0.751217413222637
0.606997979669668
0.657547163234699
0.682177364168498
0.726495521810774
0.73309635266121
0.661468394163924
0.762356870265705
0.767285959142448
0.723413759590611
0.570707690939767
0.608010736634006
0.704876643296169
0.748692782399769
0.744619685611637
0.659672938896466
0.521137440714739
0.635577544147778
0.775830700824449
0.605647823062702
0.736795898795704
0.699411363087089
0.801834192454032
0.64495759431018
0.61774311973579
0.580801573814982
0.783160698723431
0.75947463407971
0.628070906796716
0.677691646424369
0.6794757161636
0.707152005385421
0.709722737311705
0.668103120116898
0.733052567256088
0.599040449548409
0.872665337594952
0.642009358607118
0.550807700126829
0.785617624541788
0.726618738852533
0.760626952199521
0.681416129340547
0.858406799936022
0.707312150110187
0.721931575054607
0.714228830195508
0.747771780932093
0.712173093494687
0.819229910445938
0.898365826125473
0.894812514010687
0.734042235469445
0.664983600720791
0.566912145976174
0.72836639669662
0.741100178401415
0.829342668651294
0.762425667857703
0.712615029323343
0.880572101675678
0.692608609999616
0.86934542063074
0.774936261025972
0.708016365441773
0.840364792079238
0.73584107811467
0.944063580831288
0.747158531154955
0.649865293611341
0.825453259432182
0.818452780216159
0.700825552331271
0.764310476218241
0.736513610024737
0.843582764361595
0.781855941925668
0.798995132126304
0.660497882633987
0.659440163895548
0.844307926136776
0.828889323437058
0.799391037010856
0.840183516933432
0.856750530510384
0.910361587068863
0.831316474359812
0.791621812916556
0.908178967901621
0.968467932598485
0.767369910070672
0.90120670267101
0.687071607417393
0.754731998862002
0.831033357144156
1.03412578807306
0.758650549987865
0.902086850214083
0.80894298540274
0.675900486141988
0.85512382757385
0.919626080909291
0.77957311617856
0.773327033754439
0.882531383814213
0.881299528341602
1.00445058985195
0.876435259414339
0.896478713272087
0.888573113746307
1.02731842348652
0.80942573955214
0.844318992989481
0.963055929592958
0.764978204958672
0.988616360435268
0.939210370390139
0.680999191362001
0.89442936196582
1.03470594267648
0.902443061511244
0.736781086553065
0.947232918823518
0.821131185313774
0.915400891315479
0.872787309970104
0.751783480190855
0.855892920139434
1.06653143647012
0.835613302044664
0.826986096406102
1.00106227365114
0.94369293644939
0.889533343438255
0.947579292387392
0.902461309036464
0.906838338952962
0.929077557846389
1.0476123407352
1.05124406433975
0.835173819903813
0.906247196397775
1.07853254953556
1.06564958293544
0.999952215295086
0.97527526750435
0.946359035086505
0.819188410650113
1.03017511578493
0.9578735230555
0.899100656013345
0.805096684713888
1.0257805173205
1.0033105294433
0.797184655319771
0.760199566706387
0.804795556175881
0.966743676198597
0.838809866279397
0.974787080203313
0.818245744360757
0.969619919668528
1.02669658291492
1.08351200056148
0.997904808140575
1.0010113459075
1.00199825538901
0.989676502664398
1.01605544162639
1.03609388713618
0.980204894714473
1.04742342638293
1.28006544675003
1.1426511411716
1.01446137434346
