"x"
-1.06384033280775
-1.10883001389219
-1.01402856058343
-0.956138391730231
-1.03630619002367
-0.969679464545014
-1.09224513917952
-0.949433014649413
-1.16873295371193
-1.01129957039226
-0.946928785168368
-1.01307424356954
-1.00909669439697
-1.12167688267001
-1.11296334218452
-1.0027453451348
-1.04564846302685
-1.08876654131544
-0.850534211130978
-1.01603131699064
-1.00058089155732
-0.899108153599116
-0.923737022964735
-0.95655597706474
-0.910010141667323
-0.862569754957602
-1.02318759775621
-0.843853117253314
-0.933997958670591
-0.873630515180103
-0.915960667728122
-0.936714261336673
-1.01114791603048
-0.841968320821818
-0.877977986494249
-1.04431605598788
-1.0374946812421
-0.947778218800319
-0.90875897151271
-0.970233208014512
-1.04555780222422
-0.798677313516394
-0.957923758406546
-0.982163143173013
-0.946632889713122
-0.92762825428681
-1.00087289798907
-0.931655074613063
-0.869170340444496
-0.94991974267662
-0.902192345753999
-0.967286511152924
-0.861371922261675
-1.04290477391841
-0.893630721091993
-1.00876117424758
-0.93935696675137
-0.742067954551401
-0.768371173690824
-0.893341803159807
-0.870706882873674
-0.89447088252873
-0.711379352459688
-0.870762893155869
-0.951442477548742
-0.864902500327105
-0.945849587883752
-0.970499752599453
-0.996635217900761
-0.8348751875026
-0.761601103219663
-0.867359330259736
-0.801861752875584
-0.835786600517506
-0.955884033890257
-0.859171476267263
-0.880674500673604
-0.664979403730568
-0.856410527882831
-0.759406136574188
-0.701834030046787
-0.749522632133535
-0.883467048801672
-0.885225460748486
-0.998288493594529
-0.823538336337337
-0.806632392182357
-0.88470882644311
-0.7967015077015
-0.888454374513582
-0.785060866458957
-0.863328437856842
-0.936365685667468
-0.793781398305215
-0.801800316535082
-0.716413204388712
-0.736394560596481
-0.733454068423672
-0.696962895446203
-0.711772372408048
-0.862451156797539
-0.74203648161669
-0.612157927698163
-0.872948668439551
-0.797229101650105
-0.801257969579342
-0.863643031923259
-0.788904814908061
-0.759783657653665
-0.701752726134709
-0.704913235979675
-0.810671726540947
-0.717891985618394
-0.869270025027297
-0.697641895013169
-0.925051646750362
-0.733840046735195
-0.908568699111456
-0.668956371020044
-0.873747771021396
-0.712600873538117
-0.795660839194718
-0.821627550564044
-0.978069525624205
-0.763903030462784
-0.825628157931247
-0.735778993864431
-0.63194170244132
-0.721452329967204
-0.684012103541266
-0.712748071849784
-0.789636186193556
-0.795402134029569
-0.869393505308869
-0.903799811848901
-0.806788616586852
-0.632174330438787
-0.609338341360679
-0.744216059717215
-0.698401410534025
-0.786584153515598
-0.458993703166538
-0.683061656010979
-0.761708166139517
-0.655089225657195
-0.512812947316251
-0.881738989934504
-0.54523462400694
-0.67956285041358
-0.59676117781787
-0.81590364762442
-0.702876632329451
-0.802625882286045
-0.712607735618996
-0.595140582504635
-0.637416797472997
-0.591264108838711
-0.615181066237794
-0.610118227533151
-0.655242135347054
-0.598754289843996
-0.717298172894179
-0.625414871454093
-0.500650922325402
-0.65040628029591
-0.622073499685977
-0.699111651476282
-0.606349000763266
-0.588656138535202
-0.680239819899767
-0.744914688027285
-0.606854057487632
-0.656457067290081
-0.640138537060737
-0.575873501646207
-0.509805707923289
-0.574068586314588
-0.582900077767982
-0.655400060464299
-0.667237309797732
-0.730316593339167
-0.698439470749966
-0.462851793738657
-0.597371963832755
-0.623799516562618
-0.686130342798066
-0.584237141635847
-0.575919694063115
-0.731543085622026
-0.588923756390006
-0.69392234490901
-0.609276707805405
-0.726207737711404
-0.702215379586621
-0.516993786874368
-0.662277469000698
-0.666596742466098
-0.672656533615526
-0.73576005291531
-0.504007388728127
-0.680645560163972
-0.606180448923568
-0.666652058614279
-0.615562161397098
-0.584493520207319
-0.513197637199837
-0.648190886351637
-0.58933529445098
-0.633871013819447
-0.485462745492956
-0.491775277241858
-0.496231350962595
-0.565517216432185
-0.484595152817235
-0.518930043909003
-0.547020991104922
-0.461275239801192
-0.498992595867596
-0.599700538819421
-0.583265462309664
-0.559477923669536
-0.596694262844105
-0.62464673406759
-0.533214659209613
-0.422840365864897
-0.584448600038816
-0.483454753751586
-0.581145888835076
-0.510393934351743
-0.472864416647
-0.42123913941251
-0.586984047206478
-0.503242705374191
-0.505495365949132
-0.550095619948701
-0.483624304692692
-0.546436746292937
-0.539510020953572
-0.590472615296016
-0.531067795115577
-0.577239227135272
-0.557079479774789
-0.469154865592264
-0.627558625814087
-0.50707890839986
-0.528968485530702
-0.513171324418797
-0.567134667917346
-0.482550433912139
-0.529834727609978
-0.525397669418939
-0.605801340592521
-0.396141808184777
-0.636371511281011
-0.464955493437052
-0.569085860397218
-0.500553526993571
-0.527818638757535
-0.451637084090786
-0.500621249100665
-0.609305121672672
-0.626299961735529
-0.346024962516809
-0.54884126645411
-0.426901308572297
-0.496140448329769
-0.438986552088117
-0.536401745981954
-0.404888288618548
-0.407556603992269
-0.320788341528594
-0.445826929234384
-0.574292761216204
-0.448346200760057
-0.403539528602317
-0.330635381080044
-0.438584651269824
-0.504813333356824
-0.525258111473749
-0.446777155154501
-0.480702226763508
-0.51498283701593
-0.311650932321744
-0.417496771900187
-0.421976905856481
-0.363147140964135
-0.382313024222107
-0.328976269400919
-0.343947574799803
-0.333709718212491
-0.430876697288098
-0.280384715996095
-0.297575089665744
-0.522149428361085
-0.369051448571792
-0.393791728204778
-0.466542558935737
-0.231853781635878
-0.432691687311013
-0.418327273817928
-0.425161493937654
-0.3844437005508
-0.395032010439461
-0.477196145455745
-0.32864094997039
-0.372067142131029
-0.366381465049275
-0.489671704812546
-0.450774957197096
-0.359689335236937
-0.420841452750518
-0.293472116510727
-0.294989228930945
-0.40919376755415
-0.335292690065815
-0.323094264363667
-0.429547275693726
-0.193615967573231
-0.451856797539876
-0.248051460472203
-0.374610888041282
-0.406921040471329
-0.401698032350084
-0.395916120383016
-0.37228751587989
-0.469641781135524
-0.131687634579669
-0.348162155975218
-0.35041859353127
-0.151744546489039
-0.344619287601007
-0.260766348377957
-0.357187273678853
-0.304098534587861
-0.331133212230247
-0.429503931399961
-0.332714748599319
-0.413088541673242
-0.405026833697314
-0.219074594813268
-0.330638246935347
-0.362441314750938
-0.242800558789144
-0.435780282475578
-0.370485755544424
-0.228017189853209
-0.348305749710246
-0.467693070502569
-0.434305648319297
-0.20333756121537
-0.31228977100852
-0.289946330576713
-0.209809451609364
-0.279625550734032
-0.218977402557802
-0.250080679337477
-0.315503683694351
-0.282831344528148
-0.423949347991853
-0.223128620382386
-0.389474384740888
-0.378085235800756
-0.282645803925531
-0.257734425501661
-0.196871013244736
-0.401174455170671
-0.259649652377964
-0.340619321212271
-0.163284314854875
-0.205902356397941
-0.225943812489454
-0.30236571887657
-0.269149734443781
-0.410744694325143
-0.231212129777673
-0.213549837073473
-0.301446677315999
-0.259660315644168
-0.315613091417277
-0.363093387576334
-0.283340279637702
-0.221407906029656
-0.369046423886711
-0.241310014748762
-0.330973632566128
-0.302523805327023
-0.378023995315367
-0.183066758732448
-0.207329515340994
-0.21126657207757
-0.184340530433857
-0.146881655711739
-0.279106675755358
-0.0647287501217937
-0.351813882012958
-0.219216609777197
-0.188998894252933
-0.127425366698589
-0.261272632408476
-0.319136372037477
-0.232836316389145
-0.114178319101084
-0.204962261709828
-0.276658127310582
-0.326109428967774
-0.0250173359139081
-0.0584374601904485
-0.372145778121148
-0.217420019498884
-0.240323617524308
-0.27932200436108
-0.0297760538614244
-0.175441307068656
-0.238703075887449
-0.211066883926146
-0.16418279975874
-0.237373979872369
-0.162754358457569
-0.0713616819137589
-0.155049558766951
-0.101472727894103
-0.184863807650596
-0.150373760803348
-0.196524618361089
-0.186610976232545
-0.0750016947561794
-0.0889798703861837
-0.185439987828591
-0.0877053892731365
-0.0281014384690727
-0.0944926935207968
-0.087980018962981
-0.231805581550725
-0.152870098664082
-0.0611551369120048
-0.0447335459655149
-0.0957825816861722
-0.0636307989440747
0.0784147555800786
-0.00177637829262612
-0.2327423850529
-0.133888791497105
-0.0603735495427106
0.0743643729233805
-0.130287979614557
-0.0303589814441859
-0.183710993840013
-0.067400518691456
-0.0539163397880618
-0.277437190087929
-0.143919035670372
-0.115935559096478
-0.126816337162078
-0.228159474223349
-0.0401108154953975
-0.113597277893285
-0.0371033102281683
-0.0453594360095219
-0.0387680270152949
-0.0984071905263002
-0.0905810613916253
-0.0177136036044
-0.0385389732427465
-0.0581665724671303
-0.170492831227355
-0.105025891054918
-0.0364275514495877
-0.133762058811191
-0.132320133832712
-0.136306072985919
-0.0922261924812554
0.147412247445347
0.0812493518909454
-0.120597904401733
-0.0193936589621776
-0.0497300559753987
0.0624098933478317
0.105117893279067
-0.00373738388729167
-0.0453737082468852
0.0169109723598902
0.0942599053264374
0.00749168617071952
-0.0174395590120946
-0.0361729195770259
0.0178981206743523
0.0275596597605909
-0.103239680380161
-0.057322724675321
0.0063771136700669
-0.0173275285223021
0.0154105605527268
-0.143055303525002
0.0993137357160935
-0.0529901847698707
0.0567835668141211
-0.0126256125924524
0.00984875036362698
-0.080610215000929
-0.029493383885841
0.00580240806005454
0.128135193859805
0.0395999579290129
-0.0345006766749992
-0.121610162890996
0.199673025130316
-0.0142348108762142
-0.0316346750287903
0.0944455773489305
0.131542791134282
-0.0272978044172589
-0.0354850051031233
-0.106904496557422
-0.0108282231632859
0.135663338639115
0.0229443694425137
0.155394512420677
0.0465085973096895
-0.0327235275873959
0.220500033922136
0.113737342437718
-0.0693409144545387
-0.0960571422620478
-0.0608791339791449
-0.0670189937448178
0.046196327074864
0.097754918646938
0.178698025838432
0.112555064817441
0.047978935552949
0.0649362195612364
0.0686300847962329
0.0327780835631505
0.126758347643592
0.351971575607541
0.131274723221006
0.0683566588951354
-0.0298592854012243
0.0858899695574267
0.0853070254242891
0.110045534479071
0.1493491616463
-0.0111571415302975
0.0665744804672893
0.2201640602679
0.0749486887875768
0.00447546051560819
0.140554676972416
0.0332074045818469
0.115918672889292
0.0919017224510823
0.128619159366453
0.155897288376936
0.0564186248298569
0.0601255319601915
0.102462030813421
0.0285884364178122
0.117934957739478
0.134020205802799
0.133905117274559
0.202061412057971
-0.0668665178346504
0.0799393162127358
0.179304568590719
0.265286874996777
0.0268852755596473
0.0433117330507412
0.158184821780256
-0.00738238183073083
0.193417879558509
0.0203954638104561
0.259898520388865
0.158920915699387
0.149063767569453
0.120768081987549
0.0949156958335599
0.251769241988949
0.0835003037995982
0.230809973093565
0.0245841566378477
0.266823022846193
0.199424240292363
0.122126252594422
0.092452718412
0.345278462159046
0.224206800713242
0.239450361804901
0.182877713976519
0.0846367679448165
0.0633019842623835
0.112343210631615
0.0169639924068045
0.26693127034733
0.285623695572493
-0.0334123457349871
0.264520791043585
0.292646205891738
0.229699858166311
0.222103720421691
0.209086992719089
0.161615982519567
0.152028876542349
0.276126140163614
0.0842793625338192
0.318669999379812
0.291738785425109
0.158638237452774
0.234270475518464
0.223878054972129
0.269401610668926
0.279601829092359
0.114645758082011
0.202291002676999
0.269364680887261
0.286378538277349
0.397338322539991
0.255388113216936
0.222254693127183
0.268881255966417
0.242686271288214
0.141434899507734
0.246904729158034
0.300751364894088
0.0748023322112902
0.203959790520951
0.248695298652492
0.387137681922816
0.160800500498291
0.381974686160516
0.366775052516852
0.295063321324929
0.151148624273531
0.296118087695812
0.240947566604175
0.336998264106143
0.18355854908686
0.384173522343471
0.443691950460472
0.275143943813405
0.258586707026852
0.269476276953294
0.214682396172699
0.406974685398874
0.456902197242241
0.331078375405361
0.196065359140808
0.120491617504288
0.453236501754321
0.305407891882505
0.226163149946942
0.328860892745313
0.256472600734129
0.404151443965438
0.264886400626216
0.2885059078375
0.233841411768352
0.256408172834918
0.37215211077326
0.299380070539453
0.474810248840131
0.29267283639882
0.361403210608019
0.339175979668016
0.381735465844091
0.2990677592136
0.260003462636127
0.402858376952791
0.323971873008186
0.45416735030524
0.330813956533141
0.447302420871849
0.324696894458621
0.268257372165833
0.366262844124978
0.459512897683195
0.435735660656986
0.387760921253122
0.364227574019992
0.352092183980331
0.320807247789755
0.175790349297095
0.433502248236735
0.189741300121356
0.207763605400992
0.432172676041987
0.425970108404659
0.434156756645736
0.358686056624206
0.339214151236589
0.359888112463568
0.3717329393873
0.374706612329783
0.338170029424886
0.349314152941935
0.408100355026796
0.329316210840154
0.293249022622446
0.344401258284404
0.420509639648197
0.356847896998478
0.39998227383492
0.309733620424386
0.345952563346265
0.304388927475476
0.232888834399073
0.556923510933134
0.47619828834793
0.348502778337935
0.410745015137792
0.512839401227707
0.410666485316587
0.456989530226709
0.346184499839075
0.343121850100987
0.417717432220744
0.343664421785148
0.309562359290067
0.423173716273581
0.287377610808867
0.429104474685106
0.503850778628949
0.464512742958209
0.466578668053133
0.478206958390749
0.548733578492252
0.445597203690579
0.502851518378768
0.409286901727226
0.637953909027787
0.367678364906349
0.537286032527332
0.404297867322755
0.433767858065389
0.52337559681367
0.419929417076454
0.553180135056955
0.520954398360064
0.331421594311123
0.380484037419473
0.40059156329144
0.393545228850998
0.584908406158633
0.636343162634133
0.669788743211978
0.461185267804672
0.485346572562551
0.599551772007272
0.504196296077469
0.42600225439641
0.483386195409696
0.464735084388936
0.541260357676679
0.491897966408739
0.623986344321985
0.353207612947699
0.607208428683596
0.581631316741148
0.474835963198664
0.633105236936472
0.572516876965767
0.587367813400911
0.653144234709828
0.535884007607801
0.451230550449601
0.459769315928109
0.595820581226483
0.474653406797613
0.467340559515812
0.60579984430756
0.573384878720751
0.518555181781922
0.568620183633148
0.500518365575467
0.754051648382016
0.713030130899619
0.379921695996443
0.455356030994879
0.570955864184339
0.576175496931994
0.483820412763723
0.35070638786416
0.470455671547015
0.534023952752511
0.59803113777568
0.590690093958731
0.447834780800551
0.708276134123224
0.650590380872018
0.574778165821066
0.584919524885065
0.702282717479174
0.422916790700244
0.367645070530768
0.538489609708762
0.525284396729516
0.522463294301203
0.486979944859807
0.433228683947802
0.579241589540072
0.577529934170608
0.849306376239746
0.683838696027376
0.564081667018228
0.625629326435614
0.711219959944847
0.641282833885741
0.682906972634561
0.666727314243874
0.592392919513949
0.579418158699363
0.55483447819506
0.683224539573384
0.514984691531221
0.662440000052111
0.685447868863786
0.683813063026193
0.746115269940917
0.578202351343416
0.676525068042975
0.628100660123783
0.684614201067753
0.582451904354314
0.741039139758004
0.833560631319529
0.811634279786785
0.645444960595854
0.612645665741733
0.665230077164415
0.808642697912134
0.657093340279355
0.706132100722296
0.701579466185928
0.661853360407946
0.564438490778546
0.587936377112134
0.648943985636564
0.559271568053205
0.793723968194595
0.585194761273524
0.633990506476019
0.475805925603524
0.605948924223306
0.652724601849848
0.515413257549259
0.649185933371964
0.65720063379511
0.746602177105653
0.613092497193685
0.736942211318711
0.637614255327631
0.543339929595711
0.627779131790422
0.735128988090936
0.795431891568058
0.816961387509733
0.705751382497911
0.727925139587101
0.774890364544186
0.648964366716204
0.59167842390522
0.753279094116277
0.728889748357964
0.742312046915188
0.749730148817075
0.797374672551296
0.682293477757587
0.796002202943959
0.79733523019908
0.667470729811128
0.654833377693541
0.665587907849121
0.701994587455446
0.850940099373914
0.846320542071271
0.587239712905585
0.717130088579719
0.86449593577235
0.790544099755425
0.812431586779231
0.665964086463876
0.869524785059993
0.781659089581123
0.811566731141674
0.774709070038274
0.795998919195407
0.910242219479353
0.648945386838513
0.846500419259189
0.791871203838017
0.772993477712637
0.755954383361694
0.769655389821907
0.885181495458719
0.796660283203272
0.808083950080737
0.782084065151416
0.772504574034972
0.748323101440244
0.755919996518932
0.828153872482809
0.722366308395893
0.588098957251203
0.960219309774082
0.687295573716264
0.910585822674865
0.867046230003761
0.864874331371845
0.714050503063197
0.863108289860608
0.892515541881993
0.744231247580782
0.808420474009468
0.823776050421719
0.908456029023215
1.02423178173375
0.861201565012557
0.644712011685676
0.774288642346576
0.809942208525009
0.894610992250784
0.77970739971474
0.838434168256325
0.854696149556097
0.844005267041217
0.706609649072703
0.874837901147293
0.834251037348407
0.969736706917509
0.911380824710762
0.729985288305773
0.961185218567638
0.840965383673119
0.821657511369421
0.733876294583927
0.834799291736784
0.798767497855014
0.851043825978705
0.944205344142579
0.851623318638068
1.04220920595793
0.871482019745985
0.8879499453174
0.695450273318413
0.979100412423206
0.966482960204276
0.95023313036804
0.855398113961728
0.940644720155046
0.862368870872753
0.825976999840838
0.841031695998038
1.03507735093809
0.935698762578681
0.864650489833009
0.915064414082793
0.86767991133157
0.915631802760414
0.95677282255884
0.951238316423764
1.00339138478977
1.00486750204891
0.896436495995219
0.800271521408893
0.824609714658577
0.904499733064612
1.0208520886192
0.938860533907981
1.01688956665191
1.02584522158953
1.00464012683071
0.895030914440256
0.830360339715507
0.875032990935861
1.01941894298022
0.844834067137451
0.917951504167695
0.959993395872181
0.903011709479416
0.848346743161431
1.07911089884605
0.910120632669034
0.770995014752426
0.877822724132373
0.886029800054836
1.01545662918945
1.03329862286677
1.05767074351636
0.942101811910721
1.03736609790485
1.08663978525761
0.96736299628604
1.06354339226207
0.984406505958502
1.08472843294502
0.986846231662807
1.01872352628194
0.992775878239679
0.93427541094553
0.940639702238354
1.12596541328409
