"x"
-0.949014787893912
-1.00494534924693
-1.11731571246645
-1.10799550447418
-1.04821262790197
-1.02324220821078
-0.93093757127287
-0.889941248840349
-1.05268392949328
-0.958269139782578
-0.943590151019207
-1.11988128221906
-0.92805913531618
-0.845715325469441
-0.805978434671659
-1.04559498675294
-1.06057837948412
-0.910133271955288
-0.999817745465579
-0.823231313826776
-0.835578666988882
-0.887948131892011
-0.96298644312638
-0.98281224076353
-0.840556178405996
-1.1095779436126
-0.983260803910725
-1.12112551454892
-0.936720857597465
-1.01741200983796
-0.921041849284665
-0.869954642546589
-0.976221339649997
-0.991585303297192
-0.893771558265638
-1.00931184545015
-0.896384244732572
-1.06951292231437
-0.86873330776031
-0.919851899974388
-0.961074357365382
-1.05066442504637
-0.96187951469866
-0.968629168176669
-0.888926211917759
-0.934007056807074
-0.880435340645682
-0.713756170971566
-0.884367897904504
-0.936335100079882
-0.988036940568121
-0.904735087261521
-0.829351957519331
-0.82532941641535
-0.9129349015353
-0.940029090233459
-0.846632913845714
-0.869317414976314
-0.906275407879375
-0.785961561366843
-0.867957786519841
-1.01601692367051
-0.906410569869977
-0.828796442822658
-0.907110810053342
-0.856936546740391
-0.816577221697681
-0.870443988578899
-0.839359059676887
-0.947964267619854
-0.68316777581663
-0.750645996715916
-0.991711700441164
-0.899508085580958
-0.799731682426478
-0.847599098165423
-0.946587239971805
-0.74358152562984
-0.904143550284795
-0.805199968967333
-0.829054616766678
-0.774485571999243
-0.977124721773252
-0.747072406307514
-1.02764899348181
-0.826919740398957
-0.991991757563192
-0.838334850683592
-0.742759438262283
-0.746186971818297
-0.803141099414134
-0.821468693324137
-0.81575455205944
-0.824606478365027
-0.807160456023403
-0.786509749417104
-0.766073541179322
-0.691310165652124
-0.920681606167944
-0.728021410388261
-0.751245258889193
-0.832932322194558
-0.599750888270383
-0.672017048522508
-0.774313279728765
-0.804122752783611
-0.738760323402608
-0.664652475521106
-0.82482029769564
-0.746381137033118
-0.590731040476644
-0.844634989082369
-0.838284658840404
-0.776884758944835
-0.8427039928478
-0.850208399896457
-0.761361856597392
-0.780250339179579
-0.609150922306586
-0.767546711478308
-0.64784556747071
-0.889450560968725
-0.815646460242074
-0.840821986625445
-0.837421672805915
-0.696422859645903
-0.886274396536327
-0.737105142512666
-0.80070311845316
-0.699602063891013
-0.694467975268811
-0.72001829710261
-0.680135532712046
-0.833012731578059
-0.731045135130669
-0.76052508195264
-0.676653069576141
-0.799991499887164
-0.653616145758239
-0.663902290112362
-0.612853704381701
-0.563693288325362
-0.876149008886584
-0.562915080527192
-0.668174355147416
-0.779239644252683
-0.773427401340699
-0.701392957088999
-0.616905520985487
-0.655130415814962
-0.56522094850901
-0.575656734295537
-0.642286616546797
-0.779212917161469
-0.724499173660439
-0.643079801754775
-0.696978036523421
-0.628530375497726
-0.68447917662345
-0.666754512493262
-0.784575709924502
-0.637800164936834
-0.650165077550954
-0.570981611617544
-0.584534962845827
-0.745262893660912
-0.753676183433145
-0.628991308978167
-0.729312857169231
-0.727277126167611
-0.590267600363307
-0.618869725912602
-0.535151175055456
-0.689503565769552
-0.699518005240384
-0.632596120059609
-0.725915989555584
-0.622860789838532
-0.78668789616897
-0.622874242320031
-0.724487522325001
-0.623749316073748
-0.640324611188729
-0.681178915787961
-0.67527006461835
-0.605448277574768
-0.635096597487991
-0.590348701605385
-0.605719441170238
-0.723050151890523
-0.641242042371801
-0.729722491981747
-0.505861249254298
-0.632513337710034
-0.652356906913405
-0.610814000309228
-0.680401578631748
-0.580651739785518
-0.631218402059325
-0.687293897665548
-0.712062856551586
-0.520346770933013
-0.545121508951619
-0.523456564996869
-0.655336922953697
-0.662412037848936
-0.389650459014038
-0.585430692096741
-0.478885013635223
-0.321645609317665
-0.512485919293215
-0.535645404940075
-0.641282836104138
-0.529153200299356
-0.618452447585341
-0.521704352626982
-0.329787938298435
-0.539393382814161
-0.71614146285179
-0.729084910746447
-0.608570215153793
-0.593324410661179
-0.406049454417524
-0.805840232864974
-0.677766652674839
-0.621343282746643
-0.441769216916447
-0.510773034934206
-0.394284837249843
-0.570727925306548
-0.654736985403263
-0.645968456227482
-0.601435327041939
-0.58409054217158
-0.54449064689497
-0.45569613097639
-0.710627496709367
-0.434388892645867
-0.529510593483584
-0.474539249773959
-0.514597820357114
-0.585785783639988
-0.498088698361625
-0.575470774897089
-0.599789248672321
-0.368301898682772
-0.513584916149396
-0.433267263833957
-0.41947300657514
-0.64527665828531
-0.401400950052695
-0.486333618116783
-0.426040503274528
-0.389546430145855
-0.637149398371771
-0.458152460196963
-0.499968519773782
-0.485625247254039
-0.449426424686724
-0.372258455617686
-0.577514100848708
-0.510804724888944
-0.23120516928347
-0.544909600427319
-0.61212798531067
-0.568010740240797
-0.416291103012586
-0.527950587452271
-0.544791912271124
-0.473025291218392
-0.471635226519188
-0.336051489952781
-0.421187855342924
-0.40146822738854
-0.432928517021361
-0.675587472135883
-0.455580263505527
-0.491845232689917
-0.461632974941018
-0.446896308657217
-0.423518096205413
-0.451570260100672
-0.50067254079379
-0.398614023111333
-0.464666956717654
-0.491852950431232
-0.386646880198047
-0.408139006270933
-0.352023231352659
-0.61954423582784
-0.458124641623414
-0.400488129714809
-0.591474373218069
-0.455707021676466
-0.375433052028576
-0.44741477929838
-0.453251442982138
-0.466453498993736
-0.32188665094746
-0.532693610968171
-0.486371759556445
-0.447280871787651
-0.34303530654873
-0.408311405008302
-0.235362652422442
-0.378676081570494
-0.55991725243782
-0.185943195755296
-0.336739190097491
-0.319085768548849
-0.347645269919285
-0.322593071361196
-0.384842991564262
-0.224483359971144
-0.397385073950522
-0.365453597886375
-0.330103427787897
-0.19885723991718
-0.455028773408478
-0.403705206859897
-0.314580623688992
-0.354427011696657
-0.318022578719168
-0.431863930247002
-0.423312988956915
-0.417608928930021
-0.20698797834841
-0.269969918426359
-0.383836633225978
-0.483461888119874
-0.188059015215412
-0.219539490729855
-0.273442537099932
-0.272407104764479
-0.296586727692492
-0.360870559019508
-0.291555531400836
-0.257260504120535
-0.331764699273662
-0.237517316609255
-0.295363046531952
-0.26913768136824
-0.335758136547363
-0.235429965731963
-0.35581156540031
-0.358488405529488
-0.30027519238475
-0.374421883463379
-0.25927401617459
-0.424027170895188
-0.217522258937869
-0.300747912812312
-0.29550122805176
-0.149068955624766
-0.426504956093308
-0.284548960460264
-0.244829620291028
-0.305964931057852
-0.250352000456473
-0.275375924137379
-0.257231322917101
-0.369021134806576
-0.286016062072199
-0.128629970333651
-0.194026062784107
-0.274056198532065
-0.307710561030685
-0.23098161956482
-0.203317544900234
-0.28639441618115
-0.215439256712691
-0.264308836062794
-0.153652661638686
-0.154561896689297
-0.288373482566262
-0.281555016094515
-0.154855556477867
-0.335036457125585
-0.164881778199456
-0.228119703253262
-0.240784849709092
-0.304918884847419
-0.153048881505234
-0.194953167398656
-0.205306455130134
-0.245483505560237
-0.281497850718532
-0.248563429847323
-0.260209824868694
-0.169989040085193
-0.290739033017257
-0.148450929758273
-0.221734304867009
-0.266470099521859
-0.267206148845552
-0.258903173067169
-0.0570994835826056
-0.313026113137197
-0.245338871935015
-0.0348499521440959
-0.135028144329862
-0.32632723151476
-0.0656372061763778
-0.156042177470882
-0.2664824931549
-0.269988891925035
0.00779021189701048
-0.328429689256135
-0.200021115545717
-0.0814533739627669
-0.19916541267643
-0.0959341546338054
-0.174089333561411
-0.171892391631868
-0.133542184143111
-0.132401688467641
0.110580064964957
-0.0576455078285651
-0.0786028163751341
-0.16799743313266
-0.158538042232249
-0.128968798250336
-0.150855364338905
-0.119122258440103
-0.140783218701923
-0.218375837888405
-0.0200601690207895
-0.0488367248428587
-0.0461409053883199
-0.198982565256131
-0.231084489354161
-0.171980575989352
-0.0883243033099433
-0.0873041070868508
-0.121551858798032
-0.115750494533222
0.0604174254857904
-0.0600667036188864
-0.11204359884659
-0.115215791729362
-0.104509020295125
-0.20626786811548
-0.244874918672654
-0.192314621596563
-0.170412406349326
-0.217341289685226
-0.167621015771622
-0.268264648823932
-0.191317185150948
-0.109523711112243
0.0771426962806103
-0.0493355027631478
-0.0166207649362782
-0.141015984114548
-0.0317452532962551
-0.13890672825849
0.0125526559174929
-0.132372290592822
-0.141103202795114
-0.161070174629878
-0.0767997410014521
-0.0286601635860385
-0.0865184910811635
-0.0501658320404756
-0.170074990374447
-0.194364609116814
-0.14700061206131
-0.0295012776317725
-0.0150120135434435
0.0247597441039194
-0.0754576078824832
-0.105849449896338
-0.0251995735607701
-0.0136211006137536
-0.331751349969071
-0.144636850732511
-0.232761315637449
0.0233188457179067
-0.0607188604515849
-0.0367807347124615
-0.0234320016563883
-0.0900096809113086
0.0549572282280462
0.0186983773944869
-0.050713360637615
-0.0221557704707364
-0.162668036116903
-0.031801167297465
-0.0843717312062841
-0.181245641351259
0.00217425580149897
0.125657265920654
-0.0111355985655769
-0.140329540502393
0.0657633425650386
-0.135171404424048
-0.170137026678337
0.0477849490700711
0.020893303476142
0.00852540213108016
-0.0473845257077253
-0.0238996937736055
0.0283833083594538
-0.0438601323122342
-0.0633473825895704
0.22905278468094
-0.15335909532504
-0.0466223755295169
-0.0295246043667162
0.0466044726698491
0.0483586220668276
-0.0623785459841785
-0.0232658994562651
-0.112454939895132
-0.023326706325163
-0.00881062212539649
0.0686211124801503
-0.0276777294541886
0.00689375408375825
0.196901210115944
-0.0974460005418692
-0.0262922019229092
0.0352103878590061
-0.0860259483337453
-0.0347672364041179
-0.0400734966710922
0.191140279828619
0.0785080427450214
0.0765353220252029
0.203528741511713
0.0542350352671649
0.0162800452002907
0.152748502520963
0.141742986922678
0.111954930180751
0.210273689099975
0.0930917370262409
0.0724370647231976
0.164577935726223
0.136548337719496
-0.0754319040619752
0.118280901844819
0.0907879712915758
0.0465887919862511
0.0175518418100009
0.105651151160731
0.0791827772774059
0.133768150524082
-0.0138510627955844
0.0751294465483032
-0.0103071592006803
0.20177322162763
0.0984582183809541
0.118475787295216
0.18788139193859
0.0400730433274468
0.122932735188387
0.160191618602357
0.133819102485548
0.206927401479893
-0.00440904808922359
0.0249203375804078
0.059047513991894
0.0574862437950516
0.347051077850913
0.25010660411196
0.233358595196852
0.034007189034462
0.182469216185196
0.0090333996771069
0.129453796464961
0.262180085176601
-0.00981313660791617
-0.00846546382454498
0.103039152703217
0.206202686291925
0.150529807962501
0.140787714423731
0.196026722625086
0.241478406558612
0.177013883497399
0.212915966133286
0.0689794333076787
0.187451979892044
0.0976970376844802
-0.0146931151467342
0.111587289799484
0.0818316073287542
0.189356276634934
0.260635146899848
0.222574019275876
0.186555902624434
0.283238356428033
0.192892505480127
0.17329227202858
0.205324703740991
0.239386717427422
0.209430235297766
0.167208295087533
0.117647382223149
0.223497937343206
0.216822286666065
0.224361991300782
0.373500067221179
0.246711089872721
0.0079394341601686
0.243643982008402
0.21471151783524
0.369023184277294
0.137386778821954
0.22488999787233
0.263082691385633
0.14366431028053
0.367797716377359
0.277575683190225
0.214992196055128
0.244711002877109
0.147250473734511
0.321145528076766
0.445602580769265
0.353289567819286
0.158770920284913
0.256510571921242
0.239005720179501
0.310779184872365
0.317527192112745
0.389758905044303
0.161234553035845
0.3140967435952
0.349856752026235
0.178297453339572
0.20735549271919
0.251077541727599
0.336991516840795
0.251397158024753
0.412975970830404
0.301884254570744
0.452181145648219
0.253018982893735
0.265415091257773
0.275785918408395
0.265872848944925
0.227076562518879
0.246041277364937
0.18769605937759
0.372602034518208
0.400984913645977
0.356842495414773
0.243125370583791
0.46040469923811
0.516449954623913
0.396799345138723
0.372492729438591
0.358284680063877
0.0888411915132059
0.342841384650843
0.373369921529804
0.167498088879877
0.440720693066286
0.324966405624297
0.356726144711489
0.363787848218767
0.308581569955322
0.422985541008251
0.274575877543842
0.346466641115873
0.286756903459234
0.289578512476863
0.389251023526672
0.329790165988197
0.373936022779062
0.352228233564905
0.260610032469183
0.413147486803459
0.340252761169981
0.273090514714425
0.333744910040589
0.357570729288087
0.391222045813367
0.447838030570814
0.30079539148861
0.354997081293553
0.38446759233872
0.500075908503731
0.428936791937208
0.38458974059669
0.359182701897335
0.434166230201218
0.360693244787138
0.386750322764784
0.489785321033567
0.271732926260897
0.470592687178385
0.377856442336513
0.387663529695868
0.358176848460602
0.346103925084781
0.44858592783444
0.43886044546354
0.498530008005108
0.336013640970717
0.26169377147515
0.385842438380743
0.62255296170108
0.38329738591703
0.561542695532789
0.34884790122773
0.297596334010356
0.339370885599479
0.438691196220633
0.434402088822278
0.391299983979272
0.349726947199787
0.491210071206379
0.461403426308359
0.660783302441773
0.471926780698876
0.478555381563977
0.460996053883596
0.397201278553236
0.514089391951567
0.424689116908567
0.357953991402966
0.554882150387347
0.622405672046292
0.265967674003931
0.516305768364576
0.444156036997399
0.593933391191539
0.320904447307609
0.416923711810422
0.531872322816023
0.434272836221503
0.52084145109488
0.488624398148886
0.383539717562747
0.566551169000723
0.548584517895953
0.532580711285961
0.276173340679483
0.439232456711233
0.426734329161156
0.333208985653127
0.577197050769625
0.425545264765996
0.483335347684691
0.555436655580336
0.408156571413787
0.372238413339059
0.591597777965462
0.463400161992532
0.422177556720307
0.537632813442456
0.484513520812602
0.485017199576885
0.330511480146791
0.473712971948925
0.57448967279144
0.486010626852543
0.541874613058646
0.517729883419006
0.456242925545488
0.463975768060739
0.573079152207669
0.442117617167364
0.533955834689627
0.542500245757976
0.58757510676489
0.497208810099102
0.486282680638886
0.513215674777886
0.414599342992642
0.540549317904824
0.561462776664996
0.637825693276378
0.635550219223696
0.589224381968325
0.3842305046704
0.557366239925224
0.49489086758403
0.597876499558463
0.469086062685584
0.478888177722919
0.609955579965155
0.569553761434586
0.441011725274224
0.577516397823647
0.520266075173676
0.626491064106026
0.5413301399128
0.463667607233198
0.732642524803987
0.619150276607502
0.616445102560895
0.562417441396755
0.631231128342075
0.506331580035808
0.602738867525667
0.442435616666261
0.668684049304383
0.555015408631561
0.571260014385291
0.633163528799229
0.789032326514083
0.624267363523
0.727265810384797
0.57341540159745
0.568820862803501
0.666636981897042
0.656024828461287
0.747808935781085
0.724387922378009
0.587968471903196
0.642822996110767
0.705449122755192
0.518762580240134
0.653144167679178
0.542957435448385
0.59821043648797
0.545786496612067
0.539263516757846
0.615455388052416
0.511893804293342
0.629743731675994
0.792277372694338
0.574868782778151
0.737769048025239
0.759960205403487
0.678938940184476
0.666014295401316
0.611401399385062
0.609181244103012
0.662466756503824
0.810345785973029
0.653964785729082
0.554351988294289
0.697397087034836
0.597487127661516
0.524216196592734
0.622985705862843
0.596894661336248
0.769382349212521
0.699408591993312
0.63158212030004
0.553701725734342
0.602908760508658
0.734011946078564
0.660164745974378
0.768138422030107
0.687009816944033
0.718891082593164
0.861519910600065
0.843405477236069
0.570948389107777
0.798001458892785
0.71918592916266
0.795302739738268
0.646133889786678
0.708327751782936
0.769945796130846
0.715315555484221
0.754233334426482
0.74182769386201
0.681567983441945
0.717814519548233
0.779418845556575
0.696185484984255
0.706074952623019
0.733198554112137
0.643099309018864
0.736347036710139
0.73080014266944
0.683937123351848
0.683475859480214
0.648519966820179
0.855983670267816
0.690913449916014
0.655793756605746
0.742072942042775
0.609128700849786
0.660835430897454
0.743253305885175
0.730057944266791
0.782897764905328
0.604189313504637
0.650147276258684
0.621042685607221
0.772240322690443
0.737054295554758
0.871971302875859
0.767685432495569
0.732021029585864
0.875442626346561
0.681027881860213
0.732713936811659
0.803047897206055
0.800642349609542
0.780083163886784
0.868810104250683
0.771611565961093
0.822738401250192
0.748234911658574
0.815631819920111
0.976180109546954
0.919079824081893
0.845192883022714
0.83499660481699
0.921239890420281
0.754967289792984
0.809816017694117
0.807872239496166
0.81634266258786
0.922160100991829
0.793680933551195
0.793057216937106
0.839090235273944
1.00872082356318
0.649595520106935
0.842258200744205
0.787173179731381
0.864052522836208
0.811379854083512
0.838800969737093
0.793619139964121
0.934400550844693
0.638144719455682
0.922334194268543
0.864908277985533
0.664165333265767
0.90598649523399
0.931286303857212
0.961544622884153
0.866500867840589
0.9549409550628
0.774293963203305
0.788371214398454
0.861675563697693
0.98481383887785
0.90725449875082
0.844346928911373
0.996944546876811
0.835545192617629
0.793737114816232
0.959366863830632
0.950760340101665
0.823614302485358
0.847665133759168
0.898169406959789
0.972992382962939
0.939474032892748
0.983914075648854
1.00113443885616
1.01674568085369
0.90939866218226
0.848957346659342
0.904587707888915
0.95529554116781
1.04434437026625
0.924157748789853
0.931251951076514
0.978124205083416
0.950854895595387
0.998755136616559
1.08541096451102
0.927513286876303
0.893597857835325
0.832932341217023
1.00362508273016
0.953917645142861
0.929085510198425
0.90776078333813
1.06890987294052
0.973270558561976
0.969441523363608
0.913766822506933
0.944776641765989
0.877279809389524
0.929220072253945
1.04029532054153
1.02636737342792
0.830830647558026
1.05099166702471
0.991173899379519
0.833153236459459
0.931877335237185
0.933150070743346
1.08930420158527
0.968243959377093
1.07935008076154
1.02354376886604
0.911499694610878
0.773671773651804
0.993877109053563
1.12442036512547
1.11191029021642
1.06875866327976
0.92006659159704
1.07728779170582
1.01707778455891
1.00473291215899
