"x"
-1.04130279605167
-1.11628153157552
-1.04269931222792
-0.946680107619688
-1.03376438602488
-0.983821039724241
-1.11345609316475
-0.953591221540968
-1.16672168796026
-1.02942987204438
-0.942115654305863
-1.03192787504071
-1.01916105403459
-1.1533620801516
-1.12830531251278
-0.998067542517403
-1.04191507984404
-1.09761885973777
-0.852224437736424
-1.02657725540734
-0.997116850582552
-0.878671082150946
-0.920532086411278
-0.965419081671823
-0.923730395121819
-0.855452477018386
-0.996535866608923
-0.860781348624716
-0.934404134782529
-0.895170395703875
-0.928128089966487
-0.928176314633974
-1.01080041527478
-0.832931985273965
-0.882914270508891
-1.04997264289495
-1.03700435159295
-0.93522648658338
-0.883601055702157
-0.980113315535626
-1.04932696151032
-0.788771077639186
-0.997155116830813
-0.967920447401006
-0.946165814648357
-0.922618369161024
-0.986436871645617
-0.949669487074658
-0.850238125252424
-0.984872890106406
-0.886383464348519
-0.953944418122298
-0.865437385081536
-1.0492661384149
-0.8725626761489
-1.00467641655843
-0.915265284089006
-0.736577720755791
-0.79431139074759
-0.888070547131381
-0.873953189232968
-0.887857914837518
-0.723960503433587
-0.867654381110159
-0.923444594644948
-0.862099602496166
-0.936847159593628
-0.96125599082951
-0.978933178023811
-0.849083979949328
-0.762137908693901
-0.867132884583221
-0.804607529878607
-0.825818853062984
-0.956539346391171
-0.859267054229271
-0.889990017861646
-0.654693632159503
-0.844249512071795
-0.749305037533731
-0.710712891223722
-0.764430607727672
-0.869339883251939
-0.894239949636183
-0.992512739657176
-0.815330613632232
-0.799899591345589
-0.89270406171695
-0.781495397715208
-0.863101344885616
-0.781879992694633
-0.854634163654666
-0.919714580650787
-0.795617740948887
-0.791824699658929
-0.726725781312756
-0.723629365062435
-0.731113524808815
-0.720715819365033
-0.711169097864008
-0.865633381905931
-0.749352559543104
-0.620755997868409
-0.864582074233503
-0.816833088219409
-0.795499448193055
-0.870766753030542
-0.787912642902244
-0.757232439480771
-0.701749620300581
-0.690578486590067
-0.819041076352183
-0.709033051445468
-0.8512846209295
-0.708832267895564
-0.902684559255844
-0.728743640884215
-0.896387231544859
-0.67419971565793
-0.894796739998247
-0.720543698938354
-0.796065994622451
-0.823320352968395
-0.978565419351173
-0.755141243465038
-0.8581625745724
-0.746262458936225
-0.636691542062024
-0.71555465222531
-0.675067495326307
-0.713145826257971
-0.791238755993606
-0.808406337449006
-0.870725622590418
-0.912254445024715
-0.805850108188908
-0.64428402881529
-0.604801278061538
-0.745371095874358
-0.702592101778343
-0.787240300363997
-0.456947276034353
-0.695169666568919
-0.758594820297023
-0.652836475357398
-0.534121770345803
-0.858097524124131
-0.543386961258725
-0.690998544916509
-0.60134025690938
-0.789450865324127
-0.681373055607806
-0.809961682034609
-0.727940922943874
-0.594438969037382
-0.656787160189273
-0.592541802197155
-0.632639438391193
-0.609619736411032
-0.69556798034537
-0.624876390031908
-0.713736051108798
-0.606670422516714
-0.51992259909358
-0.654819326002716
-0.614732359609518
-0.72307387229762
-0.601974854181923
-0.561335877308354
-0.688840819469938
-0.759922850645978
-0.61053845811855
-0.647707647676943
-0.643636458905556
-0.594452127550222
-0.505558442496764
-0.592932614167512
-0.567128196270526
-0.634839683667678
-0.689210844704754
-0.734889317965966
-0.69713086168669
-0.433585541449771
-0.594936502770572
-0.624780383063377
-0.696518228431828
-0.586759456547438
-0.578720575747779
-0.736351180315359
-0.607042319838676
-0.691196284752489
-0.616384058440858
-0.728396545151992
-0.694439143290788
-0.511760784390911
-0.658551415264882
-0.633574687695815
-0.669021558867736
-0.708485528020988
-0.500589307016489
-0.668432783610457
-0.609465368986677
-0.646434836508861
-0.629357584365302
-0.596758117964489
-0.506225512925479
-0.640971857488575
-0.580538508258521
-0.646353031847971
-0.483931513840182
-0.494797213387725
-0.482506469085566
-0.557256075837449
-0.518211884544908
-0.51028847924233
-0.546450603383885
-0.482338336708449
-0.509640014383205
-0.597027112264902
-0.585117273476165
-0.564534839314592
-0.593787561677224
-0.592644405183081
-0.517225096909578
-0.404422836739804
-0.579680553360975
-0.499139432870869
-0.593867079500123
-0.548218199509958
-0.47516043826934
-0.418199251857831
-0.610854624640304
-0.488656024619312
-0.514475622906168
-0.538537701563351
-0.478173640592512
-0.542643086411589
-0.535011613478565
-0.572604472606595
-0.51178184171477
-0.582009637898175
-0.57756556051031
-0.477346002801427
-0.621930302740927
-0.53087854438585
-0.534160280103489
-0.505943902459355
-0.550002676133667
-0.474987252470666
-0.533135144324388
-0.508853570837691
-0.6060107002357
-0.384875016665805
-0.631740745088045
-0.451267413657325
-0.57324200300113
-0.490686456638859
-0.521389317380855
-0.471643268653358
-0.486386973710483
-0.626727002620105
-0.609582629484537
-0.366185800218326
-0.566645152122981
-0.415492348446067
-0.494451512658741
-0.432767308764295
-0.533593072314289
-0.423485581774657
-0.40940949314437
-0.339512670078014
-0.433249236000359
-0.552125530032586
-0.447589492202692
-0.421543772514654
-0.329941687743328
-0.472981854381017
-0.47409451178777
-0.527791190027392
-0.434941806739837
-0.483273295202197
-0.528584811066376
-0.322848721602999
-0.427148519116585
-0.443448235984932
-0.382136427920024
-0.356374514731163
-0.323284911840775
-0.331256408204034
-0.349103028768656
-0.449482668930429
-0.266248203676067
-0.320285472466185
-0.516925290065374
-0.358213933096693
-0.390496105253479
-0.45306605622959
-0.245826972056378
-0.447386425342863
-0.420963042457
-0.428453033906026
-0.356703908334125
-0.366966165363204
-0.486516028689868
-0.341002856226766
-0.372217504609491
-0.374377460541635
-0.456090473561129
-0.462090134347889
-0.331602849832249
-0.429432769362728
-0.301864168860109
-0.305753712717249
-0.419559025864959
-0.346040179423927
-0.330325330462618
-0.426167612293645
-0.199362702700371
-0.43943846757188
-0.259737635293522
-0.364938422561864
-0.408461791304938
-0.392099489269178
-0.404685964493181
-0.361113411766918
-0.46335506976497
-0.149857303028804
-0.336521677287349
-0.336302985108496
-0.152798236345557
-0.32801151237588
-0.250045433348197
-0.363297363341437
-0.327007347356679
-0.348013578452938
-0.429746400429828
-0.32549336113049
-0.403692654830601
-0.390062767512082
-0.233212949451874
-0.334698597538427
-0.365027882007744
-0.240512827652723
-0.44283491373833
-0.367981455728705
-0.24417547184528
-0.35907140660938
-0.476522176966178
-0.426784645264152
-0.203328446389305
-0.30731481765167
-0.31163571753267
-0.181417547867377
-0.257023115576206
-0.214911912169189
-0.259775134726664
-0.307697552196546
-0.296430933064705
-0.434164052642469
-0.21846407704074
-0.37177733308614
-0.374611559082043
-0.30865075461448
-0.270052046683258
-0.199642342340941
-0.409777413580176
-0.293063066806503
-0.315358657235201
-0.150381906906256
-0.200287179204011
-0.245576051384873
-0.308003815887728
-0.280558300433705
-0.393685800477603
-0.243035238873586
-0.212282055845623
-0.315904207442935
-0.267333799751506
-0.317774201900098
-0.38432330835317
-0.270831089868915
-0.233762770892067
-0.375670721267345
-0.23991216913655
-0.352658649921959
-0.320042583270023
-0.393187227984287
-0.189668265577227
-0.209407506948178
-0.203804687110398
-0.191614109617229
-0.155242797980416
-0.288528182157852
-0.055389660054722
-0.342025543021251
-0.21859929231625
-0.213674357587066
-0.140570134382869
-0.278878518082672
-0.311263923665843
-0.235360249731207
-0.100143528978663
-0.202893063642056
-0.29789711901188
-0.334726701697029
-0.0484754727047173
-0.073914526360463
-0.344163860974218
-0.206864945319794
-0.224066075231259
-0.286278085889499
-0.0309928588351629
-0.159678683132329
-0.242028464170373
-0.220699711324215
-0.170235671283965
-0.230281616314688
-0.18964201152203
-0.0760872189006256
-0.169776922843696
-0.093676508427637
-0.190656182611798
-0.12979029401997
-0.169044946880427
-0.2098067327107
-0.0607181740769269
-0.0858347905133583
-0.187202405906419
-0.0659213547226693
-0.0242838400498183
-0.0749227346385425
-0.0913444364145781
-0.240586257791107
-0.148696718224637
-0.0766520357801109
-0.0480866541276719
-0.0823201916621077
-0.0551718735894485
0.0665223307482658
0.0305493195973643
-0.220706808302395
-0.117737371738511
-0.0661846542281601
0.0784560188248815
-0.135924897763065
-0.0704452300172638
-0.164504858555707
-0.0439997506974331
-0.0775587793434951
-0.265686618743516
-0.13611958219122
-0.125440910086886
-0.122937552855795
-0.216143323002141
-0.0365414664759895
-0.0907356127045601
-0.0288748723265176
-0.0465086516314786
-0.0548323306995448
-0.127843954393037
-0.0872613779260782
-0.0262580188146121
-0.0622342610961719
-0.0454684414838249
-0.177246951942919
-0.119202727553218
-0.0547342886407497
-0.142951218763275
-0.14936065143143
-0.130702537834697
-0.0737567086774064
0.159364870283364
0.0818331470308063
-0.109192837700095
-0.0258868875364134
-0.0333705454698088
0.055523110033572
0.106879017925997
-0.0204820446584397
-0.0659690005963632
0.0083857911944736
0.106591771325743
-0.0103997301692962
0.000768633411088542
-0.0273562290951539
0.01654952063483
0.0481117260632695
-0.0892899386072213
-0.0546300224830457
-0.034721018950884
-0.0217462890016087
0.0258028811645709
-0.116439192424963
0.112123002146114
-0.0462662652836476
0.0717827497909901
0.00105974055479081
0.0255449918012891
-0.0653423581630363
-0.0274762591405523
-0.0137930661003118
0.124701868110514
0.0395291525284854
-0.0518839118254725
-0.13248939743192
0.195689722826073
-0.0131568482454713
-0.0294141225127528
0.106265058375763
0.1675449972177
-0.014044340062255
-0.0471230530491922
-0.0756429193325536
-0.0113261374915197
0.130971448398742
0.0340477735418845
0.13963112713459
0.051219672228388
-0.0325846784464359
0.226832008699282
0.106536617557613
-0.0629674342014968
-0.0989662479629108
-0.045173697374239
-0.0649045837846061
0.0468067780278418
0.103986628440818
0.201823840748104
0.124260983118728
0.0476078938552851
0.0588635086855909
0.0680668420335236
0.0498662640488424
0.115266226191023
0.336901338420161
0.109240078755536
0.0857558536711075
-0.0160788064614814
0.0687694775270142
0.100652017764091
0.130868704460727
0.158398736145064
-0.0453001153721891
0.0827696070980628
0.202936204742434
0.0643042574602199
-0.0144907770384247
0.0997838513646995
0.038349262807172
0.0984556633878122
0.0963349800838832
0.102275723966505
0.166785715868698
0.0731144385227004
0.053741690720295
0.0938746842666775
0.0350554765960513
0.115329167738381
0.147296349226047
0.124372729894388
0.194829242137077
-0.0578429605979717
0.083491448598774
0.176170713703843
0.237771180101882
0.0580165026411325
0.0317096300701179
0.178957771002505
-0.0158672346404499
0.184246462691144
0.0183640972557011
0.258364635436656
0.188935764066458
0.135321645383328
0.111997537914421
0.0922225437671921
0.265328014447722
0.0575160941009772
0.235369508088668
0.0284180069422105
0.269210445625437
0.204780823208504
0.127698146264901
0.0797062416701467
0.350788526150005
0.228627172191287
0.23753228995438
0.19798389331462
0.106811363180035
0.0616897836018609
0.105137290251372
0.0236834297288557
0.269551045894466
0.283123504825624
-0.0291215882858136
0.263689729775554
0.301266794135155
0.232464678647113
0.23786256755021
0.180024043084884
0.132800269327083
0.169780979018309
0.272139605483684
0.0972795188568175
0.329681932857
0.293949294303625
0.166689555106525
0.226652369501927
0.254733697881762
0.268786125702924
0.299290507047809
0.0954249360709274
0.210042462166801
0.271832591134398
0.252192551300985
0.365335864172476
0.257156469071023
0.234472422008239
0.272809943688828
0.245872920267931
0.156366960717115
0.262907484091348
0.314541318176741
0.0557840618744782
0.204431812305561
0.234736716917381
0.391192339986301
0.159536057505463
0.38610443411424
0.369460766317399
0.254231704872983
0.136318521147905
0.273930161453611
0.255415465563872
0.335134811462287
0.181424574775618
0.3672853919201
0.415412597021603
0.293326690177222
0.252045328961924
0.25815209832394
0.217866837171713
0.407797904544937
0.452109806949513
0.345078919539307
0.191745549091662
0.121443911391967
0.460412782724716
0.307378685743519
0.219575021850291
0.32602928554281
0.262795856114329
0.385611966670453
0.26205423837936
0.271772957926356
0.25324970596732
0.241230369354488
0.390491314178189
0.301867520010964
0.479539437567204
0.294828725023656
0.37136705785403
0.375284137655993
0.374575943298387
0.283757936080924
0.261696174267311
0.402675031718098
0.31938074990273
0.439192125312055
0.305464768746613
0.465973295929392
0.343390367975594
0.2969822573471
0.36890874828583
0.476510476152084
0.434808244088102
0.3953792967703
0.374875699249165
0.346051393116685
0.315561521099634
0.170512004284104
0.428002564000141
0.207702407186606
0.210263531892355
0.433978160732718
0.423354312457758
0.425051271337177
0.366529749916819
0.342019809269862
0.353034836350356
0.376619342715914
0.363264420762765
0.341469424041988
0.345321921406371
0.381108860172679
0.327960632446122
0.27487655826868
0.37419995643137
0.448210695132357
0.366720287803042
0.410439345099594
0.332623015069312
0.342031878544564
0.308884468540005
0.240604328282088
0.552667701765934
0.449892919010455
0.317738329031291
0.414905494712765
0.528206379387145
0.413691246410259
0.471205933642573
0.34918230296103
0.348336068254213
0.400426980636581
0.360691306829796
0.289972424861598
0.407868834490835
0.295043539264791
0.432344058031665
0.515850379360756
0.477071077415086
0.484607712628723
0.477935477844564
0.545375411476819
0.447973393446804
0.501683065385355
0.403159565435785
0.63057925647045
0.3629803978393
0.539576287887222
0.428942862221108
0.395509788824165
0.502102313260083
0.401839574611899
0.542037863857074
0.479524642666384
0.329234648498879
0.384617920017044
0.403806277689224
0.388987395910654
0.585021993291952
0.641639483285788
0.694344465735911
0.457233185302506
0.492996475456806
0.601866695105855
0.501484567501751
0.419720464308329
0.500296167881135
0.46806928918463
0.553653782879111
0.483571969744071
0.651707866780663
0.339782177735326
0.609301720534466
0.559740187042719
0.44959147574795
0.617842517772483
0.56363700369495
0.586061311625289
0.662194657936567
0.524081349862067
0.466141463154944
0.46198887523078
0.595188038168131
0.481010024253638
0.473306039712313
0.617896133447647
0.558663828512164
0.50991355394163
0.561579550031251
0.508224932298849
0.71699225100794
0.71076746375958
0.396156112586272
0.453430071853812
0.565947528565254
0.569692356992675
0.475265921241234
0.371695902779838
0.479931864141364
0.540158618498701
0.586631571193206
0.596611593667581
0.411203134178373
0.686238976312702
0.637069965959904
0.570582279711443
0.565616558387937
0.699691363194166
0.44270010760746
0.346155775425799
0.548608517649462
0.52889665642477
0.534985426082617
0.468756809731709
0.433887582528891
0.562425950769051
0.562807275033413
0.840141479153455
0.676696606380721
0.57305490620064
0.6568928508172
0.709140258173254
0.648458265897989
0.664409322611121
0.657076877326067
0.586478361536056
0.581842761362907
0.54589300337245
0.691963981606371
0.53598343293644
0.683523531424355
0.69294379368139
0.669953916066946
0.752018997397973
0.580638422624063
0.683381045607373
0.623171425782447
0.669047027149357
0.614168694219858
0.730989667489096
0.816729157112909
0.811309320817072
0.614294670047935
0.626848603997195
0.675385975759381
0.814410281142597
0.650013613353253
0.725250898740874
0.694576374116679
0.66875523363125
0.557627137507362
0.590736559534625
0.642851820018574
0.577296800479141
0.795019586463326
0.593105010927102
0.635285307875742
0.461395042286752
0.614350160025208
0.639289953343014
0.52257276831704
0.673748970496233
0.63896545818154
0.742903297471166
0.618016660014134
0.735428038129298
0.670273094171899
0.560505297932199
0.608866553611633
0.73736293304904
0.789293201685289
0.809779855817912
0.723474655831062
0.746891503454956
0.777414469981494
0.649798085838877
0.594567341642287
0.763478980388273
0.736284394994651
0.718471567749649
0.7437035601534
0.805632070782055
0.690354305192059
0.795229217902018
0.826342232960349
0.668139743935547
0.643078911139853
0.67837909174294
0.710200019273718
0.822166231261384
0.851345336205363
0.587713565967517
0.707557386728126
0.880059792995983
0.802595545423465
0.801526067821358
0.662816485195645
0.860257252233209
0.785677756315826
0.823693598808439
0.753559294589502
0.797839622664516
0.91183650954245
0.638365697446033
0.847544740026145
0.779993147585208
0.772032410861896
0.740430144607129
0.779559406336039
0.871686261677074
0.796154580166319
0.827302485062389
0.780667599032163
0.769862249558354
0.758946488099017
0.767515018319679
0.840395211996196
0.709039105436902
0.587563431266519
0.963302155281865
0.693211240526142
0.889413634901161
0.865662488556963
0.881252293276158
0.722853024572576
0.840679777863553
0.899013590775572
0.748835227057689
0.803427983351509
0.819824453606029
0.885681966703253
1.01196703067606
0.854964458925908
0.65225294601216
0.76560778515115
0.828569682233373
0.890445701171741
0.786868746416599
0.842661670947794
0.847718601647155
0.828887779660627
0.705534066091478
0.883523013459316
0.842961073333818
0.969364977824087
0.895518280226485
0.733112045473228
0.946709173519451
0.847016831861741
0.811096371839386
0.72268470579658
0.828079968516237
0.797487710364894
0.864784475461919
0.951498069207132
0.8597621275846
1.0495257612044
0.861038724910213
0.876613016404621
0.68825149433613
0.9758682835401
0.962052013692714
0.935920688945008
0.852971029882194
0.947915180196913
0.83884363584564
0.828006750621286
0.831676030677096
1.02496015167696
0.963150046338795
0.856769868941168
0.916537043120952
0.889136364235718
0.904855870947072
0.948585171787924
0.945904083800404
1.03207667078669
1.00973547683828
0.905947205833295
0.82374691581046
0.826791794925259
0.894914362640639
1.01861870694523
0.930511021625432
1.0211231363963
1.02598918379971
1.00050767441141
0.896726322863314
0.842491912670581
0.876788973403361
1.02120229156091
0.865576207990542
0.908801238118013
0.954569820374049
0.927494544813794
0.841437181486395
1.09015481088177
0.90173550092634
0.76557143718076
0.866159161765603
0.882043427476816
1.01622564088435
1.01343557115289
1.05800248738793
0.937021655373466
1.06252329612089
1.09718547370155
0.976331179416158
1.05671243952037
0.974527560893934
1.09479056157791
0.970073926184536
1.01574306534666
1.00975370058578
0.928582341914945
0.943960521857626
1.11421918470289
