"x"
-0.956025668276478
-1.03591170199569
-1.15838773575125
-1.1099278094929
-1.04780307556963
-1.01275692855797
-0.923807072353584
-0.905438457927272
-1.03812533544707
-0.946141427880378
-0.950630124064046
-1.09923064506758
-0.90425151007291
-0.864606727482179
-0.816760148653281
-1.04319410586853
-1.09903317298615
-0.904553216639754
-0.992033820047072
-0.812448941545109
-0.845877377930789
-0.873439586704698
-0.943910771635379
-0.974203885979156
-0.844779889650767
-1.1047995841127
-0.964546469001787
-1.10337258048797
-0.945550347711724
-1.02173059046327
-0.916043986249923
-0.892032044688558
-0.955480452587931
-0.988101975581886
-0.902008045468095
-1.0042206949989
-0.89708486231384
-1.07663882086309
-0.858718278383613
-0.907408773136657
-0.963454393033777
-1.03956693183282
-0.960274162731093
-0.978911728826466
-0.87553698790407
-0.940402360684471
-0.891926303695631
-0.682724164252591
-0.885055945471604
-0.952531961279757
-0.998087252843274
-0.904532142491991
-0.842840868917961
-0.829057290134505
-0.902579224324622
-0.927314966630853
-0.833044008169826
-0.886852388430541
-0.883406288668552
-0.790036858188742
-0.883215584894454
-1.01696113664209
-0.878576637688209
-0.853801943271685
-0.901467900421309
-0.861670420858828
-0.804961299748489
-0.878025300978927
-0.855934455540245
-0.95568058373846
-0.705737931099777
-0.742151811012427
-1.00512417612759
-0.89325215378532
-0.788925702415192
-0.875019615958683
-0.944558449513324
-0.745816417678584
-0.9014671356173
-0.791494013914258
-0.836505038827152
-0.768549600515628
-0.965578131918687
-0.770629477594981
-1.02555568191332
-0.788094215206247
-0.991170607211958
-0.833521575298649
-0.756257248394848
-0.729893316728559
-0.782048488744266
-0.8169520624986
-0.827714647450481
-0.822418335432395
-0.789307967390442
-0.790929545754813
-0.776253254661716
-0.667124216468664
-0.906539512071904
-0.751163006016773
-0.768469843759451
-0.828691877300454
-0.610231152442037
-0.684042884304118
-0.770329161879747
-0.774161918249853
-0.723995374118249
-0.695835098133611
-0.829653445016631
-0.741876305721543
-0.603979385623733
-0.825338356342047
-0.849321331431712
-0.753038870432965
-0.852728515539912
-0.866745746010832
-0.747969969443714
-0.762735662622215
-0.610269256353075
-0.757940550536103
-0.639957286882153
-0.907850287208416
-0.813362147309435
-0.846062982332102
-0.858249537154718
-0.688109485629014
-0.862580077567054
-0.751906588847211
-0.795807022983984
-0.679943448210266
-0.690469156324896
-0.729665014117797
-0.655746283865744
-0.833069223101642
-0.743557922354569
-0.74922196183997
-0.670276974356751
-0.806053197164307
-0.657469769871115
-0.632235509681778
-0.640945588656779
-0.573286042442496
-0.878665701611253
-0.564845759812222
-0.647390507132277
-0.769153659086302
-0.764347313563416
-0.70857663117323
-0.66190891775428
-0.635071727414713
-0.568029506558153
-0.576082393227307
-0.669008493309325
-0.759303747526787
-0.74198587470241
-0.645725599686385
-0.716667185181741
-0.612044352475717
-0.680657051505973
-0.667712685768776
-0.778705017535735
-0.630888280252782
-0.68649915940868
-0.575831479383269
-0.575131551072615
-0.739411844900739
-0.721703031772595
-0.604261742693134
-0.742744553247453
-0.735051369206838
-0.582870810122114
-0.629202326256946
-0.53873735079327
-0.706091227125622
-0.684516513435862
-0.636839091831721
-0.721385979339474
-0.637671388513602
-0.811874352801857
-0.637348899635636
-0.731780034398248
-0.618145194368919
-0.655380818050393
-0.680909806629452
-0.660923944632863
-0.606442194914289
-0.618739826808766
-0.587083475859205
-0.635640592364559
-0.751950407977562
-0.627405551946259
-0.750763157044916
-0.500615517268252
-0.637706288069229
-0.663463164415358
-0.605565081355704
-0.66409411494038
-0.590231727928183
-0.630120037578681
-0.68836339895677
-0.71239790427344
-0.515609324787238
-0.560117050347417
-0.539162821768118
-0.649659800980523
-0.644793091515944
-0.393263140677213
-0.594596514327644
-0.470593143765072
-0.314091633553717
-0.515045188225217
-0.526601209747137
-0.652443451858571
-0.523588665090818
-0.635926661093647
-0.539216828252574
-0.343255829596198
-0.511387512731162
-0.697886000398022
-0.731244716433963
-0.616937682491266
-0.586220674089046
-0.399155361932056
-0.802724429137115
-0.71711463091201
-0.591980942415542
-0.471038352819535
-0.506389438040403
-0.393455390012754
-0.551407129502835
-0.665747664918621
-0.649548985762357
-0.60778120915247
-0.593903792472545
-0.53953315012894
-0.44879291920839
-0.721114343842709
-0.456767999101671
-0.547601786378774
-0.478506153929273
-0.53182052000296
-0.587584759555857
-0.519685001482463
-0.569862744757735
-0.580075975691113
-0.35934685407488
-0.523750968723459
-0.423406862243616
-0.4130605166236
-0.646389854536894
-0.397160887093635
-0.476094513453228
-0.439301901503725
-0.409222053270904
-0.619637218572014
-0.478886317503095
-0.4965263172724
-0.464028318596564
-0.460202756850194
-0.378500913824999
-0.601050033424423
-0.526566972071962
-0.244365398944713
-0.524996246012039
-0.613360393154517
-0.566739112135657
-0.421547132687502
-0.547573245465408
-0.545860911887597
-0.464657437899095
-0.475682251487893
-0.351017406558271
-0.413272116816401
-0.412649305360975
-0.436154149675956
-0.657476975813187
-0.465119059662499
-0.46547068037715
-0.41990682012096
-0.453310101751279
-0.410778075966417
-0.451275245301339
-0.498104526928865
-0.423731926036354
-0.473250739923003
-0.480809215082248
-0.380825623714534
-0.422247137707681
-0.346736026755709
-0.603116326504636
-0.476485319952315
-0.392661881952477
-0.600275312738318
-0.455026380159701
-0.391667224103484
-0.43513145691614
-0.454601707544963
-0.444509117648343
-0.318386068508486
-0.527225854011151
-0.452152271046514
-0.464770733425766
-0.337851182075043
-0.392791916663148
-0.247743761817063
-0.377715523228775
-0.542505596700573
-0.186284865368058
-0.330818243596375
-0.305572921157274
-0.327014945751774
-0.318138976007771
-0.401225412012129
-0.218165619015241
-0.411615885907022
-0.360095627176465
-0.341539523317727
-0.169385611946877
-0.46829533203928
-0.408491023733091
-0.295891399041248
-0.372432320395304
-0.322271676866719
-0.423876726568215
-0.427650270966569
-0.408059333002198
-0.186311521688615
-0.297061889031997
-0.383477532686119
-0.471974364260753
-0.185083277634296
-0.204584227025719
-0.292092722521881
-0.298923012683964
-0.298165648544687
-0.356535120109466
-0.286170289787758
-0.269445108661238
-0.336169139190683
-0.219523485713924
-0.292820938617957
-0.250966749606273
-0.346364693108006
-0.21471662015898
-0.346017651532083
-0.351735621657802
-0.297153270661666
-0.377176985786828
-0.260548263435098
-0.415588114549852
-0.203687641834251
-0.285379862431354
-0.303850241662471
-0.164941089104276
-0.41356751327549
-0.296865526395853
-0.244123158767167
-0.315459894902096
-0.240626539014492
-0.269103978055103
-0.263855266305478
-0.346396052959873
-0.297163114424576
-0.14240357024281
-0.20274563826669
-0.27043159852637
-0.319407222847036
-0.22386494275368
-0.193872794726587
-0.285801372265797
-0.210626223347426
-0.272422696725643
-0.148024376953784
-0.158458751807456
-0.294179136045753
-0.281414563320707
-0.172397701035526
-0.332436025057667
-0.17160782618681
-0.218894480662912
-0.223295363802519
-0.309919464354286
-0.152083635663673
-0.185713214242426
-0.186326749632515
-0.267434348455265
-0.295854286918313
-0.246906501107537
-0.276774020953737
-0.165080875685308
-0.298033101409416
-0.152442447259144
-0.230237700810826
-0.273091231310899
-0.275605280286379
-0.243136472612204
-0.069702305514607
-0.325185612179612
-0.255012058280659
-0.0242656298837123
-0.152973865763002
-0.321360043254562
-0.0492986242874097
-0.163364047100096
-0.289485813781401
-0.272902934905787
-0.0117268173279078
-0.317295044360502
-0.238309635429616
-0.082345662329862
-0.191835549274577
-0.0979695765887801
-0.183692594333748
-0.177802717735325
-0.121848813965282
-0.118498044197508
0.115295191715086
-0.0447322808494068
-0.105475540948308
-0.184196180333538
-0.145248250680297
-0.145550243623046
-0.148612123963241
-0.147639752864745
-0.128300703611975
-0.198712983790803
9.82003544836002e-05
-0.0473428221424408
-0.0383413206007084
-0.198265814536161
-0.25026874578713
-0.171845739410952
-0.0976247813534895
-0.0797034108407511
-0.116419378799491
-0.120786527101698
0.0423870530072922
-0.0833865716304464
-0.103335915648168
-0.118318693688914
-0.107696011221396
-0.208972753707081
-0.255064796007219
-0.196685425886491
-0.169172434464715
-0.218131007253249
-0.15437096655966
-0.291011904386456
-0.207006486471219
-0.142002505622837
0.0714832207106956
-0.06740418059252
-0.0369051885086284
-0.122617379878995
-0.0390794868990655
-0.125522201052576
-0.000383705226104201
-0.122220493977253
-0.159655024440254
-0.157189985030957
-0.057045836831775
-0.0327571162336045
-0.0946784925935478
-0.0625911629895115
-0.148572573153802
-0.193555850465952
-0.143405534628845
-0.0107616177114906
-0.034371455161525
0.0285615599045443
-0.0918965984207488
-0.114673890147233
-0.0159770987403405
-0.0298981433822305
-0.317607590450134
-0.118399072244878
-0.26269562635619
0.00840435979968765
-0.0566773672379591
-0.0431342331469859
0.00380075328803074
-0.0882355015717803
0.0433736299555358
0.0245778564244719
-0.0389049362104696
-0.0134362446998637
-0.185029356068438
-0.0343092361677728
-0.0975107906162304
-0.17447220568566
0.0178883491756181
0.128972972767526
-0.0315081631579176
-0.130545994346936
0.0557309532524609
-0.124516973821058
-0.166130771187905
0.0389469928269952
0.0329274194961129
0.0187978460829281
-0.0321260641595726
-0.0175067748546292
0.0277484018797726
-0.0265147828744857
-0.0607670446096228
0.247858048384283
-0.131995908414737
-0.0344210200293445
-0.0352842676605258
0.058803621160736
0.0500033153180937
-0.060534188151256
0.00108753758374433
-0.115432807275051
-0.0138142412181415
-0.0243898580049206
0.0522967341074034
-0.0273215591177693
-0.0127317841153363
0.170054569754176
-0.0859674252038115
-0.0301185358504472
0.0273797600429417
-0.0907774866487232
-0.00537573240241113
-0.0453203138059949
0.188505488556144
0.0881474483597569
0.0742170252235088
0.205419866604702
0.0382707496238244
0.0260011083144372
0.124828990184703
0.142751864167735
0.104095101939062
0.202940088373252
0.103259749526489
0.0576968529679939
0.176863802190909
0.118945274274363
-0.0498937906985201
0.129174371800035
0.0837039470758591
0.0298307737018336
0.0122332395407459
0.112327281318259
0.0993234452297529
0.131619366065245
-0.00595798583632267
0.0781281119280315
-0.000406625170108332
0.182772308434553
0.110968309535861
0.13746084839535
0.198656155101268
0.0678085255494965
0.13582606441681
0.14721820444865
0.120215928211774
0.204534111788881
-0.00736160939175948
0.0113693876196571
0.0825353815963235
0.0614903631794457
0.3807582350682
0.257646960964359
0.226919774679861
0.046850166741642
0.164221650342056
0.00515584899045061
0.149685956063908
0.25495005277533
-0.00323526032583758
0.00192813520346244
0.100535986228834
0.190525446585228
0.161431255289836
0.138911527487957
0.200694622335335
0.24414638067339
0.18012280210263
0.205503255564564
0.0839839507524713
0.206486630980114
0.0802091137119268
-0.0197433522336986
0.125560222346636
0.097687734157559
0.171589660366056
0.264667478813607
0.22817373275153
0.209395166286764
0.271464003652818
0.182307157054022
0.171789539193238
0.196704320286948
0.241718206808974
0.202897967298867
0.159913949509874
0.110498276116081
0.200461023058549
0.226659716263236
0.209366249562649
0.356941112101602
0.227853770772081
0.0240388794793875
0.237616023677253
0.197628853362191
0.371815892081048
0.151242257161484
0.23513186358717
0.278137072570897
0.147463987569221
0.388734347724243
0.296906366047724
0.210910269162554
0.248134058689596
0.142542877595732
0.295753466515449
0.420057132796083
0.340784123706221
0.167502032221892
0.274608843552021
0.255249704854116
0.319720725037155
0.280020001160867
0.395712672148407
0.159413570549229
0.330764293888864
0.331161943376638
0.198595243064208
0.198102636785847
0.265839950450009
0.348699721205241
0.247470297329341
0.406458137887957
0.302128942352119
0.449377466081378
0.265519976252358
0.268347138901793
0.280018397634621
0.27766474913496
0.192363976426264
0.248486540212701
0.203584869214195
0.376435780925
0.421365659412629
0.363178259808745
0.236258008467077
0.453328132876271
0.542965446585752
0.409183818169481
0.369099779204817
0.359745440105883
0.0638699109996115
0.346784928479398
0.392476965443328
0.175345698194084
0.443484390935276
0.345692228984401
0.351816156297435
0.3835898741385
0.31705188088596
0.41097403064125
0.297663766310789
0.346162190056978
0.285468183325208
0.289425428602706
0.392737537579119
0.296663663118946
0.371659202931609
0.361927386305784
0.265643327368938
0.427457191002303
0.325211490056673
0.269246340338307
0.334016751224256
0.358875867292565
0.383383481539125
0.467072255791491
0.317275539930447
0.377260766966828
0.376381632293626
0.501135922934346
0.413649585043447
0.371418436257102
0.380623223759968
0.427877010910368
0.354643049200586
0.386376604519503
0.485119575650158
0.302631463304454
0.475174118861736
0.390231728408703
0.377057266583795
0.382679183345224
0.366253734711226
0.464391425274636
0.439822702944783
0.483094781826122
0.324253828501679
0.27401424681237
0.385603303264895
0.610874246640191
0.384592454909342
0.552815310798475
0.350517225917918
0.301003438458209
0.340343244278419
0.432858701246771
0.401941611608097
0.397632475884521
0.335659713191329
0.453657296329694
0.459143611802686
0.645029143939768
0.441338275346487
0.489203158393923
0.469074653597749
0.392085753578171
0.499352703449125
0.439461639301153
0.367554648241919
0.538857945296234
0.617346006587085
0.251483909013353
0.519932063839956
0.469140837341172
0.605795126543371
0.334142371268671
0.413174138592266
0.536428047102862
0.460522318361908
0.50775487474375
0.503460565212963
0.389725016799214
0.554446092961451
0.523493462250784
0.557199773455292
0.251805763026149
0.448992576128101
0.424736858089088
0.343990820900187
0.570366714395822
0.418238647374865
0.482178106643542
0.540905693431607
0.422098394347559
0.358587376289613
0.596442549432656
0.450430658360753
0.384128221112278
0.546411710542758
0.469437471044528
0.494415959404945
0.332701087253243
0.479381755403358
0.572088921883215
0.482377463668338
0.558811279350651
0.520755206232674
0.460762379759334
0.43684635596911
0.574416530670969
0.427183706297541
0.530929658217544
0.531064466756316
0.583862887055089
0.486778460795746
0.476707518019478
0.464472524687655
0.387824414315588
0.52867196364606
0.548276365223747
0.629546730784433
0.635431878796372
0.6002520785095
0.364749456824044
0.551326294009418
0.497406730386456
0.618677713515448
0.494510886818952
0.466575678911794
0.593916666803119
0.56669587625623
0.448059355150445
0.582174073500681
0.518396405693535
0.635807991016103
0.548488667260627
0.47506555098381
0.725243398633187
0.618103088976988
0.605825957501794
0.596907757739478
0.635579747779689
0.514409717862457
0.59556390355561
0.464838087341448
0.662213490942887
0.540121583675793
0.558059577090252
0.640506008749023
0.773979394493031
0.61615639985228
0.729223078961892
0.561230173082396
0.56198974726818
0.672426397670298
0.66120512072192
0.747876394477083
0.715482136801359
0.603634710858103
0.637321970978654
0.708714595785104
0.508504623524626
0.665781450223313
0.560922066335049
0.569169481014925
0.548260482666452
0.52280309811999
0.642847706988834
0.521509827770491
0.641726865538653
0.773538475892097
0.566113255529457
0.724169301007165
0.773506532552068
0.66180732700266
0.649787149933144
0.601462349995786
0.616256861088272
0.663163834922329
0.822968381989929
0.665476712122674
0.551802938345201
0.718606649810515
0.587435102282676
0.501977225504486
0.63251408632571
0.589939662100513
0.752756167535945
0.698575425141259
0.609751521104652
0.536475913239626
0.622142436340378
0.704892942105571
0.679907627954729
0.736509365447682
0.668486647449487
0.727302948611284
0.878641286418333
0.820393664357215
0.554798876559219
0.788216086341314
0.726539284475272
0.791317993846358
0.639677832217386
0.723743766665838
0.775891113853639
0.727494485271382
0.752895022309914
0.763209146218438
0.678734577570988
0.729530609086081
0.772919886923763
0.716291467473483
0.699534195914736
0.721892332720477
0.652337273711846
0.723332185645587
0.763041953752449
0.681229432849317
0.701023102924923
0.660419354902089
0.848449620360751
0.682526601375799
0.655365694645199
0.744351968689673
0.603962282060029
0.670609521214023
0.76483790454142
0.714046820296592
0.782842408332282
0.632313875929281
0.651972896874305
0.640662340311921
0.773819987993292
0.729484119798716
0.873098252845773
0.792244027646779
0.745381668365195
0.872099450881067
0.675315026203144
0.752450656825542
0.795863158672711
0.77393424649695
0.779132509714208
0.893262578693242
0.749714258083508
0.816616539403799
0.748149575779446
0.809096117787818
0.975047773770119
0.923466441696755
0.847939640510223
0.837198413572066
0.93539093919154
0.790979900798753
0.811811043057306
0.806703893942813
0.814165561589063
0.934610941014727
0.805367039059082
0.812344613362656
0.831852914553238
1.01021766335057
0.62736614830378
0.829560427444693
0.785764216449173
0.873772224297958
0.827263893268112
0.827620714303082
0.791868663766355
0.918749799453379
0.624536699426062
0.934226724052274
0.853955835576302
0.653231384373027
0.905225188870724
0.919798054006851
0.961793552570344
0.864788596848982
0.961622324972186
0.784846214775341
0.787417404555647
0.880089520837527
0.991992799321543
0.930972647736456
0.874681815588661
1.01645090614653
0.826122779519724
0.77181080180965
0.952326028931846
0.959570993432141
0.824141556220644
0.84801222920072
0.893875989242648
0.97993755812168
0.952624983788023
1.00133514935666
1.01001874702643
1.02239266405706
0.920845748108871
0.826268826673626
0.905372260101637
0.92823955474036
1.05722396940187
0.932978694195318
0.932483291760458
0.962213932486689
0.940649796702784
1.00024128093106
1.06863835867376
0.926137885601888
0.910118202938192
0.823591662370328
1.00756898195301
0.958007421964585
0.920277835442195
0.874227215092299
1.05755930390625
0.964854301791367
0.968225631213667
0.911380482220729
0.930512638335161
0.862182707763419
0.93705670495625
1.05770873067379
1.0205873940066
0.847533611335569
1.07411608246871
0.995817426479028
0.834826374684651
0.924710437722378
0.943647287177036
1.10610728358018
0.959665765024831
1.08732617789668
1.02512648764077
0.903321721524279
0.782545688115042
0.981641827229492
1.10834491675734
1.11857088315654
1.07787330803821
0.935115765277032
1.08381423217472
1.04063795072998
1.00163708991128
