"x"
-1.12137795137823
-1.02401469943919
-1.03376161270286
-1.0272316658097
-0.904399975515607
-1.01054537118786
-0.880067051235839
-0.962779896757411
-1.09534970330704
-1.0688064825965
-1.02590796294928
-0.96931474990102
-0.906203304063183
-1.0550606483918
-0.882727967470969
-0.978498621300359
-0.907298081185603
-1.01118570544954
-1.02207287987944
-0.905771288619277
-1.10772206710599
-0.997094492910642
-0.887278723762955
-0.860512880289431
-1.02334109957959
-0.898272379126909
-0.88785260776697
-1.01817863506694
-0.958562836399634
-0.915799063125677
-1.04468392644054
-0.863333589484987
-0.912772039334725
-0.80354900925456
-0.849973472492478
-0.896072148024283
-0.792299782730809
-0.907002398048643
-0.866256453373015
-0.959589895963672
-0.863132929561338
-1.05825320237076
-1.08607904842211
-0.965559031538267
-0.847229217281858
-0.939886298373532
-1.00421503523212
-0.850368140412917
-0.789871120994402
-0.899863730807813
-0.866234320538555
-0.883563592970833
-0.858970845197021
-0.835152384635899
-0.861159174748183
-0.845586258524672
-0.912758741685524
-0.828779663360991
-0.977425252628873
-0.931241355188519
-0.838475140148525
-0.872551129991199
-0.915744060575853
-0.848488867946228
-0.870386129265444
-0.950563638557689
-0.927901996850956
-0.803954062340102
-0.895047135406085
-1.04035739877698
-0.955638803412415
-0.892012786436029
-0.954484667371847
-0.800722799738863
-0.83369307599486
-0.880081653282688
-0.882889009217791
-0.899922276398046
-0.882405954171157
-0.663037033644138
-0.872212578193882
-0.837652725683096
-0.831505229608807
-0.864884161387727
-0.920152416491159
-0.835052720623824
-0.778279530550573
-0.869831230027986
-0.804093717904525
-0.932753074144202
-0.799208108368206
-0.744084295173144
-0.880130784805411
-0.839928780158313
-0.776707017842245
-0.86348417411302
-0.836772176289019
-0.720485758403719
-0.77761828809373
-0.718853347703979
-0.837564140865806
-0.753381973577681
-0.755736163529815
-0.706394242186481
-0.742313744603333
-0.898283960121261
-0.623360475953011
-0.716979082331819
-0.75154468377752
-0.795174939669206
-0.831000281460124
-0.88347843268045
-0.777915688448488
-0.807557630502001
-0.854955410350722
-0.815362087091003
-0.885918669144817
-0.601402398357732
-0.774660903101293
-0.754171231023104
-0.763236433355534
-0.894935511494701
-0.827389342132766
-0.602540126007904
-0.452084750778601
-0.678809288874439
-0.715665136312712
-0.738215791735538
-0.746354855170995
-0.806052865431102
-0.749180957794179
-0.741597097539806
-0.724382508393404
-0.705016894465733
-0.651794170519643
-0.787287845242977
-0.815853763159397
-0.83768880284766
-0.562174947097663
-0.674197034473234
-0.651114950034727
-0.726115218137446
-0.698806582316534
-0.6811625755584
-0.620691516129741
-0.735023398816828
-0.800031132972446
-0.774447741501252
-0.663488636764885
-0.581527639479717
-0.554574242226944
-0.647045410953356
-0.680418183880845
-0.616717732864982
-0.722972259392672
-0.703168989983903
-0.832939412088399
-0.77611789962362
-0.587691455090535
-0.659293677861812
-0.708635507812815
-0.694971789025514
-0.777231683586049
-0.785979867062723
-0.699891185896852
-0.812531588645338
-0.613534662527684
-0.537505300960389
-0.686450405025949
-0.530221401824675
-0.636999696506027
-0.629356763355558
-0.647090487484518
-0.60165110539253
-0.641590530819944
-0.655431280525008
-0.519943068807643
-0.577846986604384
-0.549593008117989
-0.752842624653167
-0.708181828495371
-0.668305879991062
-0.630962148036412
-0.611411049566498
-0.590123599245706
-0.594068061398087
-0.650179151140849
-0.688504578714137
-0.559144940637692
-0.702841415634032
-0.617708626448538
-0.582215170367885
-0.613496707440731
-0.458095577650397
-0.584917337856635
-0.624610115405819
-0.614302846098959
-0.619418027425327
-0.670306534329231
-0.545996333555984
-0.559077461027282
-0.599863029614414
-0.656205261429334
-0.63190112822948
-0.486058659192392
-0.633811204813567
-0.532009714908175
-0.56056870259302
-0.441941170144389
-0.555651402735088
-0.608773792990872
-0.533840445426272
-0.433641141070179
-0.49826906151855
-0.559756114736214
-0.50386413497175
-0.351610563738564
-0.549047729726233
-0.547244068610655
-0.487922927614528
-0.590938736945793
-0.53527742301918
-0.693906332695794
-0.541001388387874
-0.574971997830963
-0.446443346671336
-0.483848250106864
-0.685372855122363
-0.431247814294709
-0.551979725992953
-0.544251994915423
-0.614427803302381
-0.437631063871552
-0.553695344103898
-0.546991375623798
-0.533800901443214
-0.358948597912084
-0.439909368484425
-0.51408833545525
-0.532126491978253
-0.485638570628702
-0.537844227152506
-0.662349541154699
-0.558174331041337
-0.455837489744742
-0.713146534142413
-0.297528606888477
-0.596747664163364
-0.482323499906607
-0.546366245165656
-0.395096753866857
-0.640749806818883
-0.338623851135881
-0.71164796658265
-0.588277135431923
-0.463719071287371
-0.484256831233566
-0.531633814766
-0.4629794916106
-0.506353879923052
-0.407119189824905
-0.481806607876889
-0.500566161524755
-0.289631386882115
-0.499527791959986
-0.618763034953367
-0.441837723763366
-0.415408582519069
-0.487866219548501
-0.480815000689751
-0.31192116630772
-0.380658432430339
-0.557593231278943
-0.575089530822941
-0.351255859126226
-0.35219360455411
-0.35147207307484
-0.428787714928157
-0.565977255617791
-0.515172806011169
-0.541007730704266
-0.309543252856564
-0.555925231598086
-0.387849815651899
-0.339679911579967
-0.320090325400188
-0.321855471541366
-0.629238363322886
-0.354786213939103
-0.518873163471225
-0.655029507373241
-0.345880187529262
-0.553708275191669
-0.44749996941348
-0.43045054450332
-0.391141384686963
-0.413918676032887
-0.443846377559799
-0.420927385478304
-0.297458240932111
-0.324873063694279
-0.525939880433954
-0.429690718416447
-0.493170172967388
-0.487935453830614
-0.38776646265177
-0.34086912966996
-0.292536393194811
-0.440058719541428
-0.301841053534366
-0.440667241804277
-0.39760152837992
-0.365018776836424
-0.425573787042274
-0.32101951016844
-0.477801970431057
-0.219003969105775
-0.226429026129417
-0.311805466921881
-0.461349598562547
-0.335588547130621
-0.45054379437172
-0.419800893536823
-0.373010987918942
-0.468854487314314
-0.32613948270884
-0.244976985448662
-0.307455557178824
-0.409419916911249
-0.317741512593838
-0.340783329061165
-0.329618688495573
-0.309615938267534
-0.150246876298725
-0.403273491849952
-0.293547046698576
-0.344898538675104
-0.407436359569126
-0.528749403581081
-0.361308185855086
-0.444484815974751
-0.16099774334649
-0.311498790524366
-0.35802238982161
-0.199137836482458
-0.14856200381459
-0.343249300657605
-0.150738994961785
-0.382541151242342
-0.311281000630973
-0.287490314593022
-0.392598557744127
-0.0915633283965626
-0.205433188748027
-0.349731610024689
-0.330339976033404
-0.328137539104066
-0.342787638230527
-0.314081585919899
-0.335911100345713
-0.271204561302844
-0.426173688576829
0.0042570749636169
-0.404072849933501
-0.190263137864448
-0.3315596700369
-0.314083582585377
-0.105952236242394
-0.351611183241056
-0.319473810918359
-0.291404070109461
-0.143795636985569
-0.200236270188205
-0.149924164726181
-0.190817092065856
-0.197000881805316
-0.210342115508052
-0.230424112317202
-0.241932664943861
-0.442867566233549
-0.239130424050199
-0.284740846627465
-0.191972169991119
-0.0682738606670578
-0.312652117466491
-0.195379069310636
-0.337651587935376
-0.262661700208333
-0.283480766122703
-0.285198554088702
-0.283236419971666
-0.0833178924906041
-0.0870695796015551
-0.191642184256381
-0.258906434953992
-0.16777595393693
-0.259483030602232
-0.321615478312477
-0.19675121870747
-0.268830475353115
-0.178156008057827
-0.287494446900052
-0.139355783140361
-0.362762529831396
-0.187417452119354
-0.21158336925917
-0.254005704491733
-0.158342750986552
-0.217823082012356
-0.136132998882607
-0.163109799599071
-0.0877800259760145
-0.0148510517625598
-0.17817721293448
-0.145196613001989
-0.0321509098419462
-0.219704429220671
-0.233050986069946
-0.203755588946492
-0.19683548887497
-0.0667966067116697
-0.259080241098899
-0.159294592635841
-0.0779900350684894
-0.248186617330463
-0.193844731404703
-0.0449708894415374
-0.0272593551673096
-0.132865969633642
-0.146435401812994
-0.139951490640391
-0.163649574538436
-0.267912159571176
-0.0988998814951571
-0.089211783849576
-0.181611386643265
-0.216845056763651
0.0150501883816312
-0.17910659992741
-0.16143953523283
-0.0873053496245651
-0.0805164772032749
-0.0207519832225605
-0.0175796315787254
-0.156340718583434
-0.176248589651123
0.187153879779906
0.0150069981484778
-0.0604785615993419
-0.27027445353926
-0.187660275974061
-0.232062164160257
-0.136615009598011
-0.169796330011804
-0.0982083566297659
-0.163253460837464
-0.0381262588685949
-0.0909135509520127
-0.137243085563216
-0.130257694792703
-0.0590829381995354
-0.0187591977394611
-0.135207099295901
-0.144851508339315
-0.100997827057317
-0.0172309558074523
-0.0185700393336446
-0.0702382143429309
-0.00382515445248358
-0.101747419287731
-0.0368341894874042
-0.0521719482383891
-0.139786995892092
0.0380378340637923
-0.0791519765685
-0.10591379510979
-0.0490200405021517
-0.0206912379677646
0.0284428289362249
-0.128357593115609
0.0713111168745563
0.137074501107846
-0.10402235764709
0.103418676309513
-0.061732979621806
-0.0249605145235551
-0.0748640596163253
0.00783893036890856
-0.042715645711264
-0.157349130492172
0.00948968250045014
-0.0654437141858267
-0.0310807221558287
-0.0216400438617044
0.0999354661495528
0.0791504100389299
0.00791922575765185
-0.0985679386374875
-0.0205500867772542
-0.0829269508389846
0.0235151172904785
0.124139352154877
-0.0119497131902195
-0.0119600856280136
-0.127088048391816
0.203521580474626
-0.110087767137666
-0.18706176935006
0.088779328771342
-0.0116156488321862
0.07135741847313
0.089798790805769
0.0425264738098082
-0.0120859850568935
0.0394478295012428
0.044706437662834
0.099468900267879
0.117549290221182
0.105276451603954
0.0400189083991061
0.0741718887085318
0.0781381176663411
-0.104282508729982
0.185142741578199
0.0592893281046822
0.0283607327616079
0.138084935578036
0.106179329705662
0.0562702162239865
0.0083385056255374
0.105949786575432
0.11269514776467
0.107103631845256
0.0821859172597602
0.186574782371415
0.0186496471224844
0.0381559183054061
0.0199600316924538
0.130511486056026
0.151345662976722
0.126142019747254
0.241966702456499
0.135795687369983
0.00882694554360041
0.0877519393122533
0.15732509078902
0.0942022464589106
0.0604053550472867
0.0292375675887291
0.0585354806085751
0.12143761118123
-0.0162394972317352
0.10107427754876
0.00839190527587633
0.174469426986394
-0.0286458848309261
0.137556948828655
0.161852865492437
0.109296219292078
0.276981842640963
0.290243998324938
0.227571896477328
0.139308412174968
0.138103534792544
0.0553591797228506
0.199166751321971
0.0548724601864865
0.0401440160151357
0.187181065599059
0.0141279088940296
0.184164497665015
0.155855725149077
0.0544303248987227
0.143468137038953
0.182522798602644
0.0919138087416816
0.253958811318242
0.26407488848779
0.129816523301009
0.127667695807353
0.0901831303407811
0.0947315318007173
0.216629633838037
0.169052929384382
0.156507505453817
0.242020830681612
0.0759318753785112
0.33906069284064
0.220879949075107
0.142027231570783
0.200355827899931
0.113695950333719
0.183219265570208
0.271576432915716
0.0497701826745331
0.25717199238314
0.17490484065655
0.0549026262061641
0.174587527697955
0.114092793536519
0.241879032839762
0.13998741277444
0.281167545890241
0.272500400418616
0.151090688359576
0.387928385128344
0.283692704027209
0.0628907287036676
0.158647705500204
0.127225693636179
0.247535000018536
0.272862928477539
0.23838879758056
0.321045394962068
0.311736229858812
0.256277892881722
0.297177793606433
0.302043951239535
0.262089035829922
0.135967278835099
0.198823696609641
0.256245729093081
0.19293084236646
0.311514855111447
0.288777203400026
0.31470374060073
0.260089678404419
0.292523914523933
0.242563502478214
0.325694834180987
0.284389378960227
0.329741486865867
0.294072990230672
0.304411530489062
0.301146505953677
0.248999173328516
0.327090504551883
0.328714151303109
0.265952196734749
0.227369351829161
0.255991815329535
0.335095120495732
0.401864161710942
0.445337282357187
0.277860987029067
0.257413367145358
0.302820281952756
0.362979642802912
0.309423543210473
0.174170754684521
0.347296558956981
0.190965813982894
0.280492336644197
0.280424294325614
0.251152889945224
0.370214392668988
0.382585223683874
0.448104995293968
0.233847998635815
0.335286332546142
0.275185787228287
0.320678453511117
0.253257887300793
0.261166380849686
0.22378242164575
0.388164574449026
0.410681602204409
0.203426351109787
0.315862391148637
0.245545462056504
0.263696580508372
0.187286085291261
0.28660485526615
0.422284766406478
0.363160781830735
0.32779566268584
0.302488702649066
0.247764320936834
0.473464073129387
0.44702626982913
0.577692597490991
0.53392405401642
0.321023692707087
0.385425111541991
0.454676441355078
0.330869358519824
0.429402071443604
0.514077261431247
0.299432186295332
0.331900779740915
0.45085603728881
0.364725997193792
0.361285219302154
0.509254884611123
0.410618698675295
0.284261651611498
0.236858183424045
0.439368603208428
0.282017974967189
0.303785365743114
0.349285544968538
0.326589684807318
0.426738983670175
0.455527547276594
0.364039965387548
0.41746930224449
0.23593118285454
0.401766430237188
0.345141997957492
0.538020075518911
0.456749140663156
0.521017711570258
0.400324772854598
0.363708718075549
0.271602766045291
0.434997243133853
0.551328757315549
0.388082646436654
0.392264575145894
0.470256872704517
0.484460744017536
0.469973763177659
0.383680825674482
0.477806847133763
0.502947564943965
0.47691927968167
0.28799452013838
0.457955314320087
0.424896964461908
0.564054884179912
0.544839238582738
0.387962297343223
0.403784433912801
0.476867173911159
0.439152445781136
0.487808735200756
0.358620762298493
0.449955716386242
0.480320574933732
0.598999361501876
0.532410538496067
0.590984356503217
0.420670524545974
0.560678930231594
0.506410749238522
0.520962953614548
0.490769175584912
0.611478300747644
0.558329854943285
0.517515406418018
0.358188425555121
0.339296820199774
0.480150211241588
0.413438954793887
0.573109081514539
0.443175450256951
0.608510380135437
0.523459271478127
0.49497608730686
0.683547141245595
0.640301304731112
0.645989935481429
0.481052180233351
0.545211088196442
0.435026826793753
0.562626930000209
0.525769789078249
0.513816542051075
0.599380730184876
0.592740496615682
0.526515383823618
0.518132042827292
0.652590569864737
0.598454466673068
0.532652538186123
0.509939608133145
0.652099919805699
0.60195323978967
0.623088676077282
0.357177010427594
0.509054650911214
0.685475695615468
0.541597355055548
0.663510608335061
0.568992500435942
0.628720201729275
0.606762028949154
0.692403303385168
0.60153889839055
0.636617195014562
0.695146053113542
0.526923728667228
0.551454056513128
0.571617101177543
0.503171266601325
0.537043022847333
0.526992498736584
0.631039445724205
0.658646903184183
0.501895287458212
0.60750155641761
0.490801839752972
0.68073231950568
0.636837474230933
0.543144292434668
0.579966305484672
0.47519510886626
0.521377901485365
0.628213200380269
0.632792700457873
0.583432986804585
0.664026744142133
0.555811228051192
0.704123720460551
0.778508130560837
0.416775111935216
0.511867624441663
0.543029607129576
0.649616541119833
0.624205917048977
0.582908013705773
0.600667323926758
0.644167530369117
0.643369685454756
0.673929294324797
0.755654224366267
0.595982301467519
0.744667909098529
0.50238019338205
0.607265261643168
0.710185265777211
0.719403759136576
0.645815087100985
0.563176320406977
0.748308282724471
0.826603452455857
0.594050889771989
0.838353334719314
0.774631581124569
0.611768716078482
0.684945496464162
0.846219079574707
0.787184355009722
0.622511987487888
0.652671183317367
0.673025374578272
0.660583636576215
0.658349716492536
0.599850366193374
0.718607813543083
0.532169951238563
0.790889430026254
0.823859235217472
0.662722766721541
0.585449094386977
0.661359549466066
0.716493347842663
0.65932060167553
0.652077183280991
0.648208656027343
0.676001996286984
0.615128006960767
0.777190861279757
0.708337308488105
0.669902986233136
0.705765535799205
0.610835248394516
0.56170679092864
0.721104671250741
0.83056410235039
0.779234658965275
0.771554948155592
0.621071756031334
0.783930548343426
0.528280023459804
0.867306758964445
0.763272606728087
0.787432695058388
0.646253740972591
0.635022226227705
0.605646365654527
0.866921120191086
0.652116527423618
0.864674573311236
0.779507723409194
0.735654548963187
0.809007194876684
0.676433885283857
0.741511139183206
0.783432746386645
0.707693745677223
0.695103039985218
0.798005529369371
0.758844489628833
0.737513316365465
0.805144345039563
0.831202914730779
0.823738227444261
0.916495075585427
0.804875564151735
0.863618814610755
0.889013720784615
0.849251353524253
0.789508084028646
0.739017573894491
0.617316797878512
0.908005957498085
0.871525482399034
0.890518838170992
1.06642245434823
0.89698080242517
0.862947907245577
0.771248669192217
0.821283179508063
0.927889213369077
0.758476321383823
0.782735393408488
0.866148914930152
0.979850970268358
0.840849676537301
0.835594547682831
0.74443620517038
0.852888461912285
0.899765845649271
0.871256243950522
0.885877886967865
0.719189403165034
0.751018856267326
0.880405485784781
0.857498077879365
0.958203890613483
0.813987508713297
0.956474176395596
0.852112305334795
0.897796967700002
0.796955372772794
0.999045059561184
0.851927250234086
1.06334845175909
0.77053871312086
0.822699657929027
1.02778492883073
0.830168635582845
0.997383577951049
0.92166839473925
0.828508357068964
0.770215107340063
0.948666106034358
1.0399208446718
0.781766208781444
0.949077656539986
0.895310900753677
0.851974453447972
0.989455296934717
0.978448198666126
0.922501453276663
0.896468680614781
0.883590915347366
0.996705880293383
0.85489631356482
0.848220178123406
0.912132766802095
0.919472920634331
0.825284806655996
0.929741262561164
1.03069420356961
0.951018582388079
1.02726142767219
0.870281099257153
0.829756101335771
0.84925970742139
1.0386426175324
0.964172213948026
0.840351412638178
0.942981882325404
0.904571533992599
0.907340164536196
0.916751920134705
0.940127406222451
0.894636861103921
1.0944959746404
1.07659737299832
0.887394672415245
0.999381291188285
1.03881789974593
0.881620913499675
1.10145566577541
0.997305681551695
1.08546154377198
0.99833599078401
1.06717895285653
1.03538855242185
0.919024138483017
0.93171515933643
1.02335486942951
1.01093305893081
0.960401815855679
1.05105914924147
0.959421095841598
0.908248972742422
