"x"
-0.958832797478033
-1.01547769639108
-1.14451032457424
-1.08943956936924
-1.0526653760133
-1.015864782864
-0.930077454166816
-0.893047147711334
-1.03496844619223
-0.96303623486485
-0.927690808081871
-1.11017957538926
-0.923118746112721
-0.849971245218478
-0.803762847165748
-1.04173036272099
-1.06853468951685
-0.940310110306558
-0.998136570564974
-0.791050943118264
-0.834592687141564
-0.884649468078253
-0.959067342665939
-0.9693837452576
-0.832993047182621
-1.09584475307078
-0.997251882363434
-1.11517844409286
-0.935827141797756
-1.02574332737616
-0.918849329629387
-0.869001291170546
-0.958485519033651
-1.007791890744
-0.876702905095007
-1.00118258595874
-0.880134579513148
-1.06085923094152
-0.875192162305931
-0.924951886646439
-0.960376861995686
-1.06014782883442
-0.968135480137048
-0.97433386658909
-0.892951633392742
-0.946443732305252
-0.896167153444537
-0.695415167837634
-0.882019242084758
-0.945208474190266
-0.99266815502277
-0.881585524132703
-0.829548947715237
-0.804641053187467
-0.916122198936801
-0.911006612272353
-0.821530166881857
-0.887648047299995
-0.889084947351154
-0.78513481993043
-0.881225651009996
-1.02976876140068
-0.899874872541086
-0.829810512808788
-0.903273390680512
-0.87013177063083
-0.805448630681592
-0.873375590881194
-0.852591429235892
-0.950011772204941
-0.698516847678287
-0.734012236762628
-1.00397921920905
-0.903450909257072
-0.793302222340592
-0.865475646368426
-0.96277161715594
-0.737630509541336
-0.90844739098993
-0.775732627274404
-0.814868156703783
-0.782419193221516
-0.988073065746766
-0.740530612095875
-1.03149697746145
-0.816557962471838
-0.99833130469484
-0.827677977231565
-0.756849774454203
-0.733459080729734
-0.759755436658757
-0.825441040569531
-0.825225579192883
-0.819578262413518
-0.794356906076642
-0.781747607589598
-0.767665232297139
-0.68845965842285
-0.8859594441201
-0.725666845773234
-0.758030160970188
-0.818075541898723
-0.61855518724601
-0.691362631464637
-0.762565026388765
-0.791557746313491
-0.737755614325524
-0.689488286627146
-0.832716690812135
-0.756588802947493
-0.594033096547806
-0.840226337359879
-0.848060081834472
-0.768672867165633
-0.865433707884939
-0.858515656965469
-0.742984772811145
-0.766090231156287
-0.599090885171568
-0.756396620014574
-0.65502924252647
-0.886050626655336
-0.802519284889368
-0.851585569891603
-0.849719609970835
-0.69650693201166
-0.85808361551059
-0.737892990911397
-0.800360222026074
-0.665172788548783
-0.67293874138938
-0.73528941301785
-0.67038216026512
-0.84846060562423
-0.747628767175672
-0.761464558049239
-0.685581930686819
-0.79645812635104
-0.647701232527125
-0.641399802780016
-0.637146390795173
-0.563624046223056
-0.873327911735186
-0.552992274321448
-0.655200842107688
-0.7850796530974
-0.751697580975247
-0.71175681043844
-0.65730313333731
-0.624467684251031
-0.574057534827567
-0.592937537567004
-0.639830077962679
-0.782649730084377
-0.724320568973496
-0.648004137667255
-0.713931081817329
-0.609281882485408
-0.707388017326492
-0.663638820679203
-0.786516271609062
-0.641076788618465
-0.672685945634193
-0.550539438058733
-0.599151307313017
-0.739058099439983
-0.731814189576619
-0.615990939512073
-0.739400839745231
-0.724247379432448
-0.567950218483748
-0.632183919973496
-0.544428068949904
-0.681025103430356
-0.714703434152541
-0.634359821685405
-0.727867847602389
-0.624952538531967
-0.80774944079778
-0.661787041625923
-0.733927595325498
-0.600953179668657
-0.641452992636168
-0.68232570985154
-0.678702115854622
-0.616817360672985
-0.640537146604173
-0.581276494849999
-0.6159850097776
-0.738974232844257
-0.642692401556966
-0.736729878676247
-0.512004460097237
-0.617311522801297
-0.649891522384258
-0.604941350191709
-0.671783288524884
-0.588508788216792
-0.638929549933816
-0.69912137835137
-0.69987884357288
-0.526236168235656
-0.554762357199422
-0.519556775682475
-0.671209104844366
-0.632842276652594
-0.392636665887749
-0.595707361179569
-0.475323804588353
-0.316338007145696
-0.515065457712265
-0.498611716680124
-0.635123915625173
-0.529219593700167
-0.631545669724285
-0.522296714345508
-0.346798544142335
-0.508416954585472
-0.71315855287808
-0.721473420260244
-0.625489786218139
-0.588357754956617
-0.411094328057467
-0.794894972033481
-0.688088811979947
-0.618424893095065
-0.431379713955823
-0.519689913142322
-0.387136941587671
-0.568393743167653
-0.651319026802303
-0.654546803113015
-0.600613983296139
-0.601511503848085
-0.553009038105809
-0.45338659165813
-0.698044746046285
-0.47183279830127
-0.542052824659674
-0.495687524997718
-0.533162462966154
-0.583472319507276
-0.472526135736359
-0.582340057388983
-0.593433831764307
-0.364903047740717
-0.512604630783068
-0.418322941480994
-0.447980400969657
-0.646849611535292
-0.40128280018733
-0.47358703168017
-0.426215935682662
-0.381248832866448
-0.638462368206645
-0.469406526834578
-0.493570637838148
-0.486297202295739
-0.442937274900548
-0.397370938879745
-0.619588220889423
-0.535444291186127
-0.260892973671863
-0.520663148326529
-0.61150449983498
-0.565657907334599
-0.423168058254618
-0.540455526122631
-0.563632305574531
-0.486025992001013
-0.48641148625455
-0.353689600732118
-0.399015220960161
-0.40392439324572
-0.420813300711755
-0.655215629743434
-0.45448404365033
-0.495103357276191
-0.445660690960667
-0.465713101299299
-0.423444720680716
-0.458869212889816
-0.501840268491928
-0.409918584688471
-0.46237685384801
-0.485779895052413
-0.354584945569528
-0.42144110922592
-0.349894384583151
-0.640542040272508
-0.471406714358907
-0.376573041712842
-0.606730121871326
-0.444255807739778
-0.388662421939129
-0.453326573921945
-0.450183135017026
-0.461458538617238
-0.331143230468119
-0.551679251170802
-0.473911346353922
-0.457713344383373
-0.310261568878873
-0.409678146691236
-0.232035904575787
-0.385975289571633
-0.538137849172728
-0.196367031702884
-0.352452364207846
-0.300239219564533
-0.346710223331208
-0.333622939703078
-0.393236936052378
-0.219658237750175
-0.420992868759467
-0.349440090246176
-0.332555007995864
-0.170841058587995
-0.471277101368522
-0.413342469962575
-0.295740007145267
-0.345642877534427
-0.305696662634486
-0.434356069087745
-0.428519218513984
-0.42285176600234
-0.203828323004811
-0.289393107855042
-0.37871062200995
-0.466612970389584
-0.182701640358551
-0.232808452300324
-0.27386252226699
-0.300768700649544
-0.301501233513789
-0.354569262449991
-0.2842064576408
-0.269566654573407
-0.348965693439403
-0.215673433764742
-0.301179572836805
-0.260553036170378
-0.332380099944721
-0.219066129306645
-0.341372492912465
-0.350935848031008
-0.299462189736017
-0.363251854334326
-0.279983113131677
-0.421230931267875
-0.220280296797876
-0.311536597704049
-0.297766728939436
-0.167195922150704
-0.415455569863763
-0.285212024919733
-0.263573893010252
-0.322645836359967
-0.247060805724784
-0.275916506277589
-0.246138236715983
-0.375594326212546
-0.289014991243365
-0.117803317839461
-0.176172600865159
-0.290357851540912
-0.334196525547828
-0.232121331906185
-0.212130087161302
-0.289046196780515
-0.211194412145245
-0.286731095307722
-0.141835718807179
-0.141994397183316
-0.279341827072227
-0.301931862718713
-0.170986459754249
-0.343532808362594
-0.166798904781337
-0.24480082261198
-0.237405484806253
-0.307874716924315
-0.165441023063522
-0.181904112955209
-0.190377811098983
-0.244261313652558
-0.268986686953131
-0.252707924175502
-0.27355313629478
-0.17651814013155
-0.280271759761851
-0.145824231307477
-0.224219479832881
-0.273558874552075
-0.262770844381993
-0.234378366555718
-0.046232527546566
-0.328915427430328
-0.24085166353555
-0.0280072028361245
-0.149087663540528
-0.312138235688813
-0.0630220174819581
-0.154298949864885
-0.278164546024456
-0.273464257520901
-0.00633091231942207
-0.322386021302301
-0.220460237236136
-0.106169609708019
-0.183264241271883
-0.0973301255742335
-0.190259513474131
-0.188441309194474
-0.12043303512181
-0.11769839067106
0.1228720940498
-0.0476285348778271
-0.0866843105651967
-0.166383357612753
-0.15123011111377
-0.153248219062827
-0.136261500434564
-0.12295527356275
-0.117824791410703
-0.214989039230339
-0.0201500563771014
-0.0433730751180916
-0.0702071178876459
-0.191886612946473
-0.234613892169345
-0.162750502759605
-0.111249624580747
-0.0758470212495698
-0.138068232145731
-0.130493380960301
0.0462344699048054
-0.0451543878815233
-0.124539750710591
-0.0980816073506017
-0.097066229032153
-0.225139140524422
-0.258292567965854
-0.201776672527804
-0.176126944403391
-0.222640061544867
-0.141474459298498
-0.285890914806671
-0.218509034474286
-0.123287771147757
0.0578582952611496
-0.0651083611215136
-0.0357345792561716
-0.126720950246946
-0.0260174743957535
-0.139318005452428
0.0128702588582679
-0.119911474724452
-0.144448512877637
-0.161984457669562
-0.060584990280432
-0.00885004821396321
-0.0761237144160099
-0.0682513098746503
-0.143851691567331
-0.177836507225922
-0.131124786667663
-0.028157316159453
-0.0173003938894055
0.0135826097941761
-0.0781584279298052
-0.11571136820213
-0.0076035276807253
0.00447820903156448
-0.324977692581841
-0.129360906112673
-0.25559213737601
0.0173681802093829
-0.0619025220234559
-0.0249584186374842
-0.0281742090862028
-0.098768320917117
0.047300159755788
0.0210633298162638
-0.0456809756293775
0.00523914157119567
-0.185240365195924
-0.0499813432420257
-0.0861260992080149
-0.188786052965815
9.81550280812404e-05
0.113023704127886
0.00861976429241711
-0.149902388329602
0.0674896394900252
-0.121557911951756
-0.176036375942754
0.0200453971336432
-0.00771038385196782
0.03448156160968
-0.0436921117495139
-0.00900542317164349
0.0311961463970882
-0.0335601014465687
-0.0573550473546489
0.20820445866618
-0.169825232507856
-0.0461337423954537
-0.0548391075211507
0.0528453185442394
0.0505813864126682
-0.075509899667783
0.00488000484399523
-0.114191048747066
-0.0247194510196163
-0.00770095807159908
0.0674930872763304
-0.0209828541073265
-0.0254895770200749
0.177089061747427
-0.0696949004418639
-0.0438307638792433
0.0280136945949453
-0.07450963004023
-0.00262055006448888
-0.0412071560329359
0.196469305152844
0.0948364364895838
0.0658045802507219
0.206390624741905
0.0255095760439843
0.0322770303876081
0.134310878914621
0.141880200497612
0.1128144977928
0.199611908845172
0.106976015037016
0.0645007558323854
0.175350963754716
0.123976845491219
-0.070237185209767
0.143653015267497
0.0933116940952656
0.048727397936365
-0.00340084374656872
0.0992213781768772
0.0902709572864871
0.120663063123581
0.00273615518252803
0.0877298847378363
-0.0102560910993718
0.178271066255395
0.116334647134136
0.151905549577729
0.194732709412427
0.028914552469826
0.13860860133279
0.162031962803782
0.142537067056567
0.224710191661673
-0.0228832091629332
0.00319842927287377
0.0613796884722783
0.0544943208048038
0.360518788049259
0.239735729895873
0.232640314521132
0.036778278598919
0.174578664625497
0.0174543840638232
0.131053667809668
0.261205798830551
-0.00730120566516648
0.0109152158263808
0.117551310774089
0.190422998303035
0.149915817977489
0.154742290994062
0.198315254334948
0.265895662693913
0.172246958142475
0.22757987543373
0.0887428494595597
0.171932578673528
0.0934544588286394
-0.0169898979291382
0.103732019774087
0.0878872927539912
0.170765929918448
0.266430168637019
0.214120130114335
0.195657718496343
0.28306969938307
0.177341441154701
0.160555969203385
0.18692469140741
0.222931455038365
0.205154774220177
0.14559857504825
0.103926967956776
0.197906933167329
0.223412861912779
0.233251385261907
0.356121926575789
0.243196467222355
0.0460093516633761
0.239043696228997
0.21518573829734
0.358619891521128
0.162463093747639
0.226516124271295
0.264369003817723
0.143640522222269
0.386180202130732
0.292113501596661
0.220793954645595
0.253134203013809
0.14839435243552
0.296126741642453
0.440613566360968
0.355182820954569
0.160522825093093
0.270615661359327
0.243157291101539
0.319040901442859
0.294506320060588
0.397786096728181
0.163102913146574
0.303705904739038
0.328072520884222
0.201986986259406
0.195412421705658
0.262218967031923
0.320257845157173
0.24634534565483
0.412972490536776
0.322090581225938
0.437397900688041
0.258327383107031
0.26922955715841
0.287146555603676
0.274719503636631
0.222238088681687
0.239440990901159
0.211588320434328
0.365970269532638
0.393227891515777
0.359704121870803
0.238464712003913
0.452611972565588
0.520700962005344
0.414836726306714
0.369343833151163
0.370827414675995
0.0785284448109154
0.349085132384844
0.369834535205369
0.196512409160377
0.439239446638437
0.346030855863027
0.337402359678771
0.379477246505829
0.312407346009323
0.441074268534745
0.285526931760049
0.334755310310735
0.298944042623798
0.303460186696194
0.411576481565929
0.299502652178691
0.368558667283156
0.362511234105316
0.250350221001096
0.447610800762687
0.334017409972372
0.289474321789445
0.325837447134587
0.376123174592912
0.391180874529766
0.489640692487723
0.313011463793384
0.387391430211936
0.377531215811953
0.483849398904727
0.43704414235028
0.394236532524904
0.384769881585931
0.416456808024583
0.373421278593018
0.375736329166463
0.492946685769428
0.302296408720658
0.506398338836388
0.382875183483812
0.387564476527589
0.362429902330379
0.367630439914974
0.472105060027255
0.427687749282724
0.506948574181002
0.333979459069466
0.259114671340694
0.367674900911848
0.594004792756094
0.379578344366285
0.579282864410677
0.35283967856676
0.282981965899996
0.33288878572378
0.456175504913281
0.413382808622098
0.395258847382568
0.367703549134622
0.480502899489142
0.452594992230965
0.641837639991112
0.481299687191445
0.492026062253873
0.488293282874818
0.412826251812899
0.514101548551971
0.416025478673361
0.368190722850446
0.555106510880274
0.614539510152299
0.256988754724838
0.511358175586912
0.449220451748875
0.583272014330602
0.335492159148746
0.436211835845261
0.548558941701577
0.441198508711232
0.490889528616969
0.507640694084483
0.376352337437211
0.5548038646099
0.529637537624902
0.532385273208974
0.247678321924591
0.46219682923765
0.408279093203451
0.341674488922132
0.581182920276554
0.40989473826888
0.479137688025868
0.544717789659053
0.432103645525338
0.356103060394446
0.576602597148219
0.448657588485979
0.385555203408724
0.564767494301542
0.477273876202857
0.508537426987343
0.359121700305596
0.454569078009014
0.562020527246022
0.494417151242519
0.548625743903695
0.513043761676974
0.451886778530912
0.450791025766833
0.571422911536322
0.453124767073473
0.539210090536028
0.550170548526158
0.570842340718634
0.495755503931891
0.493543843241836
0.487013409450089
0.407024558574188
0.530918214413148
0.553928974817941
0.654106566811739
0.65695584834018
0.605623857191789
0.352182204955964
0.565395353281206
0.520829193398998
0.598246375942531
0.479520666334455
0.49056841806874
0.605398987942009
0.586085873478823
0.439763394168016
0.588532614626245
0.525672566886332
0.610977757767944
0.530977088626476
0.470591839466986
0.733142473323705
0.616108125675694
0.611375994499297
0.557326464130911
0.642292169687409
0.514564156686003
0.591265072941603
0.43903899436207
0.643864708974187
0.556780991496916
0.547035519856339
0.640818448463947
0.792007910871819
0.628333156294556
0.714373676023644
0.559960545700886
0.543083570863883
0.670631280533755
0.668389598954441
0.76637221984214
0.749011806567369
0.602265175760481
0.631992674674794
0.704261821167757
0.500824229038152
0.643705366276078
0.54404841515316
0.600502875149133
0.526380647047501
0.538330175468097
0.628221110532074
0.503137170744573
0.635266117538306
0.780936936588448
0.571084916951426
0.733384479392823
0.767221594158724
0.693955805155427
0.68176864738027
0.617175558492506
0.602419944967365
0.663843518254291
0.822498737271655
0.662290686240396
0.536971838378565
0.688807593085958
0.596882952188824
0.51929471714823
0.618773033811868
0.60866107729232
0.769291501375839
0.700352750691706
0.606191044865008
0.564316558771487
0.626090382923391
0.72649512690359
0.675813535449501
0.733313043804442
0.681581486523541
0.747082570428681
0.853690712846011
0.830619487964537
0.561147572742388
0.788573507257807
0.731002334659778
0.782805533012234
0.638222734294698
0.707417211771546
0.767354666343763
0.723017883840895
0.760474254373758
0.733572234243858
0.661569925139881
0.709497560853673
0.769050184154794
0.699841949658574
0.681932033480756
0.738254292594091
0.6358650061309
0.725744213255574
0.743488441775228
0.695568773418517
0.697400709148585
0.648363687324806
0.816598122955964
0.694080589390508
0.654386323469807
0.751078819264658
0.631223173436826
0.676301973779448
0.737048369106688
0.733600455187384
0.783937532645759
0.618909402443682
0.661274179345927
0.642320707668027
0.774274342732159
0.723973357051929
0.864782069522196
0.782937434465582
0.740870492186855
0.860897651915205
0.676295405544908
0.748771915262305
0.7768289807797
0.782786155260026
0.782583472637442
0.88657833343098
0.756068583935674
0.831295976318902
0.760378165841143
0.823440706357306
0.991515215224285
0.924192295543317
0.842289382980343
0.83629386235436
0.945276387956548
0.782876675094666
0.794531004955372
0.811167539733508
0.808845859986627
0.937802258886986
0.773391357722716
0.783270432959044
0.841214358116563
1.00997206987593
0.633289019482575
0.828212832444581
0.781758267538447
0.863351000270163
0.825973239758139
0.825480684556205
0.791030393871992
0.937097804830523
0.619226448732123
0.928636089849625
0.866421537468109
0.661805230434936
0.888389286529701
0.924421524883904
0.938696288835774
0.853736966335715
0.940166717409065
0.762560064834073
0.806766175386218
0.892381553214279
0.980246339386296
0.911108600346165
0.853113354963301
0.99879408742873
0.836923247966381
0.788534135727381
0.942690702676282
0.930423421952022
0.820187600899435
0.852490672240359
0.898384287565468
0.977152461262511
0.933048258663424
0.988771608417673
1.00113111619067
0.991979809705841
0.914591155253409
0.818404846635044
0.92413537821652
0.969549885467049
1.05385572418821
0.938239471813422
0.927871654478708
0.970332321366759
0.950649345464761
0.99510089417023
1.06629757092055
0.925814043893991
0.894965463484347
0.819789970166987
1.00961061448316
0.956178988943842
0.933355713619786
0.911234289284964
1.06230955378783
0.972890194418484
0.955983337098817
0.916023630759066
0.953911142295444
0.870599615491573
0.934108984224155
1.03189724917484
1.01491005567437
0.830710792599267
1.0622732239365
1.00192435791025
0.831354983058144
0.93133258699438
0.91977104327572
1.11150350233551
0.982127730156102
1.08394182400919
1.03187126267082
0.905884715697688
0.786837533702341
0.987594201752836
1.11751895401636
1.11494331441821
1.07395418894345
0.94304515993524
1.07808814527617
1.01507362275663
0.980215365813799
