"x"
-1.17533249138592
-1.0961532763644
-1.08743037254156
-0.899853007696284
-0.946983683564116
-0.936661984741136
-1.01240011435546
-0.918123268607661
-1.14727998898328
-1.00995724259544
-1.01749015720658
-0.985667298495395
-0.904332521529184
-0.857178287618208
-0.926744934081706
-0.984791038353778
-0.980451492826491
-0.973087898652446
-0.943216405459245
-0.895946323926663
-0.938410825914276
-0.993368143739371
-0.860006729099823
-0.918926827050881
-0.987497656432663
-0.818709422968249
-0.923963828292042
-0.885710153701203
-0.955239528364733
-0.956579807159048
-0.970603862507894
-1.02658890688505
-0.916429317680796
-0.921089511659879
-1.01963912072813
-0.950044285715475
-0.918816585170734
-0.912357633500597
-0.809118491769932
-0.831723557974436
-0.88544369767019
-0.807321352206518
-0.802469652122848
-0.811543154675134
-1.00941697259007
-0.913694105779303
-0.901819877359997
-0.94132950096498
-0.882709663818991
-0.874429156200786
-0.787042392714276
-0.976624546561158
-0.868476135782785
-0.879468502532342
-0.893952427692267
-1.04967986247434
-0.916849615573542
-0.904663176735924
-0.955242370411996
-0.896166316532311
-0.709713578426407
-0.949322662627417
-0.904062265063497
-0.761759834114391
-0.80360171380375
-0.691256148595673
-0.89193495686317
-0.840857469669013
-0.825146415259356
-0.810676636889387
-0.84172477729479
-0.843395062004598
-1.06733979089929
-0.959848806520787
-0.947705118257227
-0.930535829355337
-0.861551064923715
-0.728798714853348
-0.763787010084427
-0.825637899008515
-0.840019251812853
-0.842523337344197
-0.870704301020306
-0.809092121063537
-0.789970201642003
-0.734485757495651
-0.800665182485688
-0.887899942551145
-0.882923940445926
-0.799193044760479
-0.72483853922651
-0.71590958249794
-0.758698026944716
-0.630995288815558
-0.799400685381123
-0.904767051472161
-0.838076114552281
-0.715388641190356
-0.781934720520555
-0.75036274134211
-0.878433334653466
-0.799689411157056
-0.822646637811096
-0.853810519776189
-0.82979872834204
-0.875793948662558
-0.778078911987991
-0.777415118548058
-0.828494557150195
-0.791602720160566
-0.798638556248015
-0.799837826223067
-0.770038717837203
-0.613062217279437
-0.774258435181838
-0.887391095856004
-0.655429628490521
-0.712058792626716
-0.642354605060531
-0.668927347261478
-0.677157999849075
-0.768794698717257
-0.702173892118955
-0.800191294035945
-0.720928314534315
-0.667050827895975
-0.721314931539241
-0.575763392170201
-0.689794588146706
-0.770294895036833
-0.677593423997889
-0.877143923611944
-0.606020643539831
-0.619874781844065
-0.708720367336946
-0.769449066790937
-0.746080327723287
-0.732217802029133
-0.653684150635772
-0.760545362520929
-0.694244924172797
-0.777870667371019
-0.792102709723478
-0.850872877798434
-0.619462559978441
-0.763076768936342
-0.640596158631085
-0.773391359627237
-0.758137478332846
-0.734481631244055
-0.552157662918136
-0.639304048750604
-0.762183309209947
-0.602228689550384
-0.769037286881376
-0.732593263911642
-0.60021298126336
-0.730110412245296
-0.775024409405187
-0.744304291214022
-0.698057376828361
-0.78542763277576
-0.595878916098965
-0.604367587678325
-0.672829823286441
-0.580798837596122
-0.565137789550682
-0.732804955742403
-0.555952746177612
-0.746209728516348
-0.72520605058975
-0.637119398937477
-0.751523181658323
-0.566576760323661
-0.702902674020153
-0.671891645786066
-0.694960356193304
-0.61764730057151
-0.666917488378827
-0.651355673990279
-0.708496119768667
-0.6244440521679
-0.602655002422676
-0.57759249474862
-0.673033363767922
-0.630583095659064
-0.587199341645262
-0.675877077994468
-0.651066785746505
-0.836966948831759
-0.514624542869495
-0.678597217260443
-0.632886111853094
-0.650447712733682
-0.654605030023677
-0.653713097049505
-0.563489093474787
-0.734301773570514
-0.560116571045326
-0.59197099102526
-0.591285227829601
-0.700989938371683
-0.648291556155477
-0.653568013080364
-0.62096754349638
-0.665949163788369
-0.423308972826395
-0.510726998365153
-0.746275882153716
-0.676399032683611
-0.552349239293677
-0.483025952543578
-0.550414072997598
-0.519172802350533
-0.704626675209126
-0.424929793863613
-0.445734869889014
-0.707939354774628
-0.607083835603341
-0.548283614184389
-0.525200980420954
-0.507766267503102
-0.643542221626143
-0.401887999533204
-0.503510174211909
-0.632655984059457
-0.657429097451399
-0.470472415701958
-0.398003808569489
-0.418142284962218
-0.608654774088891
-0.552500320923371
-0.362936836316112
-0.556118921092737
-0.522210046311873
-0.562545115136836
-0.583523586728599
-0.411915152658183
-0.564732815107278
-0.532355456513352
-0.569136108058879
-0.415301781030489
-0.581324672967537
-0.462621751657295
-0.393981277304369
-0.531527579281189
-0.571385639072395
-0.570897693898801
-0.432094418850386
-0.476010938155679
-0.56249784911909
-0.528619305376705
-0.521472878439327
-0.53851358269366
-0.681416682030634
-0.476707353617508
-0.43038451889379
-0.371687699011159
-0.459014817269243
-0.543551941065052
-0.47943677146439
-0.424331040744004
-0.536657786215765
-0.396100793669698
-0.5009086219606
-0.430016889428812
-0.469634033345494
-0.470431553520141
-0.361792038633256
-0.348127572324241
-0.494314882238348
-0.517450039073052
-0.481190777411064
-0.293330173538429
-0.445716812412325
-0.416221923375102
-0.386440022982562
-0.50016981642293
-0.552130714157795
-0.455597242812249
-0.338745018934035
-0.392269580015828
-0.535517643774872
-0.414200111577573
-0.386499491268313
-0.354956092640465
-0.46658426645478
-0.455929254680397
-0.290373411606042
-0.350456413989165
-0.408494192928714
-0.567317420678441
-0.386138513805756
-0.410138192720743
-0.419291377628446
-0.321169119199361
-0.54133351636226
-0.360707466160906
-0.477249305345401
-0.46828155370989
-0.337528223562201
-0.408577260791875
-0.368805174074435
-0.389948941024132
-0.21540276355044
-0.217226562051551
-0.376709264656725
-0.442158885275996
-0.28249584679109
-0.485620229042482
-0.312955086840452
-0.591354020115952
-0.478563223595907
-0.259522060401189
-0.399129670037666
-0.287582322985236
-0.401605237917722
-0.54248728394489
-0.26300737091426
-0.289497169479783
-0.30316511975174
-0.340618266084649
-0.23622254704199
-0.201948751943788
-0.322145808263972
-0.325999682572772
-0.35120306296894
-0.306431095423248
-0.483026007017037
-0.348528480973577
-0.345531598323896
-0.321308942880076
-0.141153026322121
-0.407922352922037
-0.45492483220081
-0.443039484844021
-0.334526072822433
-0.381833318670243
-0.30061623481341
-0.407984516891149
-0.294777817692802
-0.405098735369434
-0.313838757816327
-0.243867193397975
-0.35380165963339
-0.252380679648703
-0.42289674496675
-0.296245479068569
-0.258828604606962
-0.275962844375366
-0.47205330033954
-0.339974313451445
-0.268023663379968
-0.212819596392279
-0.274590683778071
-0.340492394502303
-0.272110146100428
-0.347975133758597
-0.180429983809108
-0.310940213484927
-0.244910498076859
-0.402468474482373
-0.338201283264951
-0.333722181518544
-0.27174376026204
-0.402141613015013
-0.297387885985634
-0.245384229399311
-0.134185596425848
-0.134693468137592
-0.172204218319462
-0.322477426309033
-0.30189893481244
-0.21290526910924
-0.304929408881967
-0.166945203344395
-0.292568657766055
-0.0531795143889666
-0.26349954598423
-0.469970925234019
-0.339277707468252
-0.223378788782182
-0.182574066880609
-0.386541192399549
-0.378728458216183
-0.277282604465969
-0.181903140267295
-0.162990728347584
-0.248435455008563
-0.161492275339746
-0.263081572302481
-0.163700869536598
-0.126232267532831
-0.375096589143187
-0.17219488113504
-0.29965632376485
-0.189360182063891
-0.15710013470847
-0.169589023806301
-0.208963680733477
-0.118596509494066
-0.203017354717406
-0.336711750664862
-0.214882978981668
-0.0646040247261353
-0.33447360220844
-0.166476101136464
-0.197626371631486
-0.0153697380379258
-0.18988438160968
-0.167380113689494
-0.0709971523297673
-0.229834040493044
-0.200761140198906
-0.149996085047798
-0.350496668529862
-0.083873816562212
-0.310688566175099
-0.155655251814083
-0.0735628238650458
-0.259538651905375
-0.136906525656492
-0.212984885244998
-0.23416789860442
-0.274467889382636
-0.102132233323845
-0.121842777269229
-0.0234084770428775
-0.168772995912147
-0.0514350075718842
-0.23164253351781
-0.267088089944361
-0.235166760236321
-0.181987888217609
-0.226528612191714
-0.0593035223337467
-0.165123070462972
-0.00701298994752213
-0.0713941926666431
0.0440202291613297
-0.0113194730666931
-0.0948439042542213
0.0106735320711453
-0.167486702125997
-0.172932870511072
-0.109816631329051
-0.0758558930590824
-0.0245107453678303
-0.19540127405817
-0.081223829759751
-0.11533899877988
-0.0157394952545449
-0.184875762881302
-0.186363019352948
-0.149991043156576
-0.0696038933074328
-0.0741709786047971
-0.0164227594592141
-0.210525385163849
-0.189854020527949
-0.1298423006709
-0.0257771262387632
-0.182630134882407
-0.218637457383031
-0.182795181221157
0.0229174855753198
-0.0801499828337853
-0.0476401135347034
-0.172163613200012
-0.163348625527971
-0.135976633137868
-0.131367476263556
-0.229791404409639
-0.124148239739461
-0.0734620669880807
-0.115297801887558
0.110713414904175
0.0439478675964688
-0.156075293865022
-0.0933697317932028
-0.147809618973567
-0.0146595024320331
-0.0990558583278671
-0.19467923059433
0.0941457597164813
0.127450471904442
0.0681659935744279
0.0507052599023852
-0.155821796413779
-0.058427929945269
-0.0268922416301131
-0.0199082518221833
-0.0143249796098433
0.051932301893588
0.0446070687056007
-0.140512267052136
-0.176830395887726
0.121165177815836
-0.0872631931345508
-0.00195703041217344
0.0473160870982089
-0.109587688169567
0.0360812721231494
0.0563835483806674
0.0411905308193323
0.0415565865361336
-0.0741151100109985
-0.176347004659096
0.0998254123128821
-0.113055457554984
-0.0322617861022589
-0.0161286237727604
0.0534079316020032
-0.100499769648621
0.0315843058930211
0.175194999726976
-0.0496451039554881
0.0481799611657268
0.139507773275395
0.0661226888794579
-0.0128367448688065
0.109975024703741
0.00676612194151901
0.0491717409282792
0.000396099056200401
0.205467395935022
0.139267657389002
0.123444038486371
0.0580971923669179
0.0787262548210347
0.0994548483803629
0.0444320793904707
0.0259578677542475
0.133506066916018
0.0498216576925057
0.13298725965888
0.0235300295698387
0.0143114679760754
0.11438392510815
-0.015664090722469
-0.0333551386816534
0.16888298463443
0.0918166373058104
0.0241071278966554
-0.0717988526413807
-0.0449908376418759
0.189441590040793
-0.0169938788892773
0.150834505026752
-0.0116806946340138
0.0396865121558589
0.0892489634171588
0.0217401621401504
0.164585911389569
0.0890403693083359
0.228969121086077
0.0444763517454645
0.199748614218655
0.0356496907874701
0.174578021416514
0.0464453169243185
-0.0852568119417572
0.106914095017359
0.0819181638530658
0.220229894683677
0.237111960193029
0.245012156388467
0.010972481552525
0.121237001848725
0.248330196477787
0.136490700997504
0.114519007227993
0.125063797467452
0.121185348382408
0.149297610694138
0.15000999203689
0.0332292833760717
0.133220363856358
0.18432762636959
0.0820167779753449
0.346430739478202
0.030515189261203
0.195081011136117
0.189407925565471
0.162587747778342
0.10620906671647
0.2386044879671
0.123162663008529
0.155776883515023
0.335890656526597
0.312235942956785
0.2658651684993
0.13724876961217
0.0847481391353181
0.14926000536759
0.190704172367248
0.141863472702054
0.2234195620577
0.148880026536361
0.288499954929772
0.110927190592995
0.087335414865026
0.183432528153908
0.188372709154172
0.379469812992497
0.314053855768312
0.203358627129888
0.351304313026861
0.239674346176291
0.232895044169508
0.253728138005172
0.238808415580395
0.225347782555178
0.146610030301699
0.268586240346612
0.294405517385867
0.270201655462238
0.253907942264109
0.353777985486519
0.245719528424593
0.347349465220259
0.205471729888294
0.144218873905314
0.239213849635407
0.278322411993551
0.284816320570673
0.168870458313478
0.338741326702021
0.22695602410345
0.314162019313167
0.280485408566942
0.107721019897274
0.076430035358988
0.1916839219308
0.38872960641454
0.271860632200125
0.257668366520174
0.317683743716247
0.354896053083704
0.206516119695457
0.0812001069129447
0.37685384759778
0.304526782228307
0.234190891192019
0.36363536980664
0.0678765674346227
0.328038049932695
0.20838246021814
0.237599077485434
0.286533562032094
0.276735036622021
0.250731451468102
0.396978705108611
0.331210919270317
0.398079715127084
0.39269108358286
0.433781192014308
0.224494559871223
0.390124891939924
0.27522817469732
0.343954847396683
0.209013623683183
0.369429830028095
0.229011700295702
0.520064266353342
0.453305885962439
0.284805063632701
0.345629556701733
0.397660782427045
0.355583046207785
0.235603003855556
0.271626569684339
0.299376456178374
0.337580754933853
0.41569926626554
0.390498741953784
0.276077576477257
0.469874911451043
0.462971675838135
0.425883267047021
0.46835933126841
0.505102371048471
0.331942943962299
0.405215272456396
0.551060774833418
0.169103699307284
0.370898006525149
0.424567705504112
0.272783214558976
0.287107328976968
0.238318205864001
0.539485921381437
0.389316278810581
0.311315344214195
0.470273530192817
0.400816931001527
0.388348357687957
0.367933012323778
0.455672191937922
0.338303191415135
0.50373176754783
0.417929211753041
0.436944071280278
0.370656243892752
0.413797370644613
0.363015239740203
0.385350712885063
0.464868108725726
0.390880795520013
0.426629993091254
0.420080759305228
0.298201155551535
0.400296011829302
0.390375497653012
0.497373627151659
0.390210652463023
0.468764609266411
0.373386041854094
0.447302805076352
0.436612871251084
0.284850501313904
0.390949943408904
0.553875011730634
0.461396862657559
0.549573481906604
0.61167812907447
0.450349719929206
0.460673852519483
0.31556213128987
0.545264032022844
0.469642751923965
0.333263169639746
0.569783314459811
0.514209825145639
0.474466692487779
0.577483834249831
0.432014646430935
0.522401725880064
0.523801083517485
0.563993976994465
0.45513586102193
0.580303871423522
0.430445695415705
0.544881951350149
0.400564044119135
0.383925976405327
0.458393871125873
0.720720454078211
0.517384477425505
0.489072445395
0.432166487419436
0.490982590440355
0.568727583589462
0.545156774009081
0.398874757325753
0.562792377046714
0.666546676446374
0.453639088479684
0.462420139076185
0.465993444226279
0.379907452388979
0.530984442028629
0.539980391994299
0.467486422476955
0.535706023691734
0.517472995897677
0.442552558770318
0.457444851395022
0.516775146052765
0.548898719029123
0.602711076142137
0.642738267040179
0.613780779095029
0.360921512365887
0.491072182802269
0.572752730141296
0.599456706254599
0.576855425189512
0.428223326356816
0.557556256589316
0.637548938010198
0.631149381627037
0.585123365649871
0.645192382543329
0.53886936257997
0.538371138940511
0.611327989766116
0.558264689350112
0.652116778159727
0.556677921085034
0.589879316157194
0.377696464729202
0.459156796433823
0.604168952473908
0.554318074072212
0.609400180600206
0.538096032766136
0.566920033049055
0.531042497888148
0.56357983083565
0.604214564287231
0.581771634748551
0.452380740946335
0.844385544622672
0.649245851420558
0.571377342184287
0.589019374006558
0.699067077113815
0.501606130459886
0.707607062504162
0.603379058616986
0.583690509814691
0.588603476385875
0.626984634268478
0.614698297249421
0.626158291822539
0.734954911168407
0.566714375932929
0.737572518031935
0.557303149532441
0.595808166156814
0.671863139000507
0.59561483552937
0.607995209708694
0.784446098312586
0.746009376468655
0.60182989672048
0.690675445846979
0.668052740153051
0.724207419989558
0.713794736603784
0.644454655217205
0.753857872602424
0.772003887420275
0.722275030065965
0.56745185394646
0.593407026222286
0.718852835518429
0.741098260821399
0.738375809967202
0.662359718793156
0.536201760821094
0.626905054344696
0.770022840070815
0.599429326758367
0.725239980957021
0.708206063204049
0.819953602112811
0.651446036715615
0.627126261378494
0.582220726108913
0.772149901993877
0.756311804722482
0.607692848053502
0.656112179224521
0.686259959287799
0.697479671677392
0.697693617716238
0.684214899092995
0.73353234706101
0.593739955249234
0.879223008864313
0.630002514607602
0.538383921280303
0.780031263730234
0.741010312904545
0.772801851178152
0.703358154495874
0.855782700677545
0.698562141736749
0.730143530850831
0.700721112830509
0.726166403129573
0.721723180055839
0.826327890279555
0.870564637340451
0.884913557999812
0.747286686841696
0.680912600858617
0.573404349490076
0.731758557869805
0.726083887514497
0.835269699774161
0.74678890468658
0.697270088441882
0.879973026015575
0.705250386580368
0.851095420877448
0.757297445060112
0.660870422236132
0.849000040244077
0.713919285116435
0.962197840604861
0.759242960170347
0.678483055174775
0.820295143763633
0.860492230494639
0.693745331902675
0.750603318392911
0.750273606802664
0.85391788381452
0.761522154389442
0.824726860277684
0.669805667406202
0.643962172826139
0.853269298029687
0.844276389710927
0.807130689658879
0.857413741554535
0.834595739053093
0.927630612145147
0.816607150794909
0.787971969787161
0.922608912891195
0.965500265954706
0.783303256361699
0.914705382878116
0.661007652164367
0.754375016661869
0.835027787087577
1.04334147722708
0.772120675516892
0.886446501674069
0.815096915548638
0.692985910971998
0.849164493575531
0.923892661554647
0.785092729119542
0.765956619284209
0.876402962828716
0.873345180696281
1.01554659000674
0.873802028976395
0.900603476310609
0.906763315525709
0.997777137540399
0.802959605967738
0.845892775880827
0.934650633385469
0.759716735388619
0.984753554269694
0.941135659411424
0.688940019731814
0.867493882118258
1.03951922954795
0.90580695125726
0.722069133166783
0.943481074061973
0.812040907836098
0.938114525863202
0.889797793319826
0.762384101979392
0.851424366346201
1.06316053379135
0.823294473950192
0.827383712178741
0.989670203085664
0.940491576610198
0.895575520934753
0.950456206662744
0.890327673641479
0.893351430695626
0.923680443886026
1.03803261207032
1.0358019634542
0.84448212744382
0.945852120095468
1.0842579445932
1.06706700488482
1.01728437345618
0.979023181781699
0.950806905725422
0.824329727825848
1.01833528321469
0.993527279210165
0.869597228970221
0.80295309783138
1.04744231597921
1.00161493625191
0.770471678682394
0.761233419194719
0.833579666824264
0.952726861016856
0.841557985451674
0.987850325812482
0.809436070069913
0.971952323843318
1.00058268204318
1.07012702983199
0.999392393997863
0.991363751385471
0.998797071106365
0.980490493477826
1.02722797658564
1.05066197688258
0.976356361326142
1.04081200075602
1.2603565100247
1.1235173011016
1.00939385429191
