"x"
-1.18201595542711
-1.07387854074531
-1.10077468076642
-0.896961640267415
-0.930551758190247
-0.955368790673976
-1.01503959536642
-0.910311024779189
-1.15112288057991
-1.02041416354269
-0.999628288439576
-0.9977956713422
-0.911498475800324
-0.848879197040208
-0.932222632254038
-0.971093546346213
-1.00448751034836
-0.961743031382606
-0.968267736864262
-0.900138357090078
-0.925443861433848
-0.980440263794539
-0.851182276919957
-0.912809487106557
-0.974539327733048
-0.820762196935772
-0.92760241846857
-0.86601670008668
-0.94345610125509
-0.951033470942542
-0.965652981201638
-1.01084785016505
-0.918714979093414
-0.928110299954315
-1.02721458909516
-0.922652215927525
-0.899982419085578
-0.912509311939987
-0.802133932619478
-0.818003566676683
-0.895603194474934
-0.774995860978784
-0.797146841328268
-0.818281924831371
-1.00703878540996
-0.896276985041735
-0.904677518137622
-0.942429474384332
-0.890531342869926
-0.862446958747475
-0.791354797944363
-0.98906102105436
-0.860938009529418
-0.881292401228058
-0.913863614306405
-1.03011067478131
-0.910886797478594
-0.920052906079139
-0.973032289355517
-0.924474952554814
-0.700329399518103
-0.935524972970403
-0.921210701292409
-0.764246139152061
-0.79745593591435
-0.704938510219783
-0.896156519488241
-0.823741934181844
-0.816342594831847
-0.826123053475619
-0.875092812489233
-0.831917334661955
-1.0810789980839
-0.952968002516744
-0.946829510711289
-0.930422913768064
-0.859484838279672
-0.718245727684714
-0.757439440152373
-0.829457723230318
-0.834636828311363
-0.837356784275534
-0.884896255722688
-0.81462100373419
-0.779146856026224
-0.73170248825628
-0.808349928425251
-0.88827671679015
-0.85772705985803
-0.80063053174566
-0.721590903047565
-0.721148159720859
-0.76037514745205
-0.632349690890896
-0.79118938035997
-0.909195313634582
-0.850693000406225
-0.703982213396704
-0.780029587916463
-0.726996747591408
-0.874714914149934
-0.805385999062968
-0.830700346325379
-0.868589400745219
-0.832260148887962
-0.872484237007813
-0.779805435988895
-0.798705982540616
-0.810605524740468
-0.779674171949784
-0.779925552682332
-0.797296206770618
-0.770583014749025
-0.618680409327375
-0.785600389741167
-0.887261414650426
-0.66166367561941
-0.691570046876304
-0.652181565746903
-0.661644440024764
-0.657620037127955
-0.784854978450222
-0.704087219640881
-0.800848234975964
-0.715044824193732
-0.681298553389511
-0.737991398105097
-0.58741330566181
-0.661285414901248
-0.806717067136796
-0.679053427643521
-0.874501326182349
-0.612574066967299
-0.616719652902559
-0.723396520640035
-0.782633609248325
-0.750012652156923
-0.737297194312144
-0.675078393827338
-0.74567529895654
-0.683919855902956
-0.762671485521004
-0.785183529333009
-0.84603747202785
-0.615119958460276
-0.779747908424685
-0.638049595396591
-0.763264042046397
-0.742828048942784
-0.714937477980252
-0.551995133151811
-0.659418712999199
-0.785664087075482
-0.592127973273459
-0.755492393319489
-0.719435609528675
-0.598189393116208
-0.714558067939413
-0.761951480793352
-0.756558324555121
-0.697160092188879
-0.788774364132561
-0.605014245176939
-0.604578616000427
-0.665964602276732
-0.57267269878363
-0.559861218492345
-0.722803588400889
-0.555835163492712
-0.775782990133939
-0.708957195815227
-0.663448381697647
-0.750452423236372
-0.556666819721708
-0.695919968212014
-0.650725180917915
-0.71965212859991
-0.601138703720438
-0.670609882151124
-0.648851280992976
-0.706037576362902
-0.629305621540951
-0.593107088676369
-0.595709783552334
-0.652985525184761
-0.606950704867505
-0.617280250460072
-0.662530641274722
-0.646375584125893
-0.859433322721068
-0.490521261658659
-0.681298388495825
-0.626565409479743
-0.644315065501893
-0.621887832834252
-0.675439561274506
-0.553585625609946
-0.729867868765628
-0.546825643900039
-0.587587999619275
-0.590782493656665
-0.690171837232958
-0.631636065583098
-0.656985007003783
-0.61713600023075
-0.647923299327926
-0.428437590458336
-0.496175561032427
-0.755989655356447
-0.662606643689201
-0.566532285384353
-0.464023694256279
-0.531714847505965
-0.51676037469218
-0.705995279853165
-0.441232776729171
-0.421828350162199
-0.717409543030447
-0.622098836471233
-0.564169044236156
-0.523104123377368
-0.508685708784874
-0.650716979438167
-0.414247405528398
-0.480913342809792
-0.640820100746491
-0.673054352219503
-0.451482313264117
-0.397761079430985
-0.420519609035721
-0.630963610116682
-0.557878912120384
-0.362665275826766
-0.578431044190922
-0.51843191314593
-0.559126946923009
-0.599843419482915
-0.41225729403774
-0.562780673872265
-0.520228504957976
-0.564500479426012
-0.416758312789008
-0.577951278350634
-0.487687095442044
-0.386279899849142
-0.520369998661716
-0.593973619016869
-0.583965499189686
-0.431405173648977
-0.478446803649657
-0.574571458774097
-0.529803735320434
-0.545112201158936
-0.547215185579674
-0.683032447454131
-0.471461926741501
-0.417413055697715
-0.36565994539535
-0.479297324696586
-0.526805866934358
-0.478647241850834
-0.418288800562677
-0.547692506531039
-0.393837545483706
-0.494218162793573
-0.42195453340823
-0.450456118619661
-0.470061760809439
-0.341589914712102
-0.334489901318943
-0.487665760051082
-0.551529628264613
-0.47732721028474
-0.308937826215144
-0.438800365207257
-0.410501937429312
-0.373518371322794
-0.509223035757959
-0.536469176585167
-0.451953950849624
-0.326177412753293
-0.364675523127167
-0.538098893696437
-0.408316495346508
-0.380595208848915
-0.372812576677786
-0.449752539194407
-0.464971567355857
-0.3170116245207
-0.370849042186457
-0.41044153836329
-0.574507482845168
-0.378884812147204
-0.416356053721308
-0.428686735636765
-0.317372764645169
-0.552497861830899
-0.378109065197612
-0.482738403962338
-0.466736832073742
-0.334164609979613
-0.398450716671096
-0.351069127592947
-0.391843934461213
-0.22923723579832
-0.231213580552428
-0.374527178173037
-0.423770098510674
-0.289324470689314
-0.494250683409015
-0.307080172485657
-0.567995999497229
-0.484400881714462
-0.263731146626293
-0.40180172211146
-0.271294761907856
-0.407165226608587
-0.534725936138613
-0.26024792919438
-0.28578031246037
-0.283706925673565
-0.360433986895983
-0.237597708971121
-0.200070541908532
-0.320673789041669
-0.319258779441364
-0.35067912916372
-0.291053565830731
-0.474704644250303
-0.346354876903636
-0.356366510986319
-0.322423747999202
-0.148269351854298
-0.40265878113673
-0.44596429076841
-0.421687151986696
-0.330745652510374
-0.390842308955574
-0.29370607087648
-0.391285541858794
-0.290222914288891
-0.405707101072883
-0.310889818895031
-0.247686716172602
-0.343349528193171
-0.263662474035097
-0.419781255520445
-0.31225295463578
-0.268574149219057
-0.295610584600555
-0.484085954726803
-0.351868968257961
-0.262790450135576
-0.212493996505713
-0.314986886318939
-0.343129341040247
-0.288412263569117
-0.362113207412015
-0.19132845686933
-0.333927190158558
-0.239080873733139
-0.408483676896033
-0.36010249636319
-0.321459557810903
-0.269758331322978
-0.382650875132952
-0.263748654428655
-0.260494236296034
-0.13287820626108
-0.142510301376827
-0.164364263330182
-0.308024663494497
-0.307859419800601
-0.232033421341846
-0.306912276740102
-0.162717588389516
-0.270956845272839
-0.0637354376044028
-0.283684517627506
-0.457278866369435
-0.334139230248532
-0.213208183103353
-0.176803476681044
-0.384942964881764
-0.386573286262426
-0.252173078542401
-0.181397201265779
-0.138375336531914
-0.234315853443646
-0.186987944199128
-0.282642232247832
-0.152422115467017
-0.143482179124647
-0.365299347338933
-0.189500599570424
-0.311755229942582
-0.203993790281743
-0.166495498321798
-0.175989271177141
-0.197514733156228
-0.118037170343575
-0.213011279132022
-0.317983682111727
-0.229667214984536
-0.0958205509471129
-0.332985025017688
-0.153767278680036
-0.204529406825963
-0.00635988469973435
-0.169892893491135
-0.152772992886376
-0.0881361403558291
-0.235435880166358
-0.208721017809282
-0.18500252767877
-0.3444709238506
-0.100297882731727
-0.324796617063646
-0.149081075703093
-0.10115841217376
-0.238661302013832
-0.142313643395201
-0.196814774727856
-0.250629495679555
-0.274962964779082
-0.098784118553371
-0.111717429523136
-0.0146488442080729
-0.179864655109938
-0.0506129344180747
-0.20914713641153
-0.267726866098448
-0.225781123636969
-0.163697399909491
-0.248429770049212
-0.059158066881463
-0.191735045490243
-0.0235776707102698
-0.0650104924728232
0.0401975796432587
-0.0390176315435947
-0.106948994903903
0.00811422005964125
-0.173604996964381
-0.175551139687726
-0.124099627224374
-0.112699247358415
-0.023881258126795
-0.190424137592532
-0.0947779057060599
-0.119745781688004
-0.0153548766147634
-0.192361724046561
-0.17558105511883
-0.161678759583483
-0.0763245068783167
-0.0889462214556873
-0.0091885746958587
-0.203228187742952
-0.184322961581931
-0.135049585656875
-0.00812150748443208
-0.163802856638542
-0.192176942304244
-0.153450457471602
0.0512915977136527
-0.0844358005031872
-0.0459014733468403
-0.155364699390152
-0.143813664706355
-0.169159279811548
-0.154350470313124
-0.221349120530803
-0.124289047232379
-0.0909217851417535
-0.109014710888756
0.102727293401227
0.0142878250140943
-0.158073568219596
-0.107258210742311
-0.125144972066037
-0.00323062825706325
-0.114968781151451
-0.197604432792151
0.0824748107997883
0.11224615973256
0.0611162392641223
0.0449851615941794
-0.159826204331061
-0.0510160332094456
-0.0111723961296671
-0.024313681006261
-0.00825250075124965
0.0464855146826839
0.0325222270963507
-0.140073360742725
-0.187031717674455
0.113144244282554
-0.0875911733323426
-0.0293732801858972
0.0386107469871828
-0.113167195176959
0.055763625988889
0.0597743828114526
0.0198711541722474
0.0498313407861371
-0.0991467884919873
-0.216771734080119
0.101688453305501
-0.0986623922310703
-0.0244255336985214
-0.036763259689554
0.0626763790878371
-0.101375958607192
0.0155131651121669
0.204972257880111
-0.0495507589981759
0.065972849557484
0.133235664788305
0.0690202343894409
-0.0335315154426104
0.10763459369433
-0.00345368001670668
0.0380207268675717
-0.0166533168501211
0.195140481409895
0.120130235193699
0.138335811299408
0.0475964934424539
0.0731226824626274
0.105582613881547
0.0568960980803605
0.0278252209035079
0.124571768262355
0.0599194580228895
0.132689276894633
0.0347387490039057
0.023936421737198
0.108639977537551
0.00330999970684641
-0.012992171178756
0.150871643659157
0.0971289527480619
0.0221573260016093
-0.04670188472765
-0.00107569638462196
0.19039617599153
0.00629694457046436
0.127665630772782
0.0116415195138459
0.0279501399999919
0.0724456023068683
0.0149681894586956
0.171246168368033
0.0703689668693507
0.236563901297454
0.043695903998053
0.168540899504164
0.0396703751961231
0.170120054119371
0.0334579136380554
-0.0859247294876891
0.120979789788021
0.0871119081087106
0.202937543788575
0.250592715038819
0.23074016322813
0.0133802738482575
0.119802604174186
0.230470635076414
0.13812097298697
0.116724174854727
0.124250777721547
0.0977347863563535
0.135635601231198
0.146498439859555
0.0429757617802685
0.116137895916484
0.199361823888924
0.0639989067156619
0.339527834593675
0.0367245421792421
0.215820141704179
0.19716559906763
0.164408828330639
0.110732463736487
0.221700314511122
0.106062579888611
0.166477503051562
0.305272601750962
0.29055707406164
0.270433390731761
0.139531812340528
0.0713296945256045
0.128975498222028
0.196885754213913
0.11464807960267
0.226130106202579
0.139803870091614
0.290123877776985
0.131691514725929
0.0733674587087824
0.198400076981373
0.173706125579674
0.369159194169643
0.323341231819783
0.198308045291403
0.344340145000067
0.219993294068164
0.235033036578957
0.259294090137808
0.223414728342759
0.217654569017196
0.144982281175195
0.244419472297601
0.321965883039084
0.26818623409924
0.225744753406133
0.350199058978266
0.258478320200313
0.346382953062906
0.208271328399535
0.142888975639341
0.229098315434778
0.27854152326705
0.287334983180863
0.165661589070813
0.37177279850205
0.22475427321821
0.299651710366124
0.269961481966121
0.133558900386189
0.0719137462956425
0.181235841935386
0.405680191178221
0.266299139724394
0.261468121292668
0.307677911466682
0.350408768538979
0.207441888733485
0.0820761895254238
0.376230270891133
0.320948165417323
0.216666337378314
0.363604548317829
0.0750017372615172
0.317460378462109
0.202599657574041
0.231996504747023
0.268977131034906
0.275421740397248
0.263240218378015
0.345404254454064
0.324155418872075
0.432507298782885
0.371035721361722
0.430633902768774
0.200206380349962
0.370342199053309
0.275598034682584
0.3287235278226
0.195802415320718
0.370314819020109
0.227278302624944
0.524022465255284
0.461279303482789
0.27838614113572
0.321580124192858
0.390754393324637
0.359806455764031
0.246208437131869
0.260822023138374
0.324984262658648
0.344625149472841
0.394177698353913
0.387219502645092
0.260897274702034
0.471158608282601
0.450882653544554
0.418082114815344
0.483146976473633
0.489284091093977
0.34764094124555
0.405335805766379
0.548049530243227
0.183122988610626
0.372952904444386
0.435865369969682
0.256014784517359
0.294774962806719
0.252113381978136
0.542555499794816
0.412045253147945
0.31235300471305
0.503670388653561
0.389915353409371
0.401896172075847
0.374974819449988
0.438324237264616
0.357706004934259
0.477771981792129
0.420156870321252
0.447047742581981
0.390148164027221
0.447216852496759
0.359483962671153
0.389193985888488
0.437613834551511
0.384277449270561
0.431672778056086
0.424903408900591
0.302858509399922
0.38935556108866
0.411319011683354
0.480480991161092
0.38737008024285
0.45961151587613
0.380325389833312
0.438680244183278
0.442958892804194
0.295213031606725
0.406126282672744
0.540856851232696
0.48088964141301
0.569748957875855
0.600665815424254
0.425192191355557
0.464101820229557
0.332632821733708
0.545751012956566
0.474291701740288
0.373412968456668
0.563178721533081
0.490058217502328
0.458120007990565
0.578928630845749
0.437167391371434
0.541639629273525
0.532322894360017
0.576431470017167
0.418382340914693
0.555557460367185
0.399059560329513
0.550692318565469
0.427562186908142
0.383123869110583
0.463563750522782
0.743364735712553
0.512172360554669
0.502208250126331
0.441322313704827
0.519638867776802
0.590716509941033
0.55350731239966
0.389272302945232
0.564552424015333
0.659293800404231
0.46032785537628
0.447339765953065
0.427832529307167
0.381927522584641
0.522552601654268
0.566906238229101
0.492700174816608
0.53217820318506
0.493092566692371
0.439343525864389
0.441733055773262
0.536119455669969
0.539492724572442
0.608637900241363
0.649272798586167
0.60841825921116
0.394996031210331
0.533785667743916
0.578617894190126
0.590774915538962
0.598524017933124
0.419793755389754
0.542082819906275
0.633771359521894
0.61495476856863
0.542936775627459
0.658344894111869
0.575553626376815
0.53586311645066
0.607253756524329
0.579353601800715
0.650889694138235
0.571473100337425
0.597563650835062
0.391501091954624
0.472208426259046
0.608416905670188
0.551510387049969
0.603056135701234
0.517934381465846
0.582863485233715
0.520997700890436
0.567649807066493
0.613205883169497
0.568440068718341
0.443334146977048
0.831906485742314
0.67073365087634
0.579508628780358
0.609296163167182
0.696649140506838
0.515609289659323
0.695588159280151
0.601921217369143
0.609119223641058
0.599227453054164
0.627014823379958
0.615377154853769
0.645746963646651
0.744222923453684
0.583652568702788
0.747719660817549
0.561231156605808
0.58586348799945
0.704271314501539
0.608121714904134
0.58351584934556
0.780234753847686
0.740750654646172
0.580618158907612
0.668559866619503
0.683782594708377
0.735350244199937
0.723949392526092
0.659285932781257
0.780682192190861
0.775023962357567
0.73283187784282
0.564739487061054
0.596556825515004
0.707317815811633
0.755342721146996
0.744480080658911
0.655079748699141
0.52302669646975
0.618840627274088
0.772307293924968
0.607015683395981
0.716766318771357
0.690371197065129
0.813887992998696
0.662343729619275
0.621951257137328
0.573382935410409
0.772263963350805
0.763703693332278
0.62167857165589
0.66219213099348
0.684395156481166
0.696231459850628
0.713555147675697
0.658131397066085
0.729232162716857
0.60061623177914
0.871500322454759
0.649144563923806
0.550645411174349
0.771844101857624
0.730753256588453
0.762516781191583
0.681821335627245
0.845324326588422
0.679314852285481
0.739360351080413
0.714525017105345
0.742126272856087
0.711621096322836
0.842801776990697
0.894192545641429
0.906158216974175
0.752623930441002
0.694528934219005
0.582930258183569
0.721429925298705
0.7238980489684
0.825352437218703
0.737852218544719
0.682896641216573
0.876094823802868
0.693297112256715
0.865241333421961
0.7729117496836
0.674648788002811
0.823964732754188
0.698377466348331
0.941961495074668
0.763142272277822
0.66879714277082
0.825844426693856
0.823247111791926
0.700519464999506
0.768149249048105
0.752335546895782
0.841272828354604
0.774646831336013
0.82905978879437
0.658635242547545
0.656672168438422
0.862188413026062
0.820210807468521
0.809678043939817
0.857750095485755
0.850206140838358
0.93149043570668
0.814943036796054
0.796716271512041
0.905254823778158
0.9374984708923
0.759761708657798
0.904362905006881
0.683147801937612
0.746304492299684
0.84121610925127
1.03249562017575
0.752240663671217
0.878173745084978
0.822457154671949
0.696403591073405
0.843216712380005
0.906524394386303
0.792771146549219
0.774889191754379
0.892837645939297
0.86347127714755
1.00987507801283
0.877031719504491
0.894941087957449
0.887910787162431
1.00884642363243
0.8198889741586
0.841422184702602
0.944722671920002
0.757473982433837
0.97765685426937
0.921859854274722
0.698194198116668
0.888057906659134
1.02459484434745
0.916636879678349
0.735298175308447
0.93961908022788
0.800651287354673
0.909192216215684
0.886953210454253
0.770615376533727
0.857478820285972
1.06918476058636
0.833150580375666
0.821790843806212
0.977184016769893
0.949102519125904
0.885111697803572
0.960792807805363
0.887628096859944
0.886781079885013
0.91649199405035
1.03660294917982
1.03688272037458
0.846687323858928
0.906679798745768
1.07243959637294
1.05942930616509
1.01003920217532
0.989696591959769
0.931692294195252
0.833024409110604
1.04116879138427
0.983792910648715
0.889376439711885
0.799957663906491
1.02453612500836
0.998180957435528
0.801058513556773
0.775790400389128
0.830976473708393
0.971663801789492
0.862068912649216
0.972114529723311
0.825878110587607
0.964242530165368
1.00819248073273
1.07950543236545
0.99481120734157
0.998745300743371
1.00490536211997
0.976446626276699
1.0423305635906
1.02387676512244
0.973225887994732
1.0550277169094
1.25771492323584
1.14507865574689
1.02802116421043
