"x"
-1.18365576569837
-1.07389802732895
-1.11064447111727
-0.885519985619454
-0.947631516520791
-0.949779006541936
-0.998722841708703
-0.930959269288419
-1.16162788005783
-1.01683548704865
-0.997366223448433
-1.00062465204633
-0.899386678858536
-0.865203763086747
-0.931823673433459
-0.991385714121648
-1.00878546481786
-0.984317582816701
-0.961424053082787
-0.894884567352679
-0.930013114960506
-0.986850188003098
-0.868098617768735
-0.907444600111382
-0.972576497092682
-0.835628715559441
-0.943043568457143
-0.867679927750451
-0.951253895420648
-0.967109495482494
-0.975954917774429
-1.01771315693715
-0.912911647600948
-0.914426729686466
-1.03320272992739
-0.93007236343869
-0.906499986935187
-0.922699488021846
-0.819985589501973
-0.834285552131265
-0.909387695488592
-0.784672579555179
-0.805333532078409
-0.822409903193788
-1.0015756950564
-0.897961842460136
-0.885498496290468
-0.959041605084423
-0.897480545229786
-0.854965777265438
-0.795439013898308
-0.970459050694995
-0.852134652711215
-0.884668372924088
-0.924604752444224
-1.04686513038124
-0.917908817838685
-0.917127837245135
-0.957281734330875
-0.914560631196425
-0.710829586798912
-0.923923045781117
-0.897450719577798
-0.75776669514679
-0.807471406108647
-0.706713837110899
-0.894527351478172
-0.840959902537859
-0.826237508143853
-0.828617672451874
-0.856685356182137
-0.835618761097134
-1.08597289849094
-0.959853370582819
-0.943895436857736
-0.905275395803432
-0.86537991897989
-0.713324328021122
-0.772064709411102
-0.825922694248618
-0.842362409428713
-0.832451484827613
-0.869930058068255
-0.820749787524677
-0.81074006045054
-0.742993371302882
-0.810346718853885
-0.89008106815397
-0.871204330369666
-0.801852203540698
-0.719911708378553
-0.719021436787762
-0.769363365743985
-0.635524037216772
-0.811184319146538
-0.905762892005675
-0.853651666611477
-0.725119831284683
-0.783159837731424
-0.728765983349571
-0.86915922527722
-0.795576414833427
-0.801823810229322
-0.875407613098208
-0.822798916025738
-0.867244190108096
-0.771572901013977
-0.798466967442541
-0.796388744680884
-0.786182655245362
-0.78455981156898
-0.815765180563229
-0.780955558463866
-0.619506340613929
-0.803730154957292
-0.873097424689474
-0.668038389025307
-0.732849677266749
-0.647607917945777
-0.675080459290944
-0.673091289309569
-0.76504351914216
-0.708791052967945
-0.798340960722471
-0.72447341815388
-0.67209167268264
-0.72835576407467
-0.578525925708696
-0.67992831692643
-0.786604189227975
-0.656036332584233
-0.8646681060532
-0.62062061512276
-0.651500275863416
-0.721566419653824
-0.783216462023926
-0.760741920175335
-0.722223911108133
-0.661660107667043
-0.750846874886503
-0.665219500148778
-0.754434968182533
-0.798895187557781
-0.861027833395383
-0.629064760474795
-0.756709870814138
-0.627511120055905
-0.765389948954991
-0.738533726631005
-0.733365283889141
-0.547804040052068
-0.641885657488247
-0.766675540160094
-0.583440316182959
-0.746954048031548
-0.710046533206551
-0.595344896059207
-0.722351605700365
-0.763381941285078
-0.762914650050022
-0.693386534810321
-0.785980879527784
-0.613419787983067
-0.592734942153882
-0.671430110704849
-0.578484456835598
-0.566380920799685
-0.709973192899698
-0.549231471890364
-0.769014012123397
-0.726141262366755
-0.651015753684266
-0.738281181111192
-0.534016726905861
-0.733772279253177
-0.674049973711078
-0.685388036981555
-0.622096326280679
-0.678390576291264
-0.664173793224379
-0.698884788947053
-0.622123982837879
-0.596001753539454
-0.581799354016153
-0.677255065567474
-0.633259885845557
-0.608784903681393
-0.647249098461411
-0.683981445352943
-0.832318862524807
-0.518314975865835
-0.671081397048739
-0.638746634214403
-0.647965913249083
-0.630545466380747
-0.659149824461212
-0.543401922496833
-0.742251127763356
-0.538603258615396
-0.580886981759818
-0.577766246743371
-0.699464144896608
-0.633324737662675
-0.622969578536803
-0.638445093959996
-0.651675602933562
-0.421748212026748
-0.503238168414074
-0.752020899557567
-0.664425898749231
-0.551714222565714
-0.47855822762313
-0.530855977890275
-0.51819115524198
-0.709838775929865
-0.429155794537601
-0.425816933379326
-0.718837972121401
-0.62724312397396
-0.550994129710184
-0.526563819165597
-0.500340067966914
-0.668301933513383
-0.406551902455242
-0.481760218423599
-0.637931887128223
-0.684815163719589
-0.470540519133378
-0.393030178310432
-0.436473433018628
-0.607088869048335
-0.545215479423444
-0.377496748982768
-0.595232527319291
-0.500555612257955
-0.551562163356223
-0.595824199750481
-0.45197908061194
-0.579635364340315
-0.52036358726771
-0.576829524041969
-0.409446872166087
-0.573159785602503
-0.478985977514804
-0.364863137352429
-0.508330472770917
-0.580586421776888
-0.581095468381567
-0.431978842995771
-0.463067596358986
-0.561280271357875
-0.522606682239102
-0.544014930919429
-0.540006772108765
-0.672187376236615
-0.471267148222
-0.417288117604146
-0.346709581265935
-0.466502925909291
-0.547825039153907
-0.48414950039642
-0.412388531872005
-0.549279926550277
-0.384979917454177
-0.488831755803148
-0.4398135825672
-0.466843580333672
-0.476054543811136
-0.337516506998856
-0.351552505422813
-0.47789369246517
-0.534850243401089
-0.477887248996255
-0.312053668425693
-0.453939637172391
-0.413272889435134
-0.390619080297091
-0.488826318245236
-0.525922423585549
-0.464694891561577
-0.33054435878946
-0.388767463192872
-0.535140832729151
-0.424901580725467
-0.380914222457286
-0.352698247734723
-0.45612131114596
-0.476683695446839
-0.320010574488026
-0.374283817007336
-0.405827479973976
-0.586043944665495
-0.393646159548547
-0.423188532939577
-0.42478599559377
-0.304338046414146
-0.554045738169228
-0.373264962268653
-0.476411066778721
-0.488491876079815
-0.349208618221133
-0.413105514005393
-0.366635564835604
-0.39893177506456
-0.233699385640379
-0.226945463720612
-0.359999935523046
-0.426905231898837
-0.288475252125975
-0.476836801728434
-0.304756852126199
-0.562865431550104
-0.466449999383675
-0.265115213750279
-0.421649484595666
-0.290136715545636
-0.404749754815857
-0.521599305372217
-0.262011788043562
-0.295033639474305
-0.300694357293342
-0.343773723444606
-0.229699305065751
-0.21628473925922
-0.350361645836006
-0.34154534796415
-0.360429930204912
-0.305994360055056
-0.471540149836651
-0.350972690328642
-0.351108490179973
-0.31974497808542
-0.128693826389364
-0.417843472292391
-0.453211459544253
-0.43876919838711
-0.322653524015808
-0.391285555636651
-0.293758270902501
-0.393134116117963
-0.293746974756802
-0.397165498390931
-0.331228135046107
-0.257081965172004
-0.342632776359059
-0.250079058206899
-0.42437421508804
-0.275529266668441
-0.257084698001325
-0.269847641121585
-0.480731308236747
-0.350664045471027
-0.265823363079363
-0.219106040868998
-0.295915943294588
-0.356047488684081
-0.285434896481016
-0.343308854701328
-0.201650801050477
-0.3153049610689
-0.226098243292204
-0.388885772126465
-0.354074309794359
-0.335497919767283
-0.276042612815663
-0.380173947815213
-0.26601097011506
-0.25099479723677
-0.149398369428691
-0.112124927085022
-0.156157810184804
-0.289132544038286
-0.312557832299747
-0.212893704569624
-0.307160635552557
-0.164454589097451
-0.259433085457674
-0.0557511196203465
-0.284815347059864
-0.437434436509572
-0.321928372040645
-0.237740355901336
-0.1666161725434
-0.37639500616843
-0.37301960444587
-0.257335030737031
-0.148592055286513
-0.149780165498956
-0.24090944286488
-0.174964046114224
-0.279821283422032
-0.153295682518714
-0.137460657313151
-0.373448190338913
-0.17841454910576
-0.317318830589632
-0.181935230897619
-0.162502809444591
-0.16931828946966
-0.194711233239525
-0.111388730187422
-0.200278257668393
-0.311846980620517
-0.213393819959479
-0.0718460902662178
-0.311731892675771
-0.168507362982686
-0.192452248569932
-0.0127834538130126
-0.18972246699855
-0.150443431658257
-0.0932834500015624
-0.246597472210878
-0.194270312583583
-0.163938399298784
-0.350887213782948
-0.106451750373212
-0.314463263165926
-0.139718629497716
-0.105860802696984
-0.254063030630073
-0.144344080882472
-0.216489409701503
-0.259543971031981
-0.253415970775245
-0.0866153354013926
-0.124916334882366
-0.025753867350386
-0.143309433854641
-0.045591515214774
-0.233301989623036
-0.278713306561335
-0.221614889626626
-0.177507429574691
-0.253956767584104
-0.075303027861973
-0.171576931995743
-0.0042336231779859
-0.0783704193465458
0.0482026662639814
-0.00836011908439367
-0.100943144270619
0.0207269175342755
-0.176195999929535
-0.184003187888135
-0.124001103056675
-0.0965137052555194
-0.0197298001836734
-0.184764003362008
-0.072668533667084
-0.120682175384348
-0.0133997950733959
-0.182439926121082
-0.185344242294901
-0.145153251902035
-0.0430617354977917
-0.0827629784657423
-0.00971458055276469
-0.184504835603639
-0.197459717378016
-0.135136115534733
-0.041091369401636
-0.187724281920665
-0.167133665777085
-0.137108229962704
0.0423340593309151
-0.0836511581671796
-0.0553200561642884
-0.15308845142584
-0.166248858491065
-0.147546858373343
-0.148396436131815
-0.216601131168774
-0.141501232201913
-0.0971603599958873
-0.125657367138034
0.11256688215393
0.0173696729470362
-0.137389565651157
-0.102304717734089
-0.151979860266802
-0.00881235087484181
-0.106087112317931
-0.196926842599817
0.0832189227998741
0.110544421014165
0.059375907928268
0.029696248639536
-0.190506642356876
-0.0559605435378317
-0.0333848111818922
-0.0375605427472186
-0.0171772726135584
0.0476900177788162
0.0336346720528158
-0.140570104179289
-0.1686954854207
0.0956087464536865
-0.0927482030583058
-0.00358985065719804
0.0630358534653767
-0.0960443848013961
0.0621019980462977
0.0428980555309851
0.0336055350211774
0.0400370084069635
-0.0815386903073
-0.194128300322572
0.0998094098900829
-0.108395112713648
-0.0294664676084192
-0.0164245151847788
0.0550237491767749
-0.0891409281148965
0.0276878403845465
0.189572111849637
-0.0339836225557182
0.0463932203575684
0.129838025171917
0.0561237150877327
-0.0331290743311013
0.107948771795842
0.0133170310528269
0.0640561681075937
-0.0146357808484686
0.201842532856198
0.14040465953782
0.154539762646192
0.0605312307305085
0.0696309881537775
0.113923600473421
0.0478430741841221
0.0314905700151619
0.118211144181148
0.041748312641271
0.125342455132562
0.0446687762170855
0.0104622506146751
0.110032554622442
-0.00441311598511188
-0.0155173265313892
0.143289529502236
0.0989258142840862
0.0146590332912046
-0.0474645156190464
-0.0139879343718585
0.18024352758352
-0.00736954875013474
0.142694124094888
-0.00844700214764281
0.0258021184824784
0.0851518808572928
0.0118368598254717
0.157364307399367
0.094013082396764
0.255934457861585
0.0387701779672682
0.177898742392319
0.0210124605543615
0.161180166635856
0.0547569032879635
-0.0851551384901613
0.119182328714966
0.0884754817098698
0.207344495326576
0.252368407042973
0.244286680387435
0.00879680063939732
0.126572022413693
0.249432073348002
0.15359609807834
0.108960056992592
0.147421579099881
0.0877586204549906
0.153269600980701
0.149700932075621
0.0333110948718201
0.124244603027767
0.200964751670374
0.072490955051623
0.318994182739367
0.0330205788940209
0.199783055694041
0.212781011933184
0.165427717100821
0.106734860389835
0.228867475059776
0.117229401907426
0.156892648470268
0.291164019322473
0.311275844460242
0.259578666265433
0.129864342649625
0.0817933139677771
0.127724824209129
0.194799128677747
0.126770345302588
0.227470121339099
0.153210126820601
0.284986142109186
0.116964349551262
0.0781520692520142
0.207354041678421
0.174586059850115
0.388070920113891
0.322109802643178
0.190484028913838
0.335529250123059
0.243720720683704
0.241803174899901
0.257890945106205
0.23008748191385
0.191928207074619
0.140011526087666
0.265309486807915
0.306572167491569
0.266051969535392
0.226757609909595
0.3598120265224
0.242634969337911
0.343331542194823
0.209453700050858
0.155633156214035
0.224006343414634
0.275273958398147
0.306404349827958
0.157065260776453
0.343847954274714
0.243870024764072
0.30344889535968
0.278698160994944
0.110862248653205
0.0925012797609073
0.193081423596809
0.405044579578645
0.283245080050508
0.262037710561935
0.300513512558042
0.361214204480281
0.250385698118876
0.104914918109407
0.365017252269402
0.310261388137613
0.220265925153706
0.348363699285682
0.0603343905629813
0.312229220851273
0.190552993517469
0.233597407863109
0.274646780198526
0.253327956313659
0.250742749131512
0.381494938260433
0.331011855274073
0.4184986371883
0.396417525260036
0.447676531679038
0.208034486827132
0.376991005544162
0.27879881628533
0.31784131331147
0.208596279204251
0.394052467456213
0.195872474102446
0.524811709159523
0.45592648820182
0.291634869188702
0.334323488841777
0.380506913208535
0.356035465962358
0.242994930016886
0.251783842500924
0.311808244838385
0.330922905490077
0.400623695712231
0.388617560367306
0.267449578506244
0.479296414690707
0.442411969418677
0.392899442754041
0.492101009291296
0.483544510903529
0.341455875214751
0.401812882591333
0.549643924643001
0.189524853446827
0.361107637660965
0.421915215475073
0.266942855826621
0.283231173225454
0.233330127462757
0.514213484574684
0.378307258965813
0.311557123147653
0.498302326831441
0.411307278394347
0.397740224729364
0.407197783610247
0.445111290582949
0.357943763668358
0.501519069394293
0.41086659112248
0.43203749548424
0.38839069471811
0.449788981088516
0.360757192409699
0.375532211477201
0.463179485143796
0.366863660911098
0.409776482227565
0.413542129104904
0.283189529231207
0.407570062170321
0.419439475509863
0.497175104951893
0.394362773220565
0.459883987668341
0.360591407934224
0.449007774148465
0.429679559036617
0.25739345097696
0.386070716138066
0.564391903608135
0.484178606983465
0.574815692159857
0.62098079232573
0.431137461984404
0.450220049022746
0.331625824565448
0.53924346900308
0.463192798013726
0.34842057216037
0.570933660240752
0.506666060167527
0.465863701226216
0.595855421840771
0.447120995354855
0.521782956722482
0.525352805729955
0.577826966360205
0.462672878095864
0.555625966553545
0.436414398279439
0.552067955635761
0.407340794032384
0.38221884587506
0.450606642491562
0.739398401378816
0.490729460993209
0.496117332752797
0.433905280941089
0.516803449055532
0.581559823413395
0.548905824232962
0.393602654533046
0.567384611105272
0.683440747625168
0.461647494371021
0.440823795719905
0.454731178713039
0.375468211489352
0.53751959850469
0.561547781893982
0.482853534091243
0.54649244076083
0.51826422226158
0.45283684445146
0.447106958445399
0.525355867321225
0.539567378694254
0.605104101155284
0.647991244474772
0.628400906622
0.356330897700564
0.520280649399473
0.574034624937336
0.585461085782177
0.597852073786901
0.441377465625047
0.550800622726671
0.624566823700583
0.602788097610211
0.549269793848299
0.66752748934785
0.56742168888461
0.534658907526194
0.620782524594272
0.560023121900487
0.653440753451458
0.567819833348847
0.60826774808169
0.372622764443947
0.46559237221875
0.590973714130245
0.563396781578449
0.613371328990825
0.519540135034483
0.561467412707407
0.563039872538595
0.572863725031425
0.617977985831575
0.574317171422872
0.459461245942565
0.834462286272049
0.664400752526837
0.560758624869636
0.591038866754822
0.699692694513852
0.511509738535112
0.694523240353188
0.596866097564063
0.574277372577198
0.580591875598822
0.637016020565328
0.62120466606219
0.626438901242536
0.723341049261514
0.585062915721111
0.728243592721205
0.574284344774582
0.592564450900535
0.689160303107765
0.62065484477993
0.590760191135114
0.761568623529385
0.758479521350949
0.59847254170377
0.634147764341121
0.655209380022845
0.729209633195447
0.701606222558194
0.660644070302932
0.771321690675246
0.762428442913685
0.722258375948383
0.582993387570335
0.599451212440267
0.729046013555181
0.731822944670874
0.750989236054867
0.649315788141762
0.518690630943682
0.620416767589882
0.772570700314752
0.610746761482572
0.72363064163416
0.694448376652479
0.817372356259458
0.67144227280524
0.629776391495664
0.563300976965024
0.747417817621501
0.744955648877179
0.621731330781044
0.674797598005361
0.682834615899261
0.685143265730681
0.719874284258133
0.650158596283891
0.708831242708787
0.60675644524194
0.882176266107825
0.617635833359198
0.556392826731333
0.799366874208152
0.738254470016088
0.771652010617736
0.672513095864396
0.834744293775647
0.689943750727035
0.742540706874749
0.700239128283812
0.729387385325142
0.710305751038534
0.833597776680062
0.871672985888526
0.887250409443529
0.751081668691666
0.666118614631877
0.553819548316125
0.727986902597957
0.733786750505665
0.820327508994234
0.766626767641648
0.70086525861227
0.877927132296837
0.684886680938901
0.856619986227264
0.752515247945105
0.669877402920352
0.827247973328607
0.72197654895854
0.937406928709252
0.750833172440372
0.687547844090806
0.818544215046069
0.829737853733632
0.693937321693732
0.783337380471849
0.737571441590771
0.862564785382246
0.764792188852547
0.824645141572071
0.684346269327973
0.647237668408742
0.857563562827898
0.827588689007699
0.808331263420656
0.847167084610758
0.867554410306536
0.917208829347301
0.825840796697791
0.788267998592177
0.921706644045826
0.965990635208896
0.764151658702358
0.902900150453385
0.674575245975156
0.753549648332897
0.856048728883396
1.03663730430262
0.771058199860091
0.879447622712793
0.804869650507863
0.666884171545001
0.849627325836957
0.916221279488224
0.779255407115472
0.77832217050444
0.866061586693658
0.887823552889936
1.00232044172479
0.884525378626558
0.906249517196028
0.894531796070127
1.01453112066366
0.800855687418892
0.880728179873139
0.96296951955649
0.784199520020539
0.973230580169401
0.94156760719763
0.692816774721006
0.889265382587128
1.03372722645436
0.91242965944468
0.748815044715614
0.956032489496025
0.800591337682667
0.892422732328409
0.862876371037999
0.747721183392551
0.869293790045474
1.06435155698347
0.831786991712024
0.809756887940632
0.976707082651401
0.938670237182902
0.874844545307407
0.964000322791744
0.906626365744678
0.892120015175098
0.923090956287885
1.04968722661507
1.0358165921385
0.834373418656956
0.919389513444813
1.05643331726645
1.07043175007362
1.00329921050191
0.991026067447651
0.955959320923812
0.835701081035956
1.03816415654069
1.0046103382568
0.890663196748987
0.809609312436832
1.02676460375843
1.00448724176813
0.793526809912313
0.751865352687513
0.837793176132732
0.965519310677711
0.821146262188747
0.965461646705631
0.839727251343214
0.957172897228504
1.02312488530031
1.07120400604687
0.995519352308174
0.993634066599698
1.00583959755441
0.96154409331018
1.03074273871369
1.04221632452217
0.978753811219771
1.04919179318307
1.28801825068694
1.12695932818024
1.01138515535027
