"x"
-1.133286150751
-1.01630658621448
-1.04377357470622
-1.01254545075274
-0.927971740650388
-1.01756244656603
-0.891310855124242
-0.95563651885486
-1.09248952804283
-1.0739121097537
-1.00445442663021
-0.966792299021437
-0.922576966280407
-1.03859289895165
-0.904947874841074
-0.975026782433462
-0.8794512721236
-1.02648660140321
-0.996198491105248
-0.914044618146844
-1.09548735521079
-0.978504268161022
-0.885532446394614
-0.853353853503544
-1.04236401305964
-0.908680384629807
-0.892855181523612
-1.00720313421495
-0.964926983745209
-0.936777449467842
-1.06190055792072
-0.868735857469332
-0.901215093985958
-0.809126256727111
-0.843345746513643
-0.889293770495874
-0.774649836984153
-0.923076155375195
-0.886912011881881
-0.948895243987374
-0.8930122308554
-1.06186937071871
-1.07292532325915
-0.969224671150213
-0.815422814112693
-0.9378823542496
-1.0009216285533
-0.842976797677746
-0.79483250923923
-0.902526095872432
-0.877696178565503
-0.877521991675823
-0.838112295290026
-0.857894965138243
-0.85231555295589
-0.824635412013989
-0.920859540322423
-0.823170028986217
-0.975053303818372
-0.95931658865441
-0.852372085683935
-0.885362434006619
-0.922971795058759
-0.843406628210721
-0.856015718750216
-0.918623849986062
-0.88926995927187
-0.820639992809311
-0.906554497644866
-1.04152469657957
-0.927167132182857
-0.90832481535185
-0.94709698271684
-0.812235770031883
-0.824080617368358
-0.877991739392625
-0.896209926149089
-0.896469012737199
-0.882411270080855
-0.663616684822091
-0.882959618071781
-0.82894188748421
-0.834940604498345
-0.859377733638932
-0.907503210535164
-0.818765750040336
-0.768925647816792
-0.86635086160322
-0.780486531462412
-0.93859421590197
-0.813068349774643
-0.740783163792046
-0.84515679335132
-0.838053392866783
-0.779145116177988
-0.846534147052367
-0.823443720587888
-0.711591873707529
-0.770775510327609
-0.703801708548055
-0.846425191081884
-0.741236097048267
-0.724307141826285
-0.683211068356467
-0.740950378444314
-0.907629858471236
-0.64030246819913
-0.694627269489774
-0.729424377734759
-0.805462070689955
-0.835462336087744
-0.877328452621584
-0.771082654133923
-0.823366004635407
-0.848515690460824
-0.825158866112568
-0.871171939863877
-0.584766830068494
-0.777708832738179
-0.744696005659487
-0.765928142730211
-0.880797502519225
-0.826670702687641
-0.599151482914229
-0.481168503044288
-0.686523478167129
-0.714904969620263
-0.744914332571021
-0.752504781688755
-0.828489790744623
-0.74902864772105
-0.73636900338313
-0.739372639552066
-0.726656516762267
-0.645587107391678
-0.814879431901148
-0.793692095950886
-0.824958394622118
-0.566639009808156
-0.667773131735908
-0.648138615345297
-0.713533184669211
-0.682329043445728
-0.685574044304542
-0.628493156728701
-0.746635396020171
-0.789387901200864
-0.773841226685001
-0.643220085458977
-0.58529649011539
-0.555529540319254
-0.678927290261971
-0.678118947854996
-0.610725424939388
-0.733699763783365
-0.688408721447465
-0.837708356066617
-0.779339089715526
-0.586052977192862
-0.649950819075232
-0.687863029782346
-0.672221221114636
-0.798725022715838
-0.789351593962514
-0.706095359874048
-0.813388124667347
-0.616898431700174
-0.534993032141376
-0.685135497148034
-0.526937119161587
-0.638447788767896
-0.623600453345356
-0.644137142693715
-0.610347714590168
-0.642453201926698
-0.645226176457512
-0.528019643684399
-0.588471539714409
-0.557559749336413
-0.728380970221449
-0.679788367845499
-0.685259650038012
-0.623002447351748
-0.610863563560666
-0.583104192391773
-0.608795602885455
-0.646332181296565
-0.6750504719126
-0.54815695102019
-0.689856930751839
-0.598972513424383
-0.611698980208153
-0.600955664643783
-0.479325957173012
-0.599956440481449
-0.638518489536759
-0.60554315045422
-0.641123470042802
-0.673855004511378
-0.517188362713395
-0.565428471303867
-0.591788121332718
-0.648626449211217
-0.624524731259514
-0.46373939802312
-0.633733145778445
-0.541907463460577
-0.554782376357036
-0.422053442356447
-0.548687214416712
-0.607801650340927
-0.529213388651687
-0.43317777807128
-0.503243220704367
-0.558940319556187
-0.520557510144172
-0.350719403572922
-0.56433374449587
-0.551752439759981
-0.477032151278702
-0.573238180543848
-0.54188113330377
-0.70579072766389
-0.576239017154852
-0.586608322619008
-0.431862649097989
-0.458003116629564
-0.666964756150822
-0.455246811397294
-0.554306482997538
-0.552125029378892
-0.609175269554344
-0.450079435292836
-0.561872733039303
-0.539246211434455
-0.542009168653949
-0.35933955246616
-0.429944723140145
-0.522878071882501
-0.527977460616117
-0.489301377075326
-0.543447174979274
-0.676856183423279
-0.56831673745172
-0.439867425837245
-0.680823661304526
-0.307934306389338
-0.593806658885708
-0.493644217386835
-0.539727461240586
-0.397364905805673
-0.64955590046018
-0.327843508725067
-0.698272655444185
-0.592767820606244
-0.488138811523432
-0.470888877150004
-0.52133273361031
-0.479181176379859
-0.493235819794407
-0.425183081785594
-0.515447176221449
-0.478931830043098
-0.282901175598213
-0.522033270767207
-0.634952069901267
-0.46360193090468
-0.410586780681957
-0.487488529174097
-0.482345017596704
-0.301309147009524
-0.379091832169637
-0.545506063087417
-0.571165944343867
-0.340794761391414
-0.361728331613694
-0.363191053792255
-0.425819041031289
-0.591508059601896
-0.51023900399121
-0.552460360916791
-0.297817934310507
-0.549208062958892
-0.383032845700922
-0.374136473813504
-0.31220328405894
-0.32116171911732
-0.621009158375876
-0.383691490470551
-0.510221944136385
-0.68071418909728
-0.343451270731654
-0.566491298004125
-0.45324659453053
-0.450662967252267
-0.413556249115698
-0.396291230038376
-0.446600549838427
-0.422106911824106
-0.29241504716421
-0.335462710490988
-0.531378949072688
-0.441925886508321
-0.501283160371179
-0.508113384180639
-0.383027729873133
-0.364662188336225
-0.301533788594092
-0.474244923778703
-0.302314954562039
-0.444813694240025
-0.380503020560092
-0.343071839803419
-0.421129556054345
-0.307143128853145
-0.458224786788581
-0.226026127266379
-0.234264032975087
-0.324675902487422
-0.492322569672907
-0.345213041723231
-0.449579919916172
-0.42832569415727
-0.359083085785075
-0.472690808269676
-0.316694957655727
-0.223715930279609
-0.308412270431119
-0.42155207656402
-0.324320257596939
-0.350382560028313
-0.342689460595007
-0.290987990844581
-0.121622297901702
-0.408216515125131
-0.2892306653532
-0.322890765803388
-0.393654542517533
-0.562645043944788
-0.343307313164018
-0.452180527737801
-0.18189059421005
-0.325506373843419
-0.343796351051935
-0.186192527855005
-0.14138828857417
-0.352521871488727
-0.150226360953574
-0.370795630097983
-0.299605661498992
-0.295587118895998
-0.40840361454819
-0.0869589244786657
-0.197679780571071
-0.341277921835702
-0.321230029898889
-0.330143775742691
-0.335375624100159
-0.312677007834533
-0.33015057188824
-0.26009989989828
-0.404753756170716
0.00645281751923548
-0.4169353600493
-0.205375702442367
-0.341520918792546
-0.296964822197433
-0.0924443173430618
-0.364687965010362
-0.294933912277514
-0.27717631510505
-0.109953702677356
-0.208688806394539
-0.143501189271392
-0.184679661374387
-0.184810515791059
-0.200149219807276
-0.244696125964171
-0.237255585115636
-0.442536186327651
-0.250040367604943
-0.284155808362403
-0.207303313803288
-0.0490800878660388
-0.343284155636488
-0.200390260885318
-0.345406982517833
-0.238305878667744
-0.289428294866053
-0.305889228086701
-0.262476652088488
-0.0676211251436141
-0.0920542520988883
-0.169643170741689
-0.270453442255376
-0.144638352811617
-0.276146354358214
-0.344554584490482
-0.190501582397676
-0.265027772319516
-0.173759625353888
-0.285764609565864
-0.129588218567663
-0.3650548975299
-0.186410695692387
-0.224279061157954
-0.275881939559062
-0.153387073873111
-0.203591845519007
-0.133923223983619
-0.153786026792717
-0.101216990713272
-0.0399120112803599
-0.187154193253363
-0.124672334364267
-0.0538002437452205
-0.234754284702384
-0.220274163427214
-0.171382104035066
-0.176338427398475
-0.0535368543984477
-0.226612993199045
-0.147313073458397
-0.0731131150458701
-0.246428725584926
-0.219546643254321
-0.0798020841299175
-0.0484001954089744
-0.155723574244773
-0.142715584106878
-0.139345788600241
-0.148025412324757
-0.274987060137568
-0.112460061155043
-0.0886255822864322
-0.178659057301394
-0.207387617307651
0.0115393489857103
-0.197888762975505
-0.178152606430791
-0.116051322374159
-0.0875119585992985
-0.012533504131533
0.00630264991807814
-0.154341502481668
-0.152638928279092
0.174370143359338
-0.0108358268218656
-0.0568256464885299
-0.29040290136823
-0.195680018253756
-0.222371933190213
-0.148857231007206
-0.168968915008186
-0.0879880963311727
-0.145134075044831
-0.0329511052784657
-0.119928601190292
-0.142735552017077
-0.120711778520496
-0.0740501767625958
-0.0197438489874644
-0.129625604885678
-0.142072140547702
-0.126599143984129
-0.0239051679569573
-0.0177991934793855
-0.0894862887772267
-0.00379110732055791
-0.116127550247254
-0.0289659856809609
-0.0677225860708256
-0.137970292760388
0.037362041898539
-0.0585752831266568
-0.097417345282433
-0.0344254153967702
-0.0284545059699378
0.0427334012089371
-0.123829480227575
0.072822765125374
0.151710121256671
-0.102679242272025
0.109317291066105
-0.0663039323206331
-0.0147443219644037
-0.0621786921928504
0.000732487106551754
-0.0493468473065876
-0.142909158070251
0.00470822342200171
-0.0652122018608207
-0.0441863164722452
-0.0150457653709078
0.0982454027823791
0.0623729284581984
0.00753303201248209
-0.0820621078023523
-0.0365886736428265
-0.109971710264992
0.0182499969602296
0.132061759926188
0.00465534374376022
0.022452146240105
-0.132071563072668
0.205531573947113
-0.118888826304051
-0.175458411098235
0.0982984954495585
0.00183496188495748
0.0557208543893046
0.0709651113657289
0.0305706577225925
0.00834165888537979
0.044015444379946
0.0522287375418322
0.0980612192809837
0.124303246056498
0.0700187522431167
0.0279824510467647
0.0714841971580455
0.0857856104007281
-0.134406929544656
0.180678482689195
0.0384064810083471
0.0233315113789987
0.166060193953319
0.100546070448881
0.0386116029156165
0.00484578116873852
0.109367659479964
0.109864196313075
0.113772738862418
0.102762071546372
0.201015197920915
0.0305600357730753
0.0305326382901284
0.0264931840612377
0.119022155734363
0.142666276680972
0.0941213197890315
0.24437688702164
0.130591608054342
0.0166295161198131
0.0723838726606736
0.154039024005766
0.0914326165720678
0.0514946864737468
0.0333952509998299
0.0341844080066045
0.131060772085682
-0.00687410720119029
0.0935370580520112
-0.00940586243381542
0.187029974464998
-0.0559155709277501
0.147320239324967
0.193545497612601
0.116699901724743
0.253167223388889
0.285723887466345
0.225367776328102
0.150458011950286
0.129994994715236
0.0532585825169303
0.218896104837389
0.0600224050823768
0.0532648271329024
0.190530903808417
0.024802664986907
0.147279798952918
0.140513851397354
0.0448469037665203
0.119960371938673
0.18664337459807
0.0706278141854659
0.259737328265847
0.261327633553061
0.113230191051627
0.110101981126359
0.097641175255955
0.105371454537805
0.205754981348065
0.181520758478369
0.15571460896628
0.233665518892613
0.0605365437078674
0.348049840015707
0.221907291406451
0.138199744308138
0.203500335206538
0.0902141543519241
0.194032491404052
0.281284273884782
0.0639223896085002
0.249179315715198
0.186624935290217
0.0325201651469304
0.160283177528717
0.114016485894866
0.229765412139326
0.161624320816597
0.282153479651847
0.270718061582361
0.130421863276113
0.405433169666427
0.284870321281325
0.077020677102177
0.169623503108302
0.120810399429234
0.253462039812378
0.277754982984891
0.243771194000269
0.308797536607513
0.319255348851821
0.255561576003444
0.261788058147669
0.301450778327951
0.288456548409491
0.14723485344347
0.169588792137798
0.245283473872704
0.176409936450037
0.305945375642836
0.277876880102247
0.328241848272305
0.271904398679789
0.262089788590762
0.237880919179335
0.326617728888623
0.281860702345625
0.323538927829602
0.296202886529782
0.30377085519229
0.300566964719108
0.223427422434757
0.313710042581185
0.341699943128114
0.259559090782689
0.20323564390072
0.27907086827354
0.334360869504022
0.374500400371259
0.438329982911335
0.282576699018789
0.265742968352758
0.289998876277123
0.378363800174087
0.294897788796007
0.162478598900682
0.342529183460144
0.193284304114075
0.272095078513644
0.251214667542496
0.25520474784218
0.389082121580164
0.39057852345513
0.433286311826615
0.214395618879843
0.332986129940561
0.302359805923966
0.299252423316488
0.261207757809146
0.259701426091191
0.231312028087366
0.406195469053819
0.425086014359031
0.228679771096491
0.349320868464252
0.208350263706365
0.240232409764472
0.192477336398838
0.26856830516383
0.429382063064647
0.357560354950528
0.335282155290926
0.29720621489754
0.249764675935842
0.47175144937305
0.422363749901698
0.576052080657415
0.522651199984004
0.308553097702295
0.399964874181551
0.462322836087373
0.360596083127409
0.434905263538644
0.538657137711006
0.285491983228034
0.328760287788995
0.446011073619665
0.358781435678461
0.347719451074742
0.517329523709669
0.390680995597855
0.267571852580057
0.215475318301032
0.450939901430186
0.29763335047977
0.303080884964624
0.362880456682295
0.333430327534699
0.429366608303582
0.423341109586314
0.3278580603406
0.418449136931835
0.264192285196689
0.406339398656778
0.339399894271462
0.532663770629934
0.456909781822732
0.501711654576502
0.404802951006573
0.364600839483957
0.274050419624076
0.434708387154335
0.526335179105849
0.40006384423022
0.375668805814923
0.457075664616572
0.480659708863865
0.447436442407589
0.37873905573365
0.478990881264503
0.497963293522212
0.481753503710254
0.284164862103341
0.455968421060228
0.410979871933737
0.59019330441484
0.538755837417795
0.39253136848018
0.416872017103454
0.466253926653404
0.452094834466692
0.499725679449902
0.380287758523785
0.446308003870854
0.480653422337885
0.611102279021866
0.513367298650388
0.594597162276868
0.411286666614654
0.562302032925226
0.519473050131644
0.529582434560997
0.473846550327389
0.606394463380938
0.545322431475943
0.504079502726522
0.368062757714588
0.343555123253546
0.458229737794859
0.411062636291865
0.552768424442013
0.44262829935495
0.586275150386109
0.52617673282817
0.487827877861708
0.716300241608371
0.629567634627463
0.627649653552224
0.490157532384392
0.538285320863967
0.429837726608601
0.554831015307556
0.541464109435589
0.503350804428529
0.629995460121825
0.586337603226933
0.55070462276787
0.509576587904518
0.653255820168994
0.594568051555233
0.524700345221198
0.485334775892615
0.630934833787042
0.595687384534732
0.633500990462574
0.3737773405544
0.521511448504847
0.708363666170535
0.542877126580955
0.646404645017278
0.603275021004395
0.649408385435165
0.60513724974439
0.696431733466338
0.615801494001289
0.651479733703605
0.678748855927021
0.542145285171213
0.546888018646349
0.564454571763417
0.495630220612344
0.514230541477483
0.530336860536778
0.620931164972109
0.632003412334641
0.484866852362253
0.602585405691556
0.502330415020754
0.689885113300458
0.654351021453998
0.544738005788313
0.586110021108212
0.508960777159182
0.536169413209816
0.647927400114908
0.624786776291858
0.563159297370114
0.647376509916545
0.539058544763587
0.685144133096938
0.772885261259302
0.414160228169825
0.510750917934679
0.535623115552682
0.649676637481695
0.62020305578106
0.568823886352697
0.573461228085458
0.615159316950847
0.65966173347026
0.672187552575346
0.743305358181456
0.592552282655385
0.756068523842962
0.502155225509673
0.623518558542968
0.715434512626239
0.702352493121788
0.644761308318111
0.549766751675412
0.72990515473469
0.82043321598331
0.59715028663646
0.844369371827474
0.77735331324925
0.627306731017147
0.681258301340617
0.846772863298349
0.757184851806233
0.627186251380923
0.661891791845207
0.666593889711433
0.658690467506485
0.657391844038152
0.581761803168415
0.707340050456553
0.513281281069181
0.792019381647616
0.82676118645693
0.683225887321097
0.589788847449584
0.662449387518073
0.701461204665763
0.646724707591883
0.646615811357048
0.627676850796889
0.682390884721695
0.590126853941254
0.788998442092153
0.706955221593315
0.658893252808035
0.71494258632957
0.630328863820169
0.560867709581856
0.732534145015454
0.847386364144087
0.791154814272579
0.759711692702793
0.640126357124354
0.792486129645118
0.515693315121865
0.863688154319445
0.748384824424115
0.762809688670136
0.630858908158452
0.627333954160214
0.625308823827335
0.869810344191817
0.664786355064224
0.879951230899064
0.77160519344757
0.732641178962853
0.791130608110156
0.668746456763285
0.771272631421431
0.756213898464377
0.72144592554898
0.676564800912136
0.760378066180084
0.751643049284934
0.741790820304451
0.813857823816461
0.804916804801438
0.812611533895133
0.930558251714971
0.777944349120118
0.870431011638129
0.857857715304803
0.837030203393778
0.814293468895471
0.755992892812511
0.620045468166073
0.928982572026734
0.867664698774459
0.872645487720873
1.04498226007489
0.905786377845606
0.852848350692231
0.768413910919691
0.816040862599572
0.923939026619995
0.773395778383011
0.77544823746978
0.858690752511033
0.97405545626944
0.850222445630173
0.842886853931184
0.749885951572321
0.845153790204751
0.897105231421242
0.859627672265456
0.891761795017685
0.725090160030005
0.725382617549925
0.876990076879879
0.890574379918592
0.963858090581458
0.806096507171232
0.959749152945873
0.859759581330886
0.909163666134574
0.809873211239618
1.00071878084905
0.836557806916323
1.0367278120236
0.74858651701116
0.803649410326322
1.05101140170972
0.841487590613345
0.99024029975286
0.897385709366135
0.856629792698093
0.77754704648913
0.959736532191753
1.05166551588204
0.7839852290743
0.935220804053546
0.875294772220321
0.857583945975428
0.980177916700791
1.00610013146042
0.930241242116866
0.868403637890277
0.878938440932634
0.996249811340625
0.845311951276309
0.840384695145273
0.925035490260762
0.935858022385062
0.819481690194811
0.929749641715117
1.0318746513501
0.943110578164222
1.02611109295859
0.882724793764618
0.823333972577203
0.839190353415609
1.00403076591758
0.994839872563699
0.834821624329451
0.945812107310236
0.937874053804248
0.897787107761409
0.899522684910127
0.925748891182537
0.88655873340592
1.08777411281793
1.05248211320943
0.874258577024646
1.00653329152071
1.04527656973874
0.91963437219674
1.09485890751931
1.00317309836706
1.06958894181585
0.98293855292261
1.05954158238846
1.05380433891327
0.920670861908528
0.932715902675292
1.03409111065773
1.00882794128658
0.956060892162161
1.06162499780191
0.939120375344702
0.905528344587564
