"x"
-1.06341215428323
-1.15434256624192
-1.00829747577098
-0.925415218348528
-1.03214031503474
-0.985169056492894
-1.08125955401474
-0.973957780001082
-1.14152556632665
-1.02398173288533
-0.969782803633513
-1.00267137167958
-0.989201106557867
-1.13001908396398
-1.11962970297629
-0.97989876630481
-1.05843735049709
-1.1168755495342
-0.831301217179282
-1.03308288867901
-1.00357063232851
-0.893915959752511
-0.913396721015408
-0.957072676794902
-0.913193769017694
-0.857378901596173
-1.00552822115487
-0.867818236370495
-0.941159456814133
-0.882493996992468
-0.911769904079479
-0.923896034851396
-0.994963184658131
-0.848723455519909
-0.888336218929479
-1.03685054878428
-1.0489382464883
-0.95518709755631
-0.888339970739426
-0.969331662288028
-1.03534121511667
-0.797185366425568
-0.972094954448448
-0.9891394897558
-0.947754230570353
-0.924392618010862
-0.989540277598987
-0.942380244148163
-0.868169210693299
-0.969984842039553
-0.912898893898993
-0.94811553826611
-0.872778987716182
-1.05812458235572
-0.89768375214036
-1.02285258789237
-0.943673003209303
-0.729415581689417
-0.803440776049264
-0.886897850035238
-0.884575754375113
-0.879619178977987
-0.713142019471413
-0.873428078555159
-0.923463869080235
-0.852108482832236
-0.919060073079306
-0.982426283047834
-0.990104428676508
-0.838479015818545
-0.769860862844688
-0.858708609561442
-0.805058468232592
-0.823740259335241
-0.973565115413675
-0.854970172312199
-0.882930499160891
-0.653831850338333
-0.854705596823121
-0.737374398516589
-0.721997261829789
-0.763886935547124
-0.864794200705178
-0.89696578356296
-0.992261095030834
-0.83323872021204
-0.794953994468966
-0.891096868972088
-0.79283968588915
-0.869005546667305
-0.763447213468867
-0.846173614079763
-0.926732778140884
-0.782535605163356
-0.780124471477948
-0.713199652635112
-0.719366028773166
-0.734808628292875
-0.715093134135161
-0.73398924608958
-0.846511453566103
-0.751115588325679
-0.607476644672293
-0.875880329506359
-0.820372090341996
-0.796429511551037
-0.859559952886769
-0.779731594141896
-0.772367634513409
-0.712351401293995
-0.702074616427111
-0.824303501976447
-0.719586167039578
-0.87265072997877
-0.702066496703934
-0.898440830752946
-0.73292810563003
-0.89369536155531
-0.670405961155824
-0.880945330016938
-0.728004476277237
-0.799006554147749
-0.828365553684221
-0.983096695093601
-0.743501112492732
-0.839841741058882
-0.746647422441841
-0.627803220253601
-0.713752573796917
-0.686418211645985
-0.680641765222099
-0.790327678683729
-0.804651225114075
-0.862043436786918
-0.898650688017432
-0.788067999435055
-0.631328669863567
-0.639309276545822
-0.74532908594452
-0.69268829654215
-0.779940100249525
-0.476361489478766
-0.673789595889617
-0.759370878209728
-0.645644682271707
-0.509414247136226
-0.862777665382759
-0.545546346593699
-0.676149741672053
-0.6212910276876
-0.80649982739332
-0.666542322698519
-0.814912257728737
-0.732005639244327
-0.600581754017966
-0.659958450865122
-0.593979198992338
-0.624308430366576
-0.619854191658206
-0.696333652052137
-0.617184092508262
-0.718512186996188
-0.608577394931257
-0.524333044127191
-0.661093054207192
-0.621559503449155
-0.71438936293764
-0.598434179974021
-0.572299573605152
-0.689973262217826
-0.742673538817542
-0.628649299652314
-0.654257758033316
-0.631244393249684
-0.590183551395836
-0.498380971507471
-0.568962532473869
-0.595631949659911
-0.659032697183468
-0.671821939652328
-0.741586695222235
-0.691148399854087
-0.435076902266763
-0.596504071048872
-0.602144358891508
-0.687622053586852
-0.576901909233667
-0.583692760090663
-0.734690720950421
-0.606320219564826
-0.696483878397583
-0.604683403074658
-0.737159902193076
-0.686276800315345
-0.490848771676185
-0.634452761904026
-0.626801870627983
-0.666538727360156
-0.728991725503018
-0.500833713964706
-0.667058323849571
-0.607352445394598
-0.633070998989564
-0.613176079931276
-0.598874343660514
-0.511561341331102
-0.630467124807416
-0.574379443118224
-0.62834039476487
-0.488032518245112
-0.505717555782428
-0.504955850315434
-0.561237620500005
-0.492777900883456
-0.496360657493687
-0.536882069529246
-0.454340812334794
-0.504558146821947
-0.595971524256389
-0.584373354623407
-0.561463775985704
-0.601324610419362
-0.61249481065037
-0.53013256131646
-0.41740061288581
-0.57277083570573
-0.499848138752397
-0.606206271677138
-0.539609133275018
-0.472777036114119
-0.448091470070952
-0.594849764722035
-0.503498654958836
-0.537750723435486
-0.525705132086352
-0.498952315067974
-0.553282436447515
-0.542424625386435
-0.571566835980255
-0.522747976570168
-0.589673380376472
-0.567358153003607
-0.489692341861802
-0.627410628710036
-0.536634353462004
-0.519749186159925
-0.499295147487542
-0.568842858241455
-0.475389572918644
-0.541036404701049
-0.530842377487641
-0.60218330274618
-0.397873772232426
-0.632442722033683
-0.489967420232858
-0.565113839567144
-0.493245682125619
-0.517926013211745
-0.475307367665867
-0.498588289576719
-0.632680093365265
-0.622169375149082
-0.358366851544317
-0.563008255057457
-0.420867052812578
-0.498224350693216
-0.409809310515745
-0.521625589745906
-0.398031554066605
-0.394399394849903
-0.34648014139557
-0.443188659975503
-0.557841562972256
-0.469811253981254
-0.415417741701509
-0.332951876829271
-0.464618019169856
-0.482933703291754
-0.499226600886894
-0.42091133189679
-0.450197992792907
-0.529116307800698
-0.301172501771299
-0.406460620775242
-0.444659906526534
-0.381527547013253
-0.388705910129197
-0.333680651618957
-0.327606986638507
-0.357470353156992
-0.440644682913506
-0.279309703101257
-0.300857531650191
-0.52859293155487
-0.34210559886722
-0.399777602968811
-0.453658774151488
-0.240374807193418
-0.426159513591842
-0.427490810052517
-0.43453092924048
-0.364126244696389
-0.364339837001773
-0.481035378712138
-0.324814818867044
-0.385005666798171
-0.386171334245688
-0.480354973243231
-0.46495406223983
-0.355575653058109
-0.42672458627795
-0.321873082788924
-0.311969680915775
-0.395419770903529
-0.34972221947534
-0.325300599130228
-0.435779066693487
-0.182332039180262
-0.422200214866917
-0.253896066236457
-0.384482414847274
-0.426205188591115
-0.397280467023823
-0.393404162547307
-0.373195735008057
-0.458312545683707
-0.127521242433559
-0.344740231813214
-0.350814929134993
-0.174821002846195
-0.342095286364156
-0.258593981089076
-0.342184748664223
-0.326210706160104
-0.345723936925782
-0.43398184028376
-0.34203269468193
-0.401678704809578
-0.394196840498986
-0.231731055381952
-0.343274339762268
-0.382342151576057
-0.253218563311433
-0.42544937437878
-0.372762623128474
-0.245400872991411
-0.368232373796045
-0.477826885154909
-0.442370413188346
-0.206296568017421
-0.309377846210157
-0.302067617976743
-0.211918083868464
-0.273194196553253
-0.201471012293403
-0.245484252384682
-0.325712991117088
-0.278780943297455
-0.407369464530955
-0.222627029143919
-0.383911062603417
-0.381508243167433
-0.303014636355936
-0.278419797087183
-0.192096201569503
-0.414229620260872
-0.312223604867368
-0.324104183639989
-0.162564072216718
-0.215112780655171
-0.229807147219306
-0.317185687974329
-0.28308948060032
-0.393581048698189
-0.268180597065095
-0.215158973404007
-0.292296785215401
-0.260663671085564
-0.330138597821577
-0.373448797948549
-0.285308834055708
-0.243682929355707
-0.364396480140916
-0.246228814501978
-0.356595550078235
-0.322486482798571
-0.373387968876631
-0.179060053302534
-0.20378737097691
-0.214763209802876
-0.208929577663986
-0.164244101886231
-0.281558625421102
-0.0657917201113142
-0.36171199280652
-0.232374577260474
-0.208260916858005
-0.127938922569763
-0.268311629278691
-0.315532803215202
-0.245458651562374
-0.10627217603738
-0.217672946559614
-0.30641982547014
-0.34811168423243
-0.019265314261003
-0.0735224293004572
-0.35560822326533
-0.190610771559647
-0.229057160957195
-0.278073766846325
-0.0337299950068003
-0.1519723164048
-0.254536875374056
-0.231496235866366
-0.174780248981879
-0.215110865049957
-0.155555970815725
-0.0875341812870339
-0.162194921532843
-0.0857183486257891
-0.201891872436751
-0.129992400558141
-0.190719912430652
-0.203561749154682
-0.0708252916923454
-0.0771839073443598
-0.177337473503597
-0.0798281725881372
-0.00144650684717649
-0.092301487247252
-0.0907092495584143
-0.25531756651767
-0.150843595530177
-0.0639466622988769
-0.0391167656429453
-0.0901651531454602
-0.0669656691438924
0.069120439649135
0.0076818940471926
-0.239614344164996
-0.139179818578068
-0.0650915731789171
0.0743934041980984
-0.119570919985001
-0.0529880849073619
-0.176533420946147
-0.0633624306430926
-0.0678398805959468
-0.259145547938563
-0.128071381484359
-0.100783861006165
-0.117361522347342
-0.199704959150693
-0.0215581453509993
-0.108138643116227
-0.0332886972353957
-0.0494155422419684
-0.0447507741567791
-0.119195770070693
-0.0915986780588132
-0.032501094351253
-0.0309744563475034
-0.0598195254608312
-0.17303703853161
-0.122872373207985
-0.0461037858757539
-0.137440634755364
-0.145438289526058
-0.142153852365077
-0.0619701654948208
0.160552674061007
0.100790153462077
-0.105458221681195
0.00923461152692722
-0.0463284317557679
0.0347514898763748
0.114094368430533
-0.023276534268702
-0.0675339196020316
0.0230112066982756
0.103921422756002
-0.0012658716254256
-0.00396566570577609
-0.020571187103835
0.0157321874571981
0.0489224677830328
-0.0967474848416096
-0.0627143802184273
0.00108078863252299
0.000555128496189082
0.0240334344533392
-0.131163745626136
0.111884707518442
-0.0256879915586785
0.058822409312943
-0.00138734361765197
0.0306932980029564
-0.0962273337264846
-0.0385205044642141
-0.0021963059596709
0.121933659381185
0.0266622681561016
-0.0432898204249402
-0.118298956304372
0.221612998591883
-0.0270491934805868
-0.0410661580905248
0.0846913112434954
0.154908358951279
-0.0300045283593011
-0.0306802353967424
-0.0790832988067824
-0.023575808939095
0.135900858047633
0.0459892289856708
0.151858178562956
0.0512178056666524
-0.0368911706758795
0.222250715513615
0.117123029227554
-0.0509944275491696
-0.0949181389733548
-0.0454020171996968
-0.0698134724230187
0.034064701514952
0.0960079563632238
0.190396798203505
0.153813503012112
0.0460357076287913
0.0701872044495971
0.0477542074615914
0.0429902501458066
0.101237897359876
0.344866982956968
0.110960766138505
0.0613128293937463
-0.0589540844894593
0.0609209557520012
0.0840939315056489
0.151516966207097
0.154253551533439
-0.00895150274555851
0.0815340133411023
0.226248046607228
0.0739560941768141
0.0152648662581099
0.133013423943445
0.0063205073783569
0.105808496353929
0.105262485842095
0.119199356485656
0.141944617073037
0.0689426564388462
0.0551814311257495
0.0989751577330797
0.0347149149897676
0.139778604191615
0.113532570157706
0.119798376843259
0.202058085646047
-0.0473167102781539
0.0881784721930235
0.177968496294673
0.247347967036941
0.0396676728699469
0.0405435006335723
0.18480275628102
-0.0130275417520503
0.203171203934538
0.0203686132295458
0.262690939644283
0.18905769460858
0.142272273109109
0.137679380079041
0.0975710135712283
0.253309034656386
0.0793287605123441
0.22138913245212
0.0214657917702929
0.250733656073002
0.226651174291005
0.119260903964514
0.0973300637822957
0.355445618950462
0.212818270372056
0.239248470948194
0.18686763088956
0.0851173620556145
0.0516574871856389
0.118761242988834
0.0418030241942243
0.264901301830819
0.283595321315865
-0.0317790284250059
0.269579861746971
0.287299417001476
0.252559457339293
0.254805492113369
0.208640804310708
0.149043676213511
0.150810785759558
0.275838155389714
0.0797881061089737
0.325988556155264
0.30614493732904
0.169904235215837
0.229749890818024
0.233394766816169
0.251462785368764
0.286053642947435
0.0884950409008982
0.207925416131014
0.265559887868215
0.276593494585502
0.402724999897063
0.246630773363371
0.230627583095735
0.275028301328483
0.22002526930066
0.141057628650465
0.260924780185945
0.28020727965217
0.0618013050386739
0.196009723899143
0.230294512227766
0.401170872131716
0.186453905946166
0.386658379257047
0.381367208774872
0.265100647480863
0.166571883114903
0.278205312536347
0.237435288214452
0.348243062669039
0.187307228846627
0.386975841853674
0.437952464302698
0.276885725387974
0.266222159884528
0.233857566868792
0.220930198237914
0.390189760091774
0.445501151678064
0.326608769396988
0.208123497610293
0.148475539284369
0.454373481043678
0.293588423348517
0.225426094231978
0.32194553843527
0.246151778313804
0.387667940413813
0.262688333622362
0.261258075125369
0.249206844534488
0.252687453692279
0.394900429893442
0.295774085205372
0.462704677483942
0.286301923716049
0.370130957174933
0.35929284248693
0.384368118746796
0.302303156776069
0.253721683114108
0.421659675215013
0.307821145174089
0.456912815001126
0.326055126580686
0.438282667504697
0.32434997627074
0.283778262635231
0.358596944670541
0.475813171792498
0.450324915650084
0.393021465324883
0.350703561801603
0.3390948028788
0.323863836411342
0.169019593112416
0.429437713275387
0.171198783632293
0.204676035020147
0.449204315663995
0.44351759212321
0.417592622402894
0.347543705383883
0.358947219000723
0.345491682834028
0.373625318115241
0.375614907361809
0.342062043109741
0.338315146648049
0.366630225629964
0.339312753736731
0.291823870041924
0.384037027596316
0.440965502628241
0.379191815740921
0.410380605277623
0.342182154489767
0.350597283267775
0.294400448491348
0.242521158496086
0.55570831942955
0.479407460626548
0.343747845168646
0.429272367387691
0.508128569317468
0.445215392968066
0.459189437226676
0.336258100715343
0.329666453627526
0.423103161536597
0.359400925117946
0.329811691518946
0.400494844497121
0.301062600713923
0.428137342266068
0.521900402432862
0.46935031484227
0.460201135173172
0.481140219308883
0.53689646334055
0.454018503040293
0.501528333054267
0.403013949239821
0.626147161150793
0.355453406439441
0.560125836438169
0.426163923995209
0.415982226647626
0.528454161701231
0.430840371343627
0.540995226083903
0.498217983729582
0.324193186398349
0.357677927644392
0.398663265790233
0.384655879060985
0.576238598978522
0.632260002547258
0.66886470380308
0.464997835412562
0.468202210940786
0.595751019701669
0.496693228988881
0.42134409818984
0.476294904676416
0.449531129713533
0.552223382397278
0.501889140921372
0.612488731368916
0.353329820231016
0.617218865685214
0.568698866391453
0.466769040772382
0.62826660713235
0.550025114787479
0.586579681705889
0.648627448155646
0.512765679403176
0.43911587748523
0.471103212387982
0.595030263209717
0.469128578655955
0.473493812112269
0.604446494468257
0.570280531471737
0.517240697328989
0.574494633622946
0.492165552898865
0.742771401784029
0.678159196377411
0.385858013134835
0.458690004099301
0.561305638987274
0.581188914325893
0.492517490628294
0.350650508472714
0.46245223652327
0.570032003151277
0.584269619659786
0.603967389864082
0.462461528309329
0.702421287816028
0.646996765996527
0.577297831475196
0.570121297404111
0.698041953563212
0.418861151632357
0.362184389260406
0.54010922403371
0.535266067543104
0.524075544536636
0.480774418381863
0.443710257747895
0.566087222864352
0.588053167910962
0.832270691095521
0.656431684924622
0.581876746421209
0.628364214137144
0.714702076095593
0.640011687623559
0.673880160459987
0.654424392060297
0.58563920660331
0.57331294376145
0.570757673349174
0.677371735245013
0.521687432543507
0.678700753555102
0.680408529411096
0.680519433927896
0.735731469818867
0.57594023508593
0.687392007602433
0.607723308902355
0.655940020010057
0.582429125985907
0.741862588100238
0.831962264538091
0.812005198363647
0.646672473527519
0.610704782561222
0.656140339915877
0.813231696712758
0.650700468943688
0.724207781697373
0.694572355939004
0.661765400225616
0.583349851512163
0.608400816336378
0.651614279077169
0.575722680419404
0.783245332804348
0.578694491719327
0.62154309323306
0.481378928471348
0.611609171691014
0.647046914029643
0.504709441616634
0.663821593499472
0.663948866624487
0.725913598134691
0.620292304685398
0.743463898476056
0.664102411714856
0.53457971257069
0.625561832433306
0.760932897269531
0.79197021668329
0.81437367956773
0.724454128075337
0.71994714519458
0.775316255572469
0.611210628428912
0.607460395530633
0.767044019975472
0.739572958540264
0.726744848524805
0.761724904521952
0.789105491269279
0.681193373902279
0.799927808262365
0.7898889956034
0.678552480622377
0.645301461872169
0.665676723393792
0.705243674919278
0.852415775200119
0.866739900038983
0.585900044316278
0.707062625429549
0.878111233941566
0.7823721369224
0.815710090490741
0.672763075941795
0.876460699435646
0.780485357930512
0.807676079475269
0.745087482567173
0.795496871246084
0.906593101347059
0.647234366265832
0.82159177855448
0.806505452615483
0.787199741055648
0.722756293347222
0.773428322510582
0.887322195429405
0.798264296713582
0.810686262883999
0.781366931606299
0.771775039157131
0.769774378897905
0.770467380713235
0.862743030193043
0.706348632766624
0.596971138673084
0.951433790677853
0.695081641201098
0.90057230445907
0.859687904740912
0.869528234736966
0.714716934229033
0.839552498454503
0.897869849186765
0.747954689281972
0.801790096892211
0.827467291487659
0.901633596967306
1.01596163971667
0.833855948689544
0.648864648775468
0.773450100969112
0.817957075584868
0.924294137917784
0.780075188415862
0.840392135891778
0.84983459708256
0.846057348656496
0.687118108170112
0.882344307098515
0.825328942234719
0.959996604820777
0.886494829876859
0.729642412997699
0.986048180096326
0.859883531287962
0.818902449194449
0.740989567731558
0.839198773511184
0.786648560727614
0.859940008928999
0.957836413321525
0.86345932378477
1.06291003141313
0.863898542746278
0.88216890042037
0.679457392386869
0.970220026515307
0.955670375846523
0.953805545894637
0.86485011931329
0.936803649624578
0.853853633593005
0.808916520481614
0.823580287052147
1.0302460294271
0.932121325492497
0.868749534354811
0.891127052922265
0.872867296676118
0.907929803449889
0.952244446510098
0.927846596032016
1.02253799893112
0.998205864658413
0.895449620469433
0.802535906717327
0.833995905997483
0.891226603537779
1.02210955336328
0.946591046885672
1.00397659782942
1.04707023555663
0.986917744868153
0.897987841446711
0.828056922447907
0.890619580648843
1.01882696385806
0.871384719364042
0.918229569466532
0.964273158392191
0.902962247222753
0.8544602210561
1.08025792054548
0.90707985131433
0.76722206433261
0.906012093034972
0.861130056885548
1.00126785249334
1.02319653982543
1.0649556707353
0.947265080293332
1.03115092505605
1.10105593659323
0.974213022657194
1.06296180109951
0.993066168747365
1.08069893478625
0.969558953770106
1.01219432355861
1.0067886346824
0.921253652001854
0.940976399351332
1.1253032557256
