"x"
-0.94405412355571
-1.00321292464167
-1.13670873379386
-1.11453918249571
-1.06514958019808
-1.02957608914387
-0.925855286150793
-0.885763952971881
-1.04491187405213
-0.971410668382894
-0.949746219701268
-1.10349239635752
-0.920244190827939
-0.844903399134788
-0.803263826666534
-1.03544924412948
-1.06964447134721
-0.930075514845958
-0.993972825156175
-0.809667719204278
-0.838471737680957
-0.906587553133058
-0.944004143897681
-0.965270745736407
-0.839295978042735
-1.09131763356608
-0.97250695825708
-1.10518415769828
-0.95285588661583
-1.02988771217188
-0.923108275144386
-0.875821112337105
-0.96722667253702
-1.01645400942322
-0.870148843287384
-0.980437265468421
-0.881007731878344
-1.08379237116732
-0.863506785684079
-0.91430750698516
-0.9641413834819
-1.05856702349971
-0.958019306218213
-0.976296274149595
-0.887305463011687
-0.946878525679787
-0.908023582192802
-0.66807846089554
-0.891693594411369
-0.944138805452191
-0.991906922804807
-0.90175000186554
-0.820446010474156
-0.815557240675116
-0.90364259027461
-0.924204661550802
-0.822265526134043
-0.901192236547465
-0.874925626855378
-0.797190390821046
-0.855621110836488
-1.02906858905662
-0.874091266092591
-0.82492170209686
-0.916229360214778
-0.885093255540931
-0.806970332143352
-0.888986836109619
-0.849294252923973
-0.954528219698709
-0.70734158815226
-0.734859476039668
-1.00697720376905
-0.904987400283635
-0.78305964448846
-0.862866498854392
-0.956437001945624
-0.725134132458965
-0.879314840063699
-0.788893367793564
-0.829086114320442
-0.771844171506212
-0.982973166659124
-0.745826704250268
-1.01960347284341
-0.824973749571275
-1.00130764137339
-0.835648237626501
-0.742129105887939
-0.745971759786281
-0.77296451471025
-0.808286628722965
-0.836024956523082
-0.819157462095554
-0.789997830159265
-0.812169742680879
-0.774208060880019
-0.682441601245269
-0.90890052438079
-0.739078921218734
-0.746372233963728
-0.806344018894626
-0.588930370955519
-0.667304264797935
-0.763886109668333
-0.786781218505019
-0.729390087454259
-0.704695049284096
-0.828417436330291
-0.736644758771955
-0.599518053464821
-0.830273005189282
-0.845608555684576
-0.789813000542157
-0.843167981293428
-0.850763749354728
-0.760117240440299
-0.774357608612052
-0.60090126567474
-0.773374100248251
-0.643597672035785
-0.885325178760396
-0.817328025816722
-0.84875613954355
-0.850766798472932
-0.684304931581723
-0.877373421713344
-0.7588797976255
-0.799847170810194
-0.673004175168958
-0.696805486345737
-0.742245669350448
-0.668403861092702
-0.839560134201228
-0.722598887736882
-0.764256644029252
-0.694528939475523
-0.816987096353571
-0.653963225400118
-0.646645497517552
-0.63999554348029
-0.574839095025023
-0.886471053976575
-0.532867306990689
-0.656307246797163
-0.772186709183335
-0.777171925992842
-0.69721110742618
-0.663359028456104
-0.630618395771124
-0.564066551495411
-0.599119248097606
-0.649331352005179
-0.762076866113181
-0.742771283567568
-0.629942106233749
-0.711217708442128
-0.618485738151539
-0.676785731677469
-0.665706587161838
-0.77834601334993
-0.627996688454222
-0.651851461764048
-0.561879922042271
-0.58259456913763
-0.748054186054903
-0.755883322380971
-0.628614090183833
-0.750097054888151
-0.735618144805619
-0.578135360963195
-0.621835284346615
-0.542902803311186
-0.693494670678396
-0.699668221174376
-0.632757296300812
-0.705758912047126
-0.639135264046202
-0.818347548681043
-0.657658571047608
-0.717417207769021
-0.619536240347256
-0.629872654181129
-0.694798675808672
-0.679082300863177
-0.601800999395336
-0.61758741811001
-0.58384503556013
-0.621656635244938
-0.755352054512217
-0.629725893268719
-0.748238332041343
-0.518430022793684
-0.640491229474365
-0.659484671987611
-0.600757146347882
-0.664232171526974
-0.575296710414131
-0.637833651673265
-0.674009071164412
-0.708229490138606
-0.518480176126716
-0.559419009291869
-0.529716098593682
-0.661044370360753
-0.652334937440168
-0.368846877040353
-0.609490044819677
-0.492363396765806
-0.324320018559832
-0.514421719012628
-0.520956579273924
-0.654704285075043
-0.544064243071802
-0.619495286244133
-0.536968745519994
-0.33807905417576
-0.495881957735409
-0.71552722418047
-0.705663973166436
-0.625169191181042
-0.599723300320397
-0.410247245335477
-0.812847603503686
-0.706194009491726
-0.611579409887736
-0.472300218528245
-0.516786430622036
-0.383368773664885
-0.568124959417786
-0.658420895774942
-0.661417913980133
-0.614005225697736
-0.602650166538466
-0.534254253556183
-0.452356821074435
-0.707496505663859
-0.451380857215312
-0.554624002781695
-0.476631048090645
-0.538293113616319
-0.573937734799091
-0.491515503523979
-0.587047328861527
-0.589261592196401
-0.35321174799905
-0.524712046597474
-0.437217845883774
-0.428766867038969
-0.652130719769785
-0.393550589099341
-0.471920878937071
-0.424035880003013
-0.370744582244154
-0.617260386408935
-0.485557900263308
-0.487249765723226
-0.483802123256987
-0.46054831883541
-0.386663401786979
-0.585499552387262
-0.53032592347094
-0.251901458204781
-0.54845211577206
-0.617294529526867
-0.587726893171132
-0.440623637346723
-0.533901575457743
-0.538144892623523
-0.471238798247649
-0.473459759164404
-0.350301927510614
-0.408241231497906
-0.399746591826862
-0.440906334735346
-0.669265024128403
-0.436143213971251
-0.464139814589418
-0.426265570655866
-0.467526110332775
-0.414317891360769
-0.447441465981747
-0.513845898627524
-0.421516055585039
-0.464898517080213
-0.49484301278519
-0.389885094004883
-0.398777525178877
-0.363098738879451
-0.626473606391843
-0.462767072389564
-0.398273873284657
-0.613536058078398
-0.447488991930508
-0.398139123418199
-0.447209903519436
-0.450056559056477
-0.450480486064495
-0.335827607617969
-0.547816813667416
-0.465682281979521
-0.46350441976395
-0.337895133672034
-0.411170105651027
-0.246656083379118
-0.381823837420018
-0.545490116499319
-0.196957899354094
-0.343023158260438
-0.319541350414403
-0.341584264199294
-0.334443826128276
-0.383451458526306
-0.244606875672608
-0.414546899005703
-0.364839197070955
-0.341933714183299
-0.165334117376629
-0.457749583910072
-0.409801864041112
-0.290750140110001
-0.381327123678101
-0.330043756910688
-0.436439870619458
-0.418628702195272
-0.413106077423297
-0.186537420689467
-0.297213191408106
-0.36996142893291
-0.471339435189778
-0.184472236641054
-0.216559078380112
-0.295068130361432
-0.28992663835288
-0.286236328412836
-0.358220598695788
-0.274520174260273
-0.273059035515684
-0.333635034382503
-0.231346333400699
-0.304227138104123
-0.258362831423471
-0.361962847899822
-0.224229555641672
-0.329635847213995
-0.34434790109192
-0.275309863068818
-0.379138669084081
-0.278222001900974
-0.402476838034798
-0.205247675757904
-0.297480607814716
-0.302287960057072
-0.166014110055729
-0.41077496554479
-0.297281106767773
-0.250694881464501
-0.329020641956716
-0.247901974846432
-0.286601756648002
-0.2586730892275
-0.380724743745634
-0.288708555264285
-0.129562961393459
-0.181694447156558
-0.267129664280446
-0.314952391859832
-0.217936479830796
-0.20758385520743
-0.298146887925053
-0.224793803685234
-0.281923195441939
-0.143171391350828
-0.150572369002786
-0.276785890835537
-0.31014752530061
-0.163188683463482
-0.337012929446247
-0.167338254062256
-0.231485256112598
-0.248906703545923
-0.30178279662785
-0.161625580891049
-0.188300657229938
-0.180487194384484
-0.243581590384508
-0.282748885529423
-0.246082239089945
-0.254320569903278
-0.177630088274284
-0.29244410557636
-0.161385075909073
-0.232017563521959
-0.256310328733845
-0.259396065921925
-0.253973443110832
-0.0503814167741049
-0.308828349286697
-0.250267607602257
-0.013556117773592
-0.139038582503555
-0.322367807444868
-0.0628170788737631
-0.153779711513471
-0.280050966597332
-0.279153146264138
0.01718730789116
-0.319890673720995
-0.209950361317898
-0.0776546638987843
-0.19558464701488
-0.103406552904761
-0.196507685395756
-0.187380872175976
-0.132056386848589
-0.139575005341454
0.116433138931717
-0.023701381355526
-0.0815250248932001
-0.160039307670341
-0.134041320363386
-0.143191938999775
-0.146948476720099
-0.118973071819626
-0.137881634691439
-0.19655173329337
0.0113075911222476
-0.0440271989474249
-0.0501944065158968
-0.192219269803291
-0.232252203349697
-0.174585787021069
-0.106999068100761
-0.0642831331219694
-0.12170484690957
-0.121905505373993
0.0280381613849336
-0.0586190142214076
-0.119468685959971
-0.109733271946041
-0.0949057825485875
-0.199350849420227
-0.259735227443311
-0.187072740638803
-0.165594281955088
-0.198121304520835
-0.137372014927992
-0.278567869910949
-0.190717829639234
-0.149708421642206
0.0668493769603096
-0.0685278591704898
-0.0395723322143062
-0.138059854420381
-0.039796871836906
-0.143569963433619
0.00246349884555403
-0.118720363678959
-0.127111399024522
-0.170044718463898
-0.0755912963713629
-0.014183364777536
-0.0873836889995852
-0.0414880188232068
-0.152745332872698
-0.185737134105984
-0.134391504521797
0.00838342851762504
-0.0278851303395973
0.0285468433604391
-0.0835273094083054
-0.131382697441159
-0.0314894362091943
-0.0178267395111813
-0.318183624507848
-0.126972596678645
-0.241659712146798
0.0379710629027565
-0.0519685275899787
-0.0272759122564549
-0.00741273428300025
-0.0864151931417014
0.0547121401042974
0.0307863338423125
-0.0669337507305457
0.000211911025044651
-0.18348455914271
-0.0195753228731769
-0.0818461863659976
-0.188217351946509
0.0124159882889532
0.135672792568426
-0.0172949998178492
-0.138481836441397
0.047616602331971
-0.111940081128932
-0.172479850852937
0.022920877173498
0.0103775051143924
0.0205774885032833
-0.0306402636318666
-0.0319811298128109
0.0255607475163538
-0.0586309653809439
-0.0706649353021017
0.207788301602682
-0.153375936583889
-0.0488048416740095
-0.0303699332589159
0.041503676224545
0.034175273516453
-0.0638073246216764
0.0272289801515573
-0.108477886024178
-0.021230406122261
-0.00957343859523879
0.0767431899224524
-0.0167299215287119
-0.00778735303277399
0.174640433701645
-0.0861989914298227
-0.0251612447065555
0.0123593380191751
-0.0839422994679891
0.0114465891890952
-0.0447422086818327
0.199595146519858
0.0831893938762059
0.0792397770637591
0.204663930764752
0.0410751812029931
0.0257059195923832
0.150020965553222
0.150029494169616
0.105272249598418
0.204404103680627
0.120166215939767
0.0481542343795979
0.188089308109415
0.117693493268309
-0.0535738156180013
0.12332470462131
0.0889319293381481
0.0372063068505804
0.0200902333052469
0.0947200886680122
0.0839653172378355
0.127104170321064
-0.0176087813172131
0.0812435671659074
-0.0127175318643521
0.20881060187696
0.086119488192957
0.140319498393957
0.177776783716787
0.0539196489143771
0.130896091011662
0.149245268325074
0.136863484430974
0.207966694511706
-0.0246132062120943
0.0124152805768723
0.053681875636089
0.0415719451493975
0.368855755121976
0.248704531423032
0.240209106724116
0.0324769113003813
0.181804168411849
0.0102343747698157
0.137993576697268
0.267750106926926
-0.0291601825394389
0.0133172934766622
0.105638639638881
0.197655512537278
0.140246269581364
0.133503696307172
0.204470750059434
0.24432398439709
0.199822877837334
0.21761829200616
0.0563304081501607
0.192379537525411
0.0852068369460406
-0.0114267092419904
0.140028041579505
0.100177299226155
0.198853903612371
0.273455297263941
0.205509841410259
0.179868511046942
0.254335600426084
0.180719919353756
0.169208728855444
0.193979607835237
0.235077825092387
0.210734347353884
0.148072943976733
0.129865191688032
0.209701260974767
0.235738230239522
0.224178996629903
0.367856080918248
0.229107762682284
0.0175071058075291
0.222670301494683
0.208847922411698
0.365287067948393
0.136320781635469
0.228594169889059
0.270376146042289
0.1496584163862
0.386667468771287
0.286330463225731
0.218941064371435
0.256066405011428
0.145774440274245
0.292346565386028
0.446769008534533
0.349683957926529
0.161282159304086
0.256224672651992
0.214651065894652
0.332894651591704
0.275817869727196
0.384740313643618
0.164723958386664
0.309989203928582
0.342657727006745
0.19442581196608
0.204628889677479
0.275963041468889
0.341464570457413
0.232071483933132
0.419636036227745
0.297700048704952
0.429547331771555
0.256550933956319
0.258622584608055
0.28325025825078
0.297887958167601
0.221494050190451
0.247137946181968
0.210985813569621
0.374953095634299
0.39477571319872
0.354365901388641
0.226374064704013
0.446828626225611
0.535772850491251
0.39305071830952
0.356509303153951
0.361704309016848
0.0948207095009465
0.356989485513715
0.402013275517149
0.165841790862565
0.440755870313467
0.338457600467312
0.348418940140051
0.387928628000645
0.311656827872057
0.411907094805255
0.289962041461885
0.347060756693548
0.28493904818314
0.30656176816314
0.405386403413753
0.316225704373293
0.378581637552805
0.360820078589642
0.278600000674866
0.422130822935164
0.323534273943976
0.268468952559898
0.325725474660746
0.34364105738451
0.398584061471118
0.481645779363311
0.321654538146957
0.394455280664712
0.389287187738055
0.495333355156096
0.424888785875325
0.382839015355969
0.371976139549993
0.411673678561424
0.378835522868931
0.377571276773465
0.480734741287078
0.294154845731915
0.48663276178268
0.41080752348472
0.376616247239326
0.360632779905908
0.361880208550754
0.458149751536761
0.439948419025481
0.502252892119013
0.341772342015052
0.252512577758192
0.365979624004225
0.608659208878292
0.365098276889806
0.538614064598816
0.357084850389463
0.315794361814632
0.336362667780324
0.44779714305892
0.400133214993001
0.378330139179399
0.357289901703325
0.458348176398036
0.464070978509575
0.645890774744126
0.482452612576446
0.495483422583795
0.471682692278969
0.389517699645937
0.503742491074017
0.430301010365867
0.376106473633493
0.557273688570678
0.61416284175105
0.26983841792624
0.509977404912875
0.459155730613227
0.622410100128466
0.338536308780911
0.429938267734095
0.56669087178047
0.463537755354789
0.525077662986247
0.497367262217627
0.39177938813302
0.553905448205014
0.526068656947977
0.548428636933731
0.278258870339474
0.431758437965356
0.427330914800447
0.329812956943816
0.582188889358837
0.409301818563031
0.477292598107214
0.545129786573503
0.420404911764686
0.35199880097962
0.579812420718027
0.460290582066043
0.39178686895312
0.541575479848908
0.483208960823973
0.473208984178706
0.33941731364458
0.473419162022724
0.57411177673712
0.504290851831306
0.529063356089848
0.515593817364997
0.44490818416001
0.455965465780778
0.575293927499868
0.440011769812009
0.539472123774778
0.545604675235471
0.594342406330955
0.48590805841203
0.499723157574964
0.48144040771295
0.3921435413966
0.529153573460997
0.558228724235239
0.650498712065263
0.666862883140228
0.590354849414668
0.363885826794856
0.556754858425654
0.511051620557166
0.601116237273059
0.466917842029543
0.457016570395055
0.600174620081242
0.553555050566805
0.429209966789991
0.56415639676762
0.504070965008533
0.636045096546534
0.561180757011843
0.471883893992612
0.735564335615826
0.63046797107787
0.621418966279193
0.571506008405237
0.622652160770396
0.509870146803897
0.586675593735497
0.446441669794203
0.661716892805144
0.562358492693673
0.567603036536707
0.631721262550582
0.792736335753249
0.626626388558132
0.704602752581499
0.560417388305014
0.568008253587304
0.662335554109848
0.646582916501295
0.75648326223196
0.720063788420575
0.584046836734117
0.643902811661053
0.720746477501214
0.51810111114907
0.656782372923176
0.55386756253471
0.594998881746681
0.534937125247335
0.533884410479226
0.636449855887247
0.520361933574962
0.642799462939099
0.789149591925143
0.574268267195299
0.733715544636684
0.773222746413067
0.671702188311004
0.673573437620159
0.617652661398009
0.594775164073039
0.649168876166292
0.797898418576321
0.665107874479953
0.554884576948288
0.683544637542204
0.592481101172367
0.523782373199094
0.639861487013964
0.609482306214811
0.751332187190895
0.699804092827973
0.613333494931863
0.544281616793409
0.621938564822258
0.695536322409803
0.672121286226484
0.733109284965864
0.676988342644179
0.725187766779656
0.860058468349723
0.832790375157492
0.559223003932103
0.796669677185772
0.728031779759369
0.807685215080184
0.63977346630857
0.692021618014334
0.760600583065327
0.735097679392194
0.753048900081385
0.726661932478624
0.687860685908085
0.711451508992392
0.775000430738722
0.718719092731508
0.690502136521893
0.727551491289684
0.637106590455793
0.721028399619877
0.751858487256903
0.690880122204955
0.680448029732122
0.653100708773362
0.828951549231627
0.686623921563266
0.658767557088302
0.72025578195604
0.605526264232162
0.661572233270033
0.755048025955676
0.742642434253887
0.766750723430962
0.649789970551523
0.655326899562886
0.629051311062728
0.764887011650987
0.718820963891022
0.863485771524544
0.781974495142091
0.74453503884044
0.883651975860323
0.678445892784279
0.748419404958562
0.777447384952756
0.78017334692392
0.777906372049424
0.888893678326698
0.768465846044018
0.823040411076152
0.743788035057268
0.816025679373541
0.976582194862209
0.916221751792738
0.84870320923204
0.844309944967234
0.926075832562025
0.774576578782192
0.796663234647232
0.793289732147807
0.825517019876634
0.934323605918788
0.777234592505866
0.802338021376375
0.823802614291998
1.01545686706696
0.624375284371642
0.844907437167865
0.778378846981121
0.854877528417257
0.82627624151374
0.845263209774662
0.776916020773439
0.934983741685241
0.611144406626485
0.936056444245116
0.871062074765908
0.661619555064835
0.893500352746669
0.920141144336963
0.928278502453734
0.869425746394878
0.942184417058662
0.76867461975987
0.810824437611378
0.874711835794114
0.995869577131705
0.902838985303654
0.851145150748377
1.0058497335583
0.83300585327561
0.782259691395488
0.958670162907904
0.970647947072047
0.837534423649741
0.840340540489348
0.901467845077904
0.981119430057342
0.935104183959152
1.01710077338923
0.990756931151723
1.00985853300542
0.927259185202951
0.83836557771299
0.917378545987858
0.964828539563793
1.04400062444538
0.92634795749552
0.924608185958386
0.969156547026865
0.932594995329782
1.00314501252642
1.05760630587735
0.9210077362194
0.916864639474355
0.830371776390192
1.02306186290281
0.991452945906534
0.941857302996705
0.894198551670443
1.04589435880659
0.9692416146995
0.974195284921558
0.914429478038888
0.94683532747841
0.872150163473245
0.941408480892546
1.04891214315245
1.03961105509458
0.846998887949953
1.04820185019815
0.994157656216814
0.838310231367766
0.93838530892624
0.916222929569201
1.10684699801037
0.949724857837369
1.0956587978937
1.03729121012796
0.905242296062142
0.800962698344199
1.00448836574927
1.10371684068332
1.10995212736647
1.05853984678526
0.912010064984563
1.07764202815647
1.01901581158412
0.991880949554939
