"x"
-0.934349136661252
-0.839723864078105
-1.08286162476527
-0.857222628429667
-0.880779731039566
-1.04910872172082
-1.09830551899804
-0.934917878295885
-0.928916123779319
-0.903789428481947
-1.00368166872394
-0.995223418955348
-0.949203401947173
-1.17353519150429
-1.03561080854934
-1.01954388483821
-1.00090386299857
-1.01995693394982
-1.03750317694311
-1.01484480440032
-0.971919074792106
-0.842052361060598
-0.976150473146087
-0.848559270497759
-1.0135161780167
-0.939132473018928
-1.07440745803163
-1.0211475738845
-0.979600579886226
-0.882828981104637
-0.963923565870108
-0.829833893490646
-0.890403677642858
-0.909160253676124
-0.786813301928257
-0.863899979042438
-0.733252791350783
-1.00420093236158
-0.882899976356185
-0.906875811251055
-0.888045816475265
-0.879272082979088
-0.887229040827144
-0.902689696456981
-0.830492529129307
-0.815660218536426
-0.906931589864803
-0.960427787691301
-1.00275540372522
-0.780644328540872
-0.878329915511773
-0.886689385290979
-0.74029861031849
-0.84727844040656
-0.837836134712027
-0.97788845065312
-0.887309631298863
-0.998249725278368
-0.828801502491141
-0.898625809468386
-0.783375036743456
-0.901310402868448
-0.832130575568566
-0.922309836046094
-0.956262062317222
-0.924096942359889
-0.840906608237544
-0.920237630291795
-0.900223655480257
-0.894161221255996
-0.781076401636706
-0.817855042439598
-0.957773908382011
-0.817604063892812
-0.753469700696294
-0.839099914697735
-0.813584147650387
-0.779404895998513
-0.708865488966935
-0.855827527780901
-0.826784465004436
-0.709948963086407
-0.922865795376102
-0.777288162761624
-0.810082859190165
-0.866829003892696
-0.869069653592967
-0.84582115064258
-0.819302243922548
-0.852536527224197
-0.716258266966387
-0.884809529349502
-0.896879464526151
-0.700362247746503
-0.868695808026956
-0.756077967454059
-0.766098524937096
-0.679325729983646
-0.739000853972356
-0.876627987941175
-0.823269070699961
-1.06162722163135
-0.733943501119143
-0.779083878662862
-0.54188240814316
-0.759711466555135
-0.851853882179307
-0.818336187604013
-0.752809953907109
-0.820352214434357
-0.735039151870528
-0.797810309185022
-0.781833409673364
-0.70092882288882
-0.801520203969715
-0.820331727221125
-0.740810434213373
-0.77101689274259
-0.651945529394222
-0.846424850944744
-0.614892220832745
-0.839158325373611
-0.887499486085614
-0.671970498060298
-0.884749979037992
-0.765337371496826
-0.793286197328916
-0.621912852800857
-0.886230921841534
-0.647010657362338
-0.705525523720324
-0.676289260687806
-0.68442090938317
-0.684985819898951
-0.688007044187107
-0.680306859607411
-0.726435434467533
-0.786193000213275
-0.685076450934645
-0.863245653818925
-0.770632305714481
-0.76302150541682
-0.712595827188345
-0.812858370549711
-0.686234396279335
-0.435307746543808
-0.683627107961292
-0.754154440013909
-0.78889138404538
-0.673285235777926
-0.762737920708439
-0.620183101213974
-0.749204196724713
-0.692967576055194
-0.744748245154127
-0.687789191339123
-0.7320576279711
-0.700640496470507
-0.773478299086024
-0.765107368226618
-0.740053679292845
-0.743276434601255
-0.590954315128201
-0.650686341535287
-0.559235654191237
-0.760867474063396
-0.594486169577339
-0.668559852641504
-0.640103387790805
-0.644441024588703
-0.639405831497028
-0.704203802740325
-0.670443027421359
-0.71920880108996
-0.735505448361197
-0.627669302767321
-0.669398377847372
-0.5815780243039
-0.738201601276951
-0.664559570373723
-0.786642336498097
-0.651467953341393
-0.688603177460275
-0.554926601397439
-0.70558052938438
-0.651050912191645
-0.618495404195338
-0.523345030826675
-0.652630285921664
-0.555725687180023
-0.572569954327937
-0.490748551853597
-0.596669019504142
-0.458001791813292
-0.688580960627253
-0.546028537317473
-0.617334972079096
-0.685218322283412
-0.531456683572537
-0.533695640650297
-0.56476417004648
-0.540995607624693
-0.684360797384157
-0.612341874419904
-0.625275176995329
-0.661088504777829
-0.536624361784626
-0.679407465928794
-0.711674894626376
-0.550164171321607
-0.556359388003767
-0.578913142885157
-0.446682633724039
-0.523037675849831
-0.581205336345256
-0.452930722698709
-0.630378855450517
-0.512910071845983
-0.607393813277504
-0.483419136063221
-0.682755283419338
-0.570804572079886
-0.660085953094448
-0.47528722344794
-0.509996393801506
-0.596024337318811
-0.583153891353433
-0.503993890792823
-0.620501419390626
-0.557205752358723
-0.572568705789468
-0.509507243345785
-0.387195172432244
-0.528610381734643
-0.534757719689574
-0.517186775013814
-0.416307039264411
-0.496772285630698
-0.523054201856672
-0.449379533269726
-0.515843490005499
-0.55383100484556
-0.50030568994884
-0.651018577356648
-0.533062503515793
-0.481670528941569
-0.556923506142983
-0.493942696309716
-0.558824396363565
-0.431226608370007
-0.570008812692561
-0.463221643418796
-0.416550234082718
-0.321277713079884
-0.586301389075399
-0.398633626937276
-0.504878557840379
-0.56926735060261
-0.466264474294203
-0.455053712871582
-0.504089593223385
-0.514286832153256
-0.334560899327236
-0.638387572760552
-0.548415955205568
-0.477537472870599
-0.547912821347773
-0.406818311171244
-0.510957497267916
-0.373883110763863
-0.382694672781797
-0.550497386152438
-0.546676777904225
-0.353010188096982
-0.386492460644026
-0.527588706029818
-0.470254829063641
-0.427627824072091
-0.346930285816425
-0.485492129859055
-0.408760375647212
-0.30406310211271
-0.423253446263589
-0.416133876190326
-0.436997536805152
-0.424391427781218
-0.497857832184972
-0.486668725687512
-0.497452747050355
-0.397303976736721
-0.537250060502147
-0.437538686071841
-0.278539786677046
-0.536033824789874
-0.437466072588559
-0.416095797913229
-0.508727737682643
-0.296294742289823
-0.489835464528385
-0.434444894116829
-0.415804989367551
-0.475757299564306
-0.473988350505466
-0.352676644825538
-0.447001761372615
-0.420793099886694
-0.495545588625517
-0.446499096050226
-0.377676671525951
-0.514700497533575
-0.428170369687678
-0.374958184017858
-0.474007384838118
-0.400645843123542
-0.611036080318092
-0.333779105145203
-0.253463393649849
-0.307520926024243
-0.350057889729212
-0.491235530429579
-0.340255779023605
-0.328510216051661
-0.430134457459972
-0.254340299766329
-0.435915114245401
-0.340172827789852
-0.444802786804438
-0.342126831115011
-0.206799755616357
-0.274335970433201
-0.316070922345065
-0.36494402998659
-0.33170269694287
-0.425405262542133
-0.261171095843581
-0.378658416188823
-0.322312960014366
-0.28555430120345
-0.354881623237955
-0.328328008887718
-0.296155816915589
-0.366901129546018
-0.232795268234289
-0.20213699360629
-0.277171066226196
-0.386246911590933
-0.189224848504906
-0.262651899407732
-0.41217110070171
-0.314818457143668
-0.268204098772788
-0.341062316372046
-0.350271236255622
-0.324485877997029
-0.160098954268686
-0.215353100588402
-0.164991393546091
-0.136772086633822
-0.218153760855189
-0.475657683694284
-0.328586409868075
-0.197300417717823
-0.283783161505302
-0.292526715809596
-0.311583616987279
-0.257317149697581
-0.277270529903248
-0.109309767817423
-0.16438437301264
-0.210245890735012
-0.424966923679673
-0.252820439158945
-0.112723918618917
-0.261577520984524
-0.368730176109323
-0.234474359857372
-0.426060194617421
-0.174710006665867
-0.26948278333229
-0.0823675390122174
-0.111868929835553
-0.163638899791521
-0.232716923097273
-0.217004274037297
-0.233247034443412
-0.332702421091327
-0.223513297336898
-0.146340463136695
-0.0951152079690534
-0.255164684915684
-0.15459714998053
-0.219397248653989
0.010041315538117
-0.320639987306994
-0.122721533062428
-0.230158888504576
-0.091589201916225
-0.106556973490881
-0.183945160328375
-0.0497443319526369
-0.231288668534968
-0.299667793943121
-0.251285276494208
-0.109533751928233
-0.149592739438665
-0.119184300031173
-0.123760616829428
-0.130542391878462
-0.352195894908575
-0.232318346467456
-0.250608094848462
-0.243116150380537
-0.0638059835183495
-0.133783952696716
-0.235100029856722
-0.0775113028142232
-0.12124989919794
-0.0989805905593518
-0.20549186017443
-0.163210804356368
-0.209618585437244
-0.316661727561826
-0.245906268289838
-0.17948099878523
-0.302081820400719
-0.11032421676763
-0.0760713385748207
-0.129902298315752
-0.0502780969367101
-0.135983458996715
-0.191458714569233
-0.0979383054979474
-0.161507308232234
-0.0499321129274499
-0.190630016980848
-0.0987127749091444
-0.0412903253630203
-0.199638362314415
-0.151491167661543
-0.0653569592185775
-0.131816386921131
-0.106538817209649
-0.137450643464951
-0.0354622504058252
-0.0404547942782303
-0.0964847201107824
-0.226140680359083
-0.029983652751351
-0.0462145202995995
0.0152822234901962
-0.125764946821486
-0.0404514114801064
-0.089314201071512
-0.0969844400011334
-0.131637775458985
-0.115020992575403
-0.202496368635481
0.0857902631022516
-0.0446133706223692
-0.00879275143588491
-0.121372189053898
0.00273451154702004
0.0926005873080952
-0.018303960839813
-0.0762001034428074
0.00834154358042041
0.0585120534171742
-0.104708915021073
-0.162670473306863
-0.0361606317571853
-0.202797917744571
-0.011766019635065
-0.114524414544058
-0.0265650997623997
-0.0265920706649798
-0.0654663327693169
-0.0331262497931026
0.12601788396543
0.0495275587257928
-0.0845387504572989
-0.058229428717155
-0.0393931069400383
-0.118233151027775
-0.0122394070317484
-0.104372034291517
-0.0930148787394364
-0.0343584146892477
-0.138821652126844
-0.0736556332559869
-0.173571631031105
0.026641695965572
-0.0752479387498283
-0.0373497991630133
0.02034142487744
0.0738085894304137
-0.0418343738260924
0.0166367961804125
0.0121018352063913
-0.0379582328493714
0.0485919793778571
-0.104487044284918
-0.077972895521762
0.0314153182518224
-0.0221476871497037
0.0222589366817616
0.0257653097470375
-0.0491958694389431
0.0190862557160939
0.224214917037327
0.0279019035197408
0.00139267811132116
0.0428700215461304
0.0399206414905292
0.0651389777845847
-0.0839603556077779
0.0986087436539544
-0.0498845457384177
0.0474890592461195
-0.0569438155958042
-0.0584123312391036
-0.028758799519418
0.112012472727991
0.285113401127849
0.0129516036737757
0.109805727855122
0.0415572305656319
0.0422222271232741
0.173184803152376
0.0870490310787245
0.063067280024271
-0.0146330108171811
0.180719285560719
-0.00552549669054935
0.201506167813627
0.0772558715409052
0.207246255344223
0.214299223638526
0.0820716346467469
0.0584995199954324
0.0857773598780943
0.0732704642992657
0.0422980829799759
0.149513138729956
0.132946314289115
0.150475298647823
0.0735096739223946
0.0992000535180884
0.0017020973235848
-0.0742253902930662
0.0964187842081481
0.144911478555629
0.078508691928666
0.107915081105254
0.224989019844861
0.163375966385283
0.0823604555761109
0.104243691574161
0.0820670706763851
-0.0199145025868666
0.151472886958299
0.126827554467482
0.163822122738084
0.0449154942095605
0.16253336084459
0.337619462736401
0.0840503228139712
0.145399341035795
-0.0119338468248767
0.0895052991418967
0.154807833921799
0.141863577378069
0.142444717531526
0.268223063464674
0.0734667924406317
0.151170592291839
0.192535584946713
0.229851432913303
0.135085503521328
0.127084933650565
0.286435429184573
0.0572144674021832
0.222126332084403
0.194139474086208
0.104713524839474
0.150712103966303
0.300332112847708
0.253054384714473
0.197493556475714
0.146914465245595
0.172628468686737
0.0616228578490834
0.135581865459975
0.118805880849474
0.215340796090932
0.221096908732738
0.214577829959774
0.144875176097313
0.248562022767142
0.225073393541643
0.220334806424732
0.272361994178499
0.207778449671247
0.184150374987512
0.148144497440346
0.227565484734764
0.202451218881956
0.227571851861871
0.265793218642791
0.163591751529061
0.119097852587315
0.212165562663039
0.169810756717629
0.208025945441936
0.233278760262654
0.274100328840367
0.161421965605693
0.213831260041137
0.122851790633244
0.153060590750172
0.265489671136432
0.191292201259398
0.241928946045031
0.266083648861796
0.373465465174237
0.474755023390796
0.27765776770874
0.204101509782195
0.215224968974042
0.210827338935547
0.224773707309802
0.220803750502326
0.169236286202954
0.320962775632447
0.107319051259604
0.355933284708917
0.417944572086803
0.207683547210874
0.256062509408773
0.177383542110972
0.395771256266961
0.244110958213437
0.184196270991997
0.300093649581871
0.291142382372982
0.142278555607173
0.297384518523629
0.330748952932084
0.394123522018015
0.174001009053785
0.3270952386671
0.434449450936748
0.288851243743253
0.265327176861185
0.353238327075256
0.155887776459183
0.429284579197513
0.373552192096133
0.331404362463792
0.481322120705712
0.420101158689824
0.276918932422949
0.308416367003643
0.355158448928843
0.190058268775661
0.384551407574258
0.238507791007018
0.283989443147019
0.368419600164832
0.295960337963398
0.264540666873663
0.401194286319845
0.563324593972063
0.470411661585416
0.291572659856097
0.235951404402567
0.442872739857009
0.371789537159812
0.347372799355379
0.319591178612559
0.394157590986518
0.402772491579292
0.411346114844024
0.354366256873818
0.238519231236571
0.369342763833117
0.385035539426899
0.334152922798026
0.332469194974413
0.457070591338622
0.373379278351516
0.415161508093878
0.356166570686978
0.448233751914667
0.258147499726362
0.34776906287982
0.263801249066868
0.206219057976648
0.431743091894594
0.428912713244796
0.415167654321065
0.357563694409267
0.434412430186288
0.455939016708294
0.525831238412529
0.404143022254793
0.331828784623319
0.448214516620886
0.416609634257039
0.474270346760925
0.435288437931578
0.359113950000774
0.607693070110692
0.431278761641948
0.583479197623743
0.507198979482243
0.512222139122406
0.518661307054086
0.427228513230549
0.44970404416133
0.528245295237993
0.506534594358116
0.407611174472255
0.530530838906281
0.475828915801788
0.484728102278898
0.430038488225448
0.402374621027529
0.301801262196337
0.312717987441873
0.411323923522076
0.401156678761605
0.440469921794262
0.425952270090023
0.500351483154589
0.412304549496528
0.481422619851604
0.441746502182762
0.482613319453049
0.52801574869498
0.539609674195446
0.356139828787626
0.591716635781502
0.5279641625791
0.381826371972714
0.385797039528375
0.397875110590919
0.520160400865335
0.346134550057163
0.588692326899997
0.568211261884564
0.420051736860284
0.518404113028522
0.597455478144611
0.551740212675999
0.591259127634055
0.580080934396271
0.400961313201922
0.40547320885165
0.528307587124863
0.551256932698825
0.44379337879953
0.388611573329968
0.650995735054576
0.554829723966039
0.52934280648866
0.599006862066546
0.564431061369493
0.504275497777675
0.512680057762716
0.585617012640908
0.475342335940036
0.586486997067235
0.546357044254999
0.438935533258668
0.655924646051265
0.557986600158483
0.639095693841695
0.451253263806857
0.502992943922705
0.494030072792755
0.669141914973492
0.496979675209784
0.601818088983562
0.609037334431378
0.541047861072855
0.629604350073347
0.62030553573374
0.599889804409165
0.688706913179366
0.622481371960384
0.70179166528431
0.511443745475374
0.587160299192818
0.341311179366909
0.544481798100437
0.525044014321613
0.540462901628469
0.661894721163441
0.588849525120672
0.694867541948227
0.509784884203665
0.473152572909871
0.623573066911179
0.745231247466338
0.670704438529673
0.648859498826241
0.475707811847285
0.593141690214016
0.621274632004357
0.579482383624641
0.706264575260619
0.635244140223913
0.470111757048592
0.629602985552818
0.676265348538418
0.57668335132534
0.704081082726081
0.79608183925888
0.451314020968569
0.768240286546048
0.553077779416364
0.757867546070641
0.453045633882965
0.590378041422011
0.709070338283528
0.636158955970532
0.48984252710135
0.663379772143286
0.560800685194836
0.720607993582254
0.706925318867856
0.700494818911379
0.570812646605276
0.802539679676419
0.744815392084782
0.527913139693785
0.659983742490746
0.805422670124719
0.764477984748474
0.626690531979184
0.827872781570999
0.562681031533671
0.657899511670243
0.732404461556379
0.607916854229675
0.662498537913417
0.746492579928134
0.69444148921144
0.766567185313743
0.649320508423919
0.646853403121067
0.748188930960057
0.601044734201997
0.742150327720152
0.640314877645271
0.78731476309712
0.684059549015518
0.772309743878603
0.535558697539992
0.843232549955545
0.730246560720086
0.757197634043316
0.711624910053505
0.733754859061605
0.642282432865668
0.709619490975899
0.812777656474172
0.796415473182848
0.744402591187222
0.669808166380841
0.570757226353959
0.566698130696325
0.802238457415148
0.777707559340319
0.682706666194949
0.773794029226888
0.709969927399231
0.669741349572603
0.828836268922449
0.875922587916564
0.699897136267072
0.769275595782058
0.781936473235715
0.692496045392223
0.794948373419227
0.804363730868031
0.857216881203359
0.853653652741301
0.80104917260481
0.750572805691867
0.608792307579387
0.810983639015661
0.563175916001109
0.872180448556159
0.827265594627278
0.876787580710125
0.78261939302163
0.692462835123275
0.789093980413117
0.770397978662197
0.721561840021888
0.794805521027507
0.844521987989807
0.777071012507786
0.766402805041714
0.63408740867075
0.975237848414046
0.719698949961064
0.835594679036594
0.749752779648543
0.788509295890708
0.840367809032618
0.969814807254538
0.857495226524648
0.749723503048295
0.892833098037614
0.728204575973934
0.738691785454429
0.833700710215531
0.811376090672618
0.796952740071857
0.860071304493869
0.79436059215396
0.937246343315891
0.767434184639939
0.946334896668613
0.909064404386059
0.704094200526408
1.00064502369081
0.791804287199499
0.880835551380961
0.764869636316608
0.848467110807394
0.924159017478447
0.833153653860718
0.826607597760557
0.897648773255977
0.853470227592965
0.930134552643218
0.929935167367682
0.917368554161182
0.94449126937283
0.85520838196931
0.866357968059228
0.848845675015854
0.90642401592297
0.83602379814434
0.742612986232538
0.884247894381785
0.900085090737892
0.970937641436786
0.718140388990304
0.868295231385838
0.924691900220797
0.811355570630503
0.739093450293282
0.777533734318002
0.79768268746023
0.864215877467559
0.824082600285853
0.884134560549825
0.903114427826069
0.982739264732389
1.01514961373983
0.993345588028107
0.772374336291793
1.01410866128727
1.03552907528704
0.978150524852727
0.912608977627126
1.05750539768889
0.953602650360015
0.864228399341539
0.996080499561786
0.928543723584521
1.11572901956427
1.01145513517067
1.00574794500375
0.803463522068357
0.924582992883426
1.00634725181518
1.06159276876573
0.980424920112857
0.988519055020827
0.898003599949766
0.933750199154898
1.04917323723675
1.06096564415332
0.974091719912679
0.994869042028968
1.04492845623329
1.11375473117654
1.05273325831667
1.03639630050406
0.945391312185245
1.01524918175542
1.0453851743574
1.00321949362339
0.914017446370946
1.00888914676236
