"x"
-1.19865598871455
-1.07898637454113
-1.11644527947443
-0.900036473677586
-0.939105692653424
-0.935674061999436
-1.01335723925666
-0.915882752586287
-1.13665921722492
-1.00346940231523
-1.00926116586772
-0.980370124284929
-0.920047248946402
-0.847640412048766
-0.92165806455415
-0.976267684449303
-0.996803573539855
-0.958189605858496
-0.947926338859026
-0.887362562481957
-0.920659760598429
-0.974262435336314
-0.86662001653653
-0.911641518832807
-0.981437894083306
-0.823798571695952
-0.903404930595107
-0.874588525041342
-0.934187481176885
-0.978940920422551
-0.983158058864272
-1.01950796175549
-0.902345062598771
-0.907561183880451
-1.01246528898243
-0.948043128660358
-0.920059096519521
-0.927013675704923
-0.833505094091323
-0.819740373210821
-0.902184133628201
-0.793075367839991
-0.785140705909854
-0.810581915027563
-0.998704370083292
-0.889481671165971
-0.873202329305428
-0.938300229290048
-0.881876437319743
-0.879385028639894
-0.799426400143754
-0.977464207010525
-0.872310678906574
-0.883949999532301
-0.907416559738799
-1.02844160325455
-0.932197870505566
-0.902190539534126
-0.95822628725548
-0.903663892798601
-0.701477613698135
-0.934291888332431
-0.890650111395315
-0.782222102653038
-0.828145647960992
-0.718469359255197
-0.895082593602411
-0.834632861084745
-0.815323850681148
-0.821793421506858
-0.894584424991033
-0.841656444420922
-1.0808067164867
-0.934450889986996
-0.950873999102344
-0.941192592280033
-0.844791754778152
-0.728082743515699
-0.75863143016055
-0.841131035523557
-0.854014919635407
-0.836817995118353
-0.877106743360574
-0.83835315455776
-0.776193735376301
-0.737088908134088
-0.807297419909377
-0.867918165500445
-0.859094519151697
-0.782547889386163
-0.722233923203699
-0.719701517105311
-0.79463045646548
-0.625001016543115
-0.804944125806147
-0.912159880782732
-0.835079413273392
-0.705641378495426
-0.778541624606234
-0.721478736727681
-0.865370840703803
-0.768665333730466
-0.812718170450795
-0.875306421493829
-0.800944680645889
-0.884540910761152
-0.794875717003834
-0.800273102090191
-0.828643687187705
-0.767085204782144
-0.798252506290655
-0.80687731180951
-0.783024421655803
-0.603958437050667
-0.789870660048986
-0.877190007174802
-0.655118780952707
-0.716205622645432
-0.635200278547196
-0.65419598913913
-0.677718181470862
-0.785392387969114
-0.705501843743053
-0.783243514966881
-0.709439777123106
-0.67291540085152
-0.701737867953261
-0.580713324893227
-0.682147347466406
-0.797818858366898
-0.677030490111658
-0.863209208827598
-0.606962814482721
-0.61101768282441
-0.714502856095981
-0.781535054113011
-0.755860258546451
-0.733303140409023
-0.641891193731118
-0.766348544201347
-0.697116563226373
-0.766944497067483
-0.784338752685775
-0.844526688959824
-0.635107058612368
-0.757986928610482
-0.622636341929168
-0.748384442930384
-0.758050982741429
-0.735436534056747
-0.557012281887113
-0.651797834523352
-0.765271695346346
-0.585820784487855
-0.766298851955219
-0.711863491596692
-0.598488201262899
-0.717231134111826
-0.762517625830733
-0.756643242590773
-0.694333293567047
-0.781889929581418
-0.594988156386593
-0.603843340382197
-0.699499909582576
-0.576611629114986
-0.547298276011212
-0.717594171943991
-0.560116611383132
-0.756994105608116
-0.71189365417906
-0.655665264196463
-0.746709074972478
-0.568205495538763
-0.718778221203669
-0.6535043708361
-0.66114760256847
-0.60429383514082
-0.694541663796586
-0.667527982841016
-0.723939398741243
-0.640121634152787
-0.595760657073983
-0.588290673634913
-0.668679117878404
-0.622432657181319
-0.619845269553467
-0.67708186665968
-0.656683088672979
-0.836418357003061
-0.53025951610785
-0.665195399335172
-0.640116904750693
-0.659259611204331
-0.626100037100916
-0.680454696570629
-0.551223819949999
-0.714915360812318
-0.553931681306715
-0.57383258935507
-0.602482390688565
-0.693329404220857
-0.651207387154239
-0.639539186306652
-0.608616225237352
-0.651147967254126
-0.42827266933017
-0.519324663324465
-0.7447435377791
-0.648049261006867
-0.564415011260298
-0.475446158009791
-0.521763592337289
-0.515075674013109
-0.692501906960091
-0.425632046595466
-0.428313628297724
-0.707660376379185
-0.613005172593385
-0.538643971187022
-0.515840504489234
-0.486132438707018
-0.625047003498189
-0.428026251819408
-0.496461402035018
-0.640228427512444
-0.690754451936719
-0.451723083610657
-0.397484487362803
-0.437225980635798
-0.629825927958541
-0.556908777519784
-0.386476714319132
-0.587197483625611
-0.506177427916777
-0.563532416746703
-0.573245103950568
-0.407548225256412
-0.583440915958259
-0.518701610394645
-0.578726626500433
-0.410385376445701
-0.578550056960641
-0.482458423330724
-0.390507860936432
-0.522108829074925
-0.581226403181633
-0.567983378231321
-0.432350165703795
-0.476243029190052
-0.575460510384936
-0.529480277181609
-0.53843522383998
-0.566945865167826
-0.668243047014983
-0.465470337441467
-0.409315513795876
-0.357668528876724
-0.462799329165541
-0.534068869812116
-0.46451296106362
-0.431842012887083
-0.554174377896445
-0.391904536828641
-0.471085243941344
-0.429422643611999
-0.46079003443778
-0.485076906019311
-0.349880720623384
-0.350980572955313
-0.48860644654431
-0.542511193672237
-0.484718549710115
-0.319205903725495
-0.448744703793355
-0.403440961436192
-0.382678962027076
-0.518551745613431
-0.547961658655382
-0.454350233315164
-0.322548274366703
-0.381385564898714
-0.514838391183162
-0.424276251059915
-0.383057961189509
-0.350727982000533
-0.461477068791726
-0.461853816838498
-0.313695326506482
-0.364031498883778
-0.418972741491702
-0.578907491973242
-0.387677144974083
-0.412586044732433
-0.439346739917451
-0.327965633525256
-0.556534270022273
-0.360587553346313
-0.485301183702671
-0.484282226963865
-0.340128280614736
-0.405063078064595
-0.356888958557327
-0.399656118008381
-0.225716383490359
-0.258428683332853
-0.389458200503009
-0.440787351132588
-0.295663349144888
-0.49721871272131
-0.327124836206381
-0.610679691599826
-0.485468720867996
-0.261601384126405
-0.397311522854448
-0.280093290189034
-0.381144380978533
-0.535873852181982
-0.271222376732196
-0.305541861970283
-0.285478923643609
-0.332211630408033
-0.260587192671848
-0.221959857877588
-0.325186596092585
-0.311953629593344
-0.366348824151151
-0.293913124426617
-0.467560806189363
-0.337522604434135
-0.359650962924749
-0.305731610696208
-0.142292121628362
-0.408563263946511
-0.438074284282936
-0.425714008641542
-0.337646965521343
-0.398525162542597
-0.29762200155921
-0.415667567237933
-0.283972495573508
-0.427290881278285
-0.321188519498996
-0.259642633676504
-0.360520436336765
-0.277631362459781
-0.418472848783669
-0.292479185374
-0.26782344196899
-0.287409573608639
-0.4813492622344
-0.340839162803005
-0.256883223327791
-0.222826968048052
-0.301314097715404
-0.354470680015827
-0.289572256341595
-0.352958552408849
-0.189282421030153
-0.309307472528284
-0.228823444977739
-0.386644817185631
-0.328407346080794
-0.340073967523934
-0.27889146199018
-0.40731536916818
-0.283894826786374
-0.241130561801616
-0.136386476941449
-0.126469269023383
-0.15481890186592
-0.308667130059631
-0.322048114940252
-0.195234616694859
-0.307661320149124
-0.163833963243619
-0.27971508090724
-0.0568420363210862
-0.281452558820056
-0.459700171284746
-0.326652473818639
-0.239394237406883
-0.180223037898015
-0.38554746386972
-0.382704502543835
-0.2652939093086
-0.145432592816329
-0.170902653881956
-0.262235409309726
-0.178257654530786
-0.264620805106282
-0.149810361220297
-0.131868795804452
-0.361373899588627
-0.175166187691112
-0.284795078992605
-0.210688464135674
-0.161804636912063
-0.189980292005599
-0.230391068979202
-0.109405504017439
-0.177867915651249
-0.34305964924965
-0.221781454622682
-0.0571141663266433
-0.335566334797054
-0.180661263079398
-0.195080309490113
-0.00877824762787705
-0.196347922072479
-0.175680561298131
-0.0829475169347352
-0.233522600950575
-0.193745798395955
-0.145491788450656
-0.34492593632446
-0.099154874696884
-0.310638113668377
-0.162887304632833
-0.110495424268553
-0.234567464948629
-0.151382636302297
-0.223155794227492
-0.249679506511116
-0.272703278785616
-0.10628420222514
-0.137603829035437
-0.00518206197147654
-0.173650847783905
-0.0603253882627814
-0.221251229084824
-0.278542776924801
-0.252379619442069
-0.17904836647196
-0.252603602667373
-0.0714281872171156
-0.15673076920807
-0.0138500576578812
-0.0747872838585145
0.0609789969489559
-0.025250490510436
-0.100047749943433
0.0181762820385311
-0.185904805769695
-0.175898947753689
-0.107287995063548
-0.130229647396537
-0.0314880555771385
-0.176982202481247
-0.0664422106730347
-0.13661165129963
-0.00653817649904142
-0.190435373453598
-0.170555965796831
-0.164495692433651
-0.0607210947856024
-0.100781471076967
-0.0109527857491847
-0.178001567051797
-0.180783122596729
-0.126395295318309
-0.0366215707877859
-0.176155693492935
-0.178851402995053
-0.151231014376258
0.0510554349018915
-0.0807474460607491
-0.0679961516113513
-0.165952482540845
-0.155522997619867
-0.172853241161851
-0.162536657351326
-0.21080658497756
-0.104636210211363
-0.0763018405328198
-0.114610376578872
0.0851887270091808
0.0144592689340328
-0.141434569609266
-0.11393600488761
-0.135800562049755
-0.0149135603602684
-0.099131768921231
-0.191582592153634
0.103676562524408
0.109521019672464
0.0702907078414783
0.0341373557741258
-0.164247803677743
-0.0530049907480739
-0.0389290143816408
-0.0483920292043877
-0.0225244938278772
0.0507773448051174
0.0276200343058365
-0.165314191895548
-0.175183557970391
0.11248383189852
-0.0685251732766001
-0.00933858938977843
0.0437423447849086
-0.0923476645999851
0.0586540707782153
0.0514152912485644
0.0343608020732465
0.0493838771950685
-0.110522437342372
-0.189387043448348
0.103635722626014
-0.0804992545261047
-0.0545857360185586
0.00385880618659343
0.0483531304653176
-0.10365802384767
0.0241354027058724
0.188000749008343
-0.0392415619360069
0.0565900440318972
0.112919609424068
0.0542347090992394
-0.0066063269731218
0.11652445960643
0.000366108967085423
0.0298957986918634
-0.015846934022193
0.193641919419964
0.139808702617335
0.140735367667194
0.0440324874491747
0.0738509234202154
0.108896336490856
0.0538888772742969
0.0329751138051161
0.12042604093822
0.0583919396521222
0.117925642917899
0.0255288195278548
0.0265981619122578
0.119042403982274
-0.0107895892726371
-0.0273137225187044
0.157962565807755
0.100836599779835
0.0210428098991358
-0.0447291157622395
-0.0219964023136074
0.205386001250173
0.00737028167287639
0.128309009252095
-0.00678467805768518
0.0211003958840796
0.072008984046189
0.0203772409099193
0.159234524090283
0.109392926883415
0.245803445602544
0.0403820937478949
0.178857505976624
0.0160393892985922
0.152451889479908
0.0371885493333846
-0.104531424486226
0.113010697170755
0.076115647222726
0.197443942334077
0.239176888153526
0.233813737984932
0.0186214628413641
0.126283757164016
0.229892416625481
0.14605585174667
0.0983788259566399
0.125589298088421
0.0894448684399096
0.139374280956918
0.134380584468357
0.00403128498549345
0.126855564260102
0.197415925071239
0.0655862948070745
0.347123901853017
0.0359241913927424
0.22764142790103
0.207401743964181
0.182275816202077
0.0973376285796231
0.230859882374988
0.118278668275615
0.154115036959386
0.327739196983723
0.316049347497385
0.266034549563132
0.116293499089975
0.0902974590774918
0.149466130906124
0.194592473861742
0.109969191249661
0.21622711352957
0.139352179392184
0.289098095370354
0.101704055934834
0.0840132969611411
0.198608861700235
0.181647587734735
0.385304617869493
0.331168595918707
0.209717721411919
0.348233113969775
0.216557346866965
0.224317451891019
0.256522234731987
0.233750760298186
0.177952784169912
0.126654577808672
0.266237524745491
0.308795657049361
0.271010763756309
0.231411236516002
0.347072824250784
0.267440228212422
0.350072784594394
0.196103374695547
0.158313984403911
0.240274760761131
0.277510108869814
0.300028424369898
0.15921153207292
0.355810439976846
0.237759635528038
0.304347586115624
0.301164161875941
0.120283942249123
0.0896575643559255
0.183860581818318
0.404710087923953
0.28169030550218
0.257631804669392
0.321179657699094
0.350341536017719
0.218344509774528
0.0846952158492903
0.380911298069187
0.310456733046784
0.217699318309307
0.368259238452012
0.0600873703697554
0.322895595905087
0.203879779504946
0.243447125113965
0.276721589017456
0.2707679412285
0.258952091478324
0.388900223920552
0.32760194763888
0.434489687639708
0.389354792081597
0.449223817699761
0.208865621980587
0.392504909170676
0.274823624190801
0.346628262890543
0.213332991099795
0.375846085856336
0.226863304547952
0.516393296088582
0.462962250405591
0.297375418351991
0.33756948890621
0.368936396323538
0.362595442961646
0.233601000504559
0.267141790737725
0.305795509659026
0.32611402333992
0.427963120198782
0.387877601052288
0.304874163751764
0.463006967033004
0.439625599465011
0.419352259555295
0.487261837292581
0.49119564610832
0.334809259397413
0.38702597735739
0.535959148074851
0.168666880269309
0.35104907865916
0.419665373131906
0.255900780080706
0.30026183241468
0.251951319822398
0.531805318056207
0.396226497815669
0.312649212821156
0.492677019615064
0.413271984935614
0.386113678825386
0.379403597456591
0.442224334352917
0.352783597504988
0.491228100404898
0.416733585763228
0.444840152858516
0.397189165192594
0.432207859132253
0.378300281777776
0.377613093699746
0.442001190338615
0.388126329312215
0.402220400999157
0.407936933127822
0.302584185143066
0.379728644727842
0.395832779210488
0.489823565685456
0.396019591909547
0.47138426847198
0.365980045580896
0.424239228608384
0.44397332143585
0.274762303112518
0.390113062816716
0.554428983231021
0.491292937497026
0.560262064354652
0.620706277260913
0.451061040572903
0.470303532168663
0.3379805364165
0.545632953608946
0.479642797637657
0.334037129284021
0.555494409632819
0.510507751041761
0.474044749830743
0.593702981324703
0.456663989982697
0.535002931402751
0.534822804888849
0.577046897806132
0.446277792922895
0.563595933137573
0.42517735137148
0.568046618798492
0.415739133816996
0.377204398922134
0.463096416477191
0.739079894727752
0.502368657073152
0.495549070539359
0.432882603326462
0.501544337924368
0.548008411189043
0.530114532521097
0.398684262342069
0.594367915775556
0.675151984222858
0.452317306176881
0.44721420884571
0.447217654829392
0.369100691479451
0.509371290767769
0.538758920238663
0.487036811355959
0.536519971839285
0.49780590996269
0.434485496715846
0.431612437693857
0.531531330126062
0.537015628735794
0.610152823473797
0.644234445582987
0.625369160473994
0.364679429514646
0.510807476061758
0.591615783744898
0.602894087825769
0.587446350170443
0.436298374085976
0.540874092584462
0.609376198553775
0.608937744537713
0.553789066494042
0.653189548076273
0.554832852037798
0.535638676441384
0.614035341774865
0.550323952535601
0.659570972944137
0.575842587772536
0.59054251472032
0.377395489625133
0.460489642579525
0.604626467949076
0.552144281927257
0.640700673590436
0.546000747045433
0.569447252669027
0.544568337365442
0.556726044329783
0.613961122423993
0.576810435333749
0.455186647588616
0.838044699883579
0.645266838418111
0.565180801037115
0.594143171721843
0.69815338918199
0.503574835850159
0.699786589446847
0.604784259944676
0.607228239971246
0.573908071634976
0.619798130282959
0.610307983686212
0.643301556964321
0.715650776550264
0.579964052459357
0.709143469087429
0.555656988295719
0.592892140202884
0.661621439901102
0.613597345556579
0.591231722511574
0.773821667690942
0.736178497393289
0.61525535256034
0.646417131126659
0.677889236317316
0.706485092796007
0.726566325695922
0.663907927892754
0.740961050549847
0.764924137627465
0.757747851379156
0.572642704937713
0.598437860033307
0.731338646993314
0.73999572875662
0.732086488438204
0.652699267646029
0.532631293641036
0.614947316332546
0.775085130014762
0.624350147833955
0.708534035250946
0.713237988244254
0.823780764796349
0.655306800476871
0.623156142456093
0.582874821285499
0.765864257017715
0.766252685767439
0.61261196865586
0.665207843988382
0.696508640970553
0.699152956294356
0.704737509142731
0.659529048299713
0.715787647308188
0.595395376154367
0.885451431585743
0.624916803117539
0.562955262895341
0.779701140451417
0.750612377282404
0.751927397341943
0.68803509850422
0.838399583620941
0.685460153645695
0.740811168905584
0.703467327776694
0.729489083795792
0.72985282827697
0.818182979803459
0.871922031963035
0.871143768845848
0.750344621066676
0.686322734209797
0.570227903938366
0.725237880540759
0.734779339746563
0.838877098604054
0.762888740632157
0.687648011296408
0.872887509035362
0.68850807650868
0.875780292069309
0.780884044263213
0.671924820816048
0.840432399988013
0.726678595581325
0.946383066381228
0.763181628506348
0.672148266027115
0.849345822487592
0.821683497482182
0.678307863777824
0.762441687403108
0.756160203108945
0.853614954164063
0.758339929671176
0.796698473187255
0.672799911965229
0.632076541063938
0.849679991241564
0.837616138660429
0.809481579541959
0.847957333323156
0.830512724321571
0.928399179935382
0.811258530867417
0.799065473396246
0.905586665153751
0.963146453871495
0.779019749490836
0.935221651087843
0.686288115286227
0.751543333899122
0.847430653784557
1.02959232141572
0.747822001930065
0.877661579870569
0.831978443402356
0.682030615912397
0.862011226444735
0.905656127556695
0.80590009444566
0.757505374306219
0.879147207315272
0.88627281411849
1.01868570943864
0.881753503766391
0.907767373354564
0.89499588980132
1.01443626385696
0.815872411935072
0.874932379498652
0.947021455457077
0.770254476235425
0.969644798977354
0.934360064295199
0.689010637473244
0.881330762791505
1.02412086564924
0.903644401780709
0.757896744856224
0.966757487539997
0.791397362964969
0.897337700355219
0.880555652843684
0.749717392162729
0.862465150361653
1.05833278397542
0.845712248714997
0.815153900538965
0.993700316333554
0.949851352723882
0.902758471607177
0.954187350231524
0.887382096133902
0.885091955429548
0.915725928898715
1.01947057540152
1.02165505019493
0.839389191120729
0.943844166728606
1.06598874447217
1.07703034061853
1.02395706325909
0.973630398681902
0.955208895700767
0.840237005443521
1.03262889327761
0.982270397401509
0.917055112475989
0.792951538568199
1.02086930280421
1.01174090869626
0.782139102571981
0.768653332536261
0.836030594258442
0.958927718351827
0.844377603681625
0.964727973171098
0.846146868124644
0.976655447136622
1.00196982292364
1.062061053451
0.98996624545805
0.991510646436696
0.999499264042052
0.974240485930732
1.01858490511275
1.04854084866403
1.00077357667122
1.05701626372421
1.28108276110092
1.13419145506472
1.01820350745713
