"x"
-1.17709459089131
-1.09140274396941
-1.11207270580602
-0.892253246156637
-0.937113743872652
-0.955661245151495
-0.989204136837454
-0.934538070560471
-1.13813537761506
-1.00642935671036
-0.993275511287967
-0.989449129304816
-0.920069211763204
-0.854502895610419
-0.927630861075926
-0.979319261450679
-1.01319695846879
-0.97566520090814
-0.946494583940035
-0.899154084868236
-0.913956251611533
-0.976814106911491
-0.872563956359301
-0.904258074976392
-0.969340711796586
-0.831912631992914
-0.915444546078219
-0.885593629169057
-0.937254343337638
-0.937319497807409
-0.991257908272479
-1.01408952859682
-0.926497825359355
-0.916255063735051
-1.03345817997566
-0.938014398049695
-0.912043787968554
-0.916981008577016
-0.8178830545877
-0.82679789205016
-0.899658702384517
-0.794621738773747
-0.777464541070208
-0.801716481459286
-0.993371487022059
-0.893326709165548
-0.895910810888885
-0.954506805272157
-0.866872213613087
-0.867404375793732
-0.792804293178511
-0.974622960556051
-0.862667783274172
-0.877294949155051
-0.904208138893164
-1.0357007482273
-0.918360245303673
-0.905842927303554
-0.954438266722442
-0.907885213738191
-0.717537658034217
-0.940227319501154
-0.898543246455827
-0.76178364247862
-0.811597468093379
-0.715962889363097
-0.863787277312113
-0.8602313692432
-0.816875306878752
-0.824634269815592
-0.861591601739862
-0.823949034879623
-1.07223771330037
-0.958005083437742
-0.928159026125321
-0.93086599018036
-0.857430770315475
-0.725864827404199
-0.752406232425803
-0.837696194515971
-0.816391264062888
-0.826362855617767
-0.858786286701132
-0.852344991699043
-0.798157332924723
-0.742868222838066
-0.805753630094925
-0.880574501347444
-0.870212905489895
-0.810753471693468
-0.722296077541444
-0.718827312170541
-0.743156621824972
-0.633091172971647
-0.811085302231243
-0.914525589357186
-0.847685011399282
-0.714604415143483
-0.778842149755671
-0.732382034458792
-0.88620310574807
-0.791759729867615
-0.814371180546207
-0.863323996297061
-0.83320193371522
-0.850566767594735
-0.795033742642982
-0.794871788273418
-0.799960110813744
-0.77368611362097
-0.817223271400839
-0.822420326055781
-0.758592440017337
-0.624687719839197
-0.777829237119247
-0.876380883728152
-0.650155231677254
-0.715160043673672
-0.660352388026014
-0.650261582529952
-0.655901003406143
-0.773858843013545
-0.708976475988145
-0.810477946868411
-0.705912798529372
-0.674888629781559
-0.730786425791842
-0.564803217588349
-0.673044920202157
-0.786595926833352
-0.689057064800409
-0.862151176255745
-0.624104024458625
-0.620324692982396
-0.727794584848818
-0.80168553564948
-0.74870316043517
-0.717421400148794
-0.663679653557597
-0.76179198795783
-0.674298467362516
-0.770822901222525
-0.801091290318951
-0.850721596043799
-0.639713307243299
-0.750315552462308
-0.630870950065837
-0.750124916636313
-0.76132051660984
-0.724604823103164
-0.545751797369214
-0.669301878447529
-0.775427743881581
-0.601393689121394
-0.771381256727799
-0.726295424399254
-0.598828639262085
-0.715705207882997
-0.757891725732907
-0.752564749145393
-0.713435183953784
-0.792000141591992
-0.62011379302159
-0.601173952731987
-0.67746145838574
-0.556167907244006
-0.564748761905867
-0.709225694110401
-0.541411708132126
-0.756988076930585
-0.732086013668552
-0.655669223613617
-0.740811515066486
-0.565726873273665
-0.705126780672644
-0.663538258964952
-0.686833286532596
-0.607626130663193
-0.672057148585125
-0.669583855079963
-0.70588581687462
-0.608176999345411
-0.5905311837765
-0.597072775971515
-0.681806635311894
-0.633718672769442
-0.591702905206902
-0.660926871950397
-0.6692153911834
-0.854304787752203
-0.523023258767157
-0.673293923918674
-0.635323318715687
-0.652755049905961
-0.636682512259532
-0.667080228732267
-0.543914654454676
-0.721709849158618
-0.545219676723077
-0.570067886356418
-0.595715114450523
-0.704755227695999
-0.646942135853845
-0.659480090915255
-0.626351873938974
-0.649294744480513
-0.421277303079027
-0.515134675776685
-0.763761856695189
-0.670727928956378
-0.561827105666113
-0.470632072742081
-0.538800197178531
-0.518442524865047
-0.670178355471837
-0.423835324991308
-0.425217063242394
-0.718805729591388
-0.612088514262391
-0.550034952432394
-0.519541220653027
-0.504108083312643
-0.634360536840267
-0.421577724233354
-0.4687410192143
-0.616950901830594
-0.68376067528225
-0.470654725076346
-0.388859044371513
-0.409757697671715
-0.613212840954119
-0.57776704648188
-0.377129527291917
-0.557884153790407
-0.49318689538764
-0.556314377713841
-0.593298779986228
-0.412870903702203
-0.581880580601478
-0.528142625140788
-0.563245726734011
-0.400542692210503
-0.582350315167291
-0.491695744466742
-0.384643883387278
-0.514998484899228
-0.586481594060758
-0.568989106448422
-0.455976143151289
-0.493533701736058
-0.569300965337058
-0.533080443660998
-0.536317001417057
-0.563211910043444
-0.666895760745182
-0.46879843562907
-0.390914053685708
-0.357869617724392
-0.466145251555401
-0.556274959818497
-0.474465316532934
-0.428694423350567
-0.545314114529219
-0.408734898620511
-0.494105866941608
-0.448784708653778
-0.473786945948402
-0.484905363781027
-0.363757373130408
-0.3538376433936
-0.502810881212913
-0.537395534821748
-0.483499975421056
-0.307906108495805
-0.456812818265036
-0.416549981909944
-0.366049798627452
-0.515240140738278
-0.54379156340004
-0.458486691320899
-0.32085380272377
-0.386393745174009
-0.542457480027696
-0.421706983522468
-0.386382687401398
-0.375001156101857
-0.467429705109661
-0.449203215743432
-0.312865574339641
-0.337454157692195
-0.396569177333961
-0.573973052977483
-0.38805299527339
-0.421205908037965
-0.416859146613304
-0.305898481829739
-0.529751422532969
-0.344789752464892
-0.483896505046968
-0.478331120380735
-0.336731897073101
-0.402743038451427
-0.357930629217167
-0.387240966659929
-0.231037331945023
-0.248500290208188
-0.388837842210337
-0.445830107818042
-0.30641718181717
-0.471643029802918
-0.332775462179603
-0.580122088705886
-0.477080886744972
-0.263072411093483
-0.393693915029227
-0.288353173123083
-0.391764291694082
-0.516131363346822
-0.272233387027148
-0.296602337180717
-0.301074261435771
-0.343913198211932
-0.243315028954118
-0.214510675241659
-0.327789755872133
-0.345318071698921
-0.342176761797906
-0.291357729313263
-0.495533892561432
-0.3244696523829
-0.351793931241336
-0.31903675037508
-0.143015209882235
-0.389925412403616
-0.440378457107636
-0.437868419416203
-0.314169277926365
-0.37720866973279
-0.302973347922475
-0.424520010616666
-0.29922500760902
-0.400369538050916
-0.326490206071749
-0.269140056114988
-0.329952341836675
-0.270689431743113
-0.417316240546087
-0.300668523880144
-0.263302219388312
-0.293556457369359
-0.46837563035054
-0.352620950410995
-0.252186314765892
-0.219123849209884
-0.281847143170962
-0.329852570102298
-0.277273414758502
-0.359158765825904
-0.184242632783871
-0.322496062668535
-0.250714541081505
-0.395996739115568
-0.346023750814594
-0.320742294578639
-0.2816094258402
-0.382166724964892
-0.283193829044115
-0.24500965133807
-0.144046688573215
-0.135735394202352
-0.164642961393097
-0.318610258049161
-0.317570222631722
-0.210504049989947
-0.306978544360176
-0.16904272383504
-0.263373078805142
-0.0524820052621652
-0.268570576966763
-0.430490322010195
-0.332427682092302
-0.212373844407976
-0.166578767048912
-0.378160779601137
-0.372535245914919
-0.275707710417796
-0.169048691065133
-0.128836664482922
-0.252306381261769
-0.158204181090045
-0.272232427311835
-0.134322461910508
-0.14778612997062
-0.381664425138953
-0.156511068575123
-0.292037663757691
-0.196786116936047
-0.157944733725052
-0.191597622784217
-0.22107940201534
-0.110066075740984
-0.204313598821314
-0.336520229490701
-0.22059084379993
-0.0727157058573504
-0.315446071501413
-0.171528043941557
-0.181071276968375
-0.00683473414988466
-0.196938097088385
-0.157714715971018
-0.0980379781002435
-0.236330016285442
-0.201507785228423
-0.167496271652181
-0.362673949267611
-0.0877004395387956
-0.330753042222636
-0.158412798244825
-0.0979061938751758
-0.2444623042156
-0.122175515249176
-0.20424448394138
-0.226169081418204
-0.259935100655174
-0.100320612793678
-0.129464836659203
-0.0174168937567412
-0.149167608636338
-0.0618875580084475
-0.244550953851402
-0.288035510666096
-0.236652921963065
-0.159763894047644
-0.216336078239181
-0.0622833365766596
-0.177268731178286
-0.0186545477288262
-0.0858829856577018
0.0397027086873541
-0.0196576981419904
-0.106600029716709
-0.00406308303514589
-0.1789046419439
-0.162082730010611
-0.113006214463974
-0.113487500610855
-0.0162198333455606
-0.186251397477096
-0.0943122230371307
-0.0964123292055288
-0.0196290509410071
-0.18691475191661
-0.180258309457056
-0.142029498398987
-0.0709635005968695
-0.0668139202559129
-0.0217904186916003
-0.205678201570348
-0.179083222813115
-0.131860611810297
-0.0283845641961604
-0.177148157981596
-0.189007293888789
-0.162966732574716
0.0523182296252919
-0.0740738492295882
-0.0481513175003469
-0.147200048677804
-0.178076266727663
-0.164115679572908
-0.138650263574867
-0.217162704179875
-0.0953662025523133
-0.055979055104798
-0.112399647319007
0.0948040351491869
0.0246386982972209
-0.162005878583304
-0.110165664114245
-0.127322180514212
-0.00903532512437076
-0.108074038869728
-0.184599245755714
0.0936743604127884
0.114363593969884
0.0561999265766657
0.0475227162061108
-0.177651513246129
-0.0333130959012541
-0.028023797374377
-0.0397559803137991
-0.0191139440041225
0.0394169737220757
0.029576957696177
-0.128175156217403
-0.187559461976468
0.0940234029497958
-0.0703328927541361
-0.0222943963273595
0.0561345785187222
-0.109140347426789
0.0561560782387849
0.051464966222248
0.0296901745603413
0.039690120605406
-0.0850740130477284
-0.182114016418897
0.102312625391147
-0.104036209692899
-0.0142181157489447
-0.00858624074637505
0.0708555959727936
-0.115029273146801
0.0244232043568823
0.173381465627976
-0.0192982947262135
0.0580588875175144
0.125669238934575
0.0749524503265804
-0.023791364008234
0.10867415070851
-0.000103597488583324
0.0391448373466998
-0.0103723143626892
0.201560774744873
0.163693671707643
0.121740604738433
0.0683264538922127
0.0743295103080832
0.105603998375016
0.0455525909893415
0.0445608873174557
0.113580514916339
0.0526211668046514
0.118305595867082
0.0418245348308721
0.0263353937278237
0.106658480925449
0.00682053879005027
-0.027949441151578
0.157545210102681
0.0993425199080933
0.0239133876642553
-0.0577901449433304
-0.00769823855784312
0.192954072805925
0.00398702009395697
0.153904781499239
0.0136337260639754
0.0308905378956768
0.0950340184448134
0.00857120623565334
0.177260624701841
0.0899281028018808
0.228034639491924
0.0299853739479103
0.16731754221379
0.0281903631486075
0.16557611050816
0.0318590210446836
-0.0884243369635987
0.100683138997009
0.0858931989653539
0.217588257055428
0.239324331925956
0.241834261261495
-0.000138081350173771
0.134534706977021
0.237676796612267
0.134749580875132
0.100475300937252
0.124944830617647
0.0846380282919353
0.159688473841363
0.153180727540482
0.0289761844025614
0.118318870239044
0.210383566850084
0.0604057602555413
0.34005043512042
0.0407500615207178
0.21717527268458
0.19769279067166
0.167013251432465
0.11661082785634
0.230539106966073
0.10224099484257
0.160003004901831
0.302874062482357
0.315302258311856
0.252757725594089
0.104386702297584
0.0957255134717441
0.129139011989249
0.192790621907432
0.122280057438087
0.214931861268628
0.159331957091761
0.307868969668916
0.104699807688364
0.08851757507221
0.207422130425317
0.169395091081851
0.385598166659665
0.328349926498254
0.189219059654879
0.34914484909578
0.229926085008185
0.23419098270897
0.251733011344952
0.222055322349437
0.187000766339793
0.141756168685133
0.25437315385894
0.317380359559701
0.273323122853098
0.238211906444906
0.356587423536542
0.259567125759045
0.359995942158216
0.212949012046692
0.139289832813634
0.228245142066556
0.283809822564833
0.306481880350865
0.169409632158566
0.35087260995567
0.23258899533304
0.301926843681066
0.300852114046495
0.125998633627956
0.0757303535039484
0.167998721403657
0.391148776655647
0.284359671394
0.265467360030034
0.314692391206843
0.338880986471046
0.240741675429781
0.0847788877335181
0.383812343973312
0.30290204911102
0.215120404236603
0.364407289071333
0.0573340038863011
0.319046191370368
0.191223060968428
0.245790475431824
0.288499511828244
0.257865970354445
0.246249949140246
0.395376003517141
0.327606050147108
0.405568257049957
0.394575796491397
0.453924834023837
0.222679247344122
0.402883455427341
0.291208515608359
0.332577732941506
0.215858128864276
0.368987974446943
0.2387024076998
0.512527101819521
0.467913095176318
0.27690835706436
0.332488307721621
0.372996010268987
0.361258838351435
0.238769090124963
0.281954682101151
0.308319918524943
0.349038599151122
0.424657683672517
0.367695510170027
0.290831561710115
0.477434195178843
0.442626533555265
0.398334821404749
0.485270455159158
0.499559609247532
0.342856901431572
0.393553982261496
0.540063537450515
0.182945017692373
0.356480074741325
0.393336474683472
0.252118874178282
0.307566981972771
0.24157554372191
0.524235750682101
0.400313834891848
0.313727117532441
0.483894273136941
0.394612194293233
0.379121045747491
0.377070841585634
0.443013929298405
0.336461942845181
0.4962673010533
0.423731652086037
0.44088523010928
0.402016961531878
0.443906768722914
0.387232598121662
0.372529455162238
0.431728329922104
0.39586832605136
0.391920839950165
0.429407554908834
0.297871570109117
0.417297697044005
0.410256510514146
0.487161529695159
0.400111672357535
0.465051015243336
0.369564813768861
0.428869672536961
0.456965575733591
0.290527151824784
0.406174126135556
0.541551111285008
0.485266182844941
0.534240643909685
0.60801488150523
0.452645450298057
0.448870283659767
0.353111558666469
0.542647094027843
0.490166422586486
0.3608902574022
0.562015297771437
0.492795374954634
0.473831807807555
0.573257939833317
0.444718864074085
0.535384297700088
0.525850778354311
0.587131937278816
0.432877827084948
0.563674900978295
0.415620660520783
0.555337635160236
0.417764022092533
0.390330989725845
0.442454594398367
0.727224720154562
0.52681654600586
0.498011393158203
0.42967201492858
0.494584769753912
0.548039770711594
0.532754639107073
0.390632989844444
0.576626953372752
0.691425604601136
0.463711670338749
0.451261607152431
0.456189238747286
0.380730775608339
0.515562661337948
0.553310147676689
0.508775185357852
0.534407762866748
0.514643742932462
0.451903120795872
0.425302278916022
0.503678723428706
0.539914963189867
0.601930912347403
0.646689502638254
0.636438096905569
0.357624676844744
0.511026515067417
0.578113110062787
0.605594551841953
0.595395377072678
0.4392152604044
0.551263864289694
0.625742005133987
0.628903749773374
0.575915196271682
0.645096344070079
0.569427548061088
0.531922107479138
0.606315358044993
0.561993803136934
0.676377872337975
0.561485689495158
0.601708587372698
0.38104023026421
0.486587236127137
0.588489878220628
0.542355196930687
0.619598313981214
0.532844545528133
0.55486301487048
0.516275286719628
0.554405332309956
0.612151176127386
0.565615142870494
0.44522172843549
0.841235543150566
0.650985189358906
0.595051093335997
0.592611250638514
0.710665617902966
0.519710245916963
0.693785350794894
0.615772595000078
0.603009523756299
0.583005404339113
0.629761367854238
0.604823754773741
0.623612705279453
0.733189286698678
0.567654260580967
0.738873246245256
0.550935604228951
0.607380186260242
0.70975446491122
0.598160884240237
0.571215992526867
0.763264743254346
0.73445607960606
0.614449438608824
0.63789807132023
0.662072509970601
0.72848102902772
0.722246692321469
0.664215844549475
0.753266865506042
0.777112976085734
0.716047460944667
0.557221963073453
0.601957019326755
0.695765566355968
0.744271700939741
0.735394816302991
0.66484300199615
0.540543840203957
0.62747460115857
0.75919264026072
0.610149696353407
0.717401530943534
0.71098674971402
0.812110949114176
0.653459438928793
0.636660013387093
0.569811515430749
0.769169463981812
0.765207214135632
0.598438603436465
0.678188357245547
0.696745665464426
0.690076286497788
0.694384897139519
0.661136598255659
0.729985680223512
0.608972077063013
0.878104154577691
0.630466790330222
0.541426966158681
0.786684500376066
0.734216455049375
0.770098776826799
0.677264442329122
0.84750549264015
0.698734738299902
0.720340665756384
0.703554847036927
0.73166248689781
0.710159915738465
0.836615364651995
0.882006846359474
0.887187980001631
0.739603027909774
0.694022856506889
0.571330848266637
0.713816878215679
0.729928529898875
0.83816365849072
0.750234374206402
0.705746731703605
0.890262160667151
0.678490427860195
0.869721670895837
0.764278774005377
0.660102250976423
0.819921055215609
0.732044157844667
0.945777569169368
0.75197181570727
0.645920759733488
0.8290198745247
0.843343248010034
0.716142959665197
0.764388963435305
0.762085749262199
0.856002339783317
0.760796509478716
0.814510609437311
0.66891503256906
0.644472579075564
0.87121385993259
0.841782505882123
0.82138848365589
0.854897037179413
0.861362109252828
0.932715318086649
0.819844906428534
0.80946463640042
0.894359330332073
0.952275113677369
0.765485755923784
0.898319873522158
0.680953467086943
0.745201794207302
0.82636236427282
1.05510126018235
0.758318273972226
0.873012872097037
0.838240242924244
0.698166171321614
0.837760981267628
0.908370272503409
0.787825243274963
0.773315316746757
0.884823131246557
0.890196872961563
1.00806086507403
0.874513774455725
0.902934575242575
0.911493663876721
1.00584411108156
0.799324544328271
0.846167356092981
0.969134210463048
0.771809450215364
0.957907624765752
0.929227309283501
0.676773227105966
0.890283950836811
1.01768562064257
0.90420684764962
0.732444550863487
0.930221157745498
0.816811298793958
0.913181050004813
0.867784096787839
0.75225062025786
0.832187931533345
1.06517354782851
0.827083215618052
0.810600948720728
0.987413431659467
0.924987601297807
0.868338333401963
0.953828272304323
0.891143909431074
0.906478823119441
0.91587286690943
1.01925286917509
1.04428935184339
0.847645141782432
0.917328848013947
1.09368083888343
1.09214958006514
1.00859429027298
0.970380673563559
0.929731243339143
0.816873510815208
1.03368651132368
0.985101511996819
0.913308741496486
0.808060279260561
1.01158612606117
0.997898889641963
0.800880668062432
0.758667172107584
0.821771223244772
0.976394159823357
0.851998701847587
0.961180371920649
0.835170636274637
0.98746457478283
1.00646886919518
1.07901577131873
1.01352830099059
0.99457389466823
1.00695917107871
0.953908011462193
1.01034830798718
1.02813583332081
0.978570771069543
1.03285492607569
1.25691355682687
1.15360216745479
1.01567142118439
