"x"
-1.10909350477991
-1.02811892052517
-1.04847336089615
-1.01899420248477
-0.917473364167086
-1.00579495461709
-0.907938460278894
-0.970222005170423
-1.10598582175217
-1.09606798464778
-1.01285937744851
-0.966413405109327
-0.896097605783798
-1.05523805291406
-0.900469784037421
-0.989346123071305
-0.894120492073622
-0.995899949134741
-1.02241196064203
-0.90767463901335
-1.09379325141186
-1.01080714846198
-0.898147204371083
-0.856293650055611
-1.02950766811806
-0.900184755992618
-0.889988319357148
-1.0204748522141
-0.952560444703738
-0.936827713828622
-1.06607269431799
-0.867704577890506
-0.895247900268465
-0.824159960688567
-0.860616998441753
-0.889877060574969
-0.80591551386828
-0.920654001161643
-0.869503219361064
-0.972593178366002
-0.876278473023867
-1.06006910918895
-1.08559741908632
-0.96615796375965
-0.82071629936109
-0.929073203942655
-1.02457458352935
-0.848464023315742
-0.767087809061353
-0.899891140917277
-0.879164920172656
-0.879672724711092
-0.845840260757825
-0.843423358711221
-0.87360844594791
-0.85264943123627
-0.926131171127144
-0.830081833066507
-0.967224739428233
-0.96224716079686
-0.829487816105386
-0.865855849806061
-0.911230499158938
-0.846582813109499
-0.876370183723049
-0.930810150696561
-0.917829805509909
-0.812119107094889
-0.898868060293741
-1.03528701603879
-0.9428494975305
-0.902843865396434
-0.968160816841655
-0.791751818966684
-0.844192127390524
-0.868112396777685
-0.889857505395911
-0.887332748566497
-0.868659974307368
-0.659203240505902
-0.878904203952882
-0.848752034062721
-0.823704518808968
-0.846787531356582
-0.907833887385968
-0.808661555450191
-0.782857838110368
-0.882106741979192
-0.796235433141925
-0.93941538306496
-0.802083625789595
-0.733006737697091
-0.870056140786655
-0.838142697777137
-0.762487254538877
-0.854121762586529
-0.818219455196757
-0.711346247026812
-0.782273921656451
-0.710891286465024
-0.833692656332785
-0.74457440697766
-0.744135124611859
-0.682095787427686
-0.744180703563505
-0.907971833414021
-0.631734575944297
-0.701286751148571
-0.733556100363541
-0.789399035565173
-0.843186452964911
-0.857316342069481
-0.771042454187463
-0.808160393546742
-0.876422505727404
-0.831275739466258
-0.890273255633529
-0.591058417701765
-0.780290926354401
-0.738799914247787
-0.773825310876896
-0.876789841445532
-0.823946180647546
-0.582310680313494
-0.489242643852674
-0.668181406912088
-0.701033094951424
-0.732676423949841
-0.77439669077368
-0.814032078451047
-0.758493068180021
-0.749277339210195
-0.744488672188323
-0.714738134309437
-0.661245451154468
-0.805662973652183
-0.807694671173628
-0.832891500172838
-0.57773724257076
-0.696713990448252
-0.642204729265456
-0.709694240718192
-0.703913434453615
-0.682120965818703
-0.629894467338811
-0.74743903295645
-0.797404931418602
-0.752104131434903
-0.663133219076146
-0.560612680193117
-0.558298925653522
-0.663327590378579
-0.685873159258547
-0.588969282473041
-0.715414232700731
-0.681036094987629
-0.818397881558826
-0.766156802743045
-0.585374840145445
-0.657627782011765
-0.709659734378548
-0.66729587702747
-0.801789029164549
-0.803323539081924
-0.702505606962734
-0.792638019851453
-0.620271924268337
-0.570049810774406
-0.678205277614044
-0.532408014400105
-0.654181887178619
-0.635570871544594
-0.648895643718357
-0.599916621479378
-0.649396140644419
-0.640335130017274
-0.528846382836383
-0.579881293585848
-0.570084245441915
-0.74225107979441
-0.699389483808764
-0.691493103097964
-0.635490708048724
-0.613294646011605
-0.592225556076002
-0.605481147938161
-0.649467253024524
-0.666123443099772
-0.543237181082481
-0.705159571335195
-0.607491239105363
-0.596197618847299
-0.62029306385511
-0.476434769385739
-0.578369623650908
-0.641823523819984
-0.596504430924868
-0.627797971608366
-0.678020441459731
-0.528469224060128
-0.560207671046348
-0.606795482730622
-0.651873045069964
-0.615826448740611
-0.486145157587162
-0.633225682578105
-0.54305602355238
-0.569883642019387
-0.4430386948236
-0.546570810302645
-0.611875345815485
-0.52537204437387
-0.441997873315385
-0.504629108297727
-0.556570291541514
-0.507282401986252
-0.382939776631915
-0.536054788693258
-0.555542268370956
-0.509909252235333
-0.579813402316286
-0.543464610821007
-0.719012251067922
-0.541183343672424
-0.576067503495874
-0.413867483630037
-0.475303450414754
-0.683314802585384
-0.449563810239836
-0.55431435115438
-0.535574811550931
-0.594723765061984
-0.443240032548457
-0.563253020450034
-0.528558342176252
-0.517396440056609
-0.381057339498534
-0.438438073288551
-0.510868506437471
-0.514261569139707
-0.485020088804701
-0.526995679383835
-0.665576112417209
-0.560493578863958
-0.444068547545733
-0.691808997436666
-0.332312987210979
-0.606447180451379
-0.491766421328162
-0.554196665141368
-0.381287112568864
-0.629534214894866
-0.306803675402887
-0.695850999127562
-0.575953728451787
-0.453066390102309
-0.469470969876106
-0.528386204968707
-0.48728000442475
-0.508748405687343
-0.411762466133498
-0.500326446914345
-0.479465510456464
-0.301871733117515
-0.518313122567414
-0.601272942817945
-0.437949837187011
-0.40601574451667
-0.48721206269742
-0.474452670241151
-0.306501655613589
-0.380040428201391
-0.549869874720319
-0.564828608811092
-0.364697322074238
-0.347257149599584
-0.393970565749847
-0.425389828106845
-0.584704170814543
-0.509328253315746
-0.542654904519061
-0.300210869216932
-0.539558281860089
-0.359685437235269
-0.352881821308466
-0.313316636187746
-0.325457644108092
-0.653214084526011
-0.381272076734682
-0.519898114976234
-0.659341977241158
-0.334664374530839
-0.571207821057576
-0.46188091955117
-0.43808578842917
-0.413104191356474
-0.4153400168142
-0.446924936441504
-0.412648667088217
-0.316935124256234
-0.351525154640875
-0.543408977244164
-0.429510621858838
-0.496662708935006
-0.496454206058585
-0.403145294474617
-0.372939218786989
-0.292839761125688
-0.447808920845946
-0.313409593980239
-0.430366923546043
-0.391129456964829
-0.357550660957866
-0.436684672892193
-0.313270577291939
-0.467137123023147
-0.203209732759733
-0.221074050155245
-0.328651905814636
-0.481878569591243
-0.333191890162961
-0.452250672694312
-0.421076423876426
-0.360300807193002
-0.463829974971969
-0.311048302975771
-0.242598418106785
-0.310746259502166
-0.42059211083496
-0.310394922776235
-0.353604205375007
-0.350602265013859
-0.320222200781592
-0.140739089593426
-0.398604774849923
-0.308776740161278
-0.30076026883765
-0.399218453633311
-0.539633304828823
-0.352386007831091
-0.436743829222626
-0.15594783300296
-0.295977809042768
-0.338793769061463
-0.214456579476305
-0.13920783591827
-0.3461035117864
-0.154911366327986
-0.371708380926711
-0.312726574440709
-0.277933528977194
-0.39723002051583
-0.0964807662999153
-0.217079714142507
-0.339125665636654
-0.329192037025432
-0.329183760015598
-0.359853755245809
-0.328336722456675
-0.324352580781237
-0.276135792188592
-0.413272789062809
0.0134487203749333
-0.41176223265305
-0.212474875997213
-0.337898656624372
-0.28930767894221
-0.0867186183695055
-0.35883850407277
-0.326679988199239
-0.282471933798297
-0.103002443520022
-0.189361828759731
-0.14522806858198
-0.186858887541542
-0.177817896008941
-0.206246829968542
-0.259307180691787
-0.239760417657762
-0.441713126424233
-0.222287002988507
-0.304048632014367
-0.21102190497483
-0.0811842200578339
-0.339100613718419
-0.214902346367456
-0.32919691572414
-0.258227579425884
-0.272222089381679
-0.313093407218967
-0.264478496483586
-0.0924808292010798
-0.105417960734565
-0.209421378855922
-0.258123009383847
-0.201002502652751
-0.243858823996505
-0.330933117684249
-0.210057693104668
-0.276653500877138
-0.189456039446291
-0.286539759778878
-0.136435269620928
-0.342659250007222
-0.190932617385764
-0.208560399378841
-0.267239284798778
-0.156645052608614
-0.214119273154576
-0.144465368243726
-0.155108919401392
-0.1003666707604
-0.0142491513989879
-0.183068576537159
-0.108288865853595
-0.0301599916402732
-0.225866016275679
-0.226463181478492
-0.190954593184026
-0.215769940152837
-0.0744039122168625
-0.253984862151616
-0.158499536469425
-0.0479545000043399
-0.26151930389133
-0.183473864811034
-0.0906010982311549
-0.0331013262889455
-0.151827349933886
-0.146899077043674
-0.140113385741208
-0.161562558331362
-0.270470773062152
-0.0922086453860692
-0.0936819818246892
-0.170138529239337
-0.223883284286526
0.0151208012297829
-0.190648614845348
-0.177231339917898
-0.0970480214798398
-0.0788733024842301
-0.0366617158892976
-0.019534439430935
-0.135020449509299
-0.17406171798778
0.184833820714978
0.0113282264033178
-0.0587992300579406
-0.279187550573466
-0.203845458578486
-0.223483298659211
-0.148971305706967
-0.173183619272219
-0.0683256869748046
-0.145518619066449
-0.0560370666628316
-0.0910889144883637
-0.146123243593134
-0.108432792593402
-0.059386053784658
-0.0351292709598344
-0.142279005192141
-0.135542032845408
-0.117391533992606
-0.0262876795044204
-0.0138395863927215
-0.0785692589450806
-0.00826436554687797
-0.110398424970691
-0.0298835505539026
-0.0599541576907796
-0.149699013543808
0.0372508936288398
-0.063709493401494
-0.124640557478934
-0.0453817373353225
-0.025645563136505
0.0330828027579029
-0.127399785022431
0.0679598088457744
0.133191382275378
-0.0903297366207339
0.108291002935957
-0.076323197806359
-0.0212933392687766
-0.0701447897197566
0.021639244782235
-0.0512713916774839
-0.148470264949881
-0.0176452545763945
-0.0540164997806248
-0.0469170171135941
-0.0193488091884688
0.109349670219122
0.0840610010297973
0.0144664226891213
-0.0753916344278481
-0.0418836322784229
-0.0863679287753703
0.0260470439268951
0.117470213499839
-0.0120029673285435
-0.0105044873719552
-0.15316228305995
0.204293159868223
-0.122278440006432
-0.180114639754883
0.0953364253954092
-0.00953160007350126
0.0607698703870136
0.0850607209821708
0.0379456858014854
0.0181369583354998
0.021917431252453
0.0494182436212251
0.0981919073632879
0.110300937209289
0.0847242717213069
0.0268501060515504
0.0736297796297812
0.0766214897961761
-0.10446006276737
0.191492231739295
0.0308065199306272
0.0342554532618697
0.160974857789673
0.118051105753909
0.0412451046367507
0.00245806451880646
0.103093356663557
0.106819846176349
0.126760349670348
0.0868708354736137
0.197399758674364
0.0195714334313818
0.0653030007062644
0.0211774106223405
0.130049089936642
0.16209522419532
0.0931292008989464
0.246957221766133
0.119590713518314
0.00382305931122215
0.0715514144063793
0.151385089409513
0.0926269829622186
0.0389492424378887
0.033148344640608
0.0420340071253908
0.120209954890462
-0.0246111262563854
0.0678883697110949
0.0170622599465924
0.190250034305045
-0.0370892191445402
0.165343511773104
0.160713661668091
0.116387971010973
0.275158066504475
0.285961406501678
0.210362660516297
0.152744228059889
0.12621907539568
0.0489796298985675
0.202273850103807
0.0387573703969637
0.0374151530380052
0.179722844497176
0.0303181616226829
0.173711316555071
0.135257570518579
0.0628367301597239
0.1368697783812
0.170455040076197
0.0844507562165124
0.268221681612715
0.287134594276724
0.132485557822524
0.0990906659490054
0.118926734526493
0.100798045973409
0.220451129950954
0.208394365248038
0.148410020546181
0.244167226183575
0.0647576217043951
0.351287859941882
0.210860506551385
0.149963875356029
0.207870740845214
0.117463289609264
0.211316171966292
0.28147117170048
0.0673800287985178
0.236287268071165
0.181513755891357
0.0248116664723842
0.148169492672373
0.101264862470221
0.253848241411888
0.145657693380656
0.288172754195808
0.269186042959145
0.137355876193664
0.386076390868694
0.295806959379048
0.077551896907379
0.159198903058824
0.123631627150711
0.22839037043754
0.270621451054395
0.246446615540904
0.32619534043025
0.333847051584447
0.262870898139126
0.267149028410572
0.317007169380456
0.262073995366768
0.136512810874502
0.178511468538505
0.23973090813594
0.177964150420223
0.31042626507833
0.264701829227182
0.342366615541172
0.272626036664249
0.260422790041071
0.246599431789135
0.331449484818701
0.296099161294804
0.32781093125186
0.28540418393809
0.308694729075054
0.289947543553353
0.230823178355125
0.309455792365186
0.347454540370516
0.263269784608595
0.212660413457069
0.275442894520668
0.338126242137339
0.380798736643966
0.463011240626508
0.277025695573483
0.276009930119876
0.307471306921742
0.381561247556978
0.303477467362853
0.156216963048105
0.351298484175147
0.195016431435031
0.276965783710487
0.283045456386771
0.259405979048779
0.366738510260103
0.386403530491349
0.449290107963377
0.203751845165827
0.319266439255178
0.296813939938249
0.311765001127985
0.261272987572364
0.256697229581476
0.238641523841247
0.398136637525853
0.420571269447104
0.212608448398863
0.335135322153551
0.214291104545228
0.252974340334459
0.185993935023535
0.275539772908048
0.429401661045366
0.3715625700174
0.340770669853525
0.281760321399236
0.249621523197401
0.439975566491577
0.443428886587134
0.575961800459272
0.531497561336505
0.306507260930427
0.385733722691395
0.47321792806346
0.369077615914682
0.440489025554284
0.529804366804443
0.308706663147646
0.35794040281235
0.445605838611277
0.37011568631826
0.331002869198195
0.535358278693527
0.393340483811388
0.284066905637418
0.228823420549288
0.461260877466952
0.299584676285673
0.301044448196763
0.370810631231311
0.32775309101812
0.447355386411977
0.43462966754221
0.315766191672624
0.421397614004127
0.259193827766397
0.401437461740101
0.338517694449638
0.549048906842564
0.437939323844736
0.508525103593083
0.429357859030141
0.405951896188122
0.263546748945354
0.431479489956657
0.522268245863694
0.416558971453776
0.35108797565624
0.460594040202087
0.485238622573504
0.44742972879428
0.3567268112415
0.479302019518998
0.520532173647642
0.47077703479056
0.297636385671177
0.431353156426689
0.41330037907736
0.551387175015035
0.531709283855768
0.387768727463662
0.411218598454802
0.468628929321478
0.427580548590809
0.498030112597736
0.384641995985567
0.460839686482883
0.472656047702827
0.593975528163885
0.532008266587617
0.593769823737351
0.430676796712241
0.55872559703492
0.515629557221478
0.533966386387149
0.491857082772592
0.619216214340635
0.553941738062319
0.49190241927995
0.366352809827419
0.343502601774289
0.491576662650774
0.415404698250541
0.57594893984972
0.450927663455819
0.589582941047206
0.531118481641771
0.500395176815358
0.688139949290557
0.630883858496618
0.62888557396665
0.471068606787334
0.530131330473458
0.396706480588551
0.569328034523945
0.51928518579652
0.511268560624435
0.627734427886023
0.582360486981184
0.558699970661134
0.494729298616004
0.668522144949078
0.590995336896873
0.543120884501395
0.50185048814382
0.646261159186093
0.569345242579935
0.637241774627795
0.372162808071719
0.514707539431614
0.704623790664048
0.5207752065476
0.666762016611032
0.577390082181583
0.613208239193513
0.610800920067313
0.715119342566578
0.588656625541782
0.637849109222039
0.702846065335909
0.541139673598354
0.554331277659466
0.602102790056192
0.493495601611032
0.517698240287705
0.527792024315579
0.632125461125802
0.647046925537561
0.494046462515772
0.60235615918675
0.514708678332246
0.686355974511651
0.653207299494892
0.534710026850167
0.579374721906132
0.492800774781791
0.532183374962014
0.631179137608034
0.64632520100874
0.574773295343255
0.641757007264367
0.547981794880075
0.688589493436743
0.773244452996017
0.399586925513142
0.50669970543634
0.551177880763086
0.660374222123748
0.627076411826087
0.578189550728151
0.602675687598258
0.617070970935127
0.672224214433734
0.671378550191878
0.745056057859195
0.604213020025578
0.754832937201392
0.49962724192059
0.617414261689439
0.694374724963826
0.679923485913251
0.618298226465248
0.545655371251891
0.759146448570475
0.810253481027909
0.585709219547297
0.834799952481981
0.781497427718225
0.618191679361349
0.695645323093198
0.844505897827874
0.778595556730336
0.643179193071764
0.637223947104144
0.69205257985574
0.665589177080599
0.677003593437893
0.588653645708299
0.72498542736647
0.537801136304426
0.772182984558119
0.824896193368652
0.676735443588894
0.617266609217507
0.656666839255783
0.710534926520175
0.662363355999677
0.654928618557716
0.629317762355503
0.677281283586345
0.605249617180632
0.777920401217696
0.714726404879747
0.681618952235558
0.712462623727772
0.593229173571665
0.580389509523265
0.721208583266083
0.84037508907553
0.797998146605339
0.757797100396648
0.617377598266772
0.799432793103407
0.524728662101687
0.875354128220927
0.727244696575917
0.791449069266639
0.647345848158096
0.62590982681314
0.625705568892559
0.86264672025314
0.648079355901855
0.874915249049485
0.756759513579426
0.717163463875321
0.777020909677939
0.657686934167981
0.747876030264785
0.787195255982095
0.736685369802316
0.707848080350146
0.791646981566257
0.738515556437443
0.720574425258224
0.788761214085502
0.834770526407498
0.792504660712578
0.918047464206781
0.82109979976144
0.879316670211956
0.866147399602458
0.826285331219933
0.80039694612499
0.751751314168452
0.616917874195888
0.930893748775158
0.867686293260716
0.900385363353096
1.05337879610319
0.916319011904374
0.832041510261718
0.771078877086571
0.811518019289233
0.916448089679086
0.744392088739726
0.783244075598818
0.866398152210099
0.984589836524412
0.848261759944003
0.823978348664758
0.753294127637661
0.853545285349861
0.875171488980389
0.868313251846239
0.878404768128763
0.743463512803631
0.732115529606259
0.865662953013752
0.874485095583965
0.937392319988545
0.816339460243192
0.958934967273253
0.856560385030518
0.897715280719996
0.815232048741235
1.00267870825073
0.864605951093667
1.04504044091005
0.758904455881677
0.837277839539299
1.03164230333919
0.853564678226569
0.98814458428035
0.901616039552393
0.842480500020544
0.792975462955597
0.953544362107422
1.05381069059429
0.79026098950747
0.934864184912476
0.886507125672345
0.841466755377768
0.969007616918865
0.992172218037596
0.939420937051483
0.879760791999002
0.905233866086086
0.991807190013135
0.862047200309947
0.819920135451673
0.920788601584936
0.924978610058035
0.82608886752804
0.919035930965138
1.0341980824736
0.935642430602518
1.03027768291195
0.898499398425444
0.82549342256565
0.849144606633588
0.989688211070707
1.01197832328215
0.863173335590944
0.942359794155053
0.92817754605103
0.891533236427038
0.921100785008874
0.938439932712403
0.907022412595341
1.08054261520092
1.07430261515565
0.896527707466918
1.00010814105529
1.02883043865265
0.903517843918168
1.09400896940157
0.99372182223219
1.0735533465291
0.976648174915999
1.05862617052051
1.03964840096931
0.935293418790888
0.944807578983823
1.00876824428801
1.02346203140295
0.956949058482964
1.06200275987856
0.9544173648115
0.886357706209066
