"x"
-1.1156993177532
-1.02232665049278
-1.03277765701018
-1.01442922575465
-0.928970882567803
-1.01857686191127
-0.898373874387792
-0.965497555540588
-1.10514916452811
-1.07716779160859
-1.02671709316087
-0.981645444138061
-0.910436233529766
-1.05842024383443
-0.898101867250471
-0.992164649885984
-0.895777674773673
-1.02443563779146
-1.02190464093936
-0.894391818296183
-1.08482071436187
-0.985340422704049
-0.875108501572745
-0.85228143991789
-1.00778950879825
-0.912073498505652
-0.899405129842849
-1.03052205713466
-0.968741089380112
-0.927980711661804
-1.06040258383338
-0.866272935592802
-0.889867039561256
-0.811508343604248
-0.843934081790444
-0.891481057802799
-0.80632845390956
-0.919142554108139
-0.88638326728034
-0.961716869066242
-0.869046756446305
-1.07434792454036
-1.07771628436405
-0.974675311838649
-0.830519349930569
-0.928306797750138
-1.00772137095437
-0.858525375704802
-0.785646632537797
-0.906727885184904
-0.883240087397929
-0.886474988501938
-0.848906042151007
-0.853362751386234
-0.870485226946733
-0.846201552900134
-0.906466546481067
-0.823814144626066
-0.975625630536675
-0.940885677945621
-0.846253479695676
-0.862849729361517
-0.898840552567207
-0.845025615337825
-0.868062643650847
-0.956678242927051
-0.917732771157508
-0.802340297225933
-0.921400279339177
-1.03452486605461
-0.951897120256572
-0.903246381954663
-0.958208737240904
-0.788750709315237
-0.843777593519769
-0.868251162552084
-0.875453402383331
-0.895804948227784
-0.88160215965281
-0.673075795117916
-0.875529102814681
-0.820214361935806
-0.819263736322109
-0.868004269411467
-0.914794575094356
-0.81999273923265
-0.779236335386045
-0.870461453945389
-0.782166632514251
-0.920779979548128
-0.804530175206771
-0.742573777508357
-0.848228126433526
-0.846948556872273
-0.758484289910814
-0.859728549502202
-0.84836902427345
-0.716969696467687
-0.793848040309599
-0.701045534218365
-0.855629112909607
-0.748938991531165
-0.742146725537395
-0.685191588186284
-0.71897609346229
-0.902216264673797
-0.617607517119135
-0.708883293254102
-0.732050109934164
-0.811512248460643
-0.817899093660722
-0.864665266304429
-0.782063116394411
-0.825934337993451
-0.866081847385967
-0.826461878409251
-0.902898744715358
-0.582149273647278
-0.777643550301875
-0.741757065028741
-0.764196066224852
-0.892654267185595
-0.815457043059407
-0.598403267179018
-0.485846121370099
-0.679016269383534
-0.700074811713409
-0.745397395217876
-0.766527671408851
-0.805439574869207
-0.751761590243301
-0.752861019345596
-0.739904276889288
-0.705333202960484
-0.656377845088799
-0.79905934731716
-0.808788313759101
-0.825618011551063
-0.578704894763107
-0.696872646064669
-0.646625341451589
-0.740939199493431
-0.693492321029494
-0.687937437490784
-0.616042364932591
-0.733562502655649
-0.79917215291578
-0.767148076791897
-0.642868859562128
-0.575328456479522
-0.554304384897808
-0.661029797278662
-0.675552770570917
-0.59798103343797
-0.716138168797929
-0.683089168223882
-0.865750875628175
-0.762455777049683
-0.590163373063853
-0.662271384202432
-0.687669462555776
-0.700816715337798
-0.788980683872035
-0.800811576926924
-0.710468060985199
-0.812706541987542
-0.63857838204087
-0.566587091944373
-0.671162805938796
-0.533008331024018
-0.64359758973698
-0.621352965597369
-0.658236755485446
-0.586814736580243
-0.651022205683046
-0.659765966212557
-0.533948197744181
-0.599648114349673
-0.559590740593768
-0.733626246118819
-0.696440081660746
-0.682733943368234
-0.634166731370587
-0.622591782895434
-0.576278130967522
-0.608980511018441
-0.635180087541834
-0.695247989236968
-0.573468785089753
-0.691764778596859
-0.613819105268118
-0.590251913204481
-0.61679805122401
-0.453660718452169
-0.585365571299305
-0.607642958336331
-0.58837781500487
-0.651507007439216
-0.670495697744609
-0.53800842106762
-0.558344291922262
-0.597193787931555
-0.66489069655354
-0.59541312139999
-0.473241699176584
-0.618151731046444
-0.553003971713358
-0.562466377979878
-0.426436803169972
-0.553269380093402
-0.6199401985427
-0.522851398827833
-0.423451716569098
-0.503707733124632
-0.541365835280423
-0.473963107014354
-0.359697132966645
-0.55697666931021
-0.571046306768011
-0.477235714898329
-0.584330306005583
-0.540993070161003
-0.707700275908766
-0.576963221684712
-0.574786703090681
-0.414320334846014
-0.473157420282088
-0.679515773628223
-0.450026480946558
-0.529695596284231
-0.553082017849467
-0.590401492091043
-0.450829072689867
-0.570748327791055
-0.553785971489149
-0.517869591664112
-0.384376458591762
-0.42048865573039
-0.528571575315924
-0.53122577719553
-0.503062832913844
-0.522327070158292
-0.670939793184868
-0.554643225316067
-0.412584204574289
-0.683422889782463
-0.321583520575667
-0.595822231714871
-0.50049985252581
-0.537854752853717
-0.401196547206807
-0.649098409185292
-0.315434340251312
-0.710023347742932
-0.601050250746697
-0.454857961708875
-0.484220277038985
-0.536513249619797
-0.463006108985801
-0.50195681438074
-0.427714987230208
-0.497185171552914
-0.467103746605019
-0.274902338387441
-0.51163230982602
-0.618859492349778
-0.450103643084134
-0.413970073995739
-0.486491001966649
-0.496572429570901
-0.319270234401153
-0.366422543911177
-0.558293293784771
-0.571599557372864
-0.349323818516542
-0.371870895117337
-0.389909993714422
-0.414684574244836
-0.616838590584019
-0.502923876821628
-0.54276377821055
-0.307530026319139
-0.53436635292344
-0.376981143648332
-0.347497192155792
-0.333985012894587
-0.309260611285572
-0.646279435741182
-0.346541217600269
-0.529829391263588
-0.665030188906467
-0.345254442615907
-0.554526323503129
-0.456880480488213
-0.43977279973008
-0.403059569108499
-0.401679054512843
-0.439815613639561
-0.417911330861871
-0.306843394036617
-0.342873116217256
-0.52927897882322
-0.441345193709932
-0.48353017096341
-0.481973502218136
-0.393074134420255
-0.373346740539578
-0.29107626796196
-0.445497691905119
-0.271933711770412
-0.439092371159397
-0.38531491407282
-0.376426923816629
-0.422129668438297
-0.332234813340623
-0.483876948499083
-0.242442479186765
-0.234491880503091
-0.314030098615835
-0.466176881333939
-0.327902891125891
-0.425934623918052
-0.413087614681336
-0.362147673003225
-0.473190430219988
-0.297108061965853
-0.246455332159778
-0.307445537021482
-0.402425347932161
-0.328843599738143
-0.361191948240166
-0.336123252817506
-0.284504192265276
-0.13313014841598
-0.41432363446839
-0.283433529204648
-0.316408724962221
-0.392868735799406
-0.543667269075449
-0.33707117725408
-0.446719615059115
-0.184981459847261
-0.316635963125394
-0.339192007681427
-0.208952934099917
-0.143638641988701
-0.324952969231434
-0.147319773017467
-0.378077803678073
-0.308240463465856
-0.296340062251661
-0.408921228445541
-0.119246211817529
-0.197813325767214
-0.343668746249295
-0.322644575096168
-0.323986840010685
-0.339615512748937
-0.326780436745209
-0.320604651722608
-0.258823652749444
-0.412182627054194
0.0255145865657197
-0.408727860089375
-0.184893018752149
-0.332976349249954
-0.296789501802916
-0.0857784388384827
-0.349975914356246
-0.319384349845077
-0.274407944707591
-0.115132688198147
-0.198848402700424
-0.136762088042896
-0.199931202317235
-0.182734474108716
-0.209721722611245
-0.227126172861497
-0.28089123773714
-0.451215734694267
-0.235769029101543
-0.287150327572718
-0.201438191513855
-0.0567988466221234
-0.338839689680447
-0.192924717023888
-0.325034504695657
-0.242421718482972
-0.293765942787025
-0.312962029115419
-0.262646791157686
-0.075797428993008
-0.105684118436262
-0.18369319928588
-0.2523076027896
-0.17052299714261
-0.256065056455225
-0.326248020236618
-0.184861946459772
-0.26160297441993
-0.18924295570614
-0.295424047997232
-0.129932105164134
-0.358999318892242
-0.216135253687933
-0.207228103572152
-0.264028273433383
-0.152494876332124
-0.218581221948681
-0.12816405601657
-0.173047914414234
-0.0769321725690571
-0.0311587301295287
-0.175809800057727
-0.136313383608579
-0.0169405737303971
-0.223524682410584
-0.233146750585131
-0.164549856349704
-0.185254261880699
-0.0572770106499908
-0.251052842949402
-0.143840656077328
-0.0798720730095065
-0.258926665935516
-0.184169899104029
-0.0773591891960602
-0.0400488840650782
-0.162801828074433
-0.164478748972584
-0.142323796486866
-0.175327686657681
-0.282887910647155
-0.0960595558226929
-0.0784993807755704
-0.157329541449447
-0.229744505646241
0.0309994505647972
-0.200983449309818
-0.174338576941057
-0.100161462224307
-0.0987426006052323
-0.0298676072465636
0.0167373514221636
-0.150677970449274
-0.156594939025522
0.177354824095277
-0.00286754750018367
-0.0421807562983009
-0.265415893980552
-0.188711944044144
-0.225560394506979
-0.124887630543273
-0.188810928958397
-0.102405233883953
-0.155028912593756
-0.0499812587762588
-0.0888086906110572
-0.126588546741738
-0.110050667153192
-0.0602218270273424
-0.0299599693616086
-0.13582342567415
-0.153431552236651
-0.114537623580891
-0.0349849882335985
-0.0284993203030577
-0.0888508670636146
0.00399167456406608
-0.0977862092443543
-0.0355064553789476
-0.0539673342389736
-0.129198831642596
0.042345779241179
-0.0483257234360179
-0.120751887665157
-0.0579295348705684
-0.031442733583587
0.0183789713721423
-0.131985166005996
0.0794884291618277
0.130343100726505
-0.114067923241778
0.0942826131593097
-0.0566784770454805
-0.0256320380618915
-0.0584301065059428
0.0216156280988995
-0.050892862917644
-0.12647374424776
-0.00488115951388832
-0.0778982633634232
-0.0372396738548492
-0.0220936025714101
0.120156512975716
0.105384350387222
-0.00132524545295684
-0.0897384839586042
-0.0309052709500238
-0.105484761573968
0.0139440477875402
0.125090497753536
0.00418575321468991
-0.00951719548054984
-0.112961775377729
0.206078874603421
-0.0998891637696101
-0.197625534525749
0.0840747076518484
0.00626754988182407
0.0613615525544867
0.0728097176142467
0.0235546881169159
-0.0212352956758184
0.0458673399394512
0.0548889819598038
0.0866739304691152
0.106701076067441
0.0950612907710128
0.0438906693584606
0.0668661852846039
0.0711991631875851
-0.142375630498471
0.185411874655401
0.0463499961516889
0.0290648201190259
0.137440508595359
0.0946643350145083
0.0407096867056293
0.0105754078809604
0.0927899508577304
0.10875954184491
0.11957043449518
0.0918795381207924
0.210226814543497
0.0339627025186629
0.0572230061858544
0.00808771661971765
0.14003605652379
0.13712972246556
0.101370512914989
0.234879318291276
0.132425153034312
0.0315275799218371
0.0613794023963369
0.148728870727796
0.0879964797246738
0.0541411227648068
0.0307798514597561
0.0506177743053318
0.12331400031196
-0.00147982688148838
0.0799886437502134
0.00173166124227639
0.175078203021649
-0.0565723306930136
0.162704632740878
0.182142086233665
0.113562550126324
0.282878016160974
0.303470832343238
0.219488584013251
0.141021771136402
0.148898634572594
0.0500186166257544
0.178788189074386
0.0481734257552534
0.0386846329466768
0.171830647766285
0.021571852413201
0.202394215070405
0.129561680651188
0.0244468535054386
0.132969627312916
0.188987530882465
0.0755799112941016
0.256538622688896
0.261136648392298
0.128321208610723
0.110507895799697
0.0708979046703299
0.0795983537013869
0.24311692440712
0.169701143148815
0.16814078732816
0.267200259149592
0.0494738775207443
0.35849151100411
0.218678768276168
0.13728206177329
0.178265886624169
0.116463317714171
0.207954547922224
0.284941272843924
0.0590889505514688
0.247543450081903
0.20625119263572
0.0215373152154041
0.166378815552484
0.120544991992023
0.248362996082038
0.132401927357956
0.275092271941715
0.253682098858693
0.141622938657288
0.411389054509355
0.317797105790064
0.0969748644667354
0.162791155613747
0.108258854665092
0.237151879670796
0.291539542605968
0.246126060073075
0.32495893542349
0.302350642383167
0.254247519816027
0.268939159371598
0.308586663844979
0.261361443962293
0.138234366728777
0.164629867377195
0.239834809177838
0.179439527543151
0.317965981667685
0.273288132246996
0.345901065031899
0.269429829849831
0.275876717200776
0.24849492342813
0.329448900769123
0.285829131171465
0.317628248576444
0.283998927998222
0.324500478018294
0.290196083392317
0.230260679563679
0.320439473823332
0.343401071264809
0.278910957088062
0.201662401346067
0.265534924530736
0.315836109397509
0.371854322330527
0.447520662893148
0.28350977927517
0.248376759803195
0.301302494095734
0.388145453403494
0.30971041532652
0.151102124743562
0.347216933361455
0.179979769866026
0.267215453975638
0.282001156262214
0.250975493051303
0.380095590948295
0.370176997095258
0.450228546439615
0.213206457808101
0.341660321839153
0.305817199798896
0.332979274018501
0.262341918612998
0.264915837868008
0.232359467367549
0.417228159108021
0.407406119175274
0.204017035597463
0.32627810772104
0.222346309340767
0.23672630376487
0.205122577605432
0.26106745528976
0.421668521155065
0.367931776997983
0.353815937187392
0.307788367486449
0.270045690672796
0.476050259731978
0.448549967794484
0.550066003219415
0.522854073640939
0.312618296890258
0.393158863487237
0.460189154412892
0.347726913362172
0.431236807881208
0.512944778561131
0.296559788644932
0.346367543373939
0.441602957140216
0.37004724743861
0.365592714767847
0.518989127844206
0.388314288600274
0.288931732438835
0.23527734346621
0.456244367730566
0.294331289443577
0.289255194903606
0.387140899160515
0.305824076699506
0.448316885413999
0.437850453562005
0.347696345628975
0.413801900142925
0.265753407658804
0.392339868856043
0.350609259701604
0.548975929236141
0.449083294682902
0.496107473093802
0.39684212354682
0.382901010292863
0.266506487308169
0.416420845995279
0.531798374696506
0.398891309629266
0.362872193084546
0.467787924113606
0.487818347369672
0.454955009180965
0.384149437176866
0.486395992859779
0.510519876936183
0.489761772416048
0.293942723721089
0.426771993641665
0.431340973053817
0.568298582869346
0.543204922890491
0.407840587466534
0.416424298719991
0.465056482041374
0.440496951246149
0.495923312456277
0.398363858647405
0.459055109812825
0.484248574336811
0.611336300626017
0.531917681765501
0.597479192541106
0.425946946205508
0.555954002659989
0.519263251443102
0.53023129844237
0.512381538167244
0.620302521170028
0.560317787924015
0.504386166694597
0.379355812221836
0.333918159958559
0.495968007891783
0.42156290116594
0.575216733014317
0.439253894791469
0.593710864653183
0.543101752815457
0.488396586007411
0.690545077952697
0.625836913587056
0.637255348462442
0.477678604702516
0.530444804811535
0.412667426197649
0.569547944317323
0.549473400415303
0.508738184265671
0.625351162508349
0.597588612055043
0.559287292987021
0.497385836430015
0.652598376144324
0.619625562380575
0.536414405961811
0.504212150166297
0.656837437557346
0.597105607756082
0.632149329569467
0.366092138342391
0.52648068607769
0.693399245474813
0.529545756005274
0.659807473175437
0.565236764283754
0.62103102772575
0.595235133085734
0.697351956553404
0.591318999924054
0.627453121349728
0.69694527501602
0.533565915002885
0.539466801747903
0.570290409861745
0.48533262145346
0.520853771303754
0.532205585001094
0.642153486755964
0.628119930990333
0.492147427519653
0.613917997332233
0.48586277670398
0.680148735669028
0.6463045506425
0.529599988629201
0.576482737632236
0.491006089185742
0.529816343497784
0.655005995680081
0.645998723424787
0.592836514024123
0.642052367349192
0.541116114263163
0.717457800360703
0.782543261879778
0.415260246426324
0.502267246675553
0.547109145156616
0.642985645996365
0.638045428848143
0.577628158247496
0.600630056792165
0.625284931417655
0.657694454110169
0.67714268917411
0.747386620684843
0.608308595113362
0.765267870471041
0.510237145557102
0.598987286111848
0.710074866683356
0.683332157174227
0.633146344399294
0.569513083818137
0.738400101733808
0.821257162874427
0.590427268998279
0.833470873353042
0.772936185933334
0.610422107982211
0.679290514609515
0.847754292432276
0.771857703671982
0.607881894840668
0.651704680879728
0.67453677428325
0.655321425157112
0.644643227817116
0.586188110104454
0.731271037691421
0.547332969338986
0.784380335038649
0.837974257438626
0.671903967168624
0.608757230946084
0.660515765487232
0.692263558874799
0.668262042555743
0.652526870411715
0.637047295873621
0.675983338113859
0.610038399880236
0.791201843068209
0.711129122998211
0.661626728465177
0.720562135627083
0.595834725348678
0.554557451562711
0.719633563851634
0.817852944115482
0.778433128671984
0.776074318254361
0.614940663481438
0.806691645970341
0.509277534394346
0.867738440058577
0.743174012751443
0.788670160604674
0.662817041394719
0.622141160333874
0.61597696192975
0.864008679893437
0.656808347593829
0.873930135410734
0.758891250850399
0.717902601044243
0.773657075458357
0.663277543140611
0.756810917914448
0.767219068667896
0.70495383874081
0.700614831033346
0.782922500952715
0.76715183842592
0.751863669594759
0.801595964951762
0.836049702600631
0.815993861002555
0.901629856623023
0.799611111120703
0.862047748937864
0.870236081924046
0.842202814946803
0.815136207873592
0.755025613063802
0.59802568355125
0.918610883335906
0.86699239252273
0.893324748935064
1.06551864310064
0.909448854094984
0.840827081409567
0.783830248577103
0.827881430751597
0.93376893418802
0.758468691941329
0.777164469100732
0.854096550646177
0.967927875777604
0.847629099523995
0.840733214796474
0.75067774512045
0.841322747375801
0.869791992059371
0.866269479488696
0.887167884879674
0.725059034180579
0.736027245189235
0.847708636380274
0.870580559378654
0.944329419765263
0.828684394785393
0.939823950866933
0.867048320012945
0.911202225973807
0.814101571974569
1.00962486029125
0.857946394599703
1.04357528108457
0.773158774464222
0.827796651780006
1.02999470456011
0.837912465341938
0.991617460224415
0.909474750970153
0.824247378261488
0.787339458148736
0.943573440621812
1.06014135231848
0.77937544237758
0.910420938638962
0.865638997867251
0.832670574947083
0.969339427069875
0.979555077211965
0.918799708322733
0.867861323023342
0.896908516732181
0.998845758186438
0.835089853948326
0.838854813636301
0.923271129086132
0.956537275206782
0.823372510435374
0.92187832048165
1.00710430154573
0.941670384930419
1.0124366512055
0.884918012284265
0.833751742039519
0.838478476959749
1.02087342727942
1.00457035542769
0.832530444512344
0.941834270136048
0.943645472163418
0.901424053002046
0.910996139965384
0.931814603040947
0.903278584569786
1.06531959848351
1.08494977072426
0.911206590995727
0.990228117824896
1.03729713912712
0.913086474418159
1.09808326976966
1.02064989559819
1.07180423848635
0.985728444500543
1.07263955790143
1.03215962790673
0.928806372153848
0.957533298925788
1.01884512009373
1.02688730642298
0.960994394844192
1.04339969629459
0.941849284056343
0.89962717072881
