"x"
-1.12571551655481
-1.01060691580737
-1.05115723289274
-1.02100042456506
-0.920869769795117
-1.02417189975616
-0.919715937585308
-0.965741811700007
-1.09565338220118
-1.06689218421337
-1.01520646127897
-0.965083542514574
-0.916179271318201
-1.05599210283337
-0.885302302346679
-0.975356623450629
-0.909332089663381
-0.999043023529835
-1.01091317362877
-0.901994502524728
-1.09178864066147
-0.991017699764363
-0.883989114002759
-0.844134744082645
-1.02345790784798
-0.915826682085366
-0.897396400026785
-1.0289109177868
-0.95904024617427
-0.912841526306652
-1.06167687333131
-0.889896005170118
-0.889576299149964
-0.798681503611702
-0.835901328122923
-0.882210914369476
-0.798991383988624
-0.929440682637436
-0.867973851741457
-0.948058267967313
-0.905751090433248
-1.07067377934463
-1.09244748153243
-0.956460271849932
-0.845352591413157
-0.946489837041999
-0.986128012123075
-0.841447085169437
-0.773291059043814
-0.914850346495757
-0.862848521718697
-0.884881710935312
-0.849272061444695
-0.857096786771119
-0.857617496452061
-0.829513028030826
-0.891419611497801
-0.826212516748495
-0.968414539370919
-0.951036495807054
-0.837377358837917
-0.895119899869835
-0.913773226537129
-0.845778662498513
-0.892182039638165
-0.937185796078519
-0.931979338648812
-0.818085162385594
-0.909893710870694
-1.03528734951277
-0.944975156083277
-0.869005307428297
-0.978405720001244
-0.804000346113388
-0.837930699257633
-0.873146730250523
-0.883040164684951
-0.897825580144435
-0.885206883054577
-0.669875823707239
-0.873167077440765
-0.836366485816257
-0.828660424266878
-0.864533287666831
-0.904182969430064
-0.847352768180889
-0.797821603568996
-0.892822627623515
-0.790197911298673
-0.917501648353238
-0.783679119193956
-0.737604990657158
-0.858454620579453
-0.824569643248239
-0.763691845162866
-0.859884057767336
-0.826229812856527
-0.698524888176009
-0.786732449721039
-0.705469218504122
-0.84361848127172
-0.746588055682595
-0.753405535554623
-0.693825440908014
-0.732562772721257
-0.913515434499535
-0.644865176341396
-0.69013177044893
-0.753865392484841
-0.811213136064541
-0.822271997100654
-0.86642193622202
-0.768510881293286
-0.811910344524968
-0.859864451833171
-0.841187011497988
-0.885666681226153
-0.600245141911916
-0.78497384030724
-0.756163345669419
-0.755183687552496
-0.875200105732664
-0.842064958934632
-0.572501838970307
-0.465854764779715
-0.672728732285989
-0.69735254161558
-0.756314980403087
-0.744154092788407
-0.819834398095519
-0.770066311383632
-0.710031108405461
-0.737702396214297
-0.712243714244931
-0.639638543710435
-0.789684122909298
-0.809501479708296
-0.836092998073437
-0.580515660281974
-0.679975379737706
-0.649930856644468
-0.728005919150314
-0.699224557858953
-0.686479973359342
-0.628887895028975
-0.729778061966335
-0.792201691389363
-0.77628905520353
-0.649669475499283
-0.585577749792271
-0.570253979051982
-0.651882304464662
-0.653965085558412
-0.579001430637978
-0.710555696814507
-0.677393182265366
-0.845935707892535
-0.765448591923088
-0.578462743670172
-0.648113256610191
-0.693886341294623
-0.680187393580702
-0.81126817394246
-0.792366366552406
-0.70557059988105
-0.819171812480881
-0.631818074549775
-0.533289647401888
-0.683731178511256
-0.515898184959175
-0.638813565486068
-0.623709424687434
-0.647782653987356
-0.570875284244585
-0.628901303817716
-0.660819771425847
-0.519432177146678
-0.603721605517594
-0.547774313667633
-0.715856244761862
-0.682954373546222
-0.688514428728293
-0.663648955734691
-0.605850964689614
-0.579522681068183
-0.607264335417403
-0.642382243568425
-0.689990246074899
-0.543606952210924
-0.69302932462779
-0.616909492171712
-0.589128413609044
-0.614751798578017
-0.456647820684689
-0.59611745255774
-0.635314453562153
-0.596336993627396
-0.629856687362235
-0.665858415990806
-0.536665554258559
-0.562229462331213
-0.582720369046297
-0.649277200079995
-0.61039376527183
-0.501262738498825
-0.656521039200508
-0.565299165099569
-0.563102291756288
-0.436931391946183
-0.557548815704331
-0.586944824235122
-0.510065077593538
-0.431576787095819
-0.50302351657232
-0.558762859531999
-0.498301390834931
-0.367753849913413
-0.554407563589614
-0.561285412475002
-0.469111694007714
-0.564767142974204
-0.539065379823019
-0.702342987580686
-0.530879838386791
-0.574056517603379
-0.430727330955453
-0.486015944063362
-0.693251830296217
-0.459317496039167
-0.540055601063078
-0.54224956606354
-0.603480738497731
-0.466321441248962
-0.573035239884731
-0.535102466259189
-0.526299970484481
-0.359963390577068
-0.427568849897216
-0.510063843858605
-0.512769593177034
-0.485232025180034
-0.536433714316636
-0.668374091066574
-0.546322439348258
-0.425493202167505
-0.70149942946954
-0.321541563593548
-0.575543948543051
-0.488184909698819
-0.538032967239782
-0.399394257452408
-0.639081406288738
-0.314133516785639
-0.696371467973415
-0.608909516450456
-0.469896656086428
-0.47488859037588
-0.518481119323687
-0.474564789387085
-0.509272409365382
-0.393482140514886
-0.505605127028995
-0.495105594766754
-0.273611739632889
-0.518477135424975
-0.619848952787756
-0.445266353664779
-0.413874602066204
-0.502141546604919
-0.472407655716696
-0.309775144302195
-0.372172651580319
-0.560588829609922
-0.593349215216082
-0.346401814284701
-0.380552279985376
-0.375319717468529
-0.401049097258264
-0.591427811766812
-0.498585506849639
-0.552058243939881
-0.298642113227628
-0.538647907241968
-0.365516016972354
-0.377361950872405
-0.309320577187108
-0.313079544680506
-0.641671570079639
-0.35743650983262
-0.531202611819209
-0.66313352728241
-0.334864478548629
-0.55049212411958
-0.458350695426759
-0.411704804037668
-0.421123059253533
-0.411487724425121
-0.437536804114824
-0.402380703903903
-0.312727250544282
-0.336543172655
-0.518110537262673
-0.432258651323985
-0.49064855152913
-0.492698074151262
-0.395208175244058
-0.336419517580519
-0.293622467373136
-0.446105411460648
-0.303747802188178
-0.463991980554314
-0.399052157817
-0.358318794861731
-0.441478244015834
-0.301625785775327
-0.454016124577952
-0.205866502910314
-0.228394414041043
-0.31665787368615
-0.47515214775364
-0.351396177015826
-0.448224579455591
-0.428984592361983
-0.350913135199937
-0.46946952855942
-0.317754312231744
-0.219158131734741
-0.310159676618828
-0.412285146692656
-0.309738263180197
-0.34786967909888
-0.348983494031341
-0.298108615765238
-0.144755100954156
-0.417066248910809
-0.286400802423706
-0.321292799433724
-0.402130972905432
-0.551843816946873
-0.334543049438853
-0.429719662062676
-0.173011963301117
-0.344164538125975
-0.356441716782831
-0.218831509724454
-0.137035802860942
-0.333287698285565
-0.150775784302634
-0.412411900921666
-0.305500291813176
-0.303856295943413
-0.395241620254157
-0.091159475649775
-0.200072999978023
-0.339114355399781
-0.322399688385859
-0.311248765079927
-0.352542430783704
-0.345177941442293
-0.310749165832628
-0.262469763909151
-0.403032281536913
0.0215432003635085
-0.438046123155172
-0.191506196923689
-0.321168459338748
-0.29993313379661
-0.0874891584922934
-0.354119789236573
-0.287599391877117
-0.281424461576439
-0.143199129645049
-0.209496841894949
-0.155309443713353
-0.190380363930967
-0.18500767479296
-0.207087365895158
-0.242167158216227
-0.253781469276519
-0.44281460786355
-0.226733507689625
-0.278529100918981
-0.211588083470421
-0.0619832401874984
-0.337221637704201
-0.198630601396083
-0.339102417457868
-0.260407606471263
-0.298921610940621
-0.28804183650722
-0.252520495547522
-0.066606213001941
-0.087331226549478
-0.176368753305198
-0.259194230797506
-0.179062284487536
-0.260790521857764
-0.327035391487292
-0.183261281155225
-0.275023018536032
-0.182850241164372
-0.291444683797512
-0.138170616238688
-0.35896690965726
-0.197067830124647
-0.203331988079501
-0.245545842246595
-0.142678616486716
-0.20246576441017
-0.145996223459152
-0.184106800774495
-0.0928592549451766
-0.0244546868661877
-0.170935951520406
-0.106410794893882
-0.0181905663059901
-0.211458470774794
-0.222289063391567
-0.189283974051087
-0.186033769509111
-0.0645847979050386
-0.252175592594401
-0.159051001194257
-0.0787799808057099
-0.252206412643685
-0.192350817706964
-0.0904935198405145
-0.0661498136519224
-0.157595343539816
-0.132722365179165
-0.153053346566596
-0.162922552490166
-0.294450148249253
-0.0953989478798635
-0.102347493758306
-0.179689848023164
-0.225370063226588
0.0128461301366806
-0.170745047133173
-0.165928083956398
-0.0950022749328955
-0.0823056036360862
-0.0124627388829513
0.00444943334732628
-0.147563292091387
-0.163256061838387
0.164108707358914
0.00263664167133915
-0.0532588472740389
-0.259174809697969
-0.196705833397483
-0.21289382133671
-0.126424940093206
-0.180150264094551
-0.0741497667185436
-0.152528923273926
-0.0474974086232265
-0.120364137038568
-0.151459389496258
-0.100323936595705
-0.0604908207395457
-0.00386053069651764
-0.128757945574387
-0.161155042476829
-0.142426708768251
-0.0176293105492383
-0.00755758809027575
-0.0783304229493856
0.0102297285298527
-0.10733737686646
-0.0272046514892363
-0.0774156021826243
-0.129328237243589
0.0670399234192338
-0.0580779110262974
-0.123532355964731
-0.0417720758523924
-0.0102980844029227
0.0207026956900808
-0.113117692861156
0.0675359937748821
0.143615145515853
-0.0919655834919932
0.104917616463212
-0.0617645229490121
-0.0118981330549956
-0.0589399663091713
-0.00461979555064925
-0.0403829734946533
-0.143023273230708
-0.0144327190163699
-0.0710082811984672
-0.0554912153112532
-0.0164658780395006
0.0889383451446422
0.0791488080438925
0.0108584117214981
-0.0644368564369459
-0.0458679520129344
-0.108354108049926
0.0191125966587407
0.129353627999433
-0.00353622101316393
-0.0161936185132649
-0.122321666530785
0.193129315205633
-0.105695226412712
-0.195410480768997
0.0820349248173019
-0.00867816835270632
0.0477176423550298
0.0717702403491359
0.0462830089118192
-0.0247018172441468
0.0386629650822594
0.0586666872191886
0.0817997564575689
0.109350528591544
0.0751013319199277
0.0346049191735288
0.0626511963408195
0.0973888513739203
-0.122765732799939
0.178496938904921
0.0679211132193635
0.0178057787569427
0.14275480099776
0.111298542799381
0.0432258700237336
-0.00136179196812721
0.117874206729616
0.0967331782000725
0.117546586293554
0.0955929698012555
0.191730102252173
0.0266178071620409
0.0419715219559369
0.0366446908838142
0.13217858827594
0.156431256513192
0.106652376748255
0.249241683960835
0.142861559385062
0.0243407744678202
0.0666903827029969
0.144827242507624
0.108733924095384
0.0603974613758931
0.024474597412468
0.0612854954158605
0.118732373749882
-0.0115299507443469
0.0844046502437859
-0.0197007964197343
0.189106630558581
-0.0455051252022734
0.153159878067951
0.148367154691742
0.120401567673178
0.272125369592183
0.302753247935327
0.229122291353022
0.140797289341725
0.130342525370269
0.0507195512184485
0.191532725899921
0.0684000689327633
0.0682413881669961
0.187707720642262
0.00809823478690041
0.1956813041414
0.151771970041609
0.0536027290097433
0.13889392693291
0.190824053328433
0.0640257119892225
0.273544869018797
0.269247392503894
0.111755783592516
0.103108992321111
0.112815158242922
0.0905628761475089
0.235884369662542
0.203732424567833
0.151735222162463
0.262175061811601
0.0673251592954862
0.359977039452346
0.227813640434731
0.140327064062025
0.202108813560918
0.1167190408784
0.196654928645279
0.28655067082823
0.0479900987288229
0.25431474244973
0.198563427259458
0.0534287287724893
0.17890293336897
0.128475140259726
0.246893749441859
0.158469629360019
0.279686125832127
0.276781250883784
0.13366913543101
0.406203094958749
0.314927301754813
0.0760654940909423
0.171018816846539
0.102174685871329
0.247097184674424
0.279680117204268
0.253546284049334
0.30939009454498
0.324030067178598
0.241348809397921
0.27184587523791
0.308097864618108
0.265651909108728
0.153633060841842
0.170767079248107
0.257328147610586
0.183186166185027
0.301967378285842
0.288874887842797
0.327973485606547
0.261552223349364
0.272568540528397
0.256244261674644
0.329371477606005
0.298636066003486
0.320509690259954
0.297839773604634
0.300792475139735
0.307174734547602
0.217539311010889
0.311360801916383
0.324024434473408
0.275226852101816
0.20581019691527
0.272785921191734
0.329282148308498
0.391717140516327
0.44303969761513
0.269560298630768
0.258427850012389
0.295273895979837
0.376144423893162
0.305169764888658
0.153060802392198
0.353292077204562
0.190269512458915
0.276753381296462
0.285785470387475
0.235625316627574
0.372319412736341
0.378698302365735
0.46225815045134
0.199100818030715
0.363420355977878
0.298287245726883
0.316032102569786
0.273184739840377
0.267989110773841
0.235975760239832
0.389720046821368
0.413175276407112
0.211767954632933
0.340600552218578
0.196288561260099
0.226662608356557
0.192140122810969
0.264682410262853
0.421832528411141
0.387399154766655
0.355136952717683
0.299136653174737
0.268288624584108
0.469327282832345
0.438221137923835
0.567214280166262
0.513365062140881
0.312013110044122
0.391111100249823
0.456549482053933
0.352294407359749
0.425494092968114
0.537194122971637
0.283278976061111
0.331983378204574
0.454856466543761
0.393143344055196
0.332903792871718
0.508776068226841
0.391504766594665
0.291135381871358
0.246844605828857
0.461687420410053
0.299219747453317
0.280006363550977
0.362212464532101
0.321455524023022
0.438737789808878
0.408644793823196
0.344404753750114
0.421277598527472
0.251881321549412
0.416024336796738
0.35059753962176
0.543049515464337
0.460395024448596
0.499083627207584
0.41638268294467
0.372806772510593
0.273355532602074
0.423072241568411
0.53827301572184
0.386500449509731
0.358263186873762
0.477271023502129
0.485577053952784
0.442834463954821
0.383196016113623
0.485309737966818
0.521627628971092
0.486127067342482
0.285825841522222
0.442845686288229
0.418470910023274
0.589273285936263
0.555366767075654
0.382083999321479
0.415398001578025
0.460777918451913
0.439465947970739
0.484525296284689
0.378452925512335
0.447415413371255
0.487241046316659
0.60057167233623
0.541117335857366
0.593100821826247
0.398362010518873
0.567152490677891
0.530008277971337
0.547257466614938
0.488156436924412
0.628614655404201
0.55650539773041
0.522709668321197
0.360389195715113
0.37252955570011
0.464369947505364
0.396756160903906
0.568450164178917
0.460650817739221
0.598416672181176
0.519839532632618
0.48533395056659
0.69974212888791
0.632230560472369
0.643524527322813
0.477948425372312
0.539673778277061
0.417324768157334
0.566643261118362
0.547446787929102
0.503238372464105
0.629978726953527
0.592982622357136
0.535392991460279
0.515898934123278
0.64694844084399
0.586611107919771
0.529243232784048
0.497521383451508
0.639664437314091
0.588489004405765
0.623225699110276
0.359927715113819
0.514410247375766
0.716018976585663
0.525054485167497
0.665281952444393
0.57559283835551
0.652499445253168
0.615225383350097
0.701593813165418
0.599829601860814
0.618687727376637
0.680347672085884
0.533405300180147
0.545651117377062
0.579875888149036
0.501989698057038
0.551716602114437
0.5320598231525
0.625433180433786
0.641430886631837
0.513735658380795
0.596604073649075
0.494431080288509
0.668605692718425
0.639049259254944
0.553275736506809
0.601307771677005
0.48853275537818
0.518607926241255
0.633760273932213
0.637703274207149
0.561477577742004
0.659948997506208
0.545675028440289
0.693856739093708
0.766814308522594
0.424717010279641
0.503475315370994
0.550272856126119
0.644572367511539
0.621534159745548
0.581445099205441
0.601470756437034
0.619454131357541
0.634843059097966
0.673788724691303
0.758484935544703
0.615646580891654
0.745729698616864
0.498918625481821
0.608063690587016
0.718195345020366
0.709907633885416
0.601431834666941
0.552621458503799
0.753558552919057
0.815467236138267
0.586717035527189
0.830817416137637
0.755373756691249
0.617997196276541
0.686384392098226
0.851027194420648
0.755377062780144
0.60804746702143
0.649528319685967
0.657533781674421
0.666074898864271
0.662671512063876
0.584047950819382
0.718583581020726
0.525223498884207
0.784472771956173
0.837403790411772
0.657574878205455
0.615023618952547
0.65865494456109
0.703858957485478
0.661851677761433
0.661289507860333
0.630209404503997
0.677638058658526
0.615761035406476
0.794317861785076
0.723625321984512
0.657922736974858
0.704462418773558
0.613147053708914
0.567309588426002
0.729270097325032
0.832695795186673
0.794315758339646
0.76801409225135
0.623265232701357
0.7874378867819
0.542400711336325
0.879649317897482
0.743534526262544
0.788843825981729
0.649000786511857
0.647756967165195
0.591015248252932
0.875746926845379
0.65829061501766
0.880419801481799
0.779873953090025
0.707863530103572
0.784380942046405
0.673954849588833
0.741718885645054
0.78785570072736
0.718114755185538
0.694626051362178
0.788242398330144
0.750967337715867
0.72984578665276
0.789331061989306
0.810959002562809
0.812729263739367
0.916186072788275
0.79753915953398
0.84856137644806
0.869922530316218
0.841512652788629
0.792482398229135
0.750384082699429
0.609317264212906
0.927608668522435
0.860959823853557
0.879532026358718
1.06227975499322
0.907153198478608
0.842915355854101
0.780752859616058
0.809313580743329
0.926647359343801
0.7391496341156
0.77465473734021
0.857638407454327
0.983124048499104
0.83726352906046
0.833969798209485
0.75676350822174
0.841535395557212
0.874743856606702
0.877655009986532
0.888817709841892
0.725283262349354
0.743857820919607
0.8751590352283
0.873890033468112
0.94362813725426
0.806209759827892
0.935749464236567
0.847031259483219
0.910515885930639
0.809007753238262
0.993800219630238
0.840645428765356
1.06174105386169
0.769799432495866
0.820477518824666
1.03486225494283
0.831444178533403
1.00057959675186
0.909694916561677
0.855663950429816
0.789524592692413
0.947668054591158
1.05604840552491
0.789409172431161
0.950672057436807
0.886170034912181
0.845472051026013
0.97131709732791
0.997542260118229
0.922299916682171
0.880353501451884
0.900392268366399
0.987390863963418
0.849135652179874
0.847639676168009
0.9440737242254
0.922758391345202
0.841930885906876
0.921772737567487
1.03250325458168
0.942551365059171
1.02167859980594
0.87203740826339
0.834177155415428
0.851128329684594
1.0141462996258
0.993106779886723
0.828754911696549
0.937922004381915
0.939317261839434
0.915057128358502
0.915303252402621
0.934906144553901
0.902782027941404
1.10402811086021
1.05787035676133
0.874903089847741
1.00022235477841
1.01950732470132
0.902025938905348
1.08841247090372
1.00845092913647
1.07094941478295
0.973613591977746
1.07221132963984
1.03293189785646
0.908495095998504
0.936918536747645
1.0280767405242
1.01458150580731
0.958195552265862
1.06438782709257
0.954529946613183
0.89789721506755
