"x"
-1.12348416534334
-1.02804589217427
-1.04771399194063
-1.00049366514763
-0.911792567922702
-1.01409741128011
-0.902358407477671
-0.971473392206704
-1.08317248077084
-1.08773757196028
-1.01484203990389
-0.95416798677329
-0.909037501859253
-1.05360745914076
-0.900078557401003
-0.992993496223977
-0.913447182915082
-0.997685438917107
-1.0226747089128
-0.918842471535538
-1.09669360503844
-0.984870327808429
-0.887740988210336
-0.858725903451805
-1.01191657103561
-0.902892268135369
-0.889700718338781
-1.00802050157657
-0.978475122353493
-0.9277269396881
-1.06446295501652
-0.878067378739736
-0.901539490254446
-0.813730226370467
-0.847601779305831
-0.897051042537041
-0.783393534550573
-0.925472788192256
-0.885087507988953
-0.95911714551639
-0.896888025408736
-1.06146024440111
-1.08354910049196
-0.961540733642228
-0.824651751317707
-0.927991380365303
-1.01712305991102
-0.836061048656182
-0.778475280480929
-0.901962879058495
-0.878851544979903
-0.879650694265151
-0.851859415821972
-0.848120729513549
-0.848583790334448
-0.852911347112378
-0.894796733784429
-0.827379640256194
-0.965164159105896
-0.949745088366596
-0.839483726742733
-0.872640016134933
-0.880576638147802
-0.845202637037862
-0.880265982499359
-0.93669064899234
-0.918976342693076
-0.816931242287483
-0.899607890629116
-1.03114121932429
-0.973350362037669
-0.885012240848652
-0.956587792099971
-0.787894197044614
-0.865550997774325
-0.875006319971438
-0.881057104670793
-0.873260656147716
-0.87561466931282
-0.666638669659258
-0.881820645103008
-0.831526924192208
-0.824628585655358
-0.846396853338655
-0.884323916484134
-0.842248512152404
-0.770774394940799
-0.865213527354667
-0.787712870790515
-0.919854375345713
-0.800229186260348
-0.714288784491015
-0.848321977008732
-0.833286865504186
-0.794644879249316
-0.86270799696058
-0.835692389916675
-0.714211014661097
-0.77419008569406
-0.706290712322719
-0.842119796633494
-0.752666782568677
-0.729238738932621
-0.707057040023914
-0.733862501825009
-0.894905609903241
-0.623349929942405
-0.700469759037648
-0.736831705693319
-0.791232717340184
-0.826250587932924
-0.888067098370879
-0.770800223834805
-0.815856598051749
-0.85728565395811
-0.832924800289282
-0.889030658300111
-0.575422781059416
-0.77398250362643
-0.748847552555783
-0.753684753525071
-0.883681569801975
-0.814401281406935
-0.594409803944187
-0.469541971575264
-0.660227399018645
-0.709965387918305
-0.73770055623914
-0.758852580953033
-0.812471547857397
-0.758012822382099
-0.749139748482685
-0.757515744888498
-0.706756802386335
-0.641983358399326
-0.796236219517569
-0.800375410472786
-0.822140228934265
-0.575571231758647
-0.691082653996504
-0.659807538864667
-0.723861181700258
-0.703008432730635
-0.693099778252904
-0.626336029076364
-0.725503963039828
-0.779750857892834
-0.771047602378453
-0.666787431183688
-0.576818548116773
-0.553689875881966
-0.661798700069367
-0.65610726497021
-0.615684799676387
-0.721460812413792
-0.689992540360911
-0.835800216579832
-0.775029931484017
-0.576922511945726
-0.671016568088222
-0.680515410486611
-0.665900924869283
-0.796520890389428
-0.803381899886094
-0.686446500331105
-0.812163299571994
-0.60610032906284
-0.551645402898234
-0.679432408603169
-0.534309932617839
-0.651497659076066
-0.635585164881641
-0.651266925802984
-0.599166144317373
-0.63310044300739
-0.661135841813543
-0.539958971959232
-0.589212983345129
-0.541896872111139
-0.721334289096744
-0.675330701931117
-0.683676253487298
-0.643642475035578
-0.595254756249207
-0.571416276692308
-0.613271676519522
-0.646992165362341
-0.666760151775209
-0.535468059656777
-0.698686336536486
-0.601348382130957
-0.589644342492332
-0.613652231010883
-0.466973086132982
-0.569181246743259
-0.620437431873703
-0.602065391057553
-0.642576683698028
-0.677394153313264
-0.543923917114365
-0.555844199457542
-0.572881387793032
-0.652897627744247
-0.624029644416326
-0.475812257389032
-0.608491873706234
-0.548505737020228
-0.586847282617966
-0.441155139745488
-0.539737296484276
-0.600751563595614
-0.532176536864321
-0.457520097926126
-0.489396053286446
-0.578326613483063
-0.509503584164598
-0.359490444634502
-0.548200558286266
-0.556045687002091
-0.482221611351595
-0.583193423250241
-0.544250031988798
-0.70454286364491
-0.56141794273538
-0.570265807436862
-0.410694137413721
-0.474453269121429
-0.669963643396123
-0.452778674128216
-0.534842675631872
-0.525568497879527
-0.608297863270378
-0.456332636108488
-0.578673272210445
-0.54713505533031
-0.532063332747697
-0.372302232748767
-0.416087838201087
-0.512780762473387
-0.544508879130966
-0.508631756145471
-0.545130345017925
-0.67795472393017
-0.569858530078428
-0.445246737740799
-0.692558687099137
-0.310727956953998
-0.591708469513436
-0.504046963551052
-0.540342252782684
-0.404558581492123
-0.648091673954321
-0.33280052905196
-0.711078965623909
-0.606057957543254
-0.458172116501043
-0.481199965656923
-0.515422784431877
-0.452378250489958
-0.48684463768194
-0.412364521234006
-0.507315072904014
-0.487474400173369
-0.294633460468823
-0.512079639109659
-0.627815142601189
-0.444905955579993
-0.411174325127406
-0.503312256042976
-0.490630979656622
-0.314895927061025
-0.384781840380002
-0.544790326968311
-0.572418232467726
-0.349125841276776
-0.359566693730128
-0.36894970195321
-0.423533796837453
-0.581068909722503
-0.49275010251884
-0.544813421444122
-0.305642462166692
-0.547192333239499
-0.372053278213414
-0.355784422542949
-0.32933869915821
-0.318269995443343
-0.635719833211351
-0.368976271236544
-0.505813396858043
-0.655471217659438
-0.329509965019354
-0.556181740570287
-0.451517906634661
-0.433939279997748
-0.395532688358715
-0.407394271448616
-0.450207308905605
-0.409612709669581
-0.310972757167351
-0.35546876736925
-0.54631757307525
-0.427202469022748
-0.495954481636434
-0.512797410856918
-0.395011631443946
-0.339887071926228
-0.289028894647633
-0.449217191359333
-0.292645496726458
-0.447646674324528
-0.394016683356559
-0.367449598764655
-0.407664969887702
-0.318305856125046
-0.46651556617177
-0.227025928196743
-0.242591030632977
-0.312015426305436
-0.487407552597924
-0.332293891866735
-0.443955201642447
-0.429040171141817
-0.359085905533518
-0.476922771633192
-0.31820839409126
-0.228357498864012
-0.306641718740201
-0.401612815924554
-0.3218876962235
-0.35389797424463
-0.336823055922773
-0.311446450919907
-0.137680689150934
-0.412523014609742
-0.284500159964456
-0.323881088867185
-0.387800683366602
-0.543814979198184
-0.361029882160942
-0.434265276697499
-0.174593168124198
-0.29795813390579
-0.337804852471193
-0.197252413340782
-0.149913755907111
-0.33409392587051
-0.14423923908986
-0.386700853377573
-0.322245930199504
-0.278368675425836
-0.395660963180183
-0.0947688611771657
-0.197069088648097
-0.340906203767054
-0.32378095391437
-0.314998565817381
-0.34942188681063
-0.304836476813206
-0.33047155603519
-0.267029739573205
-0.411854695436547
0.0134952488389633
-0.400581049557352
-0.20937860142484
-0.327827994918488
-0.286596790699648
-0.100203075402582
-0.358225906630915
-0.319957034213578
-0.281814080122285
-0.119104516931602
-0.190926272947893
-0.141919803826078
-0.199972161583088
-0.182051909369664
-0.195675719836904
-0.252768454649022
-0.25195950203446
-0.437500182345599
-0.230644364143834
-0.298991723571118
-0.191307026171616
-0.0555021424052752
-0.353181052088556
-0.205166072856676
-0.340127678131555
-0.254933311437372
-0.299496578676152
-0.302258836823885
-0.27332352168295
-0.072853613241417
-0.0899551516593741
-0.188644387564814
-0.268655373440013
-0.183711140824903
-0.263181270163749
-0.334448379870479
-0.193745157134934
-0.273219196176886
-0.170390144544416
-0.27896850966148
-0.128803515208963
-0.358332269137069
-0.194358448617649
-0.213593410631357
-0.271225684205723
-0.145818682637644
-0.217345782870606
-0.140736556679378
-0.15566613050648
-0.0859820673759003
-0.0278346920816621
-0.176356650929434
-0.121525118439793
-0.027528401056266
-0.233563575175204
-0.214909760846544
-0.179693037170865
-0.191238653031238
-0.0789304624560322
-0.24730174539809
-0.144689677297926
-0.0786746722057332
-0.24548344128889
-0.196894026179898
-0.0774403169998155
-0.0474511221120504
-0.133501554704844
-0.159045231407899
-0.154374497250109
-0.158811617897308
-0.272519425605882
-0.0931740130615761
-0.0850201617270188
-0.173123597525402
-0.203659568578107
0.0083084725290974
-0.186597810064428
-0.164945542649542
-0.0977706913442263
-0.107073106632757
-0.0420116210180606
-0.00786736647985564
-0.158503531348761
-0.188986638027425
0.184181255425838
0.0123988320806322
-0.0807658301058012
-0.269236788302161
-0.201444845418883
-0.237483320456461
-0.120576980715732
-0.162262176734008
-0.0973128085153051
-0.145152922798271
-0.0397349516084758
-0.115246635176496
-0.118517629910193
-0.126887558242023
-0.0565245314902991
-0.0386616399750625
-0.12655031432498
-0.146453667800547
-0.134983643132067
-0.0392969886231124
0.00269628726452408
-0.0975627640520393
0.0125117168814328
-0.0973752732162511
-0.0171782635907928
-0.0291932680785621
-0.14144532897083
0.0613615160304887
-0.0527489772711028
-0.106749846854438
-0.0575294069625725
-0.0284537217006837
0.042438996087588
-0.126200319737908
0.073739725466339
0.140367033965435
-0.103836815429131
0.0911298168777759
-0.0712234695587995
-0.0151775164860328
-0.0740821574102247
-0.0162692413290588
-0.0554587139445355
-0.158202926385981
-0.0169357916577176
-0.0512432739151321
-0.0448750642280706
-0.0254571853970032
0.0981483460191646
0.0665096586652924
-0.00534928447769906
-0.0885682583396547
-0.0364086402788722
-0.0788343034499922
0.0283814788487474
0.115286832704441
-0.00974033842592835
-0.00915638702988567
-0.1406960212723
0.18932936446939
-0.111006480951037
-0.183742938819767
0.111437382298974
-0.0140446391942588
0.0542607002217679
0.093926206248858
0.0136020341142491
-0.00903820515557673
0.0407951235809994
0.0384441411419827
0.0963724528732118
0.124025435393136
0.0831692301171761
0.033676424592427
0.0642231820412851
0.0732578808987535
-0.129527380023519
0.190910366976928
0.0675453391496177
0.0208364642522281
0.141779548204693
0.112435625059641
0.0277588504839759
0.0102169949483434
0.116049905886863
0.123861046115357
0.112794381136291
0.0775201106104097
0.184087569756123
0.0265760627154472
0.0534242848557907
0.0206174606606837
0.142824961010747
0.152797197886882
0.103794462762663
0.232218093483026
0.130771974007498
0.0300091176707899
0.0754509310222005
0.155394947890368
0.0823386083193499
0.0399664794105874
0.0315758223199066
0.0476574836771963
0.104222714524558
-0.0160186980058239
0.0892121753479142
0.00316364594624032
0.193214610587261
-0.0419094134634557
0.166830156897594
0.155760902311746
0.100592622154943
0.284317911946428
0.293534435294952
0.19506959864669
0.150149702240376
0.133432474943031
0.0386970832818624
0.2037418235647
0.0659852305576573
0.0635790012916826
0.204547296472641
0.0202978187477826
0.164794583911424
0.126213400098051
0.0578165164683187
0.123720938065887
0.170245467485612
0.0784805710147609
0.266926666878261
0.261652917115828
0.118921997592287
0.0979107239447887
0.0942126098693328
0.104275698312644
0.230805671932133
0.16019920582347
0.140377408712605
0.257535450208615
0.0510527507300244
0.351137172041223
0.239636653838057
0.157615122583637
0.205956893933744
0.128946869461582
0.201412949309016
0.262094475794323
0.0427223692859505
0.235944699655419
0.178087042415163
0.0434846999575234
0.169001725225042
0.129971938797099
0.226650176152739
0.148547254874958
0.286374905490899
0.2604466198338
0.130543868301536
0.406465003969991
0.30048101719
0.0678708959171531
0.166499109437731
0.117428704291431
0.236198287285249
0.287318022811819
0.240175695486295
0.322701718110831
0.311275582338546
0.252776663125486
0.274230175534355
0.30989095688721
0.279083827330955
0.159084214281222
0.181672108432849
0.260903158978528
0.172447647014307
0.317496574867593
0.280850759595421
0.327881410225301
0.26379485127875
0.272852789347954
0.261470779520871
0.34114069380967
0.286995668739677
0.326803525852984
0.269890647343971
0.303670347415771
0.296872965398647
0.241145142499243
0.329206719935022
0.312509026694786
0.282408943312904
0.207717169058984
0.293532771521601
0.334115103315792
0.374029460330836
0.428518221820656
0.266742262567464
0.2388888319138
0.287025215053736
0.369996743022012
0.285101254289276
0.159030224800359
0.341393452118001
0.193331721339603
0.286703305501473
0.280567202985602
0.265933601328999
0.359106055614379
0.369370775906293
0.461349143940176
0.197314122363488
0.328482031966724
0.288638613637185
0.319314662535362
0.271140592895928
0.262543283104196
0.233287640584796
0.400680577811274
0.4171260575555
0.208803845693349
0.339976746859187
0.220857198742365
0.236735525743417
0.206460676726889
0.28669170174794
0.405134256496635
0.369963700552244
0.32301496786037
0.308525457721467
0.265162880089018
0.477589999018144
0.434533751735265
0.548010633135462
0.52829283013313
0.289288423164231
0.401312713863344
0.473272857913551
0.362715499934135
0.41711318774049
0.526440219449951
0.309906206730187
0.342533126650572
0.453534062691448
0.346711232666763
0.374964544206869
0.501706323523013
0.384399033779772
0.270994244672281
0.216778411728681
0.442545155444855
0.302902590825909
0.296722066034868
0.360383383027053
0.318388280674178
0.429079480066883
0.421508168825127
0.338908809216614
0.416377568842138
0.250027291195094
0.400836790230193
0.339180080597807
0.534785527789368
0.44578846392657
0.496967246539575
0.401786954657288
0.371229702471384
0.262024304922923
0.429109685302801
0.533955979382837
0.397483377681278
0.36472647155118
0.46206532155285
0.475927150512265
0.465967115018729
0.368793165679185
0.469969029196522
0.511512545790037
0.488741664322145
0.289206078562553
0.43745811923898
0.432355315610673
0.58055564120043
0.546499923906797
0.392323077200325
0.404209702645347
0.453210270986889
0.438825272397935
0.485469300053199
0.383212087634963
0.451506476033295
0.47119824542305
0.597315972810698
0.524747240081951
0.590368759820875
0.407076353512659
0.547923487387707
0.524562426496567
0.524407440960022
0.47592723415825
0.622403419204486
0.545010382612767
0.520468241172443
0.387962526270363
0.333784715402643
0.469424018908673
0.404980077891391
0.578853816250429
0.448014615868369
0.58713560794111
0.526071661785303
0.473667592285354
0.70900979816977
0.623292555702704
0.641897137033422
0.48197340497507
0.545958671982931
0.42183272953732
0.552148984953415
0.533028568506748
0.509620466883005
0.631497089239286
0.587086400087583
0.530359344676867
0.495726015447213
0.687149324110542
0.597725803332717
0.53020932782157
0.481001157824536
0.648233240840172
0.582824312027216
0.643030477472545
0.361011324200707
0.515291470917174
0.699924096246849
0.541884861822276
0.66464877000435
0.576282084874424
0.62823433321954
0.613907127123211
0.691414569012956
0.607768731915873
0.626789651453408
0.714775510558478
0.52843255022195
0.547779117221119
0.541080808861674
0.503235505473418
0.526211521406647
0.532546237351095
0.613366207470712
0.652869828254855
0.499306206555847
0.620618361696733
0.498189723739729
0.69168206081121
0.64731960420518
0.548458588977775
0.590387981697597
0.493112888546086
0.527667328285436
0.64863680324723
0.634357094570354
0.573102108412496
0.651598538967874
0.568686390880098
0.678705493773008
0.770358404631389
0.424279940805254
0.513092773389844
0.541488477893888
0.64601230523832
0.611636763610261
0.560736340950033
0.590837435170992
0.633304964744041
0.646559040042037
0.665650608061287
0.743345010107024
0.624971495764936
0.75836416753741
0.496719612132007
0.599145101324054
0.700381985856605
0.718789462646116
0.621351376213845
0.542686137810875
0.756909868538113
0.838865632271543
0.598687344623718
0.830761332952236
0.765797290795142
0.639618749711004
0.694395340282524
0.866808404681127
0.752828136262361
0.615917570064418
0.67071579875521
0.67628048488367
0.652926845688851
0.649821430323015
0.604781323828391
0.709354700523684
0.534179565633517
0.781064281232618
0.831042218411577
0.686754413267596
0.583319801262563
0.671003260492348
0.709405509727816
0.64337456493617
0.650240186193807
0.62904877737401
0.678291189688544
0.606833403943295
0.783919298023576
0.702260580263582
0.675121132344718
0.712223477432547
0.602954485894317
0.577644432602458
0.715261108545469
0.834271934725555
0.797727957125194
0.750113863440757
0.636497513580566
0.785560418213772
0.528165819815108
0.868448504058829
0.756887916035976
0.778538148437864
0.63888023317764
0.643434615444381
0.628239887570361
0.884646278086222
0.65977149880722
0.870006200211993
0.766021209266704
0.723553376421608
0.779505914364931
0.652468955643355
0.750157303483081
0.797204119181227
0.720131629684728
0.706251354295046
0.781152876948792
0.742449614741426
0.723135288193727
0.795536039788993
0.81927820794784
0.803392169034761
0.906154314719434
0.792526277104667
0.861998395984377
0.83848502930998
0.844073108554106
0.787606816066809
0.753991805434732
0.598948494454421
0.933458100019081
0.857704801475079
0.888501048973808
1.04698323718076
0.904549600561748
0.860983754011677
0.78256678984745
0.817988118703048
0.923934963201961
0.773829406347725
0.795081815263672
0.865197618490656
0.973456676014867
0.830119015511274
0.841154315604456
0.738886468999956
0.853693268160907
0.887675168599384
0.869156539969796
0.884183581197376
0.715057584154669
0.744018329708669
0.86193615832195
0.881971025259551
0.955450946610845
0.824526597092113
0.939988866508653
0.850548196081871
0.899438478381659
0.807896113677227
0.98892539092822
0.840955797381717
1.0610450980837
0.76651612951051
0.830641847600724
1.02615537792796
0.825805075807393
0.980922166727046
0.909707993221487
0.850597789230887
0.787165425566027
0.966364551540148
1.06403058416168
0.780244208543679
0.968349402032612
0.859243118669313
0.832689974330112
1.00356319375399
0.98507796991151
0.92787029173127
0.87249375604044
0.896966634013124
1.01687573699477
0.854270720831013
0.832236295133149
0.943842569777555
0.953490381691648
0.824191610691941
0.949025263795947
1.02208451445328
0.936590846017862
1.02968315010896
0.890483597198297
0.851136172299147
0.828288243083568
1.01920656015703
0.980343915958806
0.844550426791799
0.915248987073828
0.938402288067053
0.927841282450371
0.913292498509965
0.94677627834472
0.923266062473359
1.08923173963915
1.07677603592996
0.890624619096829
0.993448103430914
1.01284445911298
0.903612237211401
1.10623481703504
1.00206316727108
1.06982557017333
0.972118280620407
1.06307867927734
1.03967427361813
0.911480960189726
0.940496820723126
1.050245074008
1.02737562219664
0.940858121252272
1.06072580129287
0.965881973104228
0.911496227835067
