"x"
-1.04935520823092
-1.12481028598032
-1.03066326192135
-0.938498433634665
-1.02716755939362
-0.989080326618279
-1.08645148454514
-0.954184301784832
-1.14684664966786
-1.02371724773742
-0.955633420826507
-1.02453358386979
-1.01885842081109
-1.13330119083511
-1.12707731112101
-1.0064252459319
-1.04037144011487
-1.09612659973489
-0.845776188901819
-1.02887438152911
-1.00176055810247
-0.905377344882136
-0.931335229043536
-0.969493737817816
-0.897445692281195
-0.859690207600942
-1.00091052422595
-0.868534200200513
-0.923534937536961
-0.88761886135769
-0.927336797874469
-0.90724084437663
-1.01046342638651
-0.827415385745491
-0.876226772715226
-1.02161605135558
-1.06139603048518
-0.939838939786305
-0.873713593599002
-0.979186909361782
-1.04278978729462
-0.782114018594687
-0.974107586798329
-0.97780441954587
-0.939692711511419
-0.941052736098855
-0.977145398375269
-0.93122002348434
-0.886954418991207
-0.983869775661661
-0.909285901628252
-0.954663440561112
-0.886714050107899
-1.08634037994885
-0.888461980084416
-1.00806436401766
-0.927859473425343
-0.715860580299131
-0.78248823916711
-0.876646327507796
-0.861007234708852
-0.893498725912297
-0.717651574642395
-0.870162976792551
-0.933922245390859
-0.859592115559647
-0.918377622749008
-0.976110704173306
-0.970614276744854
-0.83879499564693
-0.774093086928183
-0.880050212144051
-0.811331601686232
-0.814910643974988
-0.959567487709398
-0.839795466084878
-0.908312083407963
-0.642919525336582
-0.855018816784125
-0.742986178233003
-0.710656626345202
-0.771855486977164
-0.840452883438118
-0.893625497868266
-0.977306501883429
-0.815969737508885
-0.816891850927994
-0.880135040794255
-0.787615139453688
-0.887811092650845
-0.779600550584302
-0.833550235990255
-0.917017683576562
-0.799439487315826
-0.787035010543305
-0.720936076066539
-0.723983727196134
-0.720811625727486
-0.72537414580063
-0.734075851075018
-0.8589283692954
-0.740948426275096
-0.622454950041438
-0.869914439186147
-0.819272553806933
-0.792086580912203
-0.864863217547657
-0.806187988724283
-0.755771169676792
-0.707108719848776
-0.705245337818816
-0.797933208680746
-0.733338902891666
-0.879236722174262
-0.716927508120752
-0.899026777459378
-0.718495775846524
-0.877933084539009
-0.670306823946892
-0.878199530242863
-0.719143368160613
-0.802507155624648
-0.821347094492857
-0.970634903234887
-0.739376439174336
-0.837104193023344
-0.741954239497626
-0.6311888635954
-0.728206860874477
-0.692448039384834
-0.701247283213717
-0.77144165168612
-0.794365276525764
-0.876712088864484
-0.923073346882114
-0.791818674484841
-0.621274645184643
-0.630027817555741
-0.761814902837971
-0.677704095967517
-0.808431665782199
-0.43992396427064
-0.69745080031104
-0.759084373352074
-0.658724688285779
-0.533728645183186
-0.864104824842259
-0.545335382513612
-0.679490659602276
-0.621596004449218
-0.803901911617079
-0.691468333142034
-0.801097577532682
-0.719900425075978
-0.599574038314301
-0.645933653107545
-0.581873573680712
-0.636137520171291
-0.616415483218742
-0.698873411683319
-0.595289065488477
-0.722828481119838
-0.60232450017288
-0.520173685140405
-0.635804231121721
-0.624281921817345
-0.699267690465939
-0.586305433489833
-0.571661659995499
-0.679762144478044
-0.756762122318353
-0.632957098794667
-0.639232484136247
-0.636591983869772
-0.585384498938608
-0.501710180460052
-0.591032388269584
-0.600131456986778
-0.638772980310367
-0.66531995263475
-0.734163316318865
-0.681347492441242
-0.430776205842923
-0.610903343162847
-0.625269646329646
-0.689196354549496
-0.577559960640777
-0.576878782836525
-0.743304533705949
-0.618370022288642
-0.703486736426089
-0.602024265825332
-0.747748444658211
-0.694569452226206
-0.509061171142568
-0.660785954714083
-0.648636242198764
-0.67107727315919
-0.739407949369929
-0.484860786755544
-0.663150102950782
-0.625598628072949
-0.627773518035437
-0.601702048093304
-0.610349982443319
-0.511871005556423
-0.63965157318449
-0.586761951297774
-0.628874753317101
-0.490736738051993
-0.496937849610296
-0.500197887792036
-0.565384046990225
-0.488631603811429
-0.52305264941662
-0.519883147684967
-0.473754803275793
-0.510887979779808
-0.597195181542259
-0.596814965955035
-0.548520684687947
-0.566878439071613
-0.619653982945413
-0.530446005096887
-0.424794874610287
-0.594669736349287
-0.486682408920989
-0.589810128064352
-0.538764265462577
-0.454371172718122
-0.43589868895783
-0.622842489820311
-0.502663991593738
-0.515618977950632
-0.546757498537743
-0.487463223132097
-0.529756086147258
-0.515700733560132
-0.576021595265325
-0.532626063060319
-0.583851515285966
-0.553930399652722
-0.482449423503653
-0.61703824170732
-0.5330575337396
-0.526799510351097
-0.501919284831026
-0.563867258375679
-0.490646943594064
-0.536516140184317
-0.524460553914209
-0.598456518044031
-0.397807386203174
-0.640710714983464
-0.499975643952932
-0.552952550356101
-0.498097699493385
-0.533958251713376
-0.446854584203841
-0.499840821514997
-0.627936201287576
-0.628585699253031
-0.348292516198465
-0.56189282755498
-0.409131995689999
-0.489163966549923
-0.409265982957356
-0.552895775347709
-0.417427718698824
-0.386283751059417
-0.31011433047648
-0.440996680064414
-0.57711409178505
-0.450574367156607
-0.433460761384046
-0.324493268589984
-0.466777683088861
-0.489837992032404
-0.534365542814528
-0.41824864337125
-0.474788519149154
-0.530798346147499
-0.31820002025242
-0.423236897990425
-0.448425091471655
-0.381230558863294
-0.371628289102769
-0.325277169080121
-0.321088074722133
-0.351449248810979
-0.441808250894834
-0.275060668498382
-0.298307517865273
-0.517990430691679
-0.375609605361851
-0.398393862001144
-0.455585894523823
-0.2355909397452
-0.431400861594392
-0.429309961093929
-0.432273950309658
-0.382813976260207
-0.345237135727443
-0.491907413353397
-0.312057380965768
-0.362571238393089
-0.366214365238142
-0.438103840812267
-0.477545914645251
-0.368632365176511
-0.437121405922117
-0.322147893080955
-0.294651796372214
-0.407438136817328
-0.333795788820319
-0.329110058059595
-0.429678521504941
-0.18326677826669
-0.438511111824225
-0.258936942796835
-0.365171141156444
-0.424635028155449
-0.400458935791956
-0.41347813964417
-0.354959473105072
-0.462943931844424
-0.148695558395176
-0.343694924816731
-0.351378587439685
-0.169415342210649
-0.330558639570427
-0.250818002849984
-0.38715658862701
-0.318595347183712
-0.349093259964612
-0.446131580386633
-0.332267603214072
-0.398158413434505
-0.401322257984091
-0.216782641866514
-0.312037672219463
-0.349641071994113
-0.235871027264013
-0.429113410740763
-0.385667458664943
-0.23435633014276
-0.353311269547067
-0.469023051050546
-0.42897428680627
-0.224761253825648
-0.320132071367996
-0.267398537424981
-0.206935532645929
-0.268558319283989
-0.204375309891918
-0.250009713015875
-0.325505039180296
-0.301075253542331
-0.445395448149002
-0.218728274953486
-0.382085140143294
-0.394111037221718
-0.285471480980633
-0.27346482770807
-0.183399535901796
-0.420544719843418
-0.298161186588984
-0.314591147321123
-0.158763436306429
-0.204042013766366
-0.227450702530217
-0.31978420128918
-0.287410730803726
-0.397997365090052
-0.252999909625781
-0.221892422178171
-0.310054545074174
-0.258962405179307
-0.320039632513986
-0.388423592612652
-0.270486663459566
-0.246274951271136
-0.377633156626086
-0.226219757551212
-0.332966086910334
-0.314355301139755
-0.374744078374484
-0.156612207172361
-0.207063006612377
-0.207270785057495
-0.197058406563274
-0.137276592007861
-0.266094321071888
-0.051231271935252
-0.367667981667779
-0.225779687003671
-0.215657436361764
-0.161223135563458
-0.300629650142954
-0.308889131272321
-0.235033496197239
-0.103732356788774
-0.210217549997516
-0.296305649564915
-0.345616944445667
-0.0286039728713357
-0.0754999188026317
-0.363888123465453
-0.21166210551535
-0.224899577243364
-0.269006188637732
-0.0555498358679574
-0.168883361396276
-0.243693027275524
-0.209678363966665
-0.168495490130982
-0.247151483366069
-0.170616677478079
-0.0812620007284711
-0.165407599766948
-0.0903623601033754
-0.184055312080095
-0.142446747155798
-0.191971395390795
-0.199173377424698
-0.0442960502747644
-0.0887335448958029
-0.184951915893524
-0.0974472645849507
-0.00975933416737948
-0.109052316163606
-0.0923531469212464
-0.248144460026362
-0.132369632118173
-0.0674117633383775
-0.0514826275399766
-0.093149258371183
-0.0528387146184172
0.0548317293930407
0.00877503804455644
-0.237039348829199
-0.12275823305604
-0.0649537724409807
0.0807560137364331
-0.153428269032401
-0.0631281489336464
-0.162208685566833
-0.0877920657488912
-0.0702948887531225
-0.286451116831259
-0.145375234867253
-0.116775313466873
-0.131298434231219
-0.208324072028527
-0.0298318601945444
-0.103549904979918
-0.0201531791920701
-0.0374478607222976
-0.0494504881134362
-0.112690863884723
-0.0695704183985952
-0.0348072484248592
-0.0431671045598715
-0.0485069052352468
-0.183573801141777
-0.114318713629828
-0.054078421997526
-0.141295960483798
-0.134468405879073
-0.135290866391616
-0.0791367829920632
0.171280594682542
0.0999353318851328
-0.104257660067859
-0.0211215318631046
-0.0388604702062699
0.0531917646606916
0.124762425093138
0.00702504319081356
-0.0679933426453717
0.0158925845098835
0.10149267364409
-0.00985460536535403
-0.00606658863816817
-0.0419483193118185
0.0198208053213308
0.0439393924968675
-0.100405494445
-0.0549677335636958
-0.0258227109568022
0.00544997365828823
0.0243763149984515
-0.137286284892634
0.110181918544698
-0.0276449746031534
0.0774136513705128
-0.00247717641691529
0.0384861444019662
-0.0744643181430521
-0.0452940295788731
0.0073519768886572
0.130464925059785
0.0472152598327261
-0.0352425141067518
-0.108144283225359
0.199885913912044
-0.0224597127082117
-0.0347029265004127
0.0845233381828566
0.137395244949662
-0.0265364898699708
-0.0224875287112624
-0.0762812776625094
-0.0238456819874075
0.121889861416442
0.0549970979037866
0.152753081406332
0.0386560402679451
-0.0348461680399111
0.213010278685599
0.105675601739725
-0.0436550128989856
-0.101332768314725
-0.0434845469940818
-0.0943689956135442
0.04526890561827
0.101741827028479
0.175028513048621
0.136415231561462
0.0409128482167105
0.0488763849838858
0.047749669054258
0.0402489491078148
0.124542348919712
0.337905357886326
0.104521384040146
0.0745851999359718
-0.0209822062600785
0.0714838484346852
0.0870842427339526
0.130525365072345
0.157795602111391
-0.0213373382982686
0.0680115839624279
0.203672328735038
0.0759552529221573
-0.00401584123884222
0.108818991896024
0.0280757760614303
0.0937986716492105
0.0945142314297839
0.1001128723165
0.167881411777025
0.0570343272391113
0.0507641937083273
0.0898767867673505
0.0414585525081188
0.11762160010867
0.135034709044818
0.143990027111348
0.202301806972136
-0.066573241690927
0.0807266877300326
0.163646368366766
0.252215744711953
0.0431786722772
0.0314917790053156
0.181461467937865
-0.00816687930550461
0.173654352115798
0.00731912120236387
0.260624251952084
0.168128010187894
0.141946007026919
0.129222569440519
0.0971532107154544
0.24626567070402
0.064303205334074
0.234939562571142
0.0153823623120501
0.245366998230404
0.22131528518537
0.125600275925599
0.0814265110708331
0.35324753755622
0.247152626067883
0.251655149961945
0.174863462127971
0.0736691958152865
0.0637084660394522
0.10680218403886
0.0381398578546862
0.263502495645526
0.283137016058331
-0.0395261904176187
0.262611942495825
0.298708953015718
0.247424291882222
0.249123747130826
0.192337441646205
0.149782279468415
0.173687622096457
0.301071230205757
0.100539407409432
0.324439442584275
0.305200894781815
0.161887695533636
0.217443979071853
0.230697333541817
0.241880693029114
0.272848202447743
0.0850645512898748
0.209897521629052
0.258895887814485
0.281681682611633
0.396572051758982
0.268830810912421
0.231694253522989
0.26147669360259
0.232884400952125
0.144957342661888
0.245573508788474
0.315229432012136
0.0555894753103
0.216317028353041
0.241975762692623
0.381518442007571
0.14648089912343
0.355991924786982
0.375626853007098
0.271747487556803
0.149677056568986
0.276270442042775
0.25068973264647
0.330760406981835
0.187314217174709
0.395915060908702
0.443561815660605
0.281863246777541
0.266148732434065
0.261999198660434
0.228484489266926
0.403181111395758
0.461622173772128
0.323528749177844
0.197788302466428
0.140121324974159
0.44043145527223
0.299965271827558
0.210772604909236
0.318583306720968
0.254843661125272
0.4025092838927
0.264742771358426
0.299009593273966
0.25125071892275
0.243787361078778
0.400560348478535
0.29056383263662
0.473477024938584
0.291355227090947
0.365608374306459
0.353139792313358
0.384579872280021
0.29295656153431
0.250808239333002
0.411663336714118
0.311341275096053
0.453687511283585
0.312433520423992
0.431131376414031
0.330841703236564
0.28683252122408
0.371805411336209
0.476051478678201
0.451725382746549
0.405723466518305
0.362780155348589
0.363393473798514
0.318468054150049
0.170341031078161
0.435175082469058
0.211333110575089
0.20221268975134
0.42839417443289
0.449510478812938
0.417405413848341
0.358844863493018
0.346931449076295
0.332141341320781
0.383520969959924
0.368159583835112
0.368626831765738
0.348978279933658
0.366138492023317
0.340232745571325
0.29468689785058
0.353738875308128
0.431717619354134
0.358598738966369
0.415765773447083
0.336926497215247
0.355867286155628
0.303326994771658
0.228952079640638
0.571189679790015
0.474978603013111
0.348905566057633
0.427296434969572
0.51649002403338
0.431249435984747
0.466922909833415
0.346877385765584
0.34168627156663
0.420574736354855
0.366742924737356
0.301824641859074
0.395343374150139
0.309780949523469
0.422682468583595
0.522524598349983
0.468402868483668
0.477076032615143
0.466357272782857
0.545142757830771
0.455653368355904
0.506823787082418
0.414106075842485
0.629685252694049
0.370465603899234
0.5413154598386
0.419774704855375
0.399559829047167
0.528393769386547
0.427348155909451
0.542060935500735
0.515480932885959
0.31281697670239
0.384868859037738
0.400603210243633
0.397644322359517
0.585454077714894
0.636059634961334
0.684805871840217
0.463144666218022
0.496256033101375
0.593678825511025
0.501993243899658
0.426929714568618
0.48738937150644
0.450260909036962
0.521292250323103
0.495918139415783
0.64133688353911
0.35654953421315
0.604076653555351
0.567351925335588
0.468193632673468
0.629358084612494
0.561966529636332
0.606599588677785
0.6501638053911
0.518206650555714
0.460252590923648
0.462289036756213
0.600070526576925
0.486073591493759
0.476595403418225
0.600209429226771
0.565457537468023
0.528207976786188
0.562557969258922
0.518126890349276
0.720185000184035
0.702648952599246
0.390339754101328
0.450194000664343
0.546219544198263
0.571623031922847
0.482596519204972
0.365930055780373
0.471451065306909
0.544829006540873
0.594021143734552
0.592727745763538
0.419316802175899
0.693882862578288
0.642128792331843
0.599570700189943
0.565824640395832
0.706864189404012
0.431376408326981
0.339999936148612
0.539698614669689
0.512973731636632
0.548028656122466
0.491766556109009
0.424425717231961
0.581688525176959
0.572607436845453
0.843078882720218
0.661940596276217
0.588602625342653
0.633275240168665
0.699289465881193
0.628578255390433
0.670188995344129
0.64769625056001
0.583125601087051
0.587993990338651
0.575868914744697
0.683889808739268
0.517952862443759
0.673956398310719
0.69940604656425
0.681547438723705
0.748467364391156
0.577913430563608
0.697079207761754
0.622299083983369
0.681804661049116
0.595580005574417
0.721190957396593
0.828411001172168
0.817245401929145
0.642623777747887
0.607350631674671
0.660321612354123
0.799061168249198
0.650292917337696
0.71242514805603
0.688615046969244
0.654319077308771
0.551427761672322
0.589468838747354
0.654758917827365
0.590497631767669
0.789587644978166
0.573604999676933
0.641395867856106
0.498436644719209
0.605999065956553
0.639969645278654
0.52653029574431
0.668929654069189
0.660475131547995
0.746764698831404
0.617480152173266
0.741095347907241
0.654150617412721
0.56218211498869
0.610035850332932
0.751590158104104
0.801166080380269
0.823437486015136
0.730216594803602
0.716592450194047
0.788480666488638
0.631233851292106
0.593448181243079
0.781874355396886
0.723700669298808
0.720203321750881
0.754446146681022
0.793590512260773
0.682072249423136
0.789727002155842
0.809518774547819
0.67904750823655
0.652041546141787
0.682159005322977
0.714352826807068
0.83098230112099
0.84422232460445
0.581665583030029
0.704947737036174
0.860600509446827
0.810603121344858
0.801473586878162
0.671661969976467
0.891903814641048
0.801426326526885
0.826492754320781
0.776888985737773
0.79261544291389
0.926237725342286
0.658874025286663
0.84008643661456
0.813982169702049
0.782561513970393
0.71860746237297
0.764276639134374
0.857697006492874
0.799823618708739
0.807006256871139
0.785007679478241
0.760390685867229
0.785774994691942
0.780844679055926
0.853078100928905
0.706037232181533
0.595809808138944
0.972449024122747
0.684102953696843
0.901860785582737
0.871581213238772
0.859065116955193
0.703900766605216
0.82975427932701
0.8980802567421
0.732756168728679
0.80589464067195
0.820861391320811
0.890344232759274
1.02804506191569
0.854728426847122
0.664541459991692
0.760526367103955
0.809631438287011
0.896309090039286
0.771313246044578
0.825882882064683
0.845276036537104
0.850770326031847
0.689182871562127
0.862215218979808
0.837313229054014
0.948509066485795
0.914792613158652
0.748366100716624
0.959208885592013
0.835738856053098
0.800713562963458
0.726956717974631
0.831590563974418
0.795371133938798
0.862458134241901
0.928569989215191
0.882288673764141
1.04867502118394
0.85655703058297
0.874971292624545
0.687649250548267
0.963510142941866
0.958541771232194
0.943586925871682
0.845556098004782
0.932270430801926
0.861248401175186
0.809809959747721
0.834828128792031
1.04581170110125
0.947964841536645
0.874033939896288
0.929763306141237
0.888711738364644
0.89917235004287
0.940225814700935
0.940098617969281
0.999171201620309
1.00715755222173
0.9171212148791
0.802197203339664
0.82439619073774
0.900711934704951
1.00482036857681
0.921661097062681
1.0147017651236
1.02508307350052
0.995501422211106
0.89374387191184
0.824857773890784
0.893692475084342
1.01713359058275
0.85775678669345
0.920140449866019
0.966141239021716
0.914452179481552
0.84811893883827
1.08975647340045
0.905551593068082
0.751912058010986
0.883307368342656
0.867776240508145
1.02040066202654
1.04414801931181
1.06931564258182
0.958309021362923
1.05948516701217
1.0955778203426
0.9790127045741
1.07322018194334
0.979367725556573
1.10591022937786
0.966549466308376
1.02087582026086
0.994066282168162
0.927817702768647
0.955063925707226
1.11844127869574
