"x"
-0.941958841261003
-0.827152451669101
-1.07558800164173
-0.858940297226092
-0.881182589927017
-1.05642162631293
-1.11408131359044
-0.935089977215379
-0.956235491045432
-0.915254491545458
-0.985808663032914
-1.0059246011209
-0.929924723917463
-1.19178145412039
-1.0120169255088
-1.01448151123281
-0.989108809550633
-1.00885303742929
-1.04804321202906
-1.02926725423741
-0.979167987052609
-0.858401821283416
-0.993494321196284
-0.856625027675722
-0.992159317236093
-0.932485386182219
-1.06097296985809
-1.02385105940985
-0.979649406148122
-0.889156351937683
-0.968863112372197
-0.803838721815169
-0.844700804389901
-0.88489421853266
-0.796728237131172
-0.850869311171157
-0.73435269147746
-1.01417809372348
-0.873046099633741
-0.90596151964005
-0.893669274853929
-0.85067973096694
-0.892232879963403
-0.873533377037267
-0.848036724335929
-0.820348784228765
-0.894156945416351
-0.964180548765733
-1.01375422022349
-0.788164703041546
-0.869545680919447
-0.872225942354623
-0.732196441372816
-0.844595734639723
-0.835434868749681
-1.00288101466025
-0.880097649384125
-1.00925857691319
-0.826411013766544
-0.911535799398181
-0.790693430706748
-0.928745031186225
-0.813796026534657
-0.928219621942598
-0.961410124041113
-0.909614617971049
-0.817941006246488
-0.907430647156016
-0.893012186719256
-0.897881903177672
-0.77991482829448
-0.820040549135738
-0.9768059481201
-0.811012111942017
-0.740298187835838
-0.855992425105523
-0.795972613930492
-0.763525773869715
-0.703167727761725
-0.867677259606805
-0.829235605770266
-0.698018621888992
-0.919891062742911
-0.775431118286282
-0.83726878805465
-0.853553643078455
-0.852012842759579
-0.852150980652504
-0.818289616032287
-0.840855879624573
-0.712794578099411
-0.896758556065584
-0.877639216377415
-0.731697183255853
-0.8762242299815
-0.750755760232998
-0.744627164375762
-0.671214805391645
-0.742023776867333
-0.86606037456429
-0.811868507735923
-1.05986131541052
-0.736138513411023
-0.784778161053835
-0.545608470213091
-0.764710586570225
-0.839067799514137
-0.843774923956819
-0.760017177907312
-0.790287502171948
-0.715280522891859
-0.791352995236752
-0.790567558514886
-0.686546051738239
-0.794158428501377
-0.828091689805409
-0.733983193412047
-0.780998796260708
-0.648726843629724
-0.840631195254102
-0.612664227356464
-0.843466035135544
-0.857392586658801
-0.690858160888772
-0.883622540284983
-0.745801880960694
-0.797995072348449
-0.61710339640131
-0.86564949854515
-0.653914262808608
-0.70653880759028
-0.68414794231771
-0.684726358736204
-0.668110517214539
-0.72745149000144
-0.690660324816259
-0.706822681710904
-0.788249819644751
-0.691338859994985
-0.85941160913506
-0.784145695597528
-0.762070353394825
-0.688317117500303
-0.8170221860922
-0.709635506075054
-0.420156420114455
-0.653978601113259
-0.735439573647708
-0.787582543191108
-0.665054805946897
-0.757134625004019
-0.624615671020111
-0.764665380706391
-0.705775156806237
-0.744987215535058
-0.686836323221493
-0.728143487244608
-0.705034472631942
-0.791381675614018
-0.771062938566186
-0.772088260831698
-0.737226435496637
-0.608205613097561
-0.640239209658733
-0.555196576050042
-0.761791894798119
-0.615178475037515
-0.667210633040552
-0.644287000102563
-0.652616133982946
-0.645683027476204
-0.706580482706571
-0.672958097686704
-0.732632178920988
-0.73537022349897
-0.645306643246297
-0.668672746673567
-0.586121779667062
-0.732206006359061
-0.65922458158074
-0.7898368392607
-0.626674547269577
-0.702232053610133
-0.546406486736316
-0.695628599358345
-0.661928838618132
-0.617027050238953
-0.508129992694029
-0.662868570044508
-0.572399310325161
-0.579555336398602
-0.495065068097775
-0.612766604556486
-0.462366105738736
-0.696692333805378
-0.54993937043285
-0.628292658914518
-0.696621988369897
-0.541165773624685
-0.52375595534132
-0.568064227795566
-0.544997912496537
-0.691600843102942
-0.596337280759093
-0.629013032774232
-0.657048701160295
-0.526006463499859
-0.693607278045128
-0.696399865490719
-0.557420955898771
-0.558929744562686
-0.574754548197282
-0.467163084832851
-0.520485584059731
-0.574600538334482
-0.453044374565133
-0.598510100939069
-0.518760799230845
-0.605131529558435
-0.488623395615993
-0.692868293430162
-0.577657954437756
-0.683748830441329
-0.459524731374126
-0.51872080723799
-0.589102465086589
-0.599337186290933
-0.47228792500306
-0.60966254844801
-0.572747548865054
-0.573563211487462
-0.493840668510333
-0.377106350761604
-0.534589219830076
-0.500900751743475
-0.528994124647797
-0.425851322523128
-0.495356397183122
-0.510946238449637
-0.448892935394369
-0.486803114912856
-0.562328984308075
-0.504005070857795
-0.631734054285002
-0.541694758534812
-0.469942066715979
-0.573893446304656
-0.47652618927385
-0.554848321896601
-0.419249751329044
-0.545688515958154
-0.421904381323678
-0.41493851504396
-0.345661532521808
-0.580196391109286
-0.414151620725694
-0.518931817514051
-0.546558564047283
-0.447435081245226
-0.421964271037171
-0.504188858611426
-0.482572626970267
-0.320767803598084
-0.662798519404936
-0.577218054044759
-0.50010868381319
-0.543166984413059
-0.39138654286363
-0.497236745863718
-0.385923962320706
-0.384617157048228
-0.531598464551562
-0.558817513902
-0.365424750042384
-0.37832198793264
-0.507804906639932
-0.451056652662529
-0.419009067598175
-0.329913245245453
-0.481197501016194
-0.414843593713251
-0.295768177623014
-0.409521258186616
-0.411121988037603
-0.434634510139869
-0.442483379836647
-0.498446343661259
-0.469755416338896
-0.503164681284153
-0.394949452187238
-0.546648093483843
-0.426161303530271
-0.26447047180149
-0.537561091012657
-0.43905560921012
-0.418910569514556
-0.515934598534339
-0.301505555921607
-0.489770059523042
-0.408031980511838
-0.408402616385704
-0.471360935283436
-0.491417977847566
-0.341946290387355
-0.438814019837022
-0.411920824081332
-0.487040532718247
-0.449848754566697
-0.376954060704218
-0.517993092071563
-0.43125292442832
-0.368440491989803
-0.473947115690641
-0.393974272282458
-0.586530950340005
-0.34660242977549
-0.270618893167277
-0.288654186590101
-0.352267186953824
-0.489666238565467
-0.344924100260554
-0.321089389592928
-0.430727468163947
-0.268425116799309
-0.432184214037621
-0.356976204917862
-0.444496495565835
-0.364443414386062
-0.192175167555875
-0.268965632205515
-0.334650329611545
-0.349040449647592
-0.332704824383614
-0.42595605933487
-0.269117423708026
-0.387602963234307
-0.325878446213622
-0.284782231216856
-0.359987962617517
-0.32118700997787
-0.296306098991171
-0.352347237000274
-0.248949548091867
-0.193272216211244
-0.258697532786661
-0.37366372797154
-0.190550891770542
-0.265109569868489
-0.425413928077015
-0.347657582325388
-0.269546799714632
-0.345021076698099
-0.364812538257128
-0.331456973627513
-0.149456622711577
-0.200595092207415
-0.162462647106632
-0.147530587742251
-0.220257812504041
-0.482518835932106
-0.334442543884846
-0.169868078289597
-0.28461458512498
-0.291537177259674
-0.288911849945319
-0.281360498482694
-0.308237706968742
-0.125847791724899
-0.177174337957191
-0.224429173109291
-0.408626125470163
-0.253726933704904
-0.11699666168618
-0.251877235508045
-0.386398576863672
-0.225894691515077
-0.418425660815965
-0.170951490863381
-0.26697933044476
-0.0940339933569142
-0.127791941983545
-0.158969780966975
-0.22849567400424
-0.220749089878601
-0.246330075467067
-0.345158072248277
-0.205009647422653
-0.153499412642726
-0.0843225348831632
-0.260879975585657
-0.167093045070137
-0.220314259286953
0.00834081067283005
-0.315729941458996
-0.133394201023782
-0.257515314183152
-0.0699538648303989
-0.113581354050436
-0.203924890243411
-0.0472882468791617
-0.225327729852232
-0.286813306308252
-0.265223417492104
-0.0963028434639271
-0.149045743205321
-0.123863401162359
-0.12237775712329
-0.114018273293362
-0.327021923551094
-0.22070742855436
-0.237841266727542
-0.244606795188163
-0.0367324239846602
-0.125390432517346
-0.246517776726076
-0.0731275263856977
-0.124615360383547
-0.0837691431351365
-0.223177979927922
-0.164903034076867
-0.200396098707706
-0.304365217393546
-0.252164171620829
-0.18974605995778
-0.300386670863847
-0.11554294440434
-0.0929281449938942
-0.109603413750478
-0.0553514992216851
-0.140167798906532
-0.18920702470091
-0.0998560225070662
-0.152103003879781
-0.0420840026103673
-0.188638566729639
-0.114944276078356
-0.0247363926506716
-0.182900320696508
-0.142134668731701
-0.0616422501827107
-0.156510379573754
-0.125140506964879
-0.126220581390082
-0.0478048192335538
-0.0347877941818598
-0.0990072128378491
-0.22882977900185
-0.0419795729199137
-0.0581095047980401
0.00448755504034264
-0.110852561509177
-0.0566161838776194
-0.0807352598775054
-0.0738373985029222
-0.130925290551115
-0.138853837688172
-0.19414824577238
0.0833970288377227
-0.034545655702592
-0.0186862501914662
-0.14407657599836
-0.00620207440756513
0.0890453968256164
-0.0139298154371706
-0.0567850289731444
-0.000793666193233831
0.0702390807284662
-0.120505459971982
-0.162443239054751
-0.0312076420115595
-0.204892347038373
-0.0218297822040082
-0.125233164739685
-0.0181185771777118
-0.0168764635360426
-0.028321476128528
-0.0439245426333519
0.109856123904413
0.046372717600648
-0.0738986071401755
-0.047332550430538
-0.0225702453931958
-0.116024266081313
0.0108622304753096
-0.0894547759170267
-0.0870692764301054
-0.0100076785621443
-0.129462569982121
-0.0774172647602086
-0.181356954769045
0.0152044918415747
-0.0577246058631661
-0.0417651946592895
-0.0155210226914708
0.0775730101692299
-0.0641141282009551
0.00565439049952536
0.00094665567085108
-0.0363698827815774
0.0320618170471525
-0.0924649903528051
-0.086426990746415
0.0254440840199088
-0.0112891082443491
0.0132478836962151
0.0236448938882071
-0.0523179443991091
0.0310566790736194
0.232556483489252
0.0538653829417357
0.0179670124002749
0.082454622238861
0.0452245009448758
0.0538417790927409
-0.0697414502677383
0.117060118949614
-0.0358661305110351
0.0514879837551145
-0.0484872680469764
-0.0707378042062965
-0.0344019438884876
0.103022089075258
0.283060789359363
0.00626576333621485
0.100960127260633
0.0250880292206878
0.0553351755463968
0.160476294973665
0.0932338624570162
0.0613231089146671
-0.0071610525289014
0.167536355085274
0.00570556683870839
0.200150637502571
0.0691526682467994
0.201906688197115
0.212378386098256
0.0726128336197479
0.0572583434325063
0.104121046800412
0.0810187417189692
0.0293732478799612
0.138652994923901
0.171676892829887
0.14674117474356
0.0791303463171613
0.101054570141494
0.0211469974008578
-0.0738745089923678
0.0998590880353258
0.147206905342108
0.0862667469580512
0.106488582187332
0.235871794815951
0.149815723580363
0.0906237114003418
0.110492887493789
0.0858799230052777
-0.0133906932116387
0.160736625466448
0.141944839690198
0.187683157139885
0.0242216600934483
0.145088394433435
0.317596393186258
0.0623144257824332
0.146258488016216
-0.019722432385097
0.0878410530860205
0.14064458272357
0.138039017043258
0.134153936997604
0.265459583171041
0.0543617795724179
0.154465145817814
0.187989410907155
0.220958100025105
0.148481499431866
0.108912371557797
0.283445413073277
0.0584130382391012
0.207214039053945
0.217898080715363
0.104148819099666
0.16935079267966
0.289877634119072
0.256208563110586
0.201631898592014
0.120237658315572
0.157386701575949
0.0828662631563156
0.144747500422409
0.128494961692236
0.220161294580568
0.241236857415317
0.209263728411253
0.13140870415971
0.246960616394322
0.231787711305662
0.232064044833581
0.256470191703234
0.199980578221255
0.183341250565347
0.162160082025041
0.240926816409136
0.198446957067759
0.230995878020017
0.28392012703228
0.188615799557234
0.13970402216236
0.224121624202484
0.178845371664312
0.214730958637894
0.215060096181062
0.26450553218655
0.167338079942491
0.227759220237693
0.142557700864341
0.168794011413161
0.248383859054177
0.187196833683414
0.23185585052581
0.268558996360515
0.380443444542627
0.475397441312021
0.258233493252417
0.201915682241629
0.199695330832517
0.227755255126594
0.209824949688239
0.208474999285227
0.166036233728729
0.309199840331723
0.112975187074645
0.357773904181703
0.42240000847017
0.173130998550575
0.246375245087591
0.14831434547184
0.397279191132143
0.273785526687541
0.186836854458212
0.300055349112231
0.304394149402464
0.153375667898245
0.306040141289301
0.326370273446212
0.417347336962893
0.170259277923797
0.325772798949281
0.429735646605342
0.286392885032256
0.237818873376855
0.359880099694785
0.169255772590118
0.393206533753395
0.390637660216369
0.353064473038581
0.485965193626173
0.399961199786327
0.286178118389055
0.300168472709772
0.342873237143916
0.201378973157033
0.376394544416022
0.224227471835098
0.264021382488304
0.372898539958228
0.300305947617458
0.267131664995561
0.418444207057549
0.555678284656856
0.4503563620895
0.278690515939688
0.223772364492343
0.45939056753197
0.382242277538646
0.350166886588636
0.324469209503624
0.398996334826009
0.391091727886522
0.408149959749697
0.335747876490741
0.251542990883641
0.37007343101569
0.399604624068106
0.334342416922786
0.321191192339771
0.424405533650793
0.374563016729309
0.428811015558578
0.316055754844389
0.471965310968564
0.307357940605189
0.341957037833361
0.264063986879162
0.222213466215406
0.451544789522665
0.418359033418072
0.403607840281941
0.330289349769458
0.432846382781917
0.448483469111066
0.494757575868465
0.398058382323213
0.357592591788946
0.419772965853838
0.423367749688677
0.486382997453835
0.435531803699573
0.35136711658535
0.597683400596682
0.439865668294208
0.568485642737133
0.523906353688315
0.508999980675059
0.515532682660148
0.436591342076057
0.434321348955629
0.558502953545149
0.525117168453444
0.408681132778138
0.547476368409608
0.462595823032825
0.481987510146727
0.440494762293832
0.406790257561543
0.302312996379225
0.301715280537328
0.432582360139606
0.414206256583634
0.408800448500331
0.431890804127851
0.509710755550488
0.439347647173846
0.475865745371245
0.471560063715438
0.475875057992527
0.496045467653142
0.538311248648732
0.390382875218467
0.574618533513943
0.524245626377213
0.377519557487946
0.423042338535417
0.403052872117071
0.507544827872954
0.331659191810985
0.583454721280967
0.56402328021209
0.426871115176976
0.51259538896678
0.627442077440899
0.531276476431344
0.542706003493692
0.593662737068424
0.414926262160346
0.402344440769309
0.550868234492596
0.579270546824192
0.428034179100712
0.387779141658443
0.629419341911835
0.555137046576648
0.552941453104578
0.585898381432045
0.555651095818428
0.532491843954415
0.502484635140727
0.573000090485355
0.467549238816943
0.611519308836443
0.555326329938808
0.433513827241796
0.647751635751164
0.58142000360819
0.646280934564287
0.459591295662361
0.496214828347435
0.485140756515773
0.669369650123798
0.508449121723421
0.606183323905906
0.625628119199875
0.544522754363686
0.624193548635536
0.65684848152376
0.606110392348237
0.68656793719568
0.620068302098466
0.686859592970254
0.51710454629337
0.565827558602295
0.358637311351259
0.551746383020375
0.523971900118958
0.522207272510224
0.652220801342558
0.576941136174156
0.671251218926863
0.502000546615016
0.481672940944559
0.611906855204751
0.75590025633386
0.670923911811545
0.655502738133167
0.465856718315769
0.595991456420745
0.617265658585168
0.59887604219776
0.699165006291864
0.662508942114676
0.495539224185563
0.605638148031965
0.64387020284315
0.546189718399901
0.7039158262585
0.758586199385526
0.452184041767448
0.761466387346406
0.5596532985597
0.75211287258535
0.457666069619565
0.582634291111157
0.71610193772675
0.637539281483152
0.511374321261225
0.643374024050505
0.548929898796777
0.71699301988516
0.704741644170573
0.683203033197186
0.584797151238409
0.809536084303808
0.751622212634528
0.51877377582229
0.65309664060983
0.788133460311404
0.787545529856485
0.637019508694664
0.830377794704344
0.56679552645958
0.634848154671769
0.744926244003077
0.621654684417809
0.656777775843692
0.7550979293861
0.706778229697904
0.755489758094657
0.670155837530347
0.661120133924795
0.743678540502604
0.609667527854606
0.753002848977514
0.627903575599675
0.801751353060843
0.696281429407939
0.782574750229081
0.540204483376441
0.834569245115536
0.721462008778231
0.766550312194033
0.710777860547792
0.738149788630399
0.637480885894584
0.692509554060028
0.814739209582636
0.786985560780283
0.738159138577588
0.674974124643113
0.580701861068811
0.587889961505684
0.80377353441432
0.777421561977795
0.689325236652933
0.768929049206142
0.725442971187432
0.683228363765327
0.85272390839938
0.870965192816741
0.702307070125679
0.774144748808431
0.773899932475743
0.708469722229394
0.793741757995581
0.813119289250274
0.846653217089401
0.856394298907503
0.81085624185314
0.755772660302287
0.612529578757287
0.813577289776772
0.543020016669394
0.886415080373872
0.836676315469821
0.873418166243158
0.817647108125684
0.697278040669546
0.791638841635979
0.770554808680533
0.752523227925363
0.769954392686141
0.835587497007177
0.776754138872359
0.746146377324363
0.64540565662879
0.981730196857236
0.725657968301907
0.837463638440017
0.74917177338939
0.804640084396915
0.840316018609704
0.976523478792492
0.857508384848634
0.740618459618563
0.868759434285421
0.737719576107884
0.738263803280244
0.824313875888151
0.821473747971899
0.763415976572797
0.862935550678465
0.80131114563119
0.939525673481046
0.773089732390469
0.942797740905764
0.893041109038913
0.708347107013883
1.02723432389268
0.804974673386356
0.867285889432909
0.780169355195456
0.830429085642689
0.934959656442493
0.835563724508501
0.83203520052449
0.894219852200901
0.870445606264328
0.905947093979639
0.910145669239575
0.936985845195966
0.925011993014691
0.849148322620527
0.871400661694076
0.852378970373418
0.901475198004829
0.845958001289226
0.739311936359576
0.902060916928044
0.913715047928666
0.97628439030704
0.707684017545945
0.877638988604132
0.900205623748067
0.839025429553418
0.74316132047325
0.771560973765693
0.792635988422715
0.848579946993014
0.791059970143106
0.877840018937329
0.892755557722589
0.979163627075849
1.01041899047005
0.977666217522127
0.785038193824223
1.01793206601974
1.0159654921154
0.957437684647464
0.923298502255962
1.03707151363013
0.944866358652432
0.893059602705886
0.984341532832989
0.916167352388145
1.12024433227093
1.02167134517675
1.00651415658174
0.799228544125056
0.920219482967126
0.99419714002643
1.06948099940754
0.976138149472037
0.977476070883566
0.915134576523131
0.953245362606382
1.06620376296923
1.06371421229919
0.981248969095329
1.0029084307191
1.02974357410263
1.10944618241919
1.04597608669355
1.0434210785541
0.942651933709725
1.03809566267543
1.0353289025585
1.00677793834188
0.909159333532587
1.00381514169443
