"x"
-1.11072453493475
-1.01007369402012
-1.03832632946092
-1.00714613142813
-0.906682202913458
-1.01446093139377
-0.904156075153474
-0.947065497015982
-1.0842072688821
-1.08020141939236
-1.01654263480653
-0.958904960304335
-0.916020511927823
-1.04155458681826
-0.883132906644663
-0.965144601614163
-0.904306928464639
-0.984995880724617
-0.998004603760702
-0.915128578008631
-1.0883338770905
-0.995141679924943
-0.904205977797489
-0.849709342813013
-1.04305938824684
-0.922332940302056
-0.884694241473836
-1.04589250896674
-0.94779993937977
-0.916110821650698
-1.04850964016471
-0.880283096484978
-0.917155922781611
-0.814884253711389
-0.84192789845891
-0.892969073085868
-0.794628430643371
-0.91806829000845
-0.881209652065023
-0.954458682951601
-0.873694453467355
-1.08155086069891
-1.07777509801264
-0.983530033304887
-0.822647712072027
-0.940455123584686
-0.998444085697976
-0.83349915037115
-0.801957382036403
-0.885270003866438
-0.868712310686292
-0.876482646640097
-0.842729380605251
-0.838376944778765
-0.843508798395088
-0.847461291964626
-0.918837434761453
-0.838710528304206
-0.974023992868492
-0.972356212166852
-0.830362317738684
-0.865383379747399
-0.889871564157685
-0.838449353733778
-0.869434531905267
-0.932281866062374
-0.901129947581279
-0.820399372346117
-0.896693942018801
-1.03482835702516
-0.946721366839594
-0.917730597760066
-0.974576140804938
-0.816474917414835
-0.850546799928349
-0.866529601006243
-0.875046956398753
-0.894725104745894
-0.865910091752042
-0.678106374580406
-0.877052195713544
-0.844412897435452
-0.826821204683372
-0.84619512113131
-0.893588825187707
-0.814819062901704
-0.774897194197789
-0.861989278922763
-0.811699662864413
-0.927809914189371
-0.799122569678176
-0.742769164961876
-0.857127148596613
-0.827186870889582
-0.775821825388967
-0.857350755526033
-0.82532867330718
-0.722469391757027
-0.785227239020012
-0.702257270444825
-0.853654260030342
-0.756247304865087
-0.746561900904358
-0.695224785402997
-0.715945695064929
-0.895296763152528
-0.62905684620083
-0.700187806956194
-0.740728644026528
-0.818071054483658
-0.843552451840439
-0.875751172660185
-0.769949056735386
-0.810005747261586
-0.866703829154056
-0.834963816385657
-0.873493593330613
-0.574052413137305
-0.779026763467038
-0.747145313907006
-0.760908802644455
-0.870402356064457
-0.813532398669227
-0.588568548760027
-0.481048618789202
-0.677841237669457
-0.707189897636967
-0.743846315719119
-0.765031252307602
-0.816115173459308
-0.761478170105527
-0.737315188667517
-0.738069199183462
-0.692034715047396
-0.640069205266918
-0.791284968970721
-0.817597941509596
-0.824679601166849
-0.564356055610247
-0.691156441948384
-0.652151398168732
-0.72515120451639
-0.680739735025076
-0.677438543682774
-0.62884198598082
-0.766349385657247
-0.797515546587652
-0.750193740747045
-0.660982399437373
-0.570232385894103
-0.571610376801503
-0.670735410224418
-0.657844347953718
-0.616275832928271
-0.710625893408742
-0.692326164189488
-0.841715408229605
-0.758071215977408
-0.5915339255919
-0.675509173548285
-0.700875024041925
-0.692047543826899
-0.785091421433895
-0.78572884505044
-0.688293663182501
-0.809062252569681
-0.624642183361116
-0.555059607547327
-0.657463522421846
-0.554975205723785
-0.648765201333956
-0.622550213333396
-0.64220873196591
-0.594788509526506
-0.627867478165495
-0.67892098588881
-0.517139772867942
-0.586676858330661
-0.542713673502368
-0.732819112213308
-0.696867916480077
-0.693507354588362
-0.649409622696581
-0.626587189790466
-0.589198083183248
-0.608915102267105
-0.633436807913161
-0.6896390022125
-0.546989048802669
-0.678342124793334
-0.596594901934298
-0.590000453436247
-0.600492211426682
-0.469888602501272
-0.594886321873958
-0.622264362458674
-0.59823634835866
-0.641477728157009
-0.673436323927841
-0.53431821608978
-0.549656514916809
-0.597922817688225
-0.654786077872939
-0.625011698524206
-0.475747325762055
-0.646869028420308
-0.557841304982423
-0.574531445437197
-0.434868332092563
-0.556226616735707
-0.604525725808749
-0.531081226004109
-0.450834039290846
-0.51278714229288
-0.547561258579473
-0.510712001149925
-0.368715959832534
-0.541477017558071
-0.55401965676856
-0.492923826918721
-0.571043447771843
-0.545288771356427
-0.677542587381353
-0.539271886358687
-0.576129871657923
-0.438191190909634
-0.481866554159264
-0.660226401899869
-0.443449922060239
-0.558697307640939
-0.565743261373794
-0.584974169877408
-0.46301669742525
-0.56880388652252
-0.549147336749491
-0.536585775613168
-0.361594059554621
-0.411843237119875
-0.534127168728574
-0.532296822875567
-0.484397615753088
-0.538323629217369
-0.693625386419489
-0.569345790224189
-0.439245103913719
-0.694938171281829
-0.311435219185441
-0.579199202769234
-0.510176735151854
-0.54377478808657
-0.412086663448985
-0.63892358860204
-0.328339479200492
-0.700179337984295
-0.597109663412761
-0.47685981172389
-0.48920257707665
-0.514197238070135
-0.458912519713775
-0.48871414538127
-0.415037289837536
-0.489729592687916
-0.476188211042589
-0.297632224702891
-0.515437850059623
-0.608333536356194
-0.437202174458489
-0.402788167995051
-0.497013624081764
-0.485555397872841
-0.320624009239343
-0.374597222871201
-0.547062074566376
-0.576745599769471
-0.334802081001387
-0.351673781234386
-0.374323152408133
-0.427346506489319
-0.60963408435599
-0.508962557576839
-0.565558025274095
-0.306981347212458
-0.546330096216305
-0.389188870195496
-0.364316318035345
-0.324607740421726
-0.329537359477293
-0.615676843817868
-0.365291468887911
-0.505938659620196
-0.649253626405939
-0.351664156021013
-0.563683183526305
-0.451618651367433
-0.424660629208652
-0.412226672067938
-0.384100925563524
-0.444510981069024
-0.418754471812595
-0.318700674128977
-0.335881614436887
-0.520396665076442
-0.430099138166365
-0.49317582458222
-0.499216911044358
-0.390301502612538
-0.363552861464942
-0.305787768580555
-0.453832990432429
-0.299412559606473
-0.442500418047375
-0.388665501572436
-0.365945158555366
-0.424446697205653
-0.311015121387674
-0.465419084310222
-0.235972912068372
-0.217325460127208
-0.318704548433423
-0.471541334424056
-0.322233076284848
-0.446105643502977
-0.410697691813871
-0.351699448561661
-0.486138241625529
-0.317215455317971
-0.243750810160209
-0.322149110642814
-0.390377828737009
-0.291077392660526
-0.347953436084239
-0.330758992859538
-0.286943201139473
-0.129175849207141
-0.412510257339547
-0.287239697678099
-0.329616879576215
-0.410255934272595
-0.517881287789572
-0.353517387737552
-0.451795774244038
-0.190261829196297
-0.303088050246223
-0.356633612185542
-0.194752341461993
-0.143789901418241
-0.365976248586074
-0.167706587467997
-0.389310137316721
-0.301110909593784
-0.288389674805593
-0.416017323156998
-0.0995361624478955
-0.205821737713222
-0.335170465821447
-0.321698845118854
-0.333055942431341
-0.37044618772342
-0.325157973024538
-0.328858305970619
-0.26363526342117
-0.4115266415788
-0.0131613157332385
-0.415754355349359
-0.216342302037626
-0.331521214516368
-0.292439685881051
-0.113557326700719
-0.354375291590047
-0.319710562777229
-0.295709779088149
-0.126814208811492
-0.19834598212695
-0.128228734968505
-0.188396596817769
-0.189657878548106
-0.217282454932486
-0.238556956609098
-0.250155740088892
-0.446407834585671
-0.229565115834939
-0.280744116889897
-0.20767280203845
-0.0632777292821091
-0.307178052374248
-0.18255859363272
-0.325090815765868
-0.257884082298277
-0.293491510105695
-0.301305672201489
-0.265778853509465
-0.0832031071425852
-0.106189736249392
-0.167751430476371
-0.26061366404498
-0.17566623748981
-0.256399680190582
-0.330637534156013
-0.193220795399311
-0.249865870013922
-0.184857835635341
-0.30260866431033
-0.143530714008695
-0.356201911817609
-0.158570529147783
-0.22548831001158
-0.280966138740444
-0.171848461050459
-0.222982270337652
-0.146808792437003
-0.166825621449429
-0.0950450555080432
-0.0143761320741886
-0.169571745452409
-0.110293807368383
-0.0229315856362998
-0.215808559847172
-0.216990701659858
-0.183222986766185
-0.185669243068278
-0.0869930475870561
-0.243886578572632
-0.145171122293818
-0.0700313003302263
-0.255125500755384
-0.210055893764244
-0.0738345553406115
-0.0643484571677933
-0.127722284908192
-0.134957044197849
-0.124210360429192
-0.165532059803588
-0.272527422785982
-0.101835691978037
-0.0898897408363507
-0.17772352295674
-0.205715430271665
0.0252232759487333
-0.149972520312988
-0.153434567049244
-0.105658462008582
-0.0855300378183464
-0.0243584383440058
-0.00205923517884716
-0.130403413803432
-0.182904472515567
0.166096971657079
-0.00150807670966843
-0.0668551660386851
-0.274604940932278
-0.20102795245059
-0.221801017214411
-0.158162882746006
-0.16973921874699
-0.0863348340511591
-0.163882197953667
-0.0500808970943398
-0.087684797457515
-0.150910896775204
-0.117859995353206
-0.0625961075176427
-0.0180633457697705
-0.135286924464992
-0.162799560364124
-0.123703508069795
-0.019821623646973
-0.00525783531611849
-0.0971953594440059
-0.00623667459551356
-0.105638379480565
-0.0305731425103627
-0.0662799642718573
-0.148563908070491
0.030653570364795
-0.0615594281544582
-0.128107222227495
-0.0347575302807225
-0.0221770973958411
0.0431323862503354
-0.131988067720406
0.0626755804013089
0.120303360059483
-0.0990892127505165
0.097118916849664
-0.0623271283256414
-0.0131498323777209
-0.0772670408882966
-0.000189236151160384
-0.0602370319560859
-0.148413597903759
-0.0141239812985796
-0.0623759039676011
-0.0501388172222378
-0.00577893383104911
0.0955906964549453
0.0682795953086895
0.0213827715872594
-0.0542423141036758
-0.0370189766319861
-0.0862135969351912
0.0182200399934191
0.107643764342017
-0.0145187716776589
-0.0161049967591657
-0.14284155903657
0.181456504284459
-0.110481760849585
-0.205365225257681
0.102604484214903
-0.00258894684955566
0.0481453735348522
0.0567544548373056
0.0303352653180719
-0.0183211387519512
0.0340318998404497
0.0373600687826763
0.102451841417423
0.123546877799382
0.0663690977569246
0.0291055034249526
0.0767564362490813
0.0773402095408069
-0.122083143332001
0.192518328547166
0.0531859329866075
0.0246130829691136
0.141742016838373
0.0992038309294631
0.0537188700784086
-0.00472409921733718
0.101458271424231
0.107700933736385
0.128044739064416
0.103846888549517
0.189505466203957
0.0225495779379427
0.0475028453569248
0.040102991642082
0.125777717348207
0.156469308098049
0.102130766425767
0.255833283051195
0.124418875549009
0.0340359710528363
0.0765909205879744
0.162011529686221
0.0636099648473012
0.0452844448973304
0.0308436178302436
0.0466660425130078
0.112849469288226
-0.0225380391806043
0.104703519019802
-0.0180653965672981
0.193901383297753
-0.0537684927576015
0.167372187641069
0.140461391482676
0.108778564956674
0.277281856823242
0.290568307524426
0.20742381371247
0.135677910448791
0.14111450742868
0.0582319904199762
0.215489416815
0.0415447262892445
0.0439488429242874
0.196954080672026
0.0251823300935536
0.177667777164964
0.132615243426976
0.0522607892957805
0.134166467832622
0.163494276205655
0.0721605334277604
0.267651813757219
0.278555384725203
0.121973582845058
0.103802996618615
0.090623494468822
0.111142955659016
0.215100246695922
0.183225211131982
0.182376802888779
0.248094086213641
0.0623778566154098
0.367204577432927
0.217790970213757
0.148095405803866
0.211173603372909
0.117046947436308
0.193498013232154
0.282453783608656
0.0637606192874153
0.237336358834952
0.180147738742611
0.0357244684747917
0.145043905203149
0.112749044667062
0.260389160792493
0.154287644100737
0.285300438421101
0.26236536633109
0.134165325164083
0.393158237136882
0.304667268069391
0.0580426086036448
0.183676471541955
0.13474229802364
0.229309083913462
0.253000061480663
0.261712738017996
0.312664835628588
0.305400441281331
0.277117411259001
0.263027322435308
0.319245094010003
0.28429942777844
0.158480929529847
0.165050662752651
0.254356781602227
0.194222974816896
0.318652211955683
0.26592538405185
0.335011414489297
0.263831080525961
0.278075469975625
0.262203080125778
0.312719403547028
0.278692319990107
0.301280467218734
0.292670389487219
0.305660630966618
0.289766126826596
0.239957492638185
0.30450857192961
0.337497838544841
0.250393729933176
0.208572101701049
0.273482360380846
0.338311536929859
0.377578599619213
0.43260961639246
0.274727817571547
0.275472249737077
0.302778506016059
0.390152245940618
0.309992517947171
0.161197565211845
0.34147392931073
0.183490445503659
0.287579550184021
0.268980830343042
0.254637182403492
0.369916907224454
0.373559766107972
0.450622060526674
0.199473391074061
0.35376725445759
0.294597557916267
0.302249239612975
0.260275380283005
0.262545998983433
0.217019708647632
0.411922074127209
0.415666815612262
0.212031216110453
0.326521219396724
0.221546498052814
0.231695576808315
0.195432532937064
0.274794402760188
0.405982010796661
0.375696145813392
0.356333691798223
0.31585290282596
0.255853621213639
0.510367430625006
0.436377075630918
0.586823365643202
0.521009322258284
0.289320265715831
0.395263694656172
0.476826202563085
0.363462111181022
0.432633373948695
0.541052580488296
0.289196749410101
0.343425756565701
0.441341456538993
0.353405179374793
0.342904443948756
0.536672737411462
0.387807723375173
0.304688242523154
0.242403294299308
0.456166069065163
0.290496569690709
0.296273775228564
0.376127993908165
0.314342412915346
0.430738820309956
0.424615699546139
0.324182582500997
0.41545686423148
0.262491732578516
0.398557015309303
0.343091959614723
0.533567891905634
0.449052157354427
0.50373577648271
0.413773376236824
0.392852817855944
0.262427452033929
0.434492161742847
0.527216605338906
0.394153575680339
0.361955452435583
0.46772924606899
0.479497106123264
0.475209625762325
0.352743010831512
0.47336285495662
0.518276680916996
0.484916065939884
0.29460336243173
0.435297179189353
0.421280134622525
0.582362284247058
0.543904558535908
0.402748773959634
0.409126829755485
0.493167096316866
0.437135362412481
0.502605554372042
0.360222327501314
0.457783073392302
0.465150898676654
0.582213906541552
0.541511614459602
0.590145759432605
0.400167523778585
0.578783466850281
0.527790633441512
0.518637274109108
0.490112582248638
0.623019198873921
0.561715080501842
0.513853030163317
0.365807238238036
0.362876535438306
0.482192307658697
0.3936399699104
0.566691854285504
0.440293545112073
0.592051020242248
0.533688536232472
0.463530638665595
0.695194169059307
0.621654441350441
0.657682568251215
0.493288082005117
0.542789444982093
0.415686107748673
0.548294341898546
0.519522585473359
0.536252134555106
0.637595708638076
0.591062700226918
0.532551343351
0.49396245507803
0.677005836946616
0.593437607180715
0.514272951792792
0.502383272087099
0.655323691862141
0.594407447335231
0.623582175441389
0.363197139074894
0.50596433049163
0.68996893629503
0.535208247183743
0.663413986520332
0.591263944835197
0.644156327198389
0.624187912501034
0.696969755608629
0.612814517497458
0.635570373433131
0.689575928192258
0.528455472208993
0.550567481394015
0.585492214363782
0.520286550694952
0.507699140207162
0.526024486491886
0.617364002894045
0.651258477225948
0.495237515039411
0.630819853164003
0.487365969413307
0.688614761671571
0.653018332538543
0.541181610224535
0.586540774979476
0.489495605573844
0.527017818298937
0.635516814118207
0.624034942640395
0.566768544273723
0.628204927775189
0.549668467500289
0.697486004895649
0.772758751427194
0.424930128274343
0.512276509679788
0.530547192209817
0.650004342178578
0.63926033782595
0.56123314712004
0.594227603606886
0.626923620650362
0.630868774012274
0.679955649936703
0.759641800706994
0.609309298010677
0.747411294507118
0.497869190795692
0.610231097616333
0.703521795827122
0.703837222845624
0.618250061930318
0.544484291073584
0.744474139024828
0.807266756562776
0.600218323937808
0.82214853477037
0.751722415988488
0.626521886011395
0.697851472699791
0.832128050325743
0.753186424426432
0.614805165551708
0.655590688143872
0.694244086498027
0.666215614688407
0.64050277375074
0.590949563091115
0.72361625976165
0.529771899923547
0.774131993869678
0.829222332393724
0.655420584342424
0.609519029378494
0.662947276080021
0.693173881423008
0.667553361486118
0.651520680839904
0.644730978842511
0.661320167434614
0.594385758418291
0.800146421303815
0.709435421692872
0.658593147477021
0.712002973771576
0.603174977372487
0.557363126396934
0.715530463205826
0.83233478976241
0.784890817839754
0.764001506135116
0.614739513535051
0.777385430713866
0.514037517761308
0.858763839809084
0.728101804772302
0.792661624911592
0.642342242809767
0.634405925298891
0.606689472450272
0.855536464931427
0.63371855418225
0.864025821431606
0.772071135533716
0.732658535844387
0.793395430750699
0.669649367309631
0.747241770280773
0.793747075017193
0.713520883903116
0.686465174382701
0.774197583586936
0.75469909823623
0.748804445905585
0.789610353076463
0.817288742431182
0.815825085513126
0.915777990593453
0.813089293739228
0.884907607390336
0.861119664852516
0.849902548822262
0.798575438794177
0.7656344033887
0.614152379018524
0.935663342747832
0.880595461058587
0.880392990494487
1.05082505957906
0.902188007058645
0.865550707472023
0.782884551078563
0.820028537292032
0.936468828894602
0.754001846405094
0.773078151701385
0.847802352608992
0.980293591684845
0.834968270399254
0.830663386460843
0.726863106701129
0.851168051559446
0.893906698155136
0.849657556094022
0.905569450339465
0.725991267091029
0.745185083392825
0.872469755544513
0.877776285935938
0.950054332416507
0.807077104876784
0.935153571467708
0.874075913195975
0.900687312960069
0.803258441853889
0.995716790284463
0.856025424532667
1.05252580350171
0.748272108854315
0.802805797092561
1.00711570985302
0.847523709448995
0.985232854202718
0.89740364081678
0.83941950849538
0.778380233667939
0.949264760218994
1.04909161498857
0.765373238533506
0.945358904820006
0.867651224831395
0.848939982467238
0.98379426911231
0.9930479947094
0.923465781179822
0.865874815502191
0.877223066071391
0.99920003040229
0.860983704593835
0.821282653033568
0.926363762804799
0.920877092941403
0.842127774486182
0.947161445598369
1.02780495088949
0.950326152552868
1.03583972319012
0.888693703945533
0.827870445227331
0.832414823676693
1.02267960115517
0.995121637209699
0.837767188095346
0.934852189009834
0.966485937463605
0.922912483604872
0.908506886985062
0.91663513265054
0.919180835532883
1.06781991426802
1.06499373537989
0.886046983509152
0.983850386700286
1.03814145878727
0.94059343418174
1.09129480696735
1.01992721903501
1.08248997075422
0.98634142139126
1.06474051445735
1.05230715944495
0.898463804839525
0.939504649258168
1.0383407131958
1.0268352240472
0.93258806513657
1.06034956071845
0.931618033432326
0.913130366263787
