"x"
-0.938119926897812
-0.849522094857361
-1.08152393439718
-0.860120348495271
-0.878751335456175
-1.03998006958946
-1.11154281958825
-0.942148575930615
-0.93612353909373
-0.916364522806365
-0.983456257854145
-0.991251554453286
-0.95329040464046
-1.16230151759561
-1.01480138112984
-1.02316668347086
-0.986592324916365
-1.01440835320971
-1.04227335607409
-1.03057556195372
-0.970104780050325
-0.855908922341381
-0.997893248747211
-0.8579808990929
-1.01060224809416
-0.950007843406554
-1.04938944174805
-1.03938035919273
-0.956147672170407
-0.890436395296321
-0.963703570132884
-0.830034462408953
-0.84776964887436
-0.89795606479229
-0.795587507860367
-0.854090383505812
-0.728776060345957
-1.01093228510471
-0.871615497538014
-0.8896173327818
-0.881593570250502
-0.866388330468847
-0.883886474885327
-0.877979997742083
-0.85833639353701
-0.821075799706716
-0.909608125792604
-0.945945089172682
-1.00315831851719
-0.809995160430028
-0.8655612019683
-0.873186555677579
-0.736551329995034
-0.859482512366283
-0.828742264327806
-0.989739011115255
-0.888821449562115
-0.995156521953399
-0.832483070322508
-0.88671387148895
-0.78081866792371
-0.912107625010941
-0.803216254780572
-0.925879745526774
-0.956832574332175
-0.921082375236956
-0.821345771711973
-0.900832404521972
-0.908885182036654
-0.891997473807705
-0.786551646542186
-0.8196800471694
-0.963509881494901
-0.818613733006757
-0.745068411088552
-0.8384725139055
-0.794058963667026
-0.76721663400876
-0.707469234866251
-0.868297174367988
-0.828385482090494
-0.707379587655611
-0.930792243696677
-0.757766259818541
-0.825821048984181
-0.873986743539928
-0.852926416686632
-0.84944992638848
-0.815639699181125
-0.848889463255054
-0.711834803409667
-0.903974301880258
-0.887482928726124
-0.727016292629488
-0.906626366964978
-0.739955529611963
-0.728620410913128
-0.659224408864984
-0.742182840866833
-0.896680369759629
-0.831507690763325
-1.066027901705
-0.730613824146387
-0.77238021379906
-0.531950249812128
-0.742671451404373
-0.843212504824658
-0.830732975674261
-0.751075557903069
-0.794339471780665
-0.724163180014696
-0.785647188890655
-0.780916231898529
-0.68520694487237
-0.813573947988353
-0.823225232643549
-0.736143461513961
-0.75667090470368
-0.660672432226124
-0.846992752891791
-0.620251286241887
-0.861984373421178
-0.887567576398588
-0.675524286919629
-0.88238789515832
-0.75379198884515
-0.801771949010971
-0.580435347873303
-0.864972420117866
-0.662877511862321
-0.711210437703999
-0.697193290932157
-0.689412146245876
-0.678847410451991
-0.704909453955713
-0.703116243929075
-0.722931155756412
-0.775542304183339
-0.692519507686507
-0.859869668103597
-0.783896499539056
-0.766615923356787
-0.691569470377325
-0.809395802093074
-0.693719132637331
-0.427105423158958
-0.684985666191204
-0.735839792651852
-0.769234196478914
-0.688204076929279
-0.761327940389672
-0.630024808036034
-0.784420110678541
-0.682026053621017
-0.736906597864015
-0.667593404638773
-0.752329071124342
-0.688055138347702
-0.780568182379595
-0.757254702379413
-0.767816507738125
-0.732725677785842
-0.599200939554262
-0.652502459703661
-0.569875377473972
-0.764979408986807
-0.605395865981936
-0.66610682744479
-0.648853797053673
-0.646512760675997
-0.646012975147346
-0.701188134533477
-0.672504175874594
-0.727089607521166
-0.738089195958035
-0.643196672296979
-0.68141605348644
-0.608363797744165
-0.739044797476425
-0.67165295109028
-0.79028737155799
-0.639994622657831
-0.700627370240487
-0.55078134606976
-0.685647618105631
-0.665665347184164
-0.579598008812733
-0.518361661460606
-0.646009697029433
-0.5873567234969
-0.572228844786249
-0.487425496461444
-0.620373741646573
-0.472023660076232
-0.695970966657879
-0.556275623671655
-0.627850736516823
-0.68718320794713
-0.535626726336202
-0.535617205918183
-0.566730787255366
-0.547814928796878
-0.682644937957668
-0.603720535681277
-0.605820179041142
-0.672447540890202
-0.509163417787658
-0.696918690185633
-0.675781851431436
-0.567248945275185
-0.568141840886467
-0.566525601415367
-0.429485897823292
-0.520065884613552
-0.56098507685095
-0.486986704745819
-0.61688136476767
-0.514333019396616
-0.600625005834309
-0.486058203470392
-0.681855241754719
-0.580275593051052
-0.658265951808008
-0.481430863002824
-0.53867810284873
-0.578032719032838
-0.585545168546377
-0.489155528604192
-0.598235506217952
-0.557865518889873
-0.562977323885442
-0.502927363507494
-0.398861566924612
-0.535377324669989
-0.530339190865423
-0.499686556460473
-0.418276011646739
-0.497571133212606
-0.531567462321984
-0.439897653189696
-0.492505292630266
-0.554145426917197
-0.507350597106333
-0.63642484405755
-0.56030199454936
-0.474093001814073
-0.558437835577123
-0.45593104539645
-0.565444126023436
-0.437588732591632
-0.550892508286825
-0.458661221508402
-0.425528316990672
-0.327602280941517
-0.576303975910794
-0.397433549380558
-0.491114444504504
-0.563099878399605
-0.45470154949599
-0.419325262644691
-0.502074562541702
-0.486639776323827
-0.332424642626575
-0.65878604940291
-0.556903173187757
-0.488272385265591
-0.524397079238798
-0.390554419847731
-0.492303443608806
-0.399152000236221
-0.391580392341273
-0.542804364858504
-0.559171942293527
-0.370437515318865
-0.386526586584025
-0.516445948372321
-0.446660249748415
-0.408633055752837
-0.319618385820566
-0.490584056018479
-0.432198372070175
-0.280938101414868
-0.412862754983102
-0.412887018454049
-0.429359112617733
-0.427075160977626
-0.476325450635777
-0.482779853794243
-0.490399001382981
-0.391690628659886
-0.533584258904556
-0.408334000732249
-0.272951251245206
-0.524292093132876
-0.440170524719748
-0.402444686113113
-0.525989563199582
-0.290286112756397
-0.462294948885879
-0.424754776255126
-0.429869380378179
-0.474202534158295
-0.497628132362736
-0.33753043060168
-0.43867166569135
-0.416760883940948
-0.487336148381856
-0.433730702452236
-0.400562350128478
-0.550492473489691
-0.400508869184476
-0.387258265990555
-0.489356871480637
-0.403805436799895
-0.604128810296728
-0.335125857927215
-0.259981438827908
-0.320334264861066
-0.344220229832624
-0.485572066951465
-0.34264546812383
-0.32871838874947
-0.416265391534199
-0.258493220707982
-0.440887034305584
-0.35717357419976
-0.437383980980919
-0.347210052598621
-0.222154274136914
-0.279009363756898
-0.338767018381688
-0.36295162483051
-0.32145502325607
-0.403957096878504
-0.280900674648883
-0.378454031091285
-0.321611418509102
-0.286861888662515
-0.356940319240049
-0.328977325639334
-0.293682783956865
-0.382081564798869
-0.260107453452127
-0.201325165374204
-0.272035850328661
-0.358867812671226
-0.189383282789861
-0.251212211676732
-0.433711451355632
-0.330588291279723
-0.257567692736391
-0.336938454161069
-0.378278943544168
-0.336000792768809
-0.170197555551435
-0.215879246808996
-0.173887468371969
-0.160830130857348
-0.22289285191175
-0.473371874298859
-0.316212930612494
-0.182535786936358
-0.28614297866647
-0.288747474760801
-0.296245267375957
-0.276094700782795
-0.282228459458778
-0.0991975478218719
-0.169576454969365
-0.206397551925694
-0.414445971277903
-0.246885611446147
-0.120238284093094
-0.234015966746083
-0.360293302941934
-0.251787279408164
-0.412295261155803
-0.196135726175797
-0.259904458937458
-0.0689841024911944
-0.131401097188107
-0.162408121466126
-0.237250841425018
-0.210843943323207
-0.246669239355507
-0.339534483867139
-0.223127187588889
-0.149235702138157
-0.113784298112074
-0.277229191968267
-0.178688872411475
-0.220568229243851
-0.00327480048754418
-0.300730820825033
-0.122097398325559
-0.2439740728128
-0.0773568449086089
-0.106192376455737
-0.21347765667325
-0.0617898030151565
-0.224947583133785
-0.294912085140307
-0.262977690850835
-0.0893158189194944
-0.150026346429443
-0.108217709025899
-0.129056206605343
-0.127095342698724
-0.336267568706396
-0.191816619493669
-0.242269744693443
-0.245168997574554
-0.0563515410588729
-0.0991397452456868
-0.238993453829619
-0.0888856706173568
-0.115530509921451
-0.0856307620356571
-0.197365745233026
-0.151512987477701
-0.203296987310677
-0.308816606373621
-0.232241658041272
-0.1915177391501
-0.307907611360179
-0.125585232272221
-0.0967437168869596
-0.124142442539123
-0.0454308893088687
-0.117555635669995
-0.177914047481548
-0.0985096874763202
-0.147341942273509
-0.0739779241951668
-0.180982049091554
-0.0966757226670806
-0.0549504507710995
-0.197411326166929
-0.146062456028404
-0.0513860605890476
-0.128584908566004
-0.120470894941147
-0.113443494198014
-0.0227163323088094
-0.0198748465978387
-0.100049853264005
-0.223940642655054
-0.0248174765763661
-0.0626662378409832
0.00863109555225772
-0.124874870496956
-0.0263682142969722
-0.0799622818737445
-0.0886845446533671
-0.118868019586816
-0.137266190106754
-0.208752771491598
0.0688022127731685
-0.0396092614640272
-0.0165874991578045
-0.111501834050237
0.000200392119226983
0.0789217060627958
-0.00919665102833682
-0.0520181811800921
0.0257833465644118
0.0794972909837973
-0.121879673310136
-0.154180992719581
-0.0511322177971698
-0.208552850748311
-0.00711272147461822
-0.112321295184736
-0.0274618530654859
-0.00883659963296864
-0.0505493058121903
-0.0247781228022595
0.106992541787105
0.0358704145729772
-0.0925355756598209
-0.0733595293982279
-0.0394113976806938
-0.111488894970897
0.00600057718389444
-0.106219614321134
-0.0910030764754613
-0.0273329538260882
-0.141757686847817
-0.0602305604026234
-0.190796063280113
0.0200898340528808
-0.0664142844029367
-0.0404709104447119
0.0127398389402001
0.0851398250564693
-0.0481398538403897
0.00379592451250107
0.0131605961943198
-0.0429182031950495
0.0576571933689277
-0.0769126434536472
-0.0588693686475548
0.0436881678613108
-0.0189134746840737
0.0159617589689901
0.039669063996122
-0.0312977394885972
0.0343476218513876
0.253476926000203
0.0260531570684967
0.00767411867445989
0.057257040996199
0.0327828670376115
0.0331707635430364
-0.0885887913244476
0.0921809672151175
-0.0357644221255837
0.0375985571946788
-0.0579665060785744
-0.0580171076719551
-0.0185985581462887
0.0995173742504519
0.276696627160084
0.002818977713836
0.0999108357693848
0.0413772818707286
0.043606821277108
0.162478521001548
0.0996165506742171
0.0332706931823775
0.0017719843574497
0.165976541393019
0.0208468152693039
0.192953103395299
0.0632970270821903
0.204192741347121
0.208987224250069
0.0705928903927706
0.0596468707222879
0.110480606723994
0.109354203842369
0.0270038614756013
0.134689938633484
0.155374865945499
0.171073416158728
0.0541782171874604
0.117529341214367
0.0234817805338641
-0.0569033758122175
0.104314176730049
0.161457946927386
0.079084832364722
0.11936646810336
0.208211418927651
0.162001075870885
0.0776372591423678
0.109104886950902
0.0813302124349927
-0.0189026419638484
0.157929419342385
0.139389799746003
0.182725065491252
0.0253571026304448
0.169173943093053
0.322970578572709
0.0651952537747221
0.144782450882341
-0.0258198277956763
0.0878911620114652
0.151217938482762
0.13496922956002
0.153930013679767
0.251824297169716
0.0708325810206047
0.156361970383438
0.196312217667783
0.216539614220321
0.145445749598612
0.0998934157019279
0.288414882092686
0.0356763488072479
0.24393251791461
0.208946523435402
0.104345753745176
0.162458002429135
0.293755924840378
0.241585209166244
0.200584563978097
0.111477255623386
0.162714258410912
0.0588242177846801
0.161330523787091
0.136766766148099
0.234001176758533
0.233908567488087
0.217818327517157
0.175793251599707
0.24385697246882
0.238056162420908
0.226134271149539
0.275645437136041
0.212114693555315
0.190992960014102
0.164124958762147
0.22468116918236
0.210142514426567
0.221668422397056
0.28232351619904
0.183434495354144
0.1317405404167
0.211070330088034
0.182313691634254
0.219814755604184
0.228552277775446
0.291246196739863
0.173994324551124
0.221528856958301
0.160290059769452
0.161491188488929
0.254056035286422
0.200188956658461
0.225703346713992
0.264103815216856
0.378954349380243
0.460248460147604
0.242581045108193
0.217976132134608
0.212762746961546
0.222480629059208
0.224471537503286
0.201646023622897
0.16045989802846
0.305259202332994
0.133939979258328
0.374417546708294
0.42027517293724
0.180521017974652
0.234980503936132
0.159305712230695
0.383186838590775
0.265800702748796
0.184830160247819
0.324640785172935
0.30563902431771
0.127379869312707
0.281072799193666
0.319678158500437
0.418611907148361
0.165231473038515
0.327863380343078
0.414988724029054
0.290470865191216
0.246615633904596
0.345165984723054
0.163937255675913
0.433703739511556
0.36541339425534
0.352176124454586
0.500359634577755
0.420848843060365
0.279615032530025
0.279957679608408
0.34809299122479
0.193422853454811
0.382203224157224
0.227534927170327
0.251747339976148
0.364131563476457
0.308041867868761
0.244897197249028
0.400885444954291
0.555375315536031
0.461083218845038
0.287142748172341
0.238529545180332
0.438038826530772
0.388558434816978
0.358180605463559
0.31440751318896
0.413510317301178
0.39980148801319
0.403116376188176
0.351158226093662
0.248236766210978
0.360145710231451
0.376449234920443
0.344231560716574
0.323348415108065
0.405145910291446
0.384845554255292
0.39900846128133
0.339418930924319
0.4551865131659
0.264855957845938
0.345319416159735
0.255541773069168
0.211359026432188
0.461762699153278
0.422607131994529
0.407064248256649
0.320866238571902
0.410366628628361
0.445430328862663
0.517234902172826
0.404274411175278
0.357522915309438
0.427545689765153
0.430599136242413
0.474768684433735
0.442183362924281
0.332234924333848
0.62056022915123
0.437118592744848
0.579619308454582
0.527343573188321
0.483063783040537
0.520692458167854
0.42723115931392
0.450879419610024
0.560163357569798
0.51108007151029
0.414389135511041
0.511340445249589
0.460841884723105
0.493386783886741
0.445110170947912
0.417671328236509
0.290432290621926
0.320595681188493
0.416367886959828
0.391568208587933
0.437736134077295
0.425665245564519
0.509581290027397
0.428174381396421
0.460337260329691
0.465599144385091
0.484487699911959
0.518741850319204
0.526149158127899
0.35437465398681
0.566517315946288
0.519427898156238
0.383123859322281
0.400788279667103
0.383262285504249
0.518288623324827
0.340318746153122
0.584147927434278
0.563763908781802
0.436683744018993
0.499876792938734
0.60641215882084
0.522794021325449
0.560984771877607
0.58481535932141
0.406371562707407
0.408367311532789
0.53155073381686
0.566923262182339
0.425369403605103
0.384999636341075
0.654595289047827
0.546578544724583
0.536336778693369
0.572957740385913
0.557394587690423
0.520679696773181
0.499136351412994
0.575793627726258
0.462898583000591
0.593912930795611
0.561624005309769
0.446518994213361
0.643274017521379
0.573276426896478
0.644369448875216
0.459231959362506
0.502198849847062
0.478558660799171
0.656679641896836
0.498654674273393
0.578604009208386
0.630237100060999
0.53136171770151
0.637763046129253
0.646746814799674
0.598802975895396
0.694922343492471
0.583104599036572
0.715596229118238
0.527571920860971
0.567429046576004
0.356656251597933
0.526386031367486
0.50562875085056
0.519819333876794
0.653504429692762
0.574869964082426
0.689951831356368
0.507449485144433
0.468165878770612
0.620649516061105
0.748155681941786
0.688196443716245
0.65883095427697
0.471388171112916
0.599960918838109
0.630043746017762
0.577805742598888
0.702580659629083
0.622367095516301
0.483369038033878
0.600710559238236
0.663082250321836
0.578645544198826
0.694579683404924
0.772473454062958
0.453148764380005
0.773046060900354
0.552407513113673
0.734847294395568
0.452112360034252
0.593225293798916
0.7000329366151
0.638690773479528
0.500509979363086
0.665578645781088
0.555595365307116
0.739120265022158
0.721164986490871
0.695825202216203
0.565713723452923
0.79336306914094
0.758987383186388
0.514766228854724
0.653268264704301
0.794711711978504
0.760935937913145
0.644392114796433
0.832905646824575
0.558652641708503
0.653366492833575
0.73099819887875
0.613251584595284
0.650915350672349
0.756385521118379
0.699272471941674
0.761091502963906
0.647809481523849
0.663174381001294
0.736410272628415
0.611294742574716
0.742967339109849
0.644280054644752
0.808007028964106
0.677040341750492
0.768960074562495
0.513475802037542
0.863517419810953
0.743282456011937
0.758823648742267
0.727679340842352
0.768007076165275
0.637856407053558
0.702678039285075
0.812958353653441
0.780385587818773
0.748980314325962
0.690168486191389
0.542833836308268
0.567477629237829
0.789327964486126
0.78253268295435
0.686301015518429
0.797475686335291
0.709985255634873
0.673301487593091
0.853275468900307
0.875057716905057
0.722526549000612
0.758538629593875
0.772078209184138
0.70766530091665
0.794016868898094
0.825275330230631
0.848806931184092
0.853332130701107
0.809292371691972
0.75198650312179
0.616559601141331
0.826739998781816
0.532730473538487
0.878469764404595
0.834567463339912
0.858268348565332
0.79972728835163
0.694146020425674
0.803815724039871
0.762931067260464
0.734198063038613
0.793751421034237
0.84454936364346
0.779333875818373
0.751972675976958
0.639306380487699
0.974578947502384
0.715752187538803
0.814937192770531
0.72600221114022
0.791054867559061
0.845356254145632
0.946972835091996
0.854208454542265
0.76608599394686
0.890407663380471
0.735084599176252
0.72886623754239
0.835415791932581
0.817028921339161
0.768964856206456
0.866685260109817
0.813099258028275
0.934544996950618
0.792602610753925
0.954534022427249
0.907398254057361
0.726764963591186
1.021895166336
0.805772425901826
0.893429767683446
0.774656687495673
0.826848236241088
0.912406971891296
0.81775149487086
0.829479132976994
0.902394197473494
0.836398038403186
0.905304568221665
0.939342291452284
0.899351428834814
0.928255319461235
0.855669774508867
0.851287996997898
0.855867768262961
0.906911709952943
0.815110816965329
0.740554468977795
0.918501474056036
0.913581343413443
0.943705099678323
0.715301386922635
0.882936996929013
0.909284277272017
0.81293830624936
0.765076194566155
0.772623372040023
0.805051959512663
0.858536856020052
0.803136476008647
0.887904500396117
0.888558709902319
0.999500955047588
0.979828304534319
0.985490413399255
0.777021360085544
1.03933782020255
1.0079497384131
0.947134271619117
0.935772286452955
1.0588641310094
0.967724634141208
0.88663153991816
0.986026676272699
0.922656398470668
1.10444008704259
1.00445448003505
1.01632119415503
0.814724715682606
0.910270312829726
0.999855359059804
1.06193072762359
0.987204688907092
0.986882763459264
0.905592426284675
0.946737956923675
1.05127563706875
1.06756310401481
0.997504181474839
1.00690871919494
1.03907130259972
1.11616142323843
1.04998586789007
1.05314884423258
0.929644126898694
1.01706821947034
1.03595677312292
1.00123173416394
0.898201940330931
1.01652004071728
