"x"
-0.956873997581392
-1.0167531928035
-1.14254999142671
-1.09195797463959
-1.04296637965731
-1.01037878382785
-0.940840122895465
-0.900831444743832
-1.0517281104013
-0.975462195893494
-0.929007452650051
-1.10220888438373
-0.942467983990665
-0.862790341859005
-0.802221325986155
-1.04056479451798
-1.07155460749606
-0.929812530281518
-1.00077694623191
-0.79787745828586
-0.828418626030981
-0.877192855484045
-0.959121996418991
-0.965411253087495
-0.834107029046315
-1.1052039812083
-0.969005168283928
-1.12186630778035
-0.937706515268383
-1.03045341784998
-0.927258351363023
-0.889973519531855
-0.954073974895337
-1.00971631274309
-0.886919247541936
-1.01199972962185
-0.897242270155216
-1.07688682414823
-0.885173865749564
-0.91457934375763
-0.962915789702636
-1.04436871901541
-0.94665441290886
-0.964019148171697
-0.888818960449108
-0.93736979255623
-0.901816380429834
-0.68196092231064
-0.864361248851528
-0.952789149638685
-1.00567436422476
-0.894372766341884
-0.818193538503398
-0.808790443498378
-0.916063318618332
-0.92040667733974
-0.844697830420149
-0.891258859627502
-0.885550013139837
-0.8037076553204
-0.881431996604948
-1.02638113808162
-0.890684388196454
-0.816727281008735
-0.911244061520893
-0.88896437196908
-0.789410096293403
-0.866009938081336
-0.841186751668465
-0.957894751608353
-0.697232343444594
-0.742208257604368
-1.01803010701209
-0.898484858170567
-0.791912126200789
-0.866975045521795
-0.96735723894175
-0.747601993770182
-0.880200993396313
-0.792105878873867
-0.818625362237976
-0.782649700791445
-0.968316021551852
-0.762653621097489
-1.00391306785931
-0.819770510191956
-1.0060331620559
-0.82360294551877
-0.745505653679474
-0.720513666840522
-0.781451706754422
-0.823415953639867
-0.82447409630783
-0.815116722934634
-0.796935119053193
-0.766198552720004
-0.751722767260198
-0.678343641941365
-0.897911678287861
-0.710405548799791
-0.762439577500162
-0.812759193733498
-0.603826207574301
-0.668943498695448
-0.787581477936289
-0.788591440469272
-0.708529135688332
-0.683598536511841
-0.854598734924034
-0.748193121685847
-0.596649938418185
-0.842372658082706
-0.854556848941727
-0.773282268743999
-0.858676865871428
-0.84184441117211
-0.752122215643699
-0.780028650007629
-0.577328233443612
-0.767903476286737
-0.629505458642173
-0.881040539159844
-0.819108413019533
-0.862513287929428
-0.846853235344624
-0.686581053037141
-0.866713408953771
-0.743902284814552
-0.79104550176042
-0.679036644600567
-0.683223125344261
-0.703067379500818
-0.662322599259218
-0.833839406982122
-0.724434801755085
-0.765128744390949
-0.675603470376795
-0.779898275055241
-0.667048169249133
-0.647057587711722
-0.639343658139758
-0.557506541190841
-0.881586073912479
-0.567994703078204
-0.655408711168663
-0.777804892198425
-0.759254791848649
-0.687058196379066
-0.667256752673721
-0.626278239566303
-0.574314988487305
-0.58189757601438
-0.661104416809855
-0.760330104849795
-0.744535356137316
-0.62233552181412
-0.685179539552151
-0.608562254612715
-0.697794021466112
-0.66924604499814
-0.782548549624484
-0.625811246575476
-0.684285898798316
-0.578119529294321
-0.571907119087492
-0.749608580755807
-0.73616555340306
-0.607772481423755
-0.743604144273785
-0.748091428796742
-0.601150539826846
-0.629642675713108
-0.549581805967343
-0.675584180443124
-0.719789525617531
-0.637873164884676
-0.696699211751328
-0.63000082875678
-0.817521784538704
-0.627216658206011
-0.734837820352519
-0.606734936064289
-0.633627328161298
-0.682348927820922
-0.704089713501381
-0.598427802005983
-0.621854452115138
-0.573315904096081
-0.636750286248715
-0.749219258734541
-0.627658020582239
-0.743194660635529
-0.504495674745877
-0.625715674764642
-0.658225409689942
-0.601275704289636
-0.66430706809868
-0.596397310185754
-0.631106739301064
-0.676835028910139
-0.692242122178404
-0.512604178885173
-0.546460968438157
-0.529610722574074
-0.676782566269189
-0.642590539953627
-0.388359272421053
-0.600549333152205
-0.483008261835084
-0.316954790758287
-0.516547858071415
-0.527752022825973
-0.639981039510529
-0.523513085719631
-0.643148240893474
-0.527523987601955
-0.329836514492208
-0.509978128327825
-0.691380134357066
-0.718834568504935
-0.602748816538295
-0.59451296924238
-0.409736057897062
-0.804972925686063
-0.68477958162424
-0.609356681764659
-0.435276462600881
-0.508913717114965
-0.383465176644507
-0.579388527540946
-0.63988857320059
-0.660049034517485
-0.599444271241469
-0.594358537823137
-0.533289724865715
-0.45860447175251
-0.71237324510855
-0.438410762747683
-0.53973834152171
-0.46195938711866
-0.539112607942206
-0.582785236003459
-0.505723215894967
-0.595292623419433
-0.599265056839026
-0.359300578291137
-0.549106359693301
-0.438061547410283
-0.431767321604629
-0.657394071082354
-0.382515135833359
-0.488272476573915
-0.409838879942674
-0.381044849997079
-0.634045762301866
-0.470772446155527
-0.497976968221394
-0.495747468877912
-0.472986212282922
-0.385472499075921
-0.597786066623762
-0.508663863953997
-0.248090777345955
-0.536677104750725
-0.640113112674216
-0.552550467651588
-0.414202700949071
-0.553606949509927
-0.55889231582642
-0.467645444266146
-0.471804773872008
-0.35328441521069
-0.397753802446959
-0.402316737109179
-0.428374484172393
-0.659869443665802
-0.440870516947508
-0.489445874527003
-0.434172964002411
-0.460188124172096
-0.433687994515768
-0.441344389895959
-0.494402033166062
-0.424029089256997
-0.486244412144841
-0.482966527930564
-0.370951402224053
-0.423305921509566
-0.366490133943251
-0.626296008036647
-0.48527529130696
-0.398429482917908
-0.56721943489116
-0.453906924908921
-0.38903254357547
-0.435400806724488
-0.440749012131451
-0.454253946472346
-0.31396801527164
-0.551702091412827
-0.449627044251874
-0.452895492441509
-0.338371583796681
-0.417977521901414
-0.23696377650979
-0.398787385627246
-0.539136306372257
-0.187921734007944
-0.344421870971618
-0.309939845463998
-0.358335693496329
-0.327441149248877
-0.408500152121579
-0.222052539090093
-0.402261033236211
-0.350472118644514
-0.350697561237941
-0.168457213634503
-0.46951116842548
-0.425570696611463
-0.3036664188023
-0.358529718051773
-0.302557436619096
-0.431444849297509
-0.416026893927074
-0.419443471574684
-0.205442916787062
-0.306197805194733
-0.377688006670779
-0.476078561074698
-0.185244042352268
-0.213281479130327
-0.295213021213732
-0.295052146959693
-0.299714274199642
-0.364257779343801
-0.284553276931297
-0.263262360063255
-0.331464838363361
-0.231162753225903
-0.289910654178917
-0.252899855783028
-0.351059032427612
-0.215360616675851
-0.361222127655721
-0.359623931529272
-0.296060627676595
-0.379826970857929
-0.274202570537757
-0.413779201775352
-0.211991563854069
-0.303598204008682
-0.302567982434925
-0.150823842099567
-0.436456489941904
-0.302014567869941
-0.274924499005679
-0.330028209258281
-0.234306752365333
-0.269524466585036
-0.24331018937892
-0.350042716210366
-0.300526578568665
-0.112970719231384
-0.191316799268248
-0.296194778896081
-0.313846313584771
-0.215144920031398
-0.202649568730983
-0.279511693543467
-0.226718891618371
-0.270461419962366
-0.155170956726373
-0.132356050028323
-0.285898249249472
-0.294907905769479
-0.16011505822699
-0.338101537879748
-0.179915441338324
-0.232528857400043
-0.23813733937203
-0.291079400274808
-0.170536853537528
-0.200097296983831
-0.182656593829086
-0.259623296922499
-0.27697107588205
-0.245247329206123
-0.267734515335363
-0.18307014081944
-0.28054088336364
-0.144005416645539
-0.214046344936
-0.268279342002149
-0.272407122376862
-0.240415059729161
-0.0410941580162271
-0.324912606326525
-0.252423777389736
-0.0289290335799622
-0.140200520633479
-0.33871427097675
-0.0625395413924867
-0.160730849749561
-0.299568245573314
-0.277033959193558
0.0132813597481289
-0.331690187287925
-0.215538166929514
-0.0844720010846922
-0.206089033228466
-0.114971791227113
-0.201222399834008
-0.181198373975744
-0.125197561187313
-0.106245918917089
0.109602343927324
-0.0354122891063154
-0.0641326376952063
-0.169751566417035
-0.136775440457532
-0.147728325518017
-0.14374719645955
-0.134347294709674
-0.129710963421166
-0.224289270731841
-0.00681344418659191
-0.032844239463924
-0.0428290475576532
-0.173620942492507
-0.243473442899113
-0.185259040914947
-0.0836557357589917
-0.065691355601287
-0.115170231423025
-0.137231269238753
0.0362766804999356
-0.0550470491078544
-0.131471534036655
-0.101572064384709
-0.100220727187004
-0.204468268070532
-0.250282932897714
-0.194470736019686
-0.172465022882696
-0.216094574417058
-0.147203368178374
-0.282058628024692
-0.200571242307377
-0.124333973212305
0.0772403207884416
-0.057941352195186
-0.0333126283950023
-0.13240438457609
-0.0276385804411357
-0.139320768583463
0.00147882899201307
-0.129930510493076
-0.138602781166262
-0.164737264959622
-0.073989032014764
-0.0180339366544036
-0.0830349029075997
-0.0640403312955126
-0.171081241155141
-0.176919617545814
-0.123194544622338
-0.00250832014099196
-0.0336753678306953
0.00647176000296703
-0.0856400122894264
-0.116767912072392
-0.0118439083634787
-0.00748358545238425
-0.327393284068673
-0.129241878622654
-0.239823197300224
0.00839437501273267
-0.0741891260793218
-0.0513620415581198
-0.00477486456601247
-0.0851822984238474
0.0563830871940562
0.0294086902935944
-0.0538935675855302
-0.0139645217956531
-0.18207075432598
-0.0305023608762051
-0.0907001001813104
-0.184790683070384
0.00853581052507426
0.116259521061369
-0.0233161128527214
-0.131167002736959
0.0558271195439373
-0.144710441128438
-0.168073663100096
0.0299330330399061
0.00434610229472197
0.031026215861205
-0.0533031843049141
-0.0332783372548953
0.0382234057549038
-0.0326019884609183
-0.064206155062598
0.215708111106208
-0.151837973510886
-0.0359865440905292
-0.0400108990249179
0.0564068293017524
0.0501380404367321
-0.0664345710221656
-0.00455846955484906
-0.122381238577574
-0.0128512414380931
-0.0190840627184958
0.066080730015521
-0.0472372917771619
-0.000235547693808347
0.18428633246382
-0.101735148301301
-0.029482393319806
0.0177975964772458
-0.0789132282278809
0.00310021648106452
-0.0302129431279243
0.185465258477856
0.093728463659114
0.0802326964025116
0.202100259363112
0.0421538890605783
0.0459920136172047
0.159994782114178
0.151496671451365
0.0985451224758963
0.205886621274114
0.116830795544273
0.0649087370209629
0.167989704666429
0.115888975186312
-0.0927028210633148
0.118604178877654
0.0955116233297626
0.0554425466681408
0.00227270366734074
0.0967926080415105
0.0781456250127218
0.142556835054336
0.0181769506632905
0.0957609944720264
-0.00626249357755918
0.200380782108111
0.111809854788329
0.131193174352455
0.191626101554609
0.0397731338487747
0.132894172693365
0.149031985963807
0.122193947210156
0.210875123257803
-0.012776895125053
0.00923880945068197
0.0562223744974983
0.061481024309413
0.363834413891088
0.234968173077074
0.23739233202243
0.0449343029018682
0.178823188956041
0.0153820192252924
0.147673372257188
0.268273927671189
-0.018059571759219
-0.011303808904366
0.106931348061326
0.203490150413904
0.148468597108945
0.142974929041317
0.210000810931108
0.240645866183658
0.182507977134498
0.196721698150795
0.0750526430294889
0.18879518742596
0.0940205856408271
-0.0138304017354592
0.133680360817727
0.0982433358005285
0.179420005613439
0.252508229874396
0.212379572774006
0.199148821006106
0.246928639077168
0.169637546842905
0.166267266504917
0.199561893289497
0.241644279175802
0.211356378247643
0.146759418324207
0.108133700617061
0.21342447070261
0.238841028280857
0.238021612585192
0.355191523801856
0.237688592322455
0.0169938586928166
0.237615063300835
0.219389690357983
0.361978850343713
0.1555515876844
0.245765781916809
0.276259632908436
0.152590057922793
0.37126301326004
0.278351412462493
0.218592469257237
0.258878569270744
0.157080144443814
0.290444811511143
0.447892601682074
0.353093065723185
0.152043131569149
0.26462415594185
0.233412943390114
0.307403926335309
0.291324417558193
0.388582720762526
0.159493629878721
0.318088478295355
0.346856168096915
0.170747767653326
0.207721645179616
0.259014561844095
0.340063266807934
0.24169634307461
0.418696232600895
0.29583767843194
0.434629077241811
0.26104080614509
0.278983630971765
0.286488857030392
0.292556791307736
0.228911251701175
0.261227835760848
0.19940243093255
0.373350462432632
0.416385029976938
0.363599696669407
0.234449511357588
0.449610488335605
0.524803889584197
0.39747889911334
0.366350428545616
0.350765200226165
0.0648659533214287
0.352315952743383
0.384441772071953
0.182126691440546
0.421531374439593
0.342729223497911
0.350380753598924
0.399907169195678
0.323569306104707
0.430685561447525
0.285645368797425
0.358036543067162
0.314233828539596
0.31969227824042
0.385041339069964
0.323654048896578
0.380956546433498
0.36151711736883
0.253235218221255
0.428791234891119
0.315465112976407
0.281012133765085
0.316178519724106
0.371463823579867
0.399194867088159
0.454898740816377
0.326636150398627
0.34843747665726
0.380315519805654
0.488072402160163
0.428550972360849
0.398018927250102
0.396304283971815
0.418151635939029
0.367752001508531
0.391521151532735
0.488055133005472
0.278643186032544
0.488959469563551
0.394233497328404
0.384510903746769
0.368547189878343
0.372002718477715
0.469539103529863
0.423328046114476
0.518399929975699
0.336655514511971
0.249726363344247
0.365949568961274
0.625645870272062
0.389298806675194
0.56803995953726
0.347386521977413
0.291751051063127
0.326088727146311
0.430607028864678
0.423309882649641
0.396179798344637
0.357036255689642
0.462876853632572
0.460286276316852
0.646463955771592
0.488528700372852
0.479170159274075
0.471838268009541
0.379434000886166
0.489020161743412
0.445367862306634
0.366257332062413
0.559266283808315
0.641217346850806
0.286326850909267
0.528062022155595
0.46064484188588
0.600511377481035
0.327751016135486
0.419143609699427
0.527768431858378
0.432702634654547
0.530831461766305
0.494851190846584
0.397270384298659
0.562577084695034
0.518221362736767
0.532340951232318
0.270152943938176
0.445255048864755
0.422938789233664
0.33939235202575
0.558657688701997
0.404860080225133
0.482348748652801
0.558468702948668
0.414902029191017
0.344548592221453
0.586614162245888
0.455145971943621
0.399497991407242
0.555428468515414
0.470785674106809
0.493300399578856
0.340357927967472
0.482928999018408
0.573678987607886
0.479722849024819
0.560935609132462
0.517323284011108
0.456796741992112
0.463388640587109
0.560056624842712
0.418667137829723
0.533948874695999
0.54936121523839
0.583264500329804
0.508623898103999
0.481624142539472
0.483400725666105
0.415578447919442
0.554553717883497
0.537485589926172
0.647007865522455
0.667333947937175
0.570755229149396
0.380804825287218
0.565917756641068
0.503565199256837
0.619258251812409
0.485943926707762
0.480833307084817
0.607915378133796
0.586954445153719
0.459002994693986
0.571578008695649
0.510555949802499
0.621690202804338
0.564754718465427
0.466788458854965
0.726306774138677
0.619748085039785
0.623042239574391
0.556809214651678
0.631678819676818
0.525462677299027
0.607367796044851
0.446618675867876
0.665262595844496
0.545045116422052
0.573234650442281
0.642781268749816
0.773841584661666
0.628690622919487
0.708197306974866
0.573078336309803
0.565076015984617
0.650760998511266
0.66022535468726
0.776026330204665
0.710661122061075
0.588978289397571
0.638985279529716
0.709540403037118
0.498467940140463
0.667032705294874
0.543031294767297
0.601648868092943
0.53257280339803
0.542061580092217
0.635246194921158
0.499715621238946
0.63281182594898
0.780621662183464
0.588725786940683
0.722794400948158
0.756887943615087
0.684972234056281
0.656766372944115
0.609563164950881
0.607963755432697
0.669405180542639
0.807340922826524
0.638481369522556
0.564619679639283
0.708438656776163
0.573262065011374
0.500913084099883
0.659911276844329
0.608162789607987
0.759302485737278
0.711740891751028
0.616464846222376
0.551277339901479
0.61602006731074
0.717756899432842
0.684716903908365
0.745690814928855
0.687770296183343
0.736694874627092
0.861703195253977
0.831837390659695
0.574520643166091
0.799518119838817
0.699188520047133
0.802653550987934
0.666082080826305
0.706772030320353
0.789691431385662
0.738678809350748
0.742419634274923
0.757653234025149
0.697333130038739
0.708412535774955
0.776748447911465
0.693529735557551
0.690847698212681
0.73189977903342
0.654040262872917
0.736317998334103
0.75684035892772
0.690326887207203
0.680951887534977
0.642694948814268
0.834843298183337
0.694275034050737
0.652179356511794
0.732033730235233
0.60163976899031
0.669692742237655
0.74816344098798
0.717313713410658
0.771985534159161
0.618089572713772
0.662085090878097
0.626494983715571
0.790379299209366
0.731823793400521
0.868173006042701
0.789114528009245
0.746739038858358
0.887570741568775
0.677885266042874
0.739523904573541
0.791325435153106
0.810527810109915
0.776429102593512
0.882988526056431
0.772774875462134
0.796614800654725
0.772293812757963
0.818296973112539
0.98525818543175
0.912375796892649
0.840787693174086
0.823822335191024
0.920722506534869
0.789220718687225
0.812509966408308
0.771743198355728
0.819407571754846
0.944461939644081
0.809455603367402
0.781259832783809
0.823698297699723
1.01090626675423
0.645311057259695
0.810793898185016
0.770839152383967
0.891402123492259
0.81627360998606
0.828181146862455
0.786888159358906
0.938710716911367
0.616532237264406
0.93792420653007
0.870345071546705
0.669544499474228
0.889222559410296
0.923289985928913
0.952050217341832
0.854164542066957
0.951882867116131
0.77300807876339
0.803478675404416
0.890607879620107
0.980298956527838
0.929650275427428
0.847472819306457
1.00331664017087
0.845497939954949
0.791143342815117
0.969833901142109
0.960574042236011
0.817474510128607
0.8252826409146
0.887672941651579
0.947398231096216
0.939889109637923
0.9976130226826
1.00277106015109
1.01335283097499
0.92497961286168
0.820409020287917
0.885087815577605
0.963491788409646
1.05650916391766
0.927552489490211
0.94860033994156
0.966298613414365
0.945444911736796
0.994342119893948
1.06669138140835
0.914827696920298
0.902480962991408
0.829240410813087
1.01789959735385
0.948305489533187
0.939636815495585
0.913015413533978
1.09144346944783
0.962430427501216
0.951882270330758
0.92311032540607
0.939604629717605
0.872954003032568
0.934663605918014
1.06485255152056
1.04715831915074
0.83544569931217
1.04095118704883
0.981779593355292
0.809045861854485
0.911718290219126
0.941119540839214
1.11367992345673
0.981230214324344
1.09235609571267
1.02390596555444
0.910173508761773
0.787139493267483
0.968637786334212
1.10176883232341
1.11249046700402
1.06580824732541
0.941813278596297
1.08645169197521
1.03648443482439
1.0165680537874
