"x"
-1.04840284766362
-1.11368135475595
-1.02277352806464
-0.943708310612528
-1.04192471789427
-0.974587895512386
-1.09373236806076
-0.960627435092508
-1.15009017320641
-1.00624166033654
-0.957070727761517
-1.02946251057095
-1.00828681982978
-1.13811045652756
-1.13665725747698
-0.989963614385079
-1.04798833304215
-1.12035602627867
-0.843639127328773
-1.02168284630301
-0.991664165300454
-0.894447718798073
-0.919118535692468
-0.951996534620433
-0.912331407405757
-0.844810898282843
-1.00062401550737
-0.863461840051747
-0.912875955252913
-0.876933771342125
-0.90929983405159
-0.931395855725329
-0.995901050757603
-0.848330236353737
-0.866163443994228
-1.04512886665063
-1.04868503155841
-0.951909842069183
-0.889134585777224
-0.973957611120755
-1.03143665675255
-0.802888953160046
-0.989276952405289
-0.97349090509036
-0.946630980822546
-0.936646407511354
-0.998949781613625
-0.956542085503907
-0.874839226825541
-0.991994837716117
-0.890689288285803
-0.946356167484109
-0.868971651562317
-1.06966067769339
-0.879617752243177
-1.00354270661033
-0.923248907328582
-0.719315496304941
-0.805103079809838
-0.886470160029961
-0.886362058999305
-0.878901617066221
-0.711626376085873
-0.878797561544657
-0.923192391679168
-0.849606008944831
-0.938905075302568
-1.00416744090251
-0.984932127092731
-0.829228597356305
-0.781759723859555
-0.891750265580166
-0.808679009781528
-0.823074646557262
-0.955166667360571
-0.845277153353026
-0.899538536636217
-0.652930107906421
-0.852255949183114
-0.738772742216333
-0.712482143366372
-0.746474736509666
-0.874540183760231
-0.899372174672181
-0.986068070997938
-0.81081345398573
-0.797483800768473
-0.898270700543648
-0.799588949476426
-0.873670947533601
-0.78100324161657
-0.854947010934776
-0.925677132128542
-0.78810597946468
-0.800190347595611
-0.722195231330829
-0.721181054341069
-0.71982854417402
-0.706122406114278
-0.734701223155963
-0.845276762979316
-0.754464778666393
-0.614173733586149
-0.880215504278964
-0.813550987872365
-0.793302967275599
-0.865571390695282
-0.820160357875862
-0.763533272774158
-0.711074038312386
-0.69154429936338
-0.811671284568053
-0.726764705736004
-0.859429729806291
-0.689242572949873
-0.906723456439449
-0.72903176242308
-0.88689831778125
-0.655931697027732
-0.870354383490968
-0.715839121078368
-0.796109291032333
-0.809736392354062
-0.980684991378025
-0.751932763209012
-0.850939029739938
-0.729015676449494
-0.624440596440262
-0.697443324480608
-0.675241984445525
-0.706311925962849
-0.793682979111705
-0.78919950229976
-0.88925150493931
-0.898719158744476
-0.810232180310435
-0.655545265309373
-0.609291802239055
-0.755634842585644
-0.707672141671978
-0.796422060156961
-0.459815372942255
-0.679181358641262
-0.742972574838465
-0.649856568188588
-0.534542696227818
-0.868709699337133
-0.547479056094803
-0.689636076962167
-0.616005441969498
-0.805863455338809
-0.704774583373193
-0.797284784509987
-0.722036309584443
-0.595069078734752
-0.644759153870333
-0.573028239687488
-0.634402011971144
-0.627812731313435
-0.679028094823618
-0.613706975416106
-0.723652379265622
-0.604875090998983
-0.551297690348712
-0.658746814643802
-0.623124174040149
-0.709430152471275
-0.604904504896687
-0.569248209181538
-0.680854309735705
-0.755139758867784
-0.590920870043891
-0.654443904129659
-0.609534527660507
-0.588815903263879
-0.522751285010581
-0.57984441824306
-0.578747623352232
-0.638459829723514
-0.659516173240621
-0.744428925993342
-0.694659961161769
-0.440580553839836
-0.587873390257544
-0.624837881103227
-0.673200398542887
-0.578970732381157
-0.578126090513861
-0.739664487623684
-0.606043166061137
-0.69021614441882
-0.621898517864401
-0.735304698358493
-0.685776945792872
-0.520360053228829
-0.649610911724108
-0.659482038904565
-0.67413838006812
-0.722201113080074
-0.509172734376318
-0.678159648550291
-0.60041190989026
-0.638398216506172
-0.61863700725558
-0.607263920771401
-0.517904218529437
-0.647830264756222
-0.580651513471135
-0.631672465573165
-0.479049185483664
-0.50419401430975
-0.486827315425607
-0.560277042468043
-0.481170451660779
-0.509983692363141
-0.550913919777425
-0.475003355707279
-0.497654255103751
-0.594821917139743
-0.593977647306902
-0.570258565147943
-0.568376016147823
-0.617254450776191
-0.535671620010811
-0.400947734286988
-0.569605740455757
-0.465490991457359
-0.602135882212747
-0.534032353528209
-0.471111444855275
-0.426221990119974
-0.580516465064968
-0.516622591629446
-0.529864397415151
-0.536514163230357
-0.480114642787299
-0.541473408807076
-0.540018131175599
-0.563720167504977
-0.521905969601238
-0.584934733918614
-0.556296388728489
-0.492256491155376
-0.636117916331247
-0.534003617185605
-0.538095405907067
-0.497499550185697
-0.548623100597692
-0.483856217973426
-0.544000878526878
-0.529415267236061
-0.59096575259878
-0.399159835739305
-0.634449601082956
-0.465526646705378
-0.56197099269923
-0.508507316724438
-0.539660815437035
-0.460783661953963
-0.484579043802746
-0.629150403203744
-0.616305904210033
-0.355136478932448
-0.570821587639995
-0.421074886549409
-0.497546370260071
-0.404082262126669
-0.549129835480321
-0.423438226537497
-0.399787012184512
-0.324127835280968
-0.453982023242713
-0.571253083727125
-0.441734260135647
-0.429138797112793
-0.337724795796078
-0.444750544307172
-0.471431117845582
-0.531935201847832
-0.423561918199681
-0.465719950591183
-0.535285622486616
-0.308013474344565
-0.438405660343239
-0.445024441193941
-0.364522387446878
-0.375012333326423
-0.321747930732404
-0.325771856420856
-0.34291583215189
-0.44841687883517
-0.255046695008838
-0.307699687718063
-0.521981899300874
-0.359273417959066
-0.399044759495754
-0.442567165045608
-0.235060545797853
-0.431405805085104
-0.415702947454364
-0.429970863047123
-0.369533152188752
-0.386099749647334
-0.478558076922292
-0.325442350012265
-0.382037230088753
-0.376457929680892
-0.450801668721949
-0.462720350218926
-0.365081890491812
-0.424576035441868
-0.31437546728225
-0.287791377520095
-0.413416557317051
-0.338598961725897
-0.317748931812756
-0.410445923365681
-0.174816735288291
-0.443738495227642
-0.253441705872923
-0.366980523426447
-0.401518550610489
-0.401243408299585
-0.404705496245925
-0.356232766641202
-0.446745166783996
-0.128730777365826
-0.328843133826338
-0.352950100302057
-0.164618830666322
-0.324667235168959
-0.256520647552932
-0.360212999734063
-0.319278828029515
-0.349504352444846
-0.428964606970573
-0.339460443416637
-0.397624896877215
-0.402526365496244
-0.214024021023745
-0.324158556068757
-0.369206589128601
-0.237550915834072
-0.42534973977905
-0.36619960873227
-0.234141532393283
-0.36339036695449
-0.485048352253063
-0.433846116932386
-0.208101576455399
-0.317076694307384
-0.293996899599018
-0.19724296864142
-0.269855417614368
-0.219091982681593
-0.236550516428385
-0.328455236421495
-0.277174075312561
-0.407644331155671
-0.22051294231452
-0.391663333444668
-0.395666919900472
-0.317057127158582
-0.266080610563157
-0.190308863556929
-0.398680671509995
-0.296113719769478
-0.324255401919125
-0.154834929224231
-0.209154868917065
-0.246413376189469
-0.299486768864135
-0.28597373186077
-0.398538418012234
-0.24406196545849
-0.217529154366937
-0.302213288859789
-0.283912826374713
-0.311120733511911
-0.391568560258895
-0.271100166260021
-0.228995072549092
-0.360228012869295
-0.212671877216016
-0.357578835420282
-0.314514102319858
-0.366420237871403
-0.196528193896927
-0.222604697275327
-0.212728923360175
-0.186491877736318
-0.155669149163279
-0.266238418017286
-0.053675483461681
-0.364079109499766
-0.236644355226897
-0.217357680866793
-0.155067620685491
-0.297798498679392
-0.320778866980467
-0.233968980940487
-0.123073634258111
-0.199544116367476
-0.291083160267142
-0.353083765991403
-0.0384626180189275
-0.0605550297739973
-0.349415936310779
-0.224738034905085
-0.225922815464737
-0.271535238263546
-0.0308829007985024
-0.190036476482088
-0.266482535850656
-0.230854037140644
-0.160935182785169
-0.22241476319163
-0.170371893620025
-0.064284092184677
-0.150889668974159
-0.0967544418407294
-0.189162396552395
-0.143355697909839
-0.205864760313453
-0.213440158817056
-0.068185165673234
-0.0782816928021281
-0.163518090994073
-0.0666656928934908
-0.0273082867196952
-0.0860475967346166
-0.07970550348295
-0.25491455688732
-0.148922482272938
-0.0677396535801669
-0.024929343307754
-0.087655529849167
-0.0677182007778904
0.0642861144470382
0.016166711289368
-0.227588602852051
-0.125142774867939
-0.0578117088070921
0.101126004713133
-0.159462595996155
-0.0491405750592154
-0.150080547331376
-0.0746019068809626
-0.0761264213655903
-0.270550821657455
-0.134116552069596
-0.120089338626758
-0.138960297725291
-0.205110836820954
-0.0270589817868748
-0.101991954198431
-0.0300950644311504
-0.0365426908243966
-0.0444657609540648
-0.123487202145579
-0.0835718016103797
-0.0248539276001223
-0.0552332920769668
-0.067903826624344
-0.174084709610227
-0.116779159202601
-0.0406100889269098
-0.118067725692083
-0.143409467672463
-0.142214858891135
-0.0932811890942402
0.179918023706285
0.117726693079733
-0.124580589087958
-0.0232657218328581
-0.0238794560682508
0.0518263688895975
0.118943317075983
-0.0222448548567973
-0.0609814971375357
0.0132949594854845
0.0918105318999553
-0.000962351931426285
-0.0100646680167628
-0.04620298279542
0.00741720590361361
0.030855133106248
-0.0876291992344178
-0.0671365998772484
-0.00997605383693246
-0.00659843113753396
0.0175608268280243
-0.125544590723433
0.111054090504879
-0.0335985234903987
0.0615878523256531
-0.0185147972031136
0.0301186437529521
-0.106206512460397
-0.0462446808110018
-0.0100104967386264
0.1091577347318
0.0641038879615403
-0.0523001924420042
-0.116289520927141
0.199899932709382
-0.00887652647931334
-0.031231253595986
0.07956375431911
0.137883685528188
-0.0190987334527836
-0.000728646569498494
-0.0535021690267624
-0.019568670922773
0.14426732599951
0.0439473726068748
0.158780283081791
0.0584247835360728
-0.0472272233634437
0.241024290820342
0.123067770944692
-0.0515583686611147
-0.087612732983123
-0.045258398254635
-0.0889933013595059
0.0517550531112794
0.0786648968074129
0.182548169514072
0.147799767383356
0.0289328551463491
0.043703371073971
0.0635106076324854
0.0377594649172507
0.111130927005474
0.353665476121822
0.122105551954514
0.0830314890195024
-0.0382296046612667
0.0590591531576236
0.0828306858193182
0.12755802071294
0.138495788180314
-0.0217096435788406
0.0774364423399923
0.202335593146782
0.0785590051009983
-0.00320634173429372
0.115533558398182
0.0323361564158926
0.0985719505183686
0.102301772947214
0.100714916403941
0.156686878392033
0.0730021000418156
0.0520724434007208
0.0952527968376293
0.0474827589961953
0.103864034755544
0.150842694164379
0.130496816836389
0.193320579014134
-0.051889325629918
0.093049062204042
0.183460102560506
0.231747021619106
0.0335853746602465
0.0221048072307976
0.181431294894675
-0.010888152077891
0.18441900532555
0.0209477160907259
0.252129270759489
0.179561354732933
0.1373482956284
0.125314704522715
0.104747842650433
0.257561079738263
0.0588346041714902
0.229609920799049
0.0400867974299819
0.229918260180763
0.207903858617986
0.125858596001481
0.0705433916228338
0.335607412872269
0.23532434433178
0.23072366645425
0.19835597445787
0.0689227576710129
0.057956093861021
0.10834213141636
0.00670761987009035
0.247523254314107
0.293459370957246
-0.0145224580273173
0.273479438596822
0.289254784987187
0.229171812069276
0.222106090960837
0.185785888468158
0.136569147049234
0.161976227308805
0.283445089788298
0.104234454059045
0.322719510937781
0.298596969075553
0.16649660130839
0.230480649851529
0.227966434361615
0.275947590437399
0.294862172807329
0.102508178544038
0.204724404741504
0.269544636845327
0.267504062631802
0.381644506202427
0.260365177909504
0.237521457081679
0.256640503658194
0.232450228877077
0.151516541256965
0.252697844094419
0.297888699858291
0.0785994230380193
0.205770614110535
0.252500230032744
0.381706959908622
0.17620609890308
0.37042746687101
0.36454447253053
0.287999507049726
0.152460108767762
0.282347155231363
0.26542020607039
0.340797193727203
0.18076127737077
0.374315608046405
0.424039249246144
0.290171258893672
0.264319974678142
0.258155392958879
0.20979527496467
0.403402468780778
0.452312365309689
0.330512519677767
0.186076073753942
0.135089763584592
0.428056203681536
0.291806299349164
0.225520100629555
0.348408681098966
0.259502990264538
0.3852312982956
0.267879089961265
0.284741183628163
0.255484974132857
0.235827064814941
0.390294539768872
0.28836271528541
0.484402058085969
0.285642920563019
0.39083727105166
0.350465113889761
0.365761323929706
0.28777100085776
0.244579501754834
0.415601920327097
0.315362763985919
0.452572440829663
0.331073033490087
0.434921243633207
0.335972454404628
0.285026048260905
0.369075116968556
0.462618938004955
0.442658525832095
0.421590250985279
0.3630364884814
0.332523549110344
0.29595679691321
0.171543516705296
0.434114896075686
0.194985056920541
0.222854485689359
0.420617483595956
0.435717526638267
0.439536617713285
0.363629217970605
0.350715347249946
0.35503492495757
0.371724660350741
0.363161545812391
0.303021104080599
0.33573356256949
0.381550421406834
0.325492512129804
0.287597829113119
0.373120413013372
0.448432728055145
0.352458833951871
0.4367023486417
0.307266604421015
0.347417336682133
0.311985429769621
0.236577830853283
0.575689794439998
0.465263946322832
0.340247895977511
0.415285279587959
0.515336946840759
0.439619880713802
0.453016045200593
0.34518700159927
0.343329392705973
0.404484556406157
0.357595580933623
0.297007170901095
0.403042908154649
0.309232678361222
0.43155038239711
0.526712267638158
0.461338115196807
0.467198461981059
0.468143028033412
0.545036396548853
0.448731186688066
0.509603049415038
0.408018464397972
0.623780592343547
0.377472921241165
0.528929843804069
0.415768994270822
0.410341471504759
0.528844835661347
0.428852794199224
0.535377064903121
0.503339838459447
0.323755185700587
0.379775558820213
0.412697303580295
0.391744468940343
0.593747752584205
0.619532040057693
0.656346977034329
0.45500627483961
0.476728978412329
0.581359920175325
0.51936381767172
0.43615351223587
0.497202583598476
0.448929754427198
0.544594678345241
0.508196889097574
0.640158804252604
0.359160357677963
0.619411332978342
0.583486849028293
0.45907716609381
0.631079067580077
0.570570413858686
0.58242665853196
0.66840604338416
0.519542511018187
0.433552330348704
0.455886093125131
0.604030343989042
0.47745208225104
0.470429308058368
0.581173079780027
0.56534882839727
0.510834243520587
0.569894176024265
0.519227418167631
0.742096645940212
0.711841153596459
0.385079052335118
0.466572868302944
0.599097830650535
0.564943773806592
0.468602880134732
0.360209700760314
0.474200592113237
0.565324293796096
0.561088486573503
0.604458886555834
0.42662883392113
0.694884909471295
0.645574213759107
0.583835331732785
0.566393422675645
0.697159806626937
0.436200980022521
0.353203213884443
0.527473172466759
0.545476369837293
0.538888616982349
0.481197358043667
0.436919537306578
0.55065006879367
0.572840151310043
0.862820117334661
0.684898527990941
0.562854292741757
0.64148311943544
0.688122465500962
0.64428292174873
0.674446363196567
0.646504223759945
0.580700920626511
0.58562088299514
0.566906562905298
0.684392418943802
0.52905287822597
0.69092103689614
0.687755580968031
0.678228290007536
0.739501615349295
0.588711344443356
0.689406871878211
0.609414919013557
0.686500377564612
0.599167349686482
0.739964950101264
0.83157534056082
0.825499381524613
0.656421291086608
0.618168759253545
0.662155624774677
0.804308933904282
0.661237715440325
0.732727218528122
0.680319772786848
0.66699007718161
0.566357644956756
0.607457623642234
0.656539962024207
0.583311451963103
0.782515533054409
0.576761531813947
0.625306793651366
0.469338244429376
0.617943133207302
0.640896513069406
0.51074564068183
0.669422107322448
0.636109014314793
0.739545190577917
0.616551161136406
0.736833741251073
0.659322417791956
0.572246956492625
0.592981726925314
0.756336865823234
0.796677181337467
0.817131275638866
0.731615302380909
0.732927215833628
0.774155125739644
0.652467921865181
0.594904650616622
0.743028947837589
0.735943015774477
0.743532535710225
0.77818931470987
0.795660611707168
0.677921431200297
0.799244985492959
0.807752769005935
0.678390049381823
0.648716721523295
0.67007544497317
0.707746939745298
0.865057546380003
0.847939090724055
0.586502358372936
0.708385423145069
0.878649823108017
0.7839529997915
0.826256186975658
0.659998571666189
0.876660111194343
0.765653141678432
0.813906435181738
0.774087633063903
0.792144365163315
0.91226751461919
0.656616496843058
0.841233877041105
0.800544396646638
0.785003881314115
0.732563052652877
0.765106587143819
0.87913427692776
0.786548404753169
0.789729290767011
0.792065881803312
0.777917326507066
0.751397903493753
0.770997801477545
0.836145327460898
0.70488980877674
0.602214798807544
0.955906354649986
0.69580218090829
0.877942003475258
0.880665834320523
0.850751616313174
0.706656324087282
0.823633162248951
0.915358264370485
0.729913379910775
0.804737284084305
0.839655474505282
0.892834562327709
1.02281979757332
0.827543160918253
0.655002501144085
0.765041038369327
0.802003267467523
0.898366565122276
0.793245674769682
0.840809414547491
0.843693737395517
0.83057342490613
0.686197700728631
0.883976801124138
0.822752879056301
0.966348670047196
0.890726258126429
0.738400546282384
0.948816672834697
0.830442806650695
0.832601789239185
0.719272695064033
0.834585078688517
0.786562314936216
0.862551831666881
0.947048191038664
0.855439636425306
1.03960304947284
0.854846308799846
0.865998582789884
0.693002675422632
0.96267886947394
0.954476570893783
0.939925785821031
0.860373582397735
0.935592609906857
0.863064090571503
0.825636713501067
0.846726143609324
1.03158131325747
0.955219157683597
0.844272187626962
0.904836535311119
0.87391142589638
0.901767320859827
0.939749479444108
0.939435884898203
1.02570180950492
1.00080385644019
0.915889269478367
0.78742884794675
0.815912553759684
0.915100479148973
1.02395913721739
0.914554729860169
1.00945547894017
1.01360557164361
1.02182987144429
0.890292593324955
0.831955408902298
0.872425228765616
1.01710347837113
0.856889741894162
0.930812610854309
0.957017075280569
0.909165202421101
0.880686557644957
1.07941669721525
0.905254668848624
0.76534340689082
0.882032811743346
0.888485711753494
1.01829744889999
1.01870695117437
1.037306996114
0.940735616319969
1.05797841817752
1.09187765550689
0.98274802707544
1.07046495381708
0.960212546663397
1.07930361328123
0.989470028700356
1.02329918432495
1.0119760544002
0.92568084185269
0.966890218602268
1.12802108555479
