"x"
-0.939060800003806
-0.829880938211779
-1.09940156976286
-0.870232373682249
-0.875981924358041
-1.04435840074407
-1.12514719717081
-0.940485782099623
-0.927012094405885
-0.914839627349842
-0.994518710113157
-0.971561942085629
-0.96520145258791
-1.18082432637398
-1.01165793593542
-1.00562916274105
-0.990331888092349
-1.01396690516427
-1.04520974330083
-1.02482684596618
-0.969949325304499
-0.833844364351899
-0.979230570309754
-0.845617463062446
-1.01284226966087
-0.932595560826253
-1.07414983626027
-1.01484749299699
-0.984759434633292
-0.881870172724958
-0.960417225318253
-0.816979797658784
-0.86500922980218
-0.885284969552548
-0.787662981343044
-0.856394517353534
-0.727132702709178
-1.00318867568936
-0.873362869267475
-0.899424066159293
-0.911669097203491
-0.862279695087724
-0.900416615968963
-0.891079460707009
-0.831227085735988
-0.824193536410195
-0.921944499254641
-0.936466798205847
-0.987850518784933
-0.791916093218249
-0.889694708010688
-0.893380702222538
-0.736131658257686
-0.877284680102151
-0.835701900761372
-0.993042864001418
-0.85006986833113
-0.998279044855329
-0.832006268210499
-0.886655369882311
-0.788997470165896
-0.91502957951361
-0.833465468544484
-0.926363152875978
-0.947821617058637
-0.912132791427663
-0.817494115221472
-0.909790534175813
-0.90318362028068
-0.891839692652457
-0.78036297154917
-0.803150935927476
-0.951317872568788
-0.825203584522361
-0.728711597374107
-0.850519807922338
-0.813291516479738
-0.764666885761166
-0.690969251061294
-0.891087290869013
-0.821439492791377
-0.698416046209112
-0.902457253035933
-0.77544744358182
-0.818321351222667
-0.875742549581582
-0.858674063225662
-0.844178750110704
-0.825443049866685
-0.855652488572953
-0.726502873431192
-0.888942960050355
-0.912473237111553
-0.740716456826651
-0.888218986238655
-0.753578637925471
-0.768388045031118
-0.655304080208692
-0.751591393753819
-0.881045472551998
-0.835327357427332
-1.06161235975941
-0.730072409349579
-0.784852467177791
-0.540659587749327
-0.750949019042344
-0.833599272971115
-0.823000552792103
-0.741564935725015
-0.794273189797324
-0.737156747311742
-0.80071541428208
-0.800336384078282
-0.697015426856326
-0.801188968999136
-0.814194866787697
-0.726410074357659
-0.779241719836857
-0.635148950525524
-0.841003917267741
-0.621553603265064
-0.875951156907211
-0.857674761795524
-0.68168596278553
-0.890941917583282
-0.758400777793168
-0.799082280995937
-0.615698440272264
-0.862128590565835
-0.649364049200496
-0.691775827914162
-0.6805057820825
-0.685604202765771
-0.673765578143253
-0.700677577489437
-0.713317394462557
-0.732431554334337
-0.784631826011236
-0.689486841787559
-0.853555043730147
-0.789380483815295
-0.760662597577011
-0.679855137245487
-0.804974014453322
-0.725865764315017
-0.429741041785675
-0.664202425770247
-0.74465681242566
-0.782002706411285
-0.695531185120165
-0.745968089433885
-0.623947532436028
-0.765732438685292
-0.684823601688334
-0.726070175015526
-0.686377099325864
-0.737365407156848
-0.697119854053503
-0.793014319971674
-0.750082857210533
-0.765339071124089
-0.726585850162865
-0.583218332064274
-0.639299062883891
-0.577330955322306
-0.771516218410492
-0.616176113191401
-0.668011406905002
-0.652667055241616
-0.626741263766841
-0.666198980019395
-0.715503123757871
-0.667784709536642
-0.742823627806793
-0.729109384484074
-0.639992005584458
-0.67811112613785
-0.582150858861342
-0.731577989395965
-0.669752813502451
-0.788636554800802
-0.658040075009032
-0.6912833967471
-0.557810317247078
-0.712787910071622
-0.656202822323461
-0.602727920224175
-0.502363476355919
-0.655011706634718
-0.562136072758352
-0.582812250354495
-0.498688922506466
-0.626660284293589
-0.45674599599354
-0.700598093032651
-0.54458903825797
-0.62967832920489
-0.689684102986617
-0.542044484995937
-0.539471538193957
-0.566161763256423
-0.526889406752798
-0.672008504064594
-0.61137625630871
-0.61753372276395
-0.663953343086392
-0.514909833504916
-0.68232529755016
-0.695670086452454
-0.583206538548603
-0.563258853384194
-0.56831126541083
-0.452355040637606
-0.523940382230476
-0.588344315701808
-0.45650938376515
-0.598128230541954
-0.532542944071798
-0.625074580358935
-0.488858793302713
-0.677777700567999
-0.573162991228618
-0.672608610224861
-0.478977319441257
-0.538498830247465
-0.597992743746141
-0.611409455655337
-0.490970363015902
-0.609627285865941
-0.569977098213138
-0.563879465223038
-0.501196001735645
-0.397306104310933
-0.517258208299202
-0.533337087240449
-0.537231754559852
-0.425919368414193
-0.518876454682591
-0.528446370791576
-0.450791535684921
-0.468751368760157
-0.555886475133589
-0.487169860930508
-0.656620765318016
-0.556532210559552
-0.469902054181459
-0.577459484378495
-0.475995128711212
-0.551173469051599
-0.43643534139338
-0.54158386838894
-0.442661880299278
-0.428282769059932
-0.340600325584865
-0.601673722896856
-0.39734219399178
-0.519888744951376
-0.565644817450098
-0.466703855854701
-0.433501070907427
-0.514470646365626
-0.489148226574974
-0.349177061521184
-0.664012808758717
-0.559353623045507
-0.48544099655122
-0.537798069186488
-0.400673635597597
-0.519300812929292
-0.3807673085866
-0.395025113634576
-0.526706575217364
-0.558168880489692
-0.372604704717947
-0.407916913016741
-0.538189807426028
-0.479804535419305
-0.40753430146835
-0.329535767160604
-0.480253283377712
-0.42078588635548
-0.291980457540962
-0.402575763298563
-0.410693849270917
-0.416146955804816
-0.427181888892002
-0.491023156519257
-0.488399950132189
-0.497603551750001
-0.39456395926496
-0.546248952433524
-0.434934305986314
-0.276997741359487
-0.507526894158695
-0.436190628802202
-0.42105052758061
-0.505974834194455
-0.275419452172093
-0.491505787882971
-0.404101902850988
-0.441651635185733
-0.490415834594024
-0.47066181295903
-0.354700773993883
-0.444802600392707
-0.404612916910034
-0.493436053034231
-0.454666697263243
-0.390019735724409
-0.523971064120739
-0.426169421198417
-0.371254767631882
-0.488378342292785
-0.393507112065236
-0.599663237644399
-0.321812494998955
-0.269003536105489
-0.293297832846336
-0.349603446939443
-0.485903299033874
-0.349686271201559
-0.330519300937847
-0.458626406003327
-0.258544545956886
-0.431794918641135
-0.348229038106806
-0.447912392630986
-0.347741915496745
-0.202932131260799
-0.280377577703813
-0.324196585407933
-0.331493644617376
-0.34507462008255
-0.426486781122711
-0.27472284875295
-0.392030274480568
-0.319822413354659
-0.292548442572687
-0.355158483744152
-0.319840355538347
-0.279825185043984
-0.365021093360436
-0.249540622981249
-0.202948427490829
-0.265428144570673
-0.391551660819262
-0.171783096652318
-0.246295833939547
-0.418800569889331
-0.332143745753555
-0.274495902698192
-0.332033099008109
-0.369734572067103
-0.334933808928046
-0.168176222553525
-0.206855581941988
-0.16233051699737
-0.150908610779187
-0.210518700521989
-0.48246738469528
-0.338906898133737
-0.187692791291891
-0.273612797581257
-0.284540719809191
-0.285772257728222
-0.283708327231815
-0.278308324150399
-0.11447485373922
-0.177288505971991
-0.212433707346067
-0.410463104957572
-0.252034963494906
-0.122490012956916
-0.237668782532434
-0.362422117460613
-0.241102413666474
-0.42006278591949
-0.184979535800016
-0.250681386624047
-0.0888435905328858
-0.125706253744885
-0.166228284987346
-0.210864506859992
-0.2106229676891
-0.230954024274218
-0.342319652522192
-0.221663587993275
-0.137182201011829
-0.0863409650552874
-0.263119707408949
-0.174424367331809
-0.209810390845482
-0.00161472217396505
-0.319625749956675
-0.134942095470469
-0.264354820337594
-0.0871536181517375
-0.113450556801585
-0.184175100416906
-0.0540922517697827
-0.227735785315578
-0.283543536419862
-0.262991789161424
-0.103183132001555
-0.147166154540309
-0.10926257847463
-0.121541763171999
-0.110226769701539
-0.345278627047885
-0.216931247430756
-0.246566848001942
-0.245347413681328
-0.0624836279663463
-0.114083460287189
-0.241312234100861
-0.0767388463614085
-0.127896963148228
-0.0995967052346034
-0.198125914370228
-0.1677218675733
-0.203639085134727
-0.323409820931656
-0.215282758129485
-0.191631905774842
-0.30532696939193
-0.122132851511514
-0.0571019209528425
-0.122090383549168
-0.0559909595482192
-0.116983414199959
-0.19437757515524
-0.0878889499203931
-0.137609460860337
-0.0531516667808273
-0.189927878421709
-0.114175808490672
-0.0334086621322569
-0.195138919896264
-0.131471043535066
-0.0660783838846444
-0.138999718405418
-0.118491140882014
-0.13093790902551
-0.0377871128964065
-0.0443104187490299
-0.085768162759664
-0.222926226546254
-0.0380390601836313
-0.0549013857425603
0.0217134094971934
-0.130849383572406
-0.0561044076806503
-0.0920429888120056
-0.0830871167895681
-0.124406096540096
-0.141031864006161
-0.200782121669449
0.116387462812682
-0.0374251093278144
-0.016618458858546
-0.118090884928779
0.0135345554508183
0.109372362535311
-0.0305562744011882
-0.067575158959987
0.0372575994319803
0.0363512338806953
-0.10567817914359
-0.162728956310432
-0.0574900496407515
-0.203914961879037
-0.0240947752061533
-0.105901481577585
-0.0256718310084995
-0.0184412452091071
-0.0595160422765538
-0.013808758491666
0.13060608523643
0.0355611129874546
-0.0904805226869516
-0.0444764561847089
-0.00589043618406088
-0.11379794355514
-0.00712404836999951
-0.10542769800643
-0.0968056622129228
-0.0225168642372911
-0.140366308783152
-0.0555957155092224
-0.190346300188546
0.0159354240434031
-0.0511028073390112
-0.0487119552271083
-0.00457014641423819
0.0776716928634327
-0.0462114021678424
-0.0129631540928589
0.0137748960547097
-0.0280186722907139
0.0413535487305426
-0.107985408492913
-0.0647405130892579
0.0358997245244003
-0.0165641851230816
0.0234409730478009
0.0351773117843067
-0.0334154755261007
0.0290097428707835
0.221478177242194
0.0264909770026535
0.00512476250131306
0.0751479007538231
0.0371859083276673
0.0485530691390324
-0.0652743039977913
0.0922687588871644
-0.0400178692702116
0.0556828874265483
-0.0515074465127556
-0.0733651510028914
-0.029839011057945
0.101602411631833
0.283517300884989
0.00487076172646132
0.12079424155926
0.0472761103527434
0.0507470850393532
0.17753396908714
0.095155882065101
0.0588512717433749
-0.00146358696577377
0.172590565872547
0.00132026537475857
0.187818659417652
0.0867104131644706
0.224971353391954
0.205047657738712
0.0538034954291998
0.0634562086350077
0.0902462012605026
0.0870675236809991
0.0156914411619635
0.128620720060427
0.184844659351469
0.188425701172624
0.062671565888093
0.0941156930278286
0.0169400602832738
-0.0671753863149108
0.0871924844501505
0.147173975115557
0.0986167059508158
0.11285987415358
0.204988872689928
0.17153923245426
0.0941200204202886
0.106192077864299
0.0968160113327282
-0.011141855546069
0.175914090649479
0.132715314008699
0.186226219169044
0.0296315657924283
0.136039083820197
0.32877440962277
0.090063997965731
0.152205569360532
-0.0105942673618826
0.0829765298090617
0.157658254046677
0.143378964413647
0.140787531264702
0.279648332551781
0.0626126459068919
0.153761994457097
0.18292159860225
0.221480577115443
0.158523744011403
0.114365439521298
0.300467686392424
0.0562088776155589
0.223189999928793
0.216330469634371
0.108394243394875
0.172396856880551
0.317470730401493
0.241166963847309
0.223235874617819
0.126083197382271
0.180103148029292
0.0710356952000754
0.143191092595159
0.116454874822614
0.21441733403271
0.221399033686799
0.206004788067551
0.144465665571019
0.255838196099738
0.256349834860509
0.224501145244391
0.272367413683583
0.195999749379644
0.170687798318338
0.142772238702689
0.217306457600446
0.211441577881827
0.248091271301445
0.286243371899156
0.200319217806592
0.116021180983048
0.210180072128585
0.164478516371485
0.215613063914283
0.203646562955321
0.26592492127577
0.164693725288774
0.224161197466231
0.142639984027449
0.168778774248974
0.259254415870189
0.183991287005509
0.233712949026934
0.286959469338077
0.377043949257381
0.484405631327209
0.25839088292759
0.196111127353036
0.188139692615516
0.251853354244441
0.224057652656285
0.219644679379726
0.175391033891261
0.298841190835154
0.107526631390927
0.349895498775277
0.413058662073111
0.197659361231851
0.241709844039835
0.172712324992024
0.397615728405309
0.242837183656026
0.180539319526932
0.325124942051518
0.291665632754113
0.164067674429585
0.279195799510558
0.333521123740703
0.389555675969985
0.15294867283999
0.328723914024124
0.426246625308968
0.294234840963919
0.236461969662014
0.354071851770457
0.170299821658599
0.395970650149191
0.371873806663765
0.340601269930027
0.481537361430494
0.407225135832497
0.278279734892009
0.306209555518819
0.34107994435694
0.187614154265031
0.381758120109214
0.219258480991126
0.257038611787642
0.362003563575754
0.317732954853696
0.253828440538628
0.424547067017403
0.552064791553089
0.462655586910935
0.272909509435451
0.222378551748644
0.450890387716353
0.379602919791567
0.370912210497018
0.327792622130184
0.387216559166181
0.40077497194108
0.394267684162054
0.344765449452876
0.2314944362968
0.366674302937175
0.379652104006013
0.340955046321089
0.335819166245894
0.421575343459805
0.380112129979505
0.405499162514662
0.332011479853378
0.47246529686612
0.272218974754943
0.363073544131838
0.254632807520022
0.213559351370633
0.4649750590702
0.413947634370343
0.404347078116903
0.330469557167778
0.40973748922567
0.468309135492476
0.493982346460592
0.402878127850666
0.370635266818974
0.430772896304122
0.430676360951094
0.473217861473391
0.437994188034469
0.335493195690359
0.605959381100185
0.418996189860642
0.560919325044489
0.534426839221763
0.496384243981061
0.514720790044621
0.449378355395706
0.476174372702571
0.543837134218208
0.499439686900127
0.431653379548558
0.511799249491213
0.472689992199878
0.495228384733047
0.433092330332503
0.413253649085818
0.305448942429159
0.31153059978088
0.414656727211152
0.411851022267504
0.447494424645707
0.406253758472557
0.500207827243426
0.454229735394677
0.468383265914953
0.475612739758783
0.48824752457887
0.522432550483719
0.534579343342658
0.357382036410563
0.571188276548349
0.519015335018955
0.381086533232348
0.404541083419175
0.379070641896322
0.513376496178433
0.356746759188002
0.61468615764805
0.563149530550531
0.43422307316299
0.491588316631908
0.594992569657265
0.529283357783568
0.549969724804982
0.588027476455424
0.421315675337847
0.401145820841235
0.539663918617906
0.56198006616353
0.433218362373808
0.374531648527213
0.635870293799846
0.537413834269804
0.540632465250482
0.57737958307881
0.560998439883799
0.5222116811217
0.49818485065601
0.585842586277898
0.47647397067004
0.583609427649885
0.525050915858514
0.423992133837633
0.653768037153325
0.573477881787128
0.637159485927907
0.469726282393032
0.489236382265037
0.475353963253253
0.659840160025692
0.509450887679215
0.586317471471206
0.604073409449965
0.520643778747442
0.631639236037375
0.647515312132872
0.617239409098009
0.692124229506051
0.587910214247279
0.712145109354101
0.531706189272273
0.571015266170448
0.367898230420339
0.527251530340652
0.52848473631454
0.527717415550816
0.66349246235942
0.57911931906748
0.69722777175245
0.521964592549711
0.468358701945792
0.623996662474079
0.761656641604248
0.671619296233869
0.655587132549255
0.473685988337609
0.601289779774533
0.606695846567939
0.580564715049516
0.68928450191931
0.642573475848488
0.467874218582456
0.610700791357525
0.697991970780643
0.567444242575016
0.70776120477227
0.758571467334231
0.436517089692521
0.769166886200042
0.567204850100953
0.754549890581152
0.457556126335579
0.582535603232073
0.688644232382713
0.632190547302234
0.504596706733107
0.666227763131221
0.567861689545595
0.714299074113555
0.712798017894244
0.681276756618954
0.581196303748743
0.815671602697001
0.760218395103855
0.502630916916021
0.638337589237503
0.813377661024861
0.77973929230824
0.63605201939815
0.815511844634059
0.557324982809034
0.64115159024238
0.750900277815999
0.608180156000247
0.67344324177454
0.760126553652033
0.695365055868969
0.761351074765989
0.646560472515749
0.660863470844473
0.763143343939032
0.624074472446775
0.758026179522198
0.646848423009332
0.785019275708735
0.691439026479494
0.769817813638709
0.516835011385822
0.839788307548571
0.739427536713481
0.760561364589199
0.702770594792779
0.742967023400472
0.635073442400465
0.681039995834337
0.815620152936631
0.786685777642649
0.739663794516057
0.682853707178421
0.56600402941137
0.597309634580756
0.804338973367772
0.780701153236068
0.69559153904964
0.784846733133123
0.71596717467171
0.677229409392084
0.848464353193058
0.882363792291525
0.707666641060777
0.765897354247152
0.778408890167067
0.673055377390797
0.781122097353278
0.815540091860035
0.841277316041724
0.862347791573379
0.801292390304481
0.774213536766681
0.61810251288137
0.823223148652775
0.533128895894244
0.879325910023083
0.839608066751409
0.866478273301065
0.796689404915805
0.699961406168914
0.774811602967043
0.7773058400548
0.72999983512681
0.752864045089308
0.847685353257852
0.815380971476164
0.756022529577307
0.645575395613921
0.982862675755053
0.725076631392924
0.843493518986336
0.724405302107003
0.807787087105357
0.831790320258486
0.963087189261667
0.850332439765213
0.747670671145712
0.896422984681903
0.745280005371327
0.740963008150661
0.815201766049833
0.817973587446458
0.755789522014932
0.876653021285164
0.820215813988518
0.926322553566717
0.770347607890333
0.946808554759931
0.902926832650733
0.712454524352872
1.01417503245654
0.810778531002057
0.884466909819088
0.750584027575845
0.830502991380771
0.932981014210388
0.826215985459433
0.827957770745978
0.906281666104374
0.853507946508959
0.902294116011579
0.916714649561296
0.899553408953914
0.920414741705113
0.861406487721095
0.880405192426282
0.838345465474729
0.897223265343128
0.849572959202708
0.739187343715433
0.899073419189575
0.903578720607027
0.982121692946043
0.721155851595818
0.863136336433191
0.897725433372889
0.826280920677017
0.731463350185573
0.780867021324088
0.798354603225209
0.85556874675769
0.816379620472197
0.886770952667094
0.899822345774152
0.986322239030185
0.995332731530466
1.00205510402142
0.772175463053017
1.0183892982697
1.01597182615986
0.97823410846976
0.920779659741257
1.05463609019887
0.944707406054788
0.888984032065451
0.983372685204657
0.910753328578217
1.13351103990182
1.01363334530558
0.991242337691287
0.818684297358917
0.922336362740246
0.988511359791288
1.05975249343479
0.968490013549608
0.993047887815262
0.905879910642561
0.934295858765873
1.06763355346966
1.05168946533677
0.989554681801142
1.00294823230086
1.03157417242819
1.12122405315053
1.05297084711096
1.05149669950841
0.947808677847586
1.0173266227618
1.03955772744835
0.986608752590585
0.896611106313537
1.01319939995018
