"x"
-0.930706450363628
-0.845314060905154
-1.07562711330107
-0.845168725224261
-0.880068653414947
-1.04085225654049
-1.12064655391258
-0.926827812383369
-0.95020840873273
-0.917208385160641
-0.988082666462575
-0.96918389275311
-0.955291743389862
-1.20330304720222
-1.0193261079488
-1.01459975369173
-0.998853730546734
-1.04165940277596
-1.03948333650954
-1.02473846767421
-0.971914551589723
-0.851770330551542
-0.965510124702002
-0.85786625028999
-1.01899947875262
-0.939383855328224
-1.06048639510997
-1.02791984350736
-0.962218361525885
-0.901468138962246
-0.957595898738109
-0.800512066639728
-0.854522817183054
-0.881868872183692
-0.796967495617503
-0.876819202410358
-0.722236251966551
-0.990730836688783
-0.870453686251897
-0.880626639009467
-0.907757542887133
-0.853686875553697
-0.882195827997918
-0.894245527321213
-0.83691452373168
-0.822821254990083
-0.910598006840155
-0.950357824810912
-1.00422290710926
-0.805440932042397
-0.869386313239352
-0.886471495794588
-0.74027360920865
-0.86692481850936
-0.827556219637401
-1.00056536479811
-0.87490609289271
-0.998959315766327
-0.832699802065808
-0.896431212889453
-0.772888734443739
-0.927657124510885
-0.81687316561922
-0.919995638684409
-0.954254209275218
-0.923552722577262
-0.836320920890181
-0.930091970758018
-0.902048071793416
-0.879814815849165
-0.785851203817004
-0.815825125608805
-0.944242439171803
-0.819949563958733
-0.73279904592422
-0.850253856895651
-0.809765689225867
-0.76553494927379
-0.701635281384007
-0.863623722254259
-0.8249348044364
-0.717069670007422
-0.911928149166363
-0.771187723992523
-0.822869158131214
-0.841881780958246
-0.854993361512573
-0.855532182532486
-0.818069940132957
-0.857650249758637
-0.715177164751437
-0.890564827888125
-0.911221482332914
-0.724186276624312
-0.878893926050012
-0.757599813467247
-0.742539648804247
-0.650062954820444
-0.749995799755888
-0.882645857467297
-0.821777141386779
-1.06884440264068
-0.750506849813411
-0.786615544230148
-0.570684293552419
-0.749466331637053
-0.845052902190395
-0.817899561989248
-0.744979638318761
-0.804407645799475
-0.733282274791706
-0.777443552196821
-0.798925361668803
-0.692820920423697
-0.817752898666144
-0.808859478585366
-0.734677968521216
-0.773604009604985
-0.638142289649487
-0.858980952162218
-0.610663031977691
-0.857618319736942
-0.872108235456499
-0.684298916525615
-0.881328567919134
-0.753858016100855
-0.792068678845847
-0.607195692600868
-0.868298479182101
-0.649848427714616
-0.716689504653796
-0.692440186408865
-0.682190416726302
-0.67464774590242
-0.71602810295117
-0.679123374497041
-0.730274203304649
-0.77698578474648
-0.672577904463268
-0.841414001675958
-0.779075557954584
-0.76051349765575
-0.687628470480325
-0.791585415184743
-0.718090709425069
-0.433816289286502
-0.675449080290515
-0.753344701724051
-0.792193169755514
-0.668185898186927
-0.751058277993132
-0.627864590131897
-0.76765045778468
-0.680969238938876
-0.738926579106802
-0.669448788142458
-0.731313350673735
-0.682848300626471
-0.784779968286089
-0.758230273683977
-0.751119916792095
-0.740623867249707
-0.608252071569848
-0.642830829403331
-0.564301052412867
-0.75268963952436
-0.603937599181757
-0.692232190239252
-0.657864856547398
-0.63869160305312
-0.642441450048075
-0.688835405680172
-0.650290476648207
-0.725001356643838
-0.751474880047301
-0.642534524468223
-0.664232498878958
-0.614579731970568
-0.726939951401323
-0.683914317151733
-0.797401597744254
-0.637219074314446
-0.692427706518442
-0.573605730635547
-0.682760543864307
-0.653361587741401
-0.610662043125906
-0.506988136990048
-0.654553967175842
-0.566921212684333
-0.576657809360916
-0.504622398099622
-0.619479254802762
-0.456813273378266
-0.701320948554174
-0.560802420172457
-0.621492864534498
-0.711532655686784
-0.528547524437749
-0.545715476050895
-0.565107790807815
-0.539083849837939
-0.672347854616512
-0.608998857016598
-0.630129374585243
-0.663849125950902
-0.521458041006591
-0.672399480642995
-0.685058984885138
-0.562303580523406
-0.552618365382087
-0.560099301865014
-0.444993979133203
-0.507182655645343
-0.571800771123384
-0.455968799298957
-0.622811981119455
-0.506028818320102
-0.597410059002117
-0.492486065587632
-0.677675459954535
-0.578123573142222
-0.659034737056577
-0.457329398185749
-0.520265393727368
-0.574905278071224
-0.582099259402515
-0.494652595465514
-0.62170751148366
-0.565361548856381
-0.555566442783206
-0.49093805697867
-0.40097006695897
-0.524238536170003
-0.519194329267515
-0.509120658144035
-0.429418781381911
-0.514959469507506
-0.481388835940985
-0.464697820964782
-0.497456564173445
-0.540976014331714
-0.479370007195727
-0.627091484407091
-0.542701146874863
-0.474210405571453
-0.586143918562645
-0.465612865884833
-0.556316981567917
-0.434864177538976
-0.54926363727131
-0.469643918442475
-0.415911212010604
-0.327315716151572
-0.598985755706216
-0.394203074999445
-0.511770347163683
-0.561353819732757
-0.441465084538109
-0.447817431495573
-0.505409691064106
-0.483311359391639
-0.341658038492423
-0.65814776116381
-0.549440373768043
-0.476861719781485
-0.54599447009107
-0.383859041703282
-0.510947606578974
-0.38451872676886
-0.389287623553084
-0.541135762506225
-0.542384862462123
-0.333646505150631
-0.403150144203074
-0.492817211474847
-0.464916676645564
-0.411462355127973
-0.331408366701347
-0.49363597283896
-0.39294171575546
-0.2907528123209
-0.411327129937161
-0.382564561014601
-0.454662890894054
-0.416028870352601
-0.471894488219063
-0.496623524669469
-0.534530744090355
-0.396197043914015
-0.536689442289627
-0.413978375906341
-0.305959994561689
-0.52296839073092
-0.45256540274106
-0.421460526002187
-0.515823836047718
-0.282820430519031
-0.481578665893888
-0.392693331118991
-0.424651620466482
-0.470523437294318
-0.473016813124353
-0.344694604127152
-0.4324825381603
-0.417736613891325
-0.492177136154451
-0.435395907719044
-0.386540135262305
-0.515245362058447
-0.430676307824965
-0.373295981797988
-0.494147597749852
-0.393473775490949
-0.587223313651398
-0.314904712712143
-0.262688518339943
-0.321290146470172
-0.371999400787489
-0.481346901829204
-0.328806362082808
-0.307920527867251
-0.448442028505476
-0.24655032972748
-0.432067964998029
-0.366280322333001
-0.452993926750248
-0.364661086787289
-0.214361581439085
-0.293681544879123
-0.336396971087173
-0.372673714596687
-0.344612071775401
-0.413183536519528
-0.255455928853756
-0.392415862366513
-0.312593021309091
-0.277578761942286
-0.375859391250478
-0.316998778817265
-0.284577932098978
-0.374133407312742
-0.262684191287456
-0.17789461738943
-0.284495335928211
-0.377619703063458
-0.173466640892292
-0.26451619148099
-0.425700629385002
-0.3347149845188
-0.273635612073593
-0.342351490576998
-0.377750368694665
-0.346217382028427
-0.15421802754529
-0.197741177013721
-0.172865671251393
-0.144434241271229
-0.227690906971576
-0.476340806655318
-0.333077935781862
-0.199181500094884
-0.277438696469869
-0.262006570667896
-0.307736600092767
-0.279060975042238
-0.279413017300763
-0.102756540010879
-0.171112757482217
-0.226030126314899
-0.413169408378247
-0.261794180275232
-0.136540278739646
-0.225914945055651
-0.35974281171718
-0.248197217014983
-0.431024024487595
-0.177688965096295
-0.273468404976753
-0.0767333858028271
-0.114136139609178
-0.170760936903701
-0.224433886392726
-0.221061995460629
-0.256268923980917
-0.340854027211827
-0.207453690599031
-0.142279254625868
-0.104655723490157
-0.29024604047335
-0.157986086372766
-0.216062741831353
0.00659814305311554
-0.316935267495689
-0.134380228555632
-0.25581281854051
-0.0919641622360003
-0.103015749617488
-0.199839684263813
-0.0580008721629725
-0.232460611909004
-0.306390597827494
-0.268336275903575
-0.107282046979127
-0.153016526743131
-0.111696187900343
-0.116203025360386
-0.122934058405066
-0.337387365200119
-0.204122485672788
-0.241731775126684
-0.252347714970827
-0.0679886029443922
-0.12517162439427
-0.226871939264962
-0.0672763847364409
-0.118433739715075
-0.0919270660020843
-0.214185147995644
-0.174936148018901
-0.200108053834657
-0.304383602290226
-0.24033880203627
-0.187417913330177
-0.306540493393929
-0.110711276401254
-0.0811003233566069
-0.118865857497792
-0.0482216151076986
-0.140463827664833
-0.18566285018878
-0.0995977498795915
-0.167439222688175
-0.0416436463033003
-0.189920384427285
-0.11872811422894
-0.0419898472728006
-0.193881324725001
-0.149864478920841
-0.0544158886950274
-0.147302445100935
-0.115700819776483
-0.136491173953004
-0.0325421320265308
-0.0481326927760645
-0.100169095173064
-0.207356468235116
-0.0353304611159068
-0.053707124101479
0.0195104777513057
-0.126205764923639
-0.053681073644353
-0.0881057852985716
-0.0811372566305387
-0.146392245610953
-0.122344663009828
-0.19151011002428
0.0721066762218978
-0.0563204801365492
-0.0351226169599565
-0.126671039043157
-0.0013579569665181
0.0789693508019598
-0.0226337284986215
-0.0553174314518781
-0.00182192584619326
0.0616220145628303
-0.106942696771721
-0.150841864026571
-0.0407342702983041
-0.181442420738278
-0.0313275377506863
-0.113851598353706
-0.0155923543164217
-0.00206130919431734
-0.0543611395044277
-0.0169604293592615
0.129940003963202
0.050280395243324
-0.0803220512481901
-0.0485795879645345
-0.0231340525891963
-0.119526218119542
0.00449669301156917
-0.0896968934089564
-0.0996176229581465
-0.00954972921400235
-0.131906787583586
-0.0475275402562654
-0.179114460133236
0.0337630337316529
-0.0809601899022095
-0.0362420273112283
-0.00378714723578273
0.110520835128145
-0.0521332490275398
0.00722716739782042
-0.0122779270864708
-0.0595087282258187
0.0567323806440753
-0.10292236643728
-0.0628819720040058
0.0290300846467286
-0.0100038632285565
0.0144888423046479
0.00623192960137057
-0.046568473837321
0.0178858570156617
0.250373018140822
0.0456788523341547
0.000963553891189
0.0497566277415947
0.0406435367751238
0.0463353973566018
-0.0800397691155135
0.0958691564010192
-0.032992428991256
0.0475162379277264
-0.0484079186107532
-0.0759446591638843
-0.0368624754292309
0.107648728948362
0.283512412102873
0.0364743388284543
0.10765833990921
0.0218699146662759
0.0576239964257629
0.171182082192806
0.102154099694185
0.0211663161733478
-0.011887005065897
0.181694665169211
-0.000593377449577038
0.197182157887936
0.0777747860278462
0.213334887562555
0.201780283703747
0.0600966074423248
0.0526889717414789
0.0971977564873595
0.0915288484192045
0.0155470611620785
0.144102274436548
0.156106065106198
0.163863231284356
0.0563276114139932
0.103877343530477
0.0205932633570375
-0.0684302765527544
0.106243649731125
0.155964228726652
0.0916895473806369
0.102884539943895
0.230172963400966
0.166385753427571
0.0844120499015731
0.103097335917206
0.103573187093217
-0.031710321884095
0.147887805047262
0.113164988766456
0.188378428727271
0.0388109585658395
0.162852734199681
0.317177625831005
0.069661175225947
0.134440676528415
-0.000925911767224863
0.0885217841140123
0.159141778582735
0.14586290448545
0.138431552189098
0.260474168062348
0.0643974103112901
0.149560034447295
0.214980751819692
0.218486177282553
0.151537443459425
0.109343244572065
0.287844412244198
0.0503595167868153
0.228244642487104
0.196240075574967
0.111325496176596
0.185357517136246
0.303003723669567
0.235146516607882
0.217275237758629
0.114900697582194
0.156448079739332
0.0651136833631123
0.143947521131443
0.108486568707026
0.207237514068079
0.230135688934277
0.203286265851146
0.142322594765202
0.250969099816626
0.242504641280992
0.229328939297001
0.255572607030785
0.213302879993238
0.197449094883195
0.157622557312599
0.239118929307555
0.202690981426799
0.239254473214165
0.289878872324094
0.184268169855036
0.127826878997012
0.216879734385382
0.159698913416039
0.213910927087476
0.218009433866754
0.26186306649365
0.174826105375725
0.190738123056348
0.144979574389461
0.16673004839236
0.24862608544393
0.178387644538181
0.230597450572668
0.280473138627432
0.381881738830864
0.464210187913383
0.261473402708274
0.204937965908313
0.223339246147134
0.226116968050794
0.218540889451513
0.208996095321434
0.178540251288279
0.319410691314837
0.131249780186739
0.3599454173546
0.424131298837223
0.185954056508021
0.254157561548461
0.172089716435695
0.375943796116409
0.257061452534987
0.207101045127378
0.306004139088346
0.324823454095873
0.132251550409078
0.291770504058975
0.338450073441155
0.397681861650164
0.154078867786966
0.337428176684147
0.420816881768304
0.284961870295298
0.24073122395373
0.350763119336855
0.163707724707484
0.426306785032533
0.361697996600043
0.358707911795274
0.45675849440877
0.421227502752241
0.283629135212983
0.310588670596448
0.346663970232607
0.202486482499947
0.383553199793748
0.226723144734428
0.249478666898727
0.360607644425057
0.308048712511567
0.255133576176646
0.428988739008204
0.566636815896891
0.48224102516725
0.291087939061976
0.238556249021021
0.446463613824798
0.376706170712242
0.352260934514371
0.306104840310605
0.390858023354049
0.386089552706299
0.409259452310278
0.334526464429894
0.242089538887848
0.37832848887903
0.399286804025281
0.353144326460799
0.322955666074879
0.405573933620935
0.359014705362828
0.411332371499989
0.331557332925184
0.460155686568117
0.298750883435822
0.349770430876596
0.254326118262158
0.193270714382924
0.443850553845159
0.425143173961742
0.407446087691173
0.336794635764702
0.436615943024857
0.453068328875913
0.492120063184831
0.421240513193797
0.362064485013399
0.441754788338685
0.426458626922054
0.474959529840816
0.448158754924707
0.333396266277628
0.597994063460235
0.434522109957513
0.579233521181945
0.500740058424254
0.498813502579905
0.524300126754373
0.436181950863882
0.459913394676316
0.553076268456236
0.513028422571428
0.418976194641603
0.513963596413909
0.466529822710286
0.486320282074037
0.448719585762159
0.392784893666995
0.323345589330776
0.310393517199841
0.417121745425775
0.408078028886223
0.423523535577848
0.417905737309247
0.504546668815366
0.441008387816013
0.47875718263935
0.434590144172902
0.481137224005929
0.518605325156893
0.5294333540411
0.372580393699299
0.575620031843649
0.507075237557403
0.370658024711818
0.41188073938661
0.402399963201428
0.509517739200589
0.355092017498532
0.58166397659335
0.557762686245239
0.426411679639443
0.507798669011104
0.594871934069774
0.5411254415452
0.555965845781527
0.589961630605955
0.409274531205266
0.42039934476376
0.549738484599231
0.563002559479914
0.406662660846259
0.367110470572234
0.642229338160202
0.564727312191593
0.563666686036594
0.592692861937694
0.562401757063252
0.521293676511651
0.508143058091289
0.598324476277058
0.474549483558425
0.592495425623934
0.545901071389156
0.445144179391234
0.638867158725715
0.572449495331717
0.656672037432684
0.467025665132629
0.499665888997304
0.471170941086842
0.680492221885118
0.506650792351399
0.601640741423279
0.609821407596358
0.523429594490045
0.629756220255596
0.625643188841691
0.598356861416028
0.687242895929181
0.623601923356138
0.720484478987805
0.52915752318491
0.577311928441083
0.354524211309619
0.54085779354947
0.525747064726426
0.542462777584241
0.667365050772793
0.590292626575616
0.691992530848603
0.504810513201935
0.46968441280586
0.59970081931902
0.756435906891794
0.676922587210698
0.653843145324294
0.47670973000075
0.607451825134404
0.637953587548304
0.604407015197471
0.710416463099968
0.636084438593799
0.48005164299977
0.626088627607491
0.657795528820906
0.570997084279476
0.694387249303506
0.761981847309525
0.456748386450736
0.76680515611224
0.562624968615737
0.763679891252371
0.453224630910707
0.58855754933651
0.714105368032979
0.629520066411834
0.511861791363397
0.644837365639041
0.565271269195608
0.713872655976727
0.717821086584401
0.697281658496366
0.584107927009726
0.787728693926915
0.743471095273741
0.509069591485849
0.668243058631289
0.808731435477759
0.780139845496639
0.638982636373325
0.787509295768182
0.545607400310274
0.658524467165307
0.739349265516343
0.604520997131267
0.649758108322485
0.763383869936656
0.703487394836415
0.764892016510103
0.673197719475003
0.657804246083366
0.75685591451544
0.597154267234775
0.740562169714453
0.627206783051715
0.791895229203153
0.690494346261131
0.776704675043965
0.524900368648518
0.851662137130013
0.749407207047801
0.729106814840127
0.707540601931243
0.742938837623503
0.639740224412089
0.699635866768326
0.811701486227297
0.772473550845104
0.729921458812803
0.675657630015472
0.568562304564479
0.580131453348779
0.807649306881758
0.768531144711235
0.677057854828148
0.773113626764953
0.712370177022391
0.658589786088178
0.851191608931546
0.89364438736916
0.717014706932564
0.75338673994936
0.782767055885165
0.701394107467066
0.79811348250817
0.810358085756693
0.832137002258789
0.855491651581363
0.815507880881349
0.736486706659254
0.612703497339448
0.819337553449757
0.554957358562854
0.873952609896658
0.820238474874644
0.871998774739563
0.795027783685768
0.693708165306515
0.792158097501171
0.785109783769485
0.746119680257215
0.787226040549536
0.854651045975606
0.798002513511048
0.758322103146012
0.636021915185939
0.985441263114918
0.738667798313536
0.810922519776934
0.720426798460416
0.813864773835671
0.852065425206441
0.987848512967178
0.882311548632813
0.75974136168982
0.870805651555687
0.723029563570675
0.749722870279756
0.837116971970797
0.814094028891374
0.783514299330778
0.872436206829768
0.808638855575991
0.933168160373744
0.774200796536065
0.94146812520543
0.893723738070225
0.713773406188167
1.01880203744979
0.808829197405291
0.894792466361598
0.783372634129971
0.844812367878392
0.950068208645986
0.808813685837323
0.842045014238307
0.89983525519784
0.852236844600752
0.898082727982751
0.920963651869244
0.916327257076608
0.927092796128322
0.838099266604049
0.862814159276224
0.854381169775571
0.892213200991169
0.825248879984167
0.745361097888688
0.885282676671573
0.901693198679735
0.966043187897611
0.709727980129403
0.881949714329096
0.943216158798884
0.829999167838496
0.744677681204266
0.769374516912461
0.795828882412021
0.870005002823246
0.810620783550918
0.871957694268335
0.905419245344366
0.990648597328283
1.00314307442659
0.995709170859515
0.778960333459383
1.01810637606274
1.01089325946782
0.983394897248122
0.927597789434851
1.04889166984411
0.952458039505455
0.885369312813403
0.999111505659154
0.908335587434212
1.10614577639313
1.00826157045026
1.00931716628885
0.824251226963622
0.924341403236924
1.00956892327289
1.07083770274957
0.958921611814389
0.982894285388947
0.910829126690409
0.940435626707604
1.04922124655022
1.05690405739932
0.998682053823187
1.00794055865648
1.04068890795652
1.10482765527555
1.06265219930681
1.05533971644999
0.953317538805441
1.02105176312137
1.04729642642756
0.999330407685149
0.886431752894751
1.0183431174737
