"x"
-0.96280582174016
-1.01918217979486
-1.13399538089416
-1.08414261106135
-1.05181973592662
-1.01441633000537
-0.932991445916465
-0.899224807149849
-1.04893303040293
-0.956103885759569
-0.942493145710131
-1.11401572156346
-0.924947483333939
-0.854852530391091
-0.799457453321505
-1.04981077822945
-1.08796566031289
-0.91594105110203
-1.01009839033928
-0.797589382133093
-0.814029187433399
-0.893134465887423
-0.969388631598755
-0.967554465629503
-0.848303989612521
-1.09569115317164
-0.987613869040045
-1.12384105343495
-0.940980996600051
-1.05307008073363
-0.907696026522225
-0.88828419869605
-0.950649853580689
-1.00328253483368
-0.872786970821583
-1.00973962031353
-0.891782772813441
-1.06921387309212
-0.858180468228991
-0.907263999766931
-0.950721527164831
-1.06879648654283
-0.970554414552817
-0.969031003630908
-0.891540704438318
-0.938239150159288
-0.886199082123359
-0.694283487970526
-0.889192022905171
-0.924629185026296
-1.00933334201527
-0.908168426446649
-0.811557612178403
-0.816894488938795
-0.891814205542743
-0.923644838922312
-0.856164285834786
-0.882437993334068
-0.88165009568403
-0.780160359870934
-0.875451440263643
-1.02709841797519
-0.896435080064892
-0.835325013243987
-0.90709779859157
-0.868431584200077
-0.80780558798017
-0.867142076448256
-0.838495480216298
-0.976031786615798
-0.718001775177308
-0.746414205073876
-1.00825508310483
-0.908141880928696
-0.786524126500716
-0.852226511378097
-0.980689555837101
-0.726539409419786
-0.890346157728184
-0.792877323094622
-0.846779487647567
-0.777348029491723
-0.986914192177267
-0.764657146174509
-1.02951131291353
-0.818989484814964
-1.00138444071492
-0.832681700854443
-0.755929693157907
-0.731609387247305
-0.813442015763704
-0.825691015321519
-0.830073731902898
-0.824885460795587
-0.785468636316314
-0.807958315833456
-0.764322514390689
-0.675820885154652
-0.903771784183081
-0.723939968648381
-0.744809757377631
-0.822520982285889
-0.592209631898112
-0.675602718101708
-0.75998437073439
-0.79359980108685
-0.723383580353877
-0.685586615422571
-0.833901868220389
-0.752389655317825
-0.5806725743594
-0.836051630911502
-0.843237422425952
-0.775295266330542
-0.844210942657581
-0.844782476380238
-0.762611975276505
-0.766383489996287
-0.597412305625815
-0.78303787681054
-0.642865498185422
-0.892424418090126
-0.821598864015031
-0.843440703558258
-0.8490096482989
-0.689656123329607
-0.858778238342538
-0.75900069446453
-0.810109124668128
-0.684218099598172
-0.688896936968475
-0.731295701673025
-0.66031491348558
-0.841919340561151
-0.753805152487282
-0.780540192213425
-0.660522946255459
-0.799289571794842
-0.65202646926192
-0.656907441365059
-0.631311085002951
-0.559383813627052
-0.897142105836525
-0.561145742509966
-0.653807912106991
-0.788001900257212
-0.760131846414649
-0.696223394409948
-0.661460846098285
-0.630711293187186
-0.5740894396597
-0.571216118606657
-0.650313838747026
-0.78116265610827
-0.742848417799856
-0.636783339293452
-0.693454183496896
-0.598062851655122
-0.693683850426552
-0.659416641551706
-0.788872034071821
-0.645149419423778
-0.66488769971467
-0.56853399809005
-0.587685491957816
-0.739726384228799
-0.739821593668062
-0.624053326204975
-0.751122561342258
-0.719808623597253
-0.601088101139284
-0.62671018381405
-0.537931591631566
-0.685999161774067
-0.713412946153577
-0.627530452435022
-0.735920913450272
-0.623364937981704
-0.815832039834742
-0.653915529965422
-0.727840617639475
-0.626979101029196
-0.628702953744323
-0.688357460120134
-0.675943477422653
-0.612784032782706
-0.629639059247053
-0.585805959408562
-0.638992563937842
-0.739500429752477
-0.640849955488928
-0.753470508242079
-0.51094761791778
-0.61873256834294
-0.665100236069951
-0.616462717496848
-0.657131822434069
-0.567922962022621
-0.617372825795713
-0.700177923441812
-0.711665005847422
-0.50725554307743
-0.565984395313985
-0.549386172421436
-0.656170182205024
-0.63918710210049
-0.377066396479372
-0.601143995412541
-0.460628507156381
-0.323112813591977
-0.515682392305683
-0.529651250131892
-0.643947271225938
-0.523295708297302
-0.630782271175342
-0.539703868266246
-0.359902151636141
-0.523426222733703
-0.715787174013052
-0.712655441784736
-0.609344274138944
-0.610141491777776
-0.403671191441243
-0.787805382844561
-0.696269001522336
-0.621427752390028
-0.441142537612857
-0.521784569688528
-0.41239400072449
-0.565509286194389
-0.657809326202963
-0.662164813240476
-0.599382719279968
-0.589995342202842
-0.535874592826007
-0.434126525566601
-0.720557141287763
-0.477368044160394
-0.54149077508883
-0.470288966103104
-0.528514842483136
-0.58097066309986
-0.485768339509737
-0.592459504930419
-0.582875037453719
-0.355041820050646
-0.549398592934614
-0.422822135729561
-0.424828263566441
-0.639307949692505
-0.395856639188559
-0.461900369766826
-0.416757624207681
-0.393691550828507
-0.626994218319645
-0.481977893100957
-0.511029886807965
-0.494867539913712
-0.461967745705819
-0.375205701430176
-0.583520641175315
-0.547445059027689
-0.268453163509256
-0.531959845858429
-0.631750380929403
-0.554965164673933
-0.420553351213222
-0.533705435824513
-0.556955738678
-0.473870791590486
-0.45736966729831
-0.341786370432044
-0.396444127165361
-0.413151557154219
-0.427567660900626
-0.647781154403636
-0.445769431598941
-0.473648797161542
-0.456438416138473
-0.441113286093116
-0.413591075388106
-0.444343541431397
-0.494288712265266
-0.426915815294992
-0.447299449002673
-0.492013689822859
-0.384901316380072
-0.419966892431531
-0.365406703820889
-0.62503686906705
-0.485101447055658
-0.392813631954404
-0.594009050412307
-0.442812044202067
-0.366064880452656
-0.43921905916191
-0.443842715185496
-0.462809311801512
-0.324417516884005
-0.554111847160529
-0.457852755564833
-0.438498077390259
-0.326357438975966
-0.402652742859643
-0.234060704376468
-0.381967706193825
-0.565562845386156
-0.196131043670691
-0.342469593071869
-0.323280537529389
-0.349701379191742
-0.32678814074312
-0.380235026583836
-0.222505767686039
-0.41093842145958
-0.36227596482464
-0.338965569760506
-0.151633853810286
-0.466189167991279
-0.393970526439088
-0.285520178922067
-0.361046662797431
-0.325563899258168
-0.451859295595311
-0.415867630686845
-0.433598211818342
-0.191069320400061
-0.302021886347289
-0.391191749232012
-0.460298373198427
-0.186454577653865
-0.208728829262088
-0.280910771527198
-0.28194981964011
-0.28851874529558
-0.352052557040941
-0.292713785289927
-0.251591953120232
-0.336985756182871
-0.234410166758163
-0.301910470256913
-0.249843523483591
-0.348374031251324
-0.226687445049814
-0.355630497120151
-0.362816923671887
-0.29741663115276
-0.36602236473724
-0.282968168719304
-0.417706513790927
-0.207496263334961
-0.290436089835828
-0.306205608534719
-0.173796329057134
-0.4107648141231
-0.29212958280042
-0.256810498322406
-0.340799562840178
-0.243035624288543
-0.251779892815356
-0.280353992478518
-0.368609734037496
-0.310441547506105
-0.126623951943717
-0.188978541046427
-0.274303505739422
-0.298619871926518
-0.234046075640481
-0.192019936602911
-0.272668085943456
-0.227501119449788
-0.266539662636563
-0.150502246303949
-0.145047027028779
-0.27024791422826
-0.284516683237766
-0.192720752602472
-0.328696526225404
-0.18173963371357
-0.228128868797611
-0.234867934374854
-0.327136735738824
-0.166972761390848
-0.190585402074361
-0.184868143773805
-0.269438361013427
-0.272742196841653
-0.267813323172189
-0.270033559598846
-0.164182849814714
-0.31061163945792
-0.141494517603986
-0.209255744406992
-0.27120609186972
-0.263954606545779
-0.229001299183336
-0.0202596500014709
-0.304060168551938
-0.232655112668171
-0.0277020476511367
-0.136929706122694
-0.328645646900313
-0.0670117953629577
-0.156962546573778
-0.27829976036544
-0.26052669338416
0.027172736894271
-0.323932789615465
-0.245782267340329
-0.0908821252559913
-0.203035701804532
-0.0898574952087286
-0.187724759315962
-0.191154464945544
-0.137029977200535
-0.120013670320222
0.127675393622418
-0.0483750811082102
-0.0824426555830963
-0.177994046440437
-0.148448160570285
-0.140542415254748
-0.179515150365562
-0.12120198120722
-0.12684233037908
-0.194917499578736
-0.0141243215115637
-0.0376237039870648
-0.0615664197245407
-0.197558107653749
-0.247411881440418
-0.18298910140959
-0.0873371240649015
-0.0914652584897021
-0.123697033690822
-0.115926712460952
0.0238278089197752
-0.0732931722802115
-0.114536790983355
-0.117054195836107
-0.0981706986259634
-0.207378134158823
-0.241310673207016
-0.210630818346239
-0.177476243733911
-0.220560647272405
-0.167118320822728
-0.288378917397875
-0.211053701727728
-0.117139921118743
0.0613785005884174
-0.0657434501222996
-0.0224680766764091
-0.124011412427016
-0.0608751215588797
-0.128507088038927
0.0129477794668096
-0.105487381132177
-0.149051318584858
-0.16686780475028
-0.074457644983501
-0.030077661518666
-0.0899497745001315
-0.0691322545327662
-0.137921239668496
-0.175232199299482
-0.119474385819633
0.00544845290267399
-0.0329893219499255
0.0150170040926973
-0.0856103482629301
-0.126136080964131
-0.0107839182101859
0.00415157395309604
-0.3214736568242
-0.110647515232509
-0.26189013424762
0.00922581696943928
-0.0723838472958922
-0.0414504099478747
-0.00464696876864594
-0.102311368867844
0.0447074688748085
0.0125985392565002
-0.0397073117551786
-0.00494255784494249
-0.170072971495652
-0.0128844454282177
-0.0879932840058309
-0.175894925526285
0.00745160467985898
0.113836760168262
-0.015738693239958
-0.145684017422152
0.0387111959283859
-0.146765787645608
-0.158364923391696
0.015791791069119
0.00744200223901682
0.0283652239486185
-0.0460516978546078
-0.0075809638084834
0.0235243374578331
-0.0365975040181091
-0.0841797955815576
0.233489981940399
-0.138033446532837
-0.0335935648888326
-0.0536742302699839
0.0654212291165473
0.0628342442904817
-0.0623190456357499
0.017656749611495
-0.132904487585541
-0.0282645834636083
-0.0252287172787049
0.0514053285515831
-0.0225644235970031
-0.00762948255933085
0.160882553613306
-0.0940445248967246
-0.0332182636211311
0.0327638867283426
-0.0720338577749892
-0.0149717445541061
-0.0384397801250622
0.19554449847317
0.065190694622999
0.0611913930802233
0.193239426813529
0.0444306718090541
0.0208547602755261
0.160350844714173
0.146750780036582
0.109554406256001
0.193791773843821
0.104230958077871
0.0734535623845354
0.182863744595168
0.139203308320994
-0.0683049189010255
0.11072708443524
0.0919748373680825
0.0247494086693658
-0.00943838839453712
0.0888850662770747
0.0780113620496235
0.144415579966307
0.000818598117680976
0.076901674583232
-0.0164422964005568
0.200966047591885
0.0971860422808347
0.13645661965716
0.171730883544878
0.0466593801580966
0.132162251642597
0.136257042917435
0.148680063516415
0.214728253687414
-0.0253231076436723
0.0131477059424299
0.0625626754735072
0.034137017411675
0.372999094721651
0.245927957589171
0.224315804568804
0.0217399199944656
0.159653373467816
0.0155731373982231
0.134400593603012
0.261520147071138
-0.0169193318931244
-0.000513535786549457
0.109488775204389
0.186932147206533
0.151140416963377
0.140566479295264
0.187016074659415
0.261234314931556
0.185865258431847
0.208207362364217
0.0797489743561832
0.182781166427565
0.0827568286643569
-0.0284436701191015
0.145628129301997
0.0945021870478193
0.188842273336685
0.261021656936306
0.219559524277014
0.198156544930442
0.281657792224883
0.179530966695355
0.166340865447724
0.216396668514577
0.21852301670229
0.214473629201076
0.149726585581313
0.104579511728197
0.216304870218134
0.218955356714539
0.199435776207318
0.337651360511054
0.24994198710153
0.00463397366148684
0.256872953445594
0.218829607241919
0.362194857161449
0.152582659513208
0.241610709144123
0.253811419530961
0.162165105595465
0.392834329517838
0.282750197514898
0.198730643181458
0.261463279947795
0.142667769704794
0.322854817553085
0.440176746149853
0.367146574652826
0.1692681235626
0.268893758774088
0.228971591307512
0.303193054690836
0.272916722564741
0.370033890399498
0.168627718314823
0.324730347142942
0.333255565719047
0.200832488201151
0.202814566106033
0.257830302559803
0.33329698471542
0.253633616996631
0.41078609177464
0.324889732430848
0.451812753707201
0.260923125572527
0.263307716308124
0.271952981111527
0.282659323411875
0.206980011045882
0.262345293152156
0.196680334301134
0.36259122237016
0.412685940753104
0.34035191363492
0.23601825097592
0.453448392909591
0.525378024863184
0.394060808055175
0.367694757307669
0.350560077724915
0.0844802744551634
0.353600582735661
0.365304081376471
0.1829969141935
0.433067613340993
0.345784710161454
0.34579782782097
0.381361339548983
0.33383683867496
0.40956824020831
0.299964244429894
0.360048839747949
0.297949740167946
0.306760768242179
0.3832130227701
0.328959289421044
0.398149515238114
0.382148753851298
0.274967082131549
0.419286949175536
0.335083876136415
0.272900365693066
0.334407511142594
0.368259014247372
0.390321547903121
0.464348022980817
0.304063909563174
0.361610468488245
0.383956206545881
0.513621880271734
0.445899051479252
0.390789505771327
0.366410230644661
0.41998460820505
0.361480243715106
0.370731221856865
0.487719584512159
0.273625415260423
0.476835278415753
0.394784347760691
0.400292243993058
0.378011778387295
0.3843389233599
0.454839584608334
0.42059185697103
0.51177003176541
0.335293448068257
0.267760441212243
0.370023411595499
0.612559950998334
0.364163781494678
0.56372330153019
0.341145943543486
0.291510187260945
0.336348632620804
0.43878278295655
0.422924547671966
0.394387283643776
0.354322411544133
0.468360686047088
0.445133226857836
0.634447836687863
0.491988804439942
0.470982128947639
0.485189599293835
0.391336627679045
0.510743936448234
0.435195858200273
0.352743837033347
0.56172309085798
0.612751662945107
0.261298629919456
0.512130106342816
0.470621778516143
0.617426246886797
0.321458721274026
0.415126111421403
0.550365369919552
0.448909232438333
0.505738917209473
0.513688999570869
0.387266085266695
0.548283485343386
0.52638231601004
0.530327780527617
0.26161933874785
0.416605453000511
0.439324399089569
0.34036811755997
0.575315746963314
0.41227100098365
0.483334950480225
0.550866708518738
0.425705206171232
0.34469318665587
0.582555378470247
0.445058032941204
0.390129362235386
0.548247206914351
0.478531363619392
0.494848988911142
0.341036949776215
0.491622201316933
0.567200526939423
0.475212916188307
0.542846567128661
0.522665766348307
0.450224759660019
0.448974397145743
0.564416193670159
0.451549847466442
0.54642159274621
0.538437237284585
0.565262488574309
0.498889440666303
0.482330919046244
0.487411736488724
0.422585628201515
0.54460772917129
0.534493355174599
0.627606132129173
0.642441149644107
0.580946642310297
0.385729459591889
0.562307087633741
0.502996775109532
0.620644741363878
0.492108188012278
0.485413909401399
0.592712129718052
0.578607144209474
0.431594722317305
0.579412155052389
0.520241022030788
0.636731944316552
0.536563008080391
0.459088856892453
0.734302543071585
0.623311638474062
0.633546139616925
0.569035216023184
0.633836187192241
0.514680808475234
0.596060166461205
0.438091105499141
0.672624936240012
0.536172652596483
0.550292393239434
0.636476216283904
0.787653376076686
0.633119828937684
0.720079695287131
0.564674893863756
0.555220373512821
0.690913975813983
0.628412605520062
0.76531954633863
0.708626934225017
0.596792446311749
0.650281203093184
0.714756459646992
0.50440572160013
0.666897788310119
0.543677270355946
0.605105923556773
0.551524871078264
0.533442573992221
0.63677379464871
0.494423823137837
0.63886235832647
0.776781842385723
0.569110605841463
0.739870655160477
0.76582148632865
0.694087739011666
0.650519716171274
0.611538416806456
0.583402594363051
0.665307153796353
0.819549248933233
0.667128387446072
0.549565172453729
0.711639350815654
0.601097351782218
0.511035885519905
0.656488173881754
0.594409404290086
0.758752782967069
0.683588755545248
0.614435000216058
0.543565301186214
0.615274174158586
0.709430292587264
0.672216807848462
0.749500844040222
0.705677124538809
0.735639937668268
0.847400501535918
0.821807623441729
0.561555041349459
0.777026516452015
0.71688960449267
0.773634000766666
0.645745031209535
0.69055603257749
0.777676733953533
0.727210403073079
0.741342205404998
0.738210896664142
0.681548660272139
0.717509129547028
0.777109048650273
0.714772394155334
0.677842171197272
0.714953444782922
0.632912477931696
0.71289358465729
0.747785399795115
0.689530372950476
0.698992811182316
0.652744444445169
0.837461175517757
0.693618587217726
0.656042764769608
0.726764722979755
0.602825884092038
0.668465885660219
0.73900836342309
0.718168937543608
0.758281749276793
0.619574547278557
0.664538833644834
0.63566293207577
0.787260743914704
0.719356651559921
0.875811150732289
0.796009401519371
0.752904133376941
0.89725181500458
0.676392372956978
0.741923796871893
0.774334661433358
0.779800688480668
0.783722950657463
0.880478843832565
0.767927124719574
0.824118003622382
0.755664269140105
0.805569223615792
0.995950531254329
0.913269789518549
0.837198426145606
0.847758446088918
0.930160062437254
0.777874441871806
0.801199788581123
0.799316787116597
0.810073336029175
0.937369483393633
0.800383602962749
0.79620289783616
0.826704643187177
1.01467838113902
0.643174268832042
0.826766828616475
0.794663443884067
0.858706864837265
0.843194360617316
0.838553236345122
0.775723666901483
0.944308433751539
0.629430135307269
0.941597929687372
0.860187583412575
0.650258808980454
0.905506768125341
0.896934673328753
0.949977208142149
0.850440610737284
0.963437472455047
0.775536406417512
0.793363545691603
0.886753173337776
0.959742898759837
0.917461047505409
0.850318628942911
0.981749667088374
0.836680967808905
0.796387987897725
0.978307435672632
0.95955489659076
0.81399498212053
0.825612546514514
0.88229568113602
0.977319391420322
0.954558239182579
0.999776072615871
0.995630703651225
1.02598150139866
0.928149606830463
0.837762360380205
0.916137762146297
0.969824875891362
1.05136886207102
0.903659657880633
0.937634675412918
0.980455143899514
0.93896445021519
1.00237735057895
1.07667794613123
0.924937214928176
0.890388770866075
0.832010155553753
1.00210094481773
0.954917356603243
0.920848412211013
0.875855311757495
1.07745532543752
0.945101847673734
0.95630387872355
0.916216168225807
0.946645622839606
0.886573738925364
0.937248629019686
1.03760111259518
1.02390853191687
0.843748003997995
1.06947550670763
1.00703244880422
0.838461640754225
0.934117692568529
0.919007407013032
1.1046276751019
0.954549063631931
1.08436100896073
1.04314268869942
0.915756251866706
0.794099564906191
0.988896049091407
1.1295880221425
1.10355767048746
1.09508872633356
0.928325174939239
1.06980541752634
1.03757253962301
0.974422037365342
