"x"
-0.939096728062992
-0.870497619593993
-1.06105213614093
-0.871378482994692
-0.877412636745521
-1.03716261998903
-1.09328838512355
-0.935408459923568
-0.958260928747234
-0.936977579805018
-0.986313535722829
-0.982275510092429
-0.943434299328519
-1.1684610454923
-1.01887113292867
-0.992423976173412
-0.985381786431636
-1.01331035202306
-1.05792679808402
-1.03775616587896
-0.976017577514736
-0.849071235757744
-0.991922867683086
-0.851593792978053
-1.01500750589452
-0.938044005879858
-1.05604601276217
-1.00452322016621
-0.993556604138
-0.893449588747389
-0.960529726564637
-0.834434353385186
-0.868523053533334
-0.900196753916144
-0.80773445369418
-0.871933749146589
-0.715807126790362
-1.00347621094634
-0.874777517768547
-0.905530596145779
-0.895363419282636
-0.859665971250323
-0.890771947081249
-0.886598884820194
-0.834507682756473
-0.846357171453809
-0.91221326408413
-0.960558564581134
-0.991245821298972
-0.80073780826567
-0.893542678949283
-0.886805565486795
-0.729669640881197
-0.834609510433644
-0.839893147629359
-0.988695878073379
-0.893134651255186
-1.01060751995725
-0.849863982599005
-0.894875413354312
-0.793388038313377
-0.923317356748084
-0.835534725973831
-0.942977574392696
-0.968492563054102
-0.920295045490301
-0.836496056611944
-0.915211973712328
-0.899239303358312
-0.882855513226329
-0.785976050748075
-0.819839250533325
-0.961641846679545
-0.809239843823054
-0.744202799435248
-0.839067902581072
-0.793044581421743
-0.767065623264146
-0.707125460730424
-0.870960190654954
-0.84408037880994
-0.698009025915649
-0.916862590543896
-0.763030680085957
-0.812760167436828
-0.873165065009233
-0.869902992289887
-0.844323855662273
-0.830882956238371
-0.839636301734693
-0.689846672058273
-0.881590095702643
-0.902113385503597
-0.710819888226647
-0.887025469839519
-0.76036083419901
-0.735743210199393
-0.665237911841469
-0.751566271721241
-0.884683123308328
-0.82120674552341
-1.05138602284542
-0.746825971890181
-0.783219447034575
-0.556094932770744
-0.744375157634452
-0.83198521885415
-0.803934207154897
-0.734943727336163
-0.789029279081731
-0.730091929599013
-0.809877685336291
-0.781157838101264
-0.697799383623649
-0.812158827246688
-0.819077767843146
-0.737670370171225
-0.769732939597742
-0.645046080772014
-0.836907237943809
-0.638708627270133
-0.860495776742746
-0.873275832410902
-0.674883689863178
-0.905005726011424
-0.743071844704992
-0.794599014864269
-0.605700262604477
-0.864689245509118
-0.663124396359464
-0.697330164306578
-0.696252036311541
-0.712798902814446
-0.678462078280811
-0.719628270065724
-0.657194412004292
-0.730427797905996
-0.795774907234516
-0.674754610182693
-0.856442596857358
-0.776201501785844
-0.748647229117875
-0.701629372582619
-0.789154753862764
-0.708312309420602
-0.432716210808838
-0.642762372570782
-0.735965491899067
-0.78914904336706
-0.679768197712502
-0.738968522828781
-0.640799271524401
-0.776528848816682
-0.696015376072853
-0.749973303930882
-0.695934666781755
-0.726889292580668
-0.710445573927072
-0.784874745493992
-0.769877967654315
-0.759142259311221
-0.715219265186555
-0.598597174969014
-0.643932051131597
-0.565721347242704
-0.76640233828165
-0.607189013472647
-0.684146072085267
-0.649541631247949
-0.653908793108162
-0.640181221398817
-0.719847268656332
-0.671281866739453
-0.739558560955361
-0.733902559011432
-0.636013934364206
-0.682911885926524
-0.595473645408513
-0.72606181288495
-0.68573651899839
-0.779693016728895
-0.659814623646254
-0.694194104390036
-0.576883255424043
-0.709562273732008
-0.666471408112249
-0.592206177767199
-0.493213232080702
-0.657430773434633
-0.551392428335765
-0.566761474477084
-0.483450497561261
-0.618641914008512
-0.463358011338656
-0.687331024865883
-0.552716772787745
-0.616983219285818
-0.696987432700004
-0.535515653239559
-0.531786355567207
-0.566243774326514
-0.547920461853441
-0.666131906836661
-0.592533320995705
-0.626174966701733
-0.66820102075334
-0.515537682539284
-0.701480165216145
-0.696586274719012
-0.564082470967347
-0.546227676523935
-0.554310523610855
-0.442340464744446
-0.536710898803985
-0.565720474169382
-0.450629749717795
-0.609291702116916
-0.522661183229734
-0.60336958932941
-0.469491167038356
-0.673206769529582
-0.546881492779816
-0.638991904677971
-0.48022394828982
-0.5197741684734
-0.576746018411592
-0.58398323348033
-0.491944787142715
-0.626545072211043
-0.571029981441331
-0.571400856349559
-0.496554453757611
-0.388588877335528
-0.528510120857048
-0.511679472696749
-0.517016312649618
-0.443418276901727
-0.48818880674469
-0.523037209873948
-0.464091484716171
-0.502412432594158
-0.540990292614466
-0.510931350020002
-0.668018097671777
-0.532436031117322
-0.471952850903195
-0.564997109846745
-0.46448599332116
-0.561711498211879
-0.435761437077155
-0.553370837651172
-0.445303290411182
-0.418747771751237
-0.331967366225537
-0.596253000222222
-0.399731656401738
-0.514472924896634
-0.562535222394019
-0.463091448924985
-0.435002504010718
-0.497719970478432
-0.516082025173339
-0.33895069205635
-0.660555724172263
-0.55590970536897
-0.477068047606976
-0.54774202546563
-0.38916072529811
-0.512906413933773
-0.394443821835785
-0.415633191609454
-0.5162947715058
-0.541379935668119
-0.357115846428319
-0.393382605466151
-0.52271284388098
-0.471112646754566
-0.420171157294424
-0.343406651984314
-0.497784302466247
-0.432764475228583
-0.290521939388375
-0.395772404418987
-0.410285583518154
-0.442972373580837
-0.43845807621257
-0.48724640957605
-0.49162811857727
-0.512672471061515
-0.410540933537927
-0.551133268773898
-0.428457789582014
-0.294375920907451
-0.523799904456132
-0.448004062228245
-0.416670643376292
-0.517911052582803
-0.29606925495106
-0.454123463965021
-0.411353315054756
-0.414896080565114
-0.457200746604937
-0.465979618743065
-0.339556941591263
-0.425766372362399
-0.412891391324513
-0.485224323287645
-0.441936068256858
-0.390974582238191
-0.504663365579912
-0.412390090880809
-0.387149531038825
-0.487907606965189
-0.411672062658967
-0.585332753843851
-0.335558441263173
-0.262842293885288
-0.294918132708592
-0.358813820268392
-0.485320849198391
-0.306246839601132
-0.32781630342301
-0.435047401901092
-0.263592617605
-0.422582385441638
-0.359299699879309
-0.447780943660069
-0.354214024958857
-0.229259751009238
-0.281451239233534
-0.339165306464722
-0.365564936375406
-0.330414492228164
-0.41395672421124
-0.250924951398562
-0.392006767432914
-0.318581892694354
-0.272260094811101
-0.360171531296968
-0.336391520543372
-0.28681046249784
-0.358841831588758
-0.246000245523359
-0.185486217579136
-0.258240254289379
-0.366720298504748
-0.179536117865872
-0.263300986928679
-0.435585046281893
-0.339893209236552
-0.27185842666495
-0.334492664279498
-0.353345117013022
-0.337796399129883
-0.195111683550174
-0.208711962836898
-0.140078405004754
-0.153147325607712
-0.219020461632441
-0.469799057951612
-0.340600248484806
-0.192544599066777
-0.272035006884441
-0.289212061238644
-0.30373110159324
-0.266126569626628
-0.288734341956104
-0.0957383978473148
-0.187314736668306
-0.219457681107046
-0.417544299990098
-0.249635536527776
-0.124237699514162
-0.243813261425507
-0.374865895054106
-0.234077688090598
-0.431328725790987
-0.174590932161696
-0.272802970232047
-0.0855042263464595
-0.12096761549841
-0.164365052701197
-0.222310519674129
-0.208914764929076
-0.246273156831944
-0.326651726635274
-0.216095668371416
-0.128319521720021
-0.0850938320617518
-0.28979666822392
-0.153915599399631
-0.208989587981663
0.00860532994465687
-0.328551470770051
-0.138447076144797
-0.248028281853085
-0.0920120453245616
-0.1084953228558
-0.210911103519807
-0.0399793410262415
-0.214175832529089
-0.308701829392012
-0.242674054854509
-0.10083803608289
-0.143048223120153
-0.109026483791234
-0.121378568558815
-0.11331391420488
-0.326494623744777
-0.208775116186652
-0.246355568992313
-0.236587488272397
-0.0488913961000904
-0.123980404432216
-0.232442541982451
-0.0799142491978343
-0.144070776993442
-0.0870132261287413
-0.205606458971669
-0.179775000105234
-0.206647706839664
-0.311721719335526
-0.250919429202201
-0.192311113662912
-0.288657939285007
-0.130826950441404
-0.0947107579858152
-0.111303503652872
-0.0532071436791961
-0.136979267781595
-0.187900453546816
-0.0957567454909494
-0.163892270831613
-0.0500652727718308
-0.188729168598319
-0.101792179127617
-0.0458932855573203
-0.204865982596962
-0.135078924488224
-0.0621799064615974
-0.136381371359556
-0.120540774215031
-0.134030229462156
-0.0342000563913169
-0.029239475965717
-0.0986317300262522
-0.210654935043228
-0.0429745639560425
-0.0418409201684773
0.00389396715337447
-0.137176292293921
-0.0391157149598247
-0.0816281843609206
-0.0882082386089019
-0.131681368543529
-0.141401980719589
-0.20754441052258
0.0874426136041892
-0.0322520363522675
-0.0248312898341095
-0.129629389687412
0.00483494005520334
0.0868718246574145
-0.0192851512353051
-0.0526423923260115
-0.000318663944507263
0.0428266132395349
-0.119444365915133
-0.150786949169653
-0.0596172395195827
-0.212118180126345
-0.00716092336392843
-0.113208018915465
-0.0154482813832584
-0.0112330438365728
-0.0561325436824553
-0.0199595010039929
0.13815470787314
0.0369794009149143
-0.107652456021006
-0.0544400114023784
-0.0406932234935935
-0.126743117178725
-0.0032749696808987
-0.0894711198947559
-0.0933130651057647
-0.0260452166877749
-0.119419653223666
-0.0771064307555632
-0.185347422347389
0.0126159435019908
-0.0437408701658103
-0.0312561857376259
-0.00763640622929242
0.0809369781279233
-0.0534685386267534
-0.00234620892377327
-0.00201981145762493
-0.0398178179405085
0.058680031204102
-0.101325341528193
-0.0568081255231472
0.0288289236346108
-0.00369549737145256
0.0099355805725859
0.03548098073265
-0.0622212837861201
0.0188185210385694
0.219241297476907
0.0362993491652587
0.0178958189509016
0.0800858541149959
0.0401419173786857
0.0730933477537938
-0.0943496114131399
0.0927163264153405
-0.0377413068256401
0.0514309394369732
-0.0415257928228459
-0.0663332275536029
-0.0205099395686033
0.0910453708143117
0.293578895635253
0.00998796653230392
0.0863271892513778
0.0319204022731075
0.06105463932819
0.155811575646187
0.113756351847956
0.0497493358646096
-0.00768253406746933
0.189482595353039
0.016156367004122
0.192049969228039
0.0556362142339938
0.222333586914685
0.222639340704971
0.0529518378312446
0.063989876640879
0.0852115054481334
0.0697738569328713
0.040341980730076
0.146653717296948
0.173793165881104
0.153174706187255
0.0730018478726557
0.124464290923104
0.0183706758813714
-0.0481759754936674
0.096146590053562
0.153452840946534
0.0734179581111366
0.112466448309057
0.232147759142535
0.151362637526168
0.0839395421789991
0.101381690618601
0.0993395210953865
-0.0237304266118805
0.154040909037043
0.13308871679433
0.174546528137645
0.0280556122785073
0.168654173052379
0.321402071900902
0.0591483857279308
0.151216365902593
-0.00634242727760988
0.0889821898546078
0.150648383246392
0.147455662033061
0.141914433029053
0.248643630192138
0.0707312318591396
0.139145523498628
0.199746210753304
0.218877691908207
0.156345938390694
0.112023493310883
0.3056869310507
0.0501661308326892
0.221953458761308
0.207857885296144
0.102550973920461
0.190002081997514
0.313010282497058
0.252149820279732
0.212628197784679
0.127677836120758
0.155778714049062
0.0633749018334497
0.150554024183689
0.130492568067201
0.195801565515704
0.227246958764184
0.209780812340147
0.149256819900904
0.254919313541736
0.251719896690818
0.214415021030291
0.271325853308142
0.211318043844522
0.176088319335641
0.140617389883842
0.223622092491403
0.17259755501529
0.240724598785156
0.296067251816048
0.182017589679912
0.115010329269602
0.211991347293864
0.174283414351181
0.203286379974981
0.191131243272121
0.264348098277051
0.153249088896653
0.186160436773929
0.143892853276772
0.170931746020424
0.250333424531867
0.193674498357147
0.228969175983536
0.276165885497923
0.397786210755202
0.494351255114774
0.271803108209239
0.209675169384491
0.223883245093908
0.226746694901954
0.239907211885601
0.211660914306999
0.168667808731284
0.331518274158442
0.126610894956098
0.354895749466596
0.406114489760224
0.165182564134324
0.246744429347912
0.179994091655451
0.389808311075528
0.258067959897621
0.200592330099619
0.292466753380253
0.308573161215809
0.15665966804306
0.291428926313253
0.329404287198462
0.400876598052312
0.159871808301001
0.337313568718565
0.416112202508955
0.28079514006618
0.219712510127344
0.375729330909227
0.161610439286822
0.399761484866866
0.383873050156487
0.349878455870023
0.487061812417661
0.400508616231459
0.284089542188748
0.30783345211492
0.337286080508736
0.200837901782559
0.385272089065776
0.203263620947939
0.264774406647903
0.374468734632619
0.307897945284647
0.257368319503227
0.412022882166335
0.561869523853237
0.469378829603284
0.280516048192769
0.239237351176457
0.444769004914595
0.386875301051539
0.345694192031555
0.320456833596987
0.395623781183198
0.386371163521065
0.415658050364982
0.364666771468583
0.244255586057736
0.385569446153977
0.385431119210515
0.345824670917739
0.315706262950007
0.436797685923061
0.380968390591889
0.411907972308695
0.334910595509726
0.462023471954641
0.285444642885279
0.341762926279882
0.252866741961729
0.196367923661304
0.455344544619683
0.429373886469933
0.404048087717299
0.33372477716365
0.413675229652839
0.442625411287986
0.520112913858834
0.404849564284209
0.353131643938681
0.441779320783091
0.420395477850806
0.481543325306013
0.444315781083401
0.343795323708732
0.61312154151671
0.432192832756903
0.583530141060784
0.526607131917206
0.492233661929588
0.514896902818892
0.437415143195461
0.476250596861932
0.536232695851381
0.505082512970969
0.418532625893871
0.504339383059548
0.469840979103827
0.476625775639763
0.424422633474773
0.387694133476302
0.309099058842789
0.331677785660427
0.416500943155585
0.405865120179004
0.431862633358098
0.413196090456267
0.501771556473791
0.451650069346159
0.459025682414426
0.464292087954437
0.484837583433735
0.518882792807148
0.531005900036484
0.375346691283457
0.58167577571689
0.519439957646259
0.371705523405898
0.393659421664288
0.389507096281041
0.500729274845488
0.3475996935479
0.590070509627956
0.546844257027988
0.421077109837627
0.514946497405006
0.61109369324396
0.531011713706572
0.572322925761831
0.578133851349847
0.410518096536344
0.404096500919536
0.55076261135936
0.56157464171527
0.455099735003273
0.385024460418386
0.621246370636687
0.557980369276007
0.538285410624529
0.586343010383242
0.574756127514397
0.538216261530954
0.509420831750363
0.587214303962047
0.482397318544764
0.584350277138574
0.531102153208239
0.439544058283724
0.663990058460191
0.569356891489572
0.637017362452262
0.478124367916965
0.509563815346751
0.460560239973409
0.661186692360252
0.496494494869404
0.58781253217572
0.600672764777902
0.521304036213267
0.619885307189283
0.644731539777902
0.612497744452679
0.683992522519201
0.604817360232263
0.690307599723883
0.524882696943075
0.570893885153794
0.345725439012925
0.542120616009176
0.523622222077417
0.522533911748637
0.644296703319755
0.579778887508905
0.67908270587878
0.504561077548845
0.47575748988011
0.634162362995319
0.75651595899816
0.656855926294171
0.657617920090583
0.454649367871581
0.596158005077136
0.610449339150446
0.570853630099688
0.698686081765864
0.641625919153091
0.494904749411883
0.607173135478038
0.657495413926204
0.595658636350324
0.694844333366932
0.785149065899043
0.443422099280435
0.761548893255548
0.569216946944018
0.754359018116037
0.454398969080221
0.578869306105222
0.704075691686912
0.651060665032162
0.506840998852061
0.63225822796828
0.554627960222548
0.699479580221214
0.70662487461744
0.688254446142839
0.586939955897495
0.815580762854616
0.748727792105414
0.520173354667933
0.641620347348356
0.785678115156821
0.789280279768199
0.634006789600386
0.813488076154284
0.549187059402991
0.647302989829694
0.736560329835528
0.609252388969069
0.667087427396824
0.763436169581931
0.700819743345302
0.738640508852631
0.666528443081867
0.654378322076593
0.7411715153047
0.609155009811245
0.73197853131738
0.643844755514647
0.785126926349178
0.695145572995818
0.758619370598575
0.529409516289244
0.851466220277241
0.735162458166441
0.738566522259958
0.7085218004821
0.744698574430467
0.639658122393213
0.698373625351907
0.814801318534313
0.772645276415789
0.731798051768694
0.691100564343707
0.562555451067943
0.577028462922999
0.823511498805438
0.794209420073223
0.695197267093573
0.79068709408718
0.713607334244937
0.679459508908005
0.854088623538955
0.873215856605725
0.698753639550995
0.781544645772107
0.753281728159125
0.696299990848397
0.772687995535737
0.833589030312377
0.852546183992955
0.846954233899435
0.811932406549773
0.768633568555489
0.59881990190789
0.819076894122726
0.534278950462899
0.877164945062822
0.815465477628025
0.877276969151949
0.784223087927089
0.687735804039696
0.787210779553177
0.781372650915969
0.735172011820978
0.773269565545742
0.856867633346777
0.790285896703027
0.739263966666369
0.649325373885794
0.990313128015886
0.729107929421591
0.820588133140823
0.72880518214397
0.821572942681272
0.854712188213699
0.96765755483552
0.859457471183559
0.743837375738726
0.874547653227509
0.73902017921208
0.7516768193279
0.813577371016126
0.807744601556702
0.776060130561915
0.881566060870202
0.805932945364821
0.936036936491147
0.767029267683748
0.954858511383962
0.922053329758456
0.724269766394603
1.0215256141182
0.806299627281874
0.891352025991366
0.796748760258447
0.838793872528612
0.9316261821828
0.811373370026133
0.810713151612346
0.889888980928991
0.858097076121931
0.910737747220724
0.933555316150486
0.910011841189079
0.934174750307463
0.844320306620673
0.858929874001115
0.853658833842315
0.889787151706977
0.806604912109175
0.751821249252727
0.896673053437248
0.904947544206126
0.973085517252504
0.710242948775873
0.868376897385941
0.915005435737166
0.817873969392354
0.754699198293076
0.776357050746206
0.800252506806161
0.883972873221525
0.821131915850675
0.87290159682568
0.899533983460862
0.982251996952869
0.976788816023375
0.996384785034709
0.762895882263495
1.03228969338697
1.03213339944393
0.968343141889847
0.937099621207867
1.09330264020117
0.953010191888646
0.871696997207276
0.978908994787709
0.916451290368174
1.08321563385581
1.01899159117058
1.01135275041308
0.824172741149596
0.919558914548909
0.987125982408067
1.07388048254227
0.975153623455263
0.967725048761324
0.903483942831993
0.927042315787388
1.0532309519707
1.05088116667209
0.974114428944157
0.998466646989688
1.02170907784704
1.12124555161904
1.06278947151754
1.05360699973531
0.940400343188005
1.03518907125978
1.05006833838017
1.00052302214997
0.906363145189615
1.0066658816986
