"x"
-0.948362192218114
-1.01772304822191
-1.14353879708386
-1.11283185591031
-1.04339858657597
-1.03089918036315
-0.91797707412308
-0.896585952273442
-1.05598807201352
-0.937909682645803
-0.939039562630254
-1.10444388531969
-0.931434538629185
-0.860778595402398
-0.810823494143766
-1.03582591209124
-1.09230207781675
-0.914667891059406
-1.01298781462466
-0.822471910296967
-0.816714092731688
-0.89406186193633
-0.988774679496264
-0.97906775996145
-0.840745362786198
-1.1076586078197
-0.971063723732538
-1.12866758234874
-0.935394220122136
-1.02847165944925
-0.92788382455995
-0.875210472026395
-0.947138702496228
-1.00125735449053
-0.898122581365559
-1.01539346208212
-0.888358969347304
-1.07324253367454
-0.863107445237299
-0.925426700313239
-0.97968870309746
-1.05786434905595
-0.984650429945678
-0.972635352959441
-0.896538917767607
-0.942813354494148
-0.904064518318685
-0.665480244325007
-0.891369612267354
-0.940894368103715
-0.990456569630257
-0.899839272155211
-0.828040878821073
-0.822386362236254
-0.908704338895361
-0.924688425893845
-0.831979972043711
-0.87459505324104
-0.892934628771337
-0.791748658778085
-0.8663733946887
-1.02563874103504
-0.908551934918984
-0.8499288312545
-0.899388960161695
-0.877369307807599
-0.812395530778958
-0.869297616135734
-0.836752808019891
-0.949870155167391
-0.701339164484879
-0.728359820773829
-1.01478870546124
-0.90448069909048
-0.78929902543745
-0.868027111053845
-0.95577767411995
-0.753768728378295
-0.879571027323736
-0.768082989047631
-0.805583904337651
-0.771805069991835
-0.967418140940883
-0.740137210552992
-1.01450380891702
-0.818317477878881
-0.966422035484991
-0.824261679677862
-0.746025448394959
-0.720187909679487
-0.774761453417585
-0.814861511182548
-0.837439276376496
-0.812519833305769
-0.788481967943834
-0.812225329752538
-0.768945945483811
-0.699049482575891
-0.919558911619503
-0.714289045583604
-0.740719153731347
-0.836282594862626
-0.589692021440296
-0.692892521064844
-0.787850018208458
-0.793959847054483
-0.733428551893999
-0.67357902917249
-0.825445352368731
-0.759857494975728
-0.595279152251029
-0.856299673415085
-0.85832220843634
-0.761720198426004
-0.860205124921443
-0.853762129888378
-0.779313034960739
-0.76121247752888
-0.603236196253587
-0.765568401331666
-0.641670722331246
-0.90308946149171
-0.821902556420128
-0.843269861886446
-0.836193004406615
-0.69270723999598
-0.860470182042272
-0.75815924965673
-0.793619699657293
-0.678946668320618
-0.680208553435726
-0.721187936685825
-0.674844412359307
-0.847627399234658
-0.738371979778366
-0.764453241250632
-0.6744137821017
-0.800001491119072
-0.659859116397945
-0.643078176211035
-0.629607586317996
-0.580653423935482
-0.88057704256083
-0.558547163827563
-0.6631666070475
-0.763023529773197
-0.767171017294492
-0.70933244248621
-0.667607421856211
-0.647769010638532
-0.589299571759785
-0.570778317537098
-0.643287811641999
-0.762486981519952
-0.721520127195642
-0.610440990690753
-0.696739318055011
-0.599863806155899
-0.678351908134908
-0.64149157461318
-0.769568794727984
-0.626125680806691
-0.683602876251891
-0.549571255903929
-0.607633586227437
-0.745520421672781
-0.748758241929766
-0.627301580052643
-0.756325604006955
-0.73440207705812
-0.592690607365066
-0.623818999636541
-0.502982139967796
-0.69087681095745
-0.718483034728782
-0.63068604833541
-0.692279106073382
-0.642631597639907
-0.817172283019845
-0.65567112159272
-0.736045450159081
-0.596065679211025
-0.652864310059385
-0.688870201176342
-0.684430158683079
-0.608495202429271
-0.620288464251042
-0.568709833146418
-0.625000962516262
-0.743651374890646
-0.627436664638589
-0.743143573078257
-0.509704883713992
-0.639386340226563
-0.651013598386623
-0.594741931999631
-0.669680210490945
-0.575798274732622
-0.635591353564445
-0.699034216018931
-0.709105248252302
-0.519672265657962
-0.551309407992004
-0.510346175197488
-0.661563604500283
-0.658809610462857
-0.380659804180988
-0.590471048763284
-0.476365956959848
-0.317370298690928
-0.511106210825286
-0.524944983274094
-0.66123644138722
-0.522020521239951
-0.632418727474522
-0.544909272915446
-0.348443796172052
-0.52670777880756
-0.721424636655887
-0.706347907712284
-0.64634236789378
-0.591716578528771
-0.402055821929409
-0.796812179365561
-0.692685147411933
-0.62420849607578
-0.444862437247594
-0.508908333276523
-0.390780973697143
-0.586601153509928
-0.65592381242416
-0.652918439873666
-0.614231282027222
-0.579251969410378
-0.537712050097014
-0.451957499704062
-0.698195548131242
-0.448197039629809
-0.533211363448658
-0.468672429648944
-0.523180272549789
-0.593804853776348
-0.514878222976076
-0.585132744787092
-0.593579612774647
-0.355671590975789
-0.527621048647261
-0.428073294478525
-0.434940957235839
-0.66008340341467
-0.404664862749957
-0.491181531780392
-0.418045058081202
-0.388611308646419
-0.618709139309089
-0.468120982111462
-0.504741917437335
-0.507266975561881
-0.460444472780281
-0.389035329771757
-0.597419888308658
-0.544076372860051
-0.260271142512026
-0.524963636288467
-0.620670301561432
-0.565000240894962
-0.424600381673907
-0.517954480331602
-0.5658145048702
-0.462222866917424
-0.478965865010249
-0.360364516905784
-0.418600407077093
-0.414732109856065
-0.426301822496556
-0.647031803794656
-0.453874448529677
-0.487590507039107
-0.453008510663069
-0.444738067952634
-0.423910284708531
-0.426988370763682
-0.498587744023486
-0.414491689525244
-0.454487170142439
-0.495356771569439
-0.371080178731254
-0.433769827484471
-0.350988023183174
-0.637252449881692
-0.45126624594162
-0.378991603836171
-0.585988212010447
-0.46749691416243
-0.397832023331562
-0.439788608462877
-0.445214227947997
-0.45322998958712
-0.320176444443254
-0.535244723375596
-0.455391097008535
-0.445110005624021
-0.312510734179879
-0.414147631623551
-0.27171188624763
-0.392541480566207
-0.52922935884407
-0.191500091265559
-0.319701623579039
-0.323157961443015
-0.327769653208503
-0.34605437540655
-0.381950899591947
-0.209036067733528
-0.423254779892771
-0.369087634066156
-0.33691115776022
-0.159614041959975
-0.447211785669161
-0.399165410869151
-0.313149357725932
-0.373736866712903
-0.324352182681614
-0.417309777763957
-0.427584000931756
-0.429047393642205
-0.19937500127088
-0.289496310583687
-0.371924855648604
-0.494853809337869
-0.191726350974434
-0.221841859261322
-0.310331944245753
-0.287156700058594
-0.298560585230862
-0.368828786849095
-0.277565870498992
-0.268335678164005
-0.334666996656391
-0.227922664945654
-0.272604852484221
-0.254777208314808
-0.331916747706299
-0.218905033414747
-0.355684634833411
-0.358183048614221
-0.291163944422339
-0.373202522245824
-0.280397398713635
-0.412021187805501
-0.197593327625833
-0.299910812548558
-0.301850613637909
-0.144801996806667
-0.401661116002931
-0.285509876706457
-0.272752064625281
-0.317903074643751
-0.252068914116838
-0.273689476327885
-0.269488030786533
-0.357785905973419
-0.277271670070122
-0.122913378759261
-0.199033733137405
-0.279927635660862
-0.313135316027694
-0.202245097877957
-0.196744003125642
-0.271779569196852
-0.216272776250835
-0.268895658458388
-0.155634271714292
-0.138262918766962
-0.280746115882088
-0.296274997914613
-0.167041133008393
-0.336717715144449
-0.171606332125923
-0.202482323943694
-0.250104605843921
-0.315493756133858
-0.164542258915055
-0.178027827182368
-0.187275774856905
-0.258385457285897
-0.292274639475529
-0.246333611448949
-0.236084103439013
-0.178451701333664
-0.295894934571269
-0.155027903082792
-0.223970738868838
-0.278258718532315
-0.260104434886528
-0.220963260043146
-0.0594742314006141
-0.311289072482926
-0.23663749787078
-0.0320259626128617
-0.165955245769342
-0.321540173434666
-0.0752290052793294
-0.154062803798225
-0.286425047927041
-0.271992456937232
-0.00342564981914099
-0.312829353324794
-0.234878949993205
-0.106997875188481
-0.207623447037202
-0.0771039175789547
-0.171480912219114
-0.169071791742214
-0.132237593194999
-0.11645858044015
0.127105392641818
-0.0440600502858273
-0.0843308333919399
-0.182063167841254
-0.145424246533769
-0.142467958813869
-0.142734028013232
-0.154500646638144
-0.123884579729466
-0.204402870753275
0.00061098496901475
-0.0473310499848088
-0.0453181514685672
-0.209431888512959
-0.24718086239851
-0.175328169891768
-0.111365533290371
-0.0776336199584279
-0.11597681861961
-0.117134895991676
0.0408499281126084
-0.0485263586580771
-0.151199125438254
-0.114578392142129
-0.0920142039472334
-0.199619568511934
-0.247113519896946
-0.183460099611245
-0.184112314703699
-0.2303922845272
-0.158240380777601
-0.27129327608588
-0.215849124828103
-0.128541060606725
0.076228340259262
-0.0828736478055807
-0.0414724455935755
-0.141754256427525
-0.0140092143070528
-0.132845447973139
0.00423918796007436
-0.118934838847364
-0.143595677918081
-0.147738707783385
-0.0738246106865896
-0.0350028261441884
-0.0825352308169505
-0.0422524307756058
-0.155786048612139
-0.177689869262659
-0.126032757922729
-0.00651695834008195
-0.0436280722182894
0.019939833840608
-0.0649526063023796
-0.108042264859668
-0.0137705312095175
-0.00513155462363609
-0.330743488958563
-0.115099532993078
-0.243113638464116
0.00822899475354209
-0.0559232628142371
-0.0625390750508288
0.000986216393686148
-0.119399658255857
0.0450149253436469
0.0262549774987301
-0.0561301642505218
0.015273452623592
-0.186401505520517
-0.0279257825150365
-0.102782947234485
-0.179286834408445
-0.00062319403733028
0.101401940541076
-0.0179138735678975
-0.135585769448085
0.0718940595068929
-0.137490720525493
-0.174502102266733
0.0417251867791694
0.0179614137141389
0.0321963468019854
-0.0438917129533109
-0.0242120990881035
0.027752863090712
-0.0355324050987106
-0.0711741647415244
0.243594472256583
-0.173941782120177
-0.0363528381151063
-0.0376052659460467
0.0508651340919765
0.0476407624521691
-0.0460126334951991
0.00027922345390863
-0.118086197448389
-0.00878393501309614
-0.0371022389716745
0.0631141817039537
-0.00440975282892748
-0.0140898788011573
0.177571462331606
-0.0793757172493955
-0.0176376887798782
0.0173053130002631
-0.0764685104144078
0.0077765315213186
-0.0509754950260733
0.193149853721904
0.0917822710062074
0.0713118945009647
0.192710766137713
0.0413707882087039
0.0194091368211314
0.158000772905931
0.144693698090297
0.0954476919971261
0.189072815939297
0.121273523374955
0.0623161554327815
0.166438053410996
0.121795129191295
-0.068213119367576
0.128207090560697
0.0804617588336613
0.0388385293554027
0.00302081243725974
0.11063424786449
0.0884048624126566
0.136167523316625
-0.0214467278425711
0.0894236345521542
-0.0234699959120021
0.203043098691083
0.096324070273756
0.123599111677038
0.181403952112317
0.0396940514422568
0.140287307831516
0.162828089504793
0.126721440256268
0.217392395771009
-0.000700934883589205
0.00518197294302733
0.0604563152431336
0.0494558493623769
0.367435593272256
0.251345660188562
0.248079317922194
0.0403512681188044
0.175063211113382
0.0213556042841071
0.137152031052072
0.258406136962113
0.00126183206227484
-0.000236784963543413
0.12301600613716
0.203125707151215
0.139850605106246
0.155376316271911
0.194619299500735
0.23217029309784
0.185458762385996
0.226695431623473
0.0677596766576469
0.175079108014485
0.0937355855372653
-0.00580947827418084
0.146599434615259
0.0887943109639578
0.17902629946761
0.286115108514763
0.199297193056295
0.194991836892311
0.281044489827788
0.19811658774614
0.166717357680609
0.195430122290106
0.225677824561512
0.200945022611355
0.145082180745492
0.118202597728252
0.194613121876091
0.216666432209717
0.225347975377327
0.344991671755842
0.260325935663813
0.0147806259271577
0.227204924523534
0.213561486833806
0.361558122038551
0.143496221529093
0.246245388804494
0.27994257581377
0.14717849963564
0.377082392480199
0.281032630509783
0.227171384138613
0.250602109830672
0.166112833340451
0.309232818905304
0.434793553750583
0.337544310256287
0.168237086969352
0.261852528279308
0.238584192166231
0.309578518517708
0.289209783245673
0.385232414951559
0.16815708080817
0.331599494257424
0.339151083789624
0.185155522153751
0.191498271360016
0.245069549177889
0.345710748962173
0.227440205371141
0.413884797872513
0.290212250958632
0.459168319831399
0.248900946271318
0.260754004581649
0.292166024014705
0.269718479747075
0.225048918408727
0.239270493759691
0.217039299466407
0.383417474724251
0.41575960924563
0.348535219429742
0.231177300643266
0.442110772334364
0.531922609092565
0.409932794767757
0.375032816369739
0.345551132625726
0.0808263440554333
0.35272795942249
0.38287335302336
0.196254993433034
0.444852263702461
0.337225332741582
0.363425806628941
0.378059436642981
0.319048095029412
0.426893005834665
0.294804900036442
0.342774658248729
0.301503303059824
0.289070183060701
0.373601150706827
0.321551761530142
0.393156248925639
0.373030423684141
0.269228772693716
0.431501221271736
0.313426635702772
0.289081694645798
0.330080894286645
0.348619239707559
0.387308177660281
0.4699719477301
0.321822040678265
0.389100441365797
0.385077405554125
0.51285945896602
0.427832366565687
0.384573890320336
0.395124230518447
0.428971117003963
0.345330937491421
0.386092845216801
0.483145306244233
0.295462475817401
0.478710020780039
0.386028731111346
0.378074547436822
0.349943472594808
0.388443343294199
0.455493408904846
0.433527064902625
0.493663771265408
0.330782615714968
0.275669877334708
0.385387875943919
0.598846778587063
0.377056125977091
0.563658113943696
0.344044527291432
0.275618382342378
0.345955515459069
0.436641588550391
0.420161498606577
0.402402699259128
0.33158707734149
0.461827864464414
0.453045012965068
0.66047568724269
0.4731213990372
0.484772490724023
0.469336548631014
0.372231471457184
0.514047305203135
0.438183891134739
0.3420774888913
0.539901303504944
0.619476933156257
0.274060702063235
0.502804619279436
0.451892803542435
0.620289361613235
0.307788434510708
0.420076193192427
0.524539394475034
0.443235238741921
0.512918003614745
0.526903811913418
0.361124466952861
0.550115849217332
0.521699420045107
0.539172962931892
0.259162041085383
0.456321566287275
0.408526284149592
0.341589133033085
0.571293979739675
0.38776739386717
0.49185391943657
0.554137047508789
0.427793309351645
0.350883954086939
0.593761750513771
0.46874961819203
0.41891367195691
0.546534647661613
0.472788720198583
0.487547970062871
0.34702105307634
0.470062996013567
0.588911740686957
0.483120449596197
0.557774713899165
0.524266771844136
0.464331495429109
0.450408040882808
0.576850444014197
0.45006196121677
0.541261913991239
0.55380743547363
0.581117961747619
0.50898819157696
0.491026552301877
0.492289216568399
0.4095009759435
0.540562670136292
0.546497217579328
0.643936990044253
0.640014219539885
0.573129850552914
0.358107576839659
0.557058348566373
0.508913756186144
0.596721258819318
0.491283457991673
0.477818489416114
0.602007000189256
0.573793420578217
0.437043538197718
0.575815297384043
0.521986706414454
0.637127910152056
0.534371504912916
0.456314945378792
0.739727704112639
0.615859377372176
0.618148868263202
0.556022312914726
0.641049608810199
0.510615642007689
0.61037322731456
0.455034091513319
0.66538867180994
0.545327416288908
0.557774603081311
0.650663185808478
0.783870407191305
0.629819774376512
0.722271230267395
0.55462663206447
0.560925725271969
0.676764993154723
0.656698600215988
0.765124838663992
0.724472182864432
0.590849648882337
0.660179643552948
0.706755211774578
0.516675074904493
0.641786966415242
0.535869567618997
0.600055118660202
0.53257223565946
0.556668285828407
0.650785197201135
0.504714433717248
0.649462427799771
0.769456410370898
0.572396515718507
0.736197728151284
0.757765632159531
0.682677950230603
0.656085824814457
0.612696713458297
0.595120878559337
0.67407322724413
0.804795570140125
0.645870144901531
0.563335360138655
0.701609027691876
0.582246946862199
0.513946644219389
0.624480221804737
0.607763564621289
0.758268811133217
0.692091404574749
0.620569250760839
0.560441935092072
0.61176234223932
0.720745259680807
0.674202742272275
0.75016896260725
0.690286145584213
0.728553705044326
0.870518067699301
0.817266507376161
0.563514490998102
0.782079634715636
0.722713710588066
0.790068638840438
0.636452631361271
0.727152636653666
0.777176392360059
0.737367318006373
0.75294206587378
0.740894982320799
0.684792006376488
0.726100354731182
0.769074159607239
0.696919459546791
0.692682295301828
0.730127243499185
0.649383465673324
0.728699827941354
0.756866275149766
0.69822640538483
0.685053958292541
0.669231188716435
0.834682649040856
0.695441345742466
0.664565834806133
0.732835435784602
0.600624271682435
0.661943877129202
0.767096128590388
0.735845864390842
0.77387383715966
0.615996733924496
0.637113143062717
0.641511954591632
0.766488169114833
0.720831415456913
0.881456223751796
0.793268566462955
0.76294097672753
0.871431327304823
0.655412460794386
0.742405278394904
0.778358784936365
0.773036812402958
0.788148740462138
0.887717614015958
0.776227946247444
0.820916593171706
0.748520590621841
0.830596737260543
0.991883536964096
0.906658623064469
0.869165877760658
0.835616976836111
0.933204056006258
0.775882296702596
0.789444305737698
0.808604335570507
0.816937188431116
0.939195572758272
0.775542359017668
0.797964702826067
0.828926386759918
1.00732602366243
0.63770265552619
0.831012096849751
0.789933900315465
0.871163635573267
0.83873179464241
0.835898235109105
0.779839257630088
0.924492319191794
0.609250354517564
0.944988593714957
0.875920594203776
0.65474379071146
0.921791007481767
0.920363049192062
0.940643001561808
0.871884636444721
0.949834303667188
0.76216815223558
0.790831795792298
0.887612081381112
0.980052442574983
0.92460318001093
0.85210469761817
0.991158563614332
0.850447691685153
0.794614146959484
0.963560279053405
0.948758601752441
0.815203458273302
0.842556237360581
0.901463887219013
0.969272260540769
0.953111990106349
1.01861940006873
0.998045319899974
1.00743459036558
0.942881370562069
0.840662198528272
0.895776722980892
0.9451782343685
1.05474660919458
0.938917519282073
0.922504018716602
0.976521201600726
0.942845002111804
0.994915030910844
1.06350379287404
0.920725887328557
0.890312644338746
0.821711066237928
1.00646411328086
0.961559389738035
0.931711439414311
0.885887536320295
1.08736324056665
0.963736773015007
0.945374556837254
0.911492391713643
0.93506130682853
0.867487579106411
0.919220062035458
1.04531379217685
1.04213019515767
0.84463717413837
1.07543495999065
0.98940695702294
0.828076662800998
0.916826604152313
0.931030623013385
1.09243745839268
0.974856595259445
1.08861006436692
1.04698882161669
0.913872686458626
0.777701378374511
0.985629932098268
1.10999040562732
1.1197993340681
1.06657634157826
0.933312783810537
1.08487277584928
1.03457497241056
1.00192456141387
