"x"
-0.966454986444718
-1.02728218447328
-1.1457951627924
-1.09653729767869
-1.05525496213262
-1.0144254347706
-0.931707532358043
-0.897786610693771
-1.0622464963426
-0.951411904614961
-0.944274097656236
-1.10601140001187
-0.942519391499451
-0.853583408225521
-0.794684128660447
-1.04583892437521
-1.06155099291706
-0.912324096358032
-1.01031025220985
-0.797474353500747
-0.832285094404005
-0.889463499850612
-0.954130030639347
-0.975135080657238
-0.825226992948776
-1.0847100005255
-0.957091480993456
-1.14255875506715
-0.964324257210864
-1.01201106589206
-0.925951114247223
-0.871948843990343
-0.962547739936674
-0.988887762173706
-0.875955334773292
-0.990513765549573
-0.897222598489049
-1.08781376501533
-0.859831564461139
-0.915567931199803
-0.948129366730978
-1.04580270818067
-0.952196406759073
-0.972388827972346
-0.905602471477896
-0.925698018107346
-0.891517186515616
-0.673492255012089
-0.884031186071742
-0.949824662365462
-1.00389575425114
-0.914390477424714
-0.824914112947675
-0.809837440091816
-0.911037637566385
-0.929293124314287
-0.842741954826737
-0.873679446517096
-0.877524646683141
-0.781050045085091
-0.862821882089538
-1.03570308022644
-0.88144528360064
-0.844730383916158
-0.884842388743312
-0.873240497550325
-0.819531721467262
-0.876700603503086
-0.832558397195219
-0.963035243895437
-0.695732605128295
-0.72478246156432
-1.0013277067894
-0.895870003821376
-0.792784158485339
-0.86098595025537
-0.948483894210546
-0.727589352084818
-0.87703189882703
-0.800798536047281
-0.799763561474567
-0.763847103642241
-0.968899025454432
-0.743955450159952
-1.02454154877353
-0.806841890322688
-0.985525143547495
-0.82709951475245
-0.752673182114437
-0.728342207545189
-0.784720093240254
-0.828837915603579
-0.818052127755342
-0.800356270311904
-0.813107149929668
-0.794784287185832
-0.75461144365048
-0.669416352663199
-0.906926657106026
-0.738492059747074
-0.760110066182548
-0.834670166081783
-0.619119711196883
-0.682499000731585
-0.78337428371492
-0.774153916726463
-0.728412595507231
-0.673280411819368
-0.815824720787682
-0.753157001010871
-0.608018321058916
-0.836291716914038
-0.852680594453243
-0.774718796151559
-0.875306263310731
-0.85002711348662
-0.756741164089287
-0.777702357484909
-0.622181147267405
-0.76365185342336
-0.628363090052536
-0.899603797249016
-0.838956329121521
-0.855123199044933
-0.867369486783625
-0.697491033072769
-0.870899784324568
-0.74923705081937
-0.801621455305464
-0.672156692226797
-0.6946376613673
-0.733018314097682
-0.67153640855807
-0.83406047829673
-0.711464850245016
-0.751142645124578
-0.665301499014109
-0.809491771180431
-0.665805200663943
-0.645561529670309
-0.630183357744941
-0.569444632317659
-0.880035123555797
-0.54977477836688
-0.657373477834753
-0.768356979352154
-0.78379125087848
-0.695249875685914
-0.666529845200439
-0.647855382018915
-0.57296418809888
-0.585545968757492
-0.653181631520141
-0.75533152450383
-0.735312127955182
-0.64096596832098
-0.676920854643363
-0.605893331608981
-0.677426966261749
-0.665838197369721
-0.776880350776766
-0.624547121067532
-0.67821281307098
-0.549323044698536
-0.600103556469283
-0.744700752944712
-0.734105183975315
-0.627549174548945
-0.75913685156812
-0.748133362046888
-0.579824094225803
-0.641123083870825
-0.529886385511052
-0.677731804266159
-0.715766503119249
-0.643868780050583
-0.718165221821858
-0.608762237739325
-0.808780282585171
-0.650185698355804
-0.71744129438962
-0.600001097000532
-0.646036456194963
-0.699660692635021
-0.670160181609999
-0.592024945442568
-0.612612364887949
-0.572948283059023
-0.622754265323016
-0.755760462634715
-0.637658612249864
-0.741201441596714
-0.511903928463814
-0.612189581927676
-0.659339138669973
-0.596202018918661
-0.675687686182521
-0.557740680719867
-0.623473191926427
-0.714111463460749
-0.698013113785274
-0.519781131479608
-0.582180201721616
-0.531021712848165
-0.683662615561775
-0.651562428222737
-0.392689011430463
-0.593844768729408
-0.466649433886529
-0.313151693697325
-0.505704852674986
-0.522310654265665
-0.646663914517852
-0.518891666488689
-0.634597520439892
-0.530720678329525
-0.357967927208325
-0.50394610608263
-0.71225063755941
-0.710316839246775
-0.640473920815477
-0.602346790132825
-0.392851645857507
-0.8027508631869
-0.717700205672805
-0.63034785599745
-0.426916890987296
-0.525457133389545
-0.387041684910537
-0.580541622806372
-0.658743918595563
-0.656293149544011
-0.609774382699851
-0.593576215997336
-0.529072234744656
-0.440224152733871
-0.717255260708426
-0.476151221358034
-0.531461672349247
-0.476161404667957
-0.524578422771945
-0.580376875613688
-0.495797296352293
-0.60157177814636
-0.586073693743282
-0.353470542900459
-0.52867215314483
-0.407795191729264
-0.444024791865595
-0.668390171511634
-0.400383904344423
-0.471956025105278
-0.420749014699988
-0.37788709332538
-0.644938617210525
-0.481950759788117
-0.478843046919028
-0.506383136240568
-0.464568326138763
-0.381806616825488
-0.59698724076636
-0.521081280716088
-0.263787882163169
-0.5276631088484
-0.638460352984755
-0.578790761949258
-0.399564342681624
-0.525671048480163
-0.560211869624327
-0.464656559318199
-0.450651324997341
-0.358824310320101
-0.400930482798377
-0.423358930456927
-0.421867858248791
-0.659285399624715
-0.437294151256909
-0.500254910118297
-0.443569911905253
-0.452464344829104
-0.41612038492176
-0.449782179220206
-0.500870519958853
-0.412976243541741
-0.471406550294181
-0.471474931237321
-0.378666224540713
-0.432162939365434
-0.341243639697096
-0.633138183493679
-0.486197013948375
-0.399225795928046
-0.606889318782991
-0.447016153502515
-0.374724664960253
-0.44766184495404
-0.447130824624237
-0.451489720446584
-0.330939812680249
-0.547072747659557
-0.447458611079662
-0.450009576342437
-0.330633831915415
-0.413407911483042
-0.233921851305285
-0.364101795872226
-0.546755732575896
-0.181637667234931
-0.330954212653598
-0.332460591247765
-0.35574013459296
-0.342644956360789
-0.399397377876066
-0.218971976479652
-0.411429083249936
-0.345012993743979
-0.345445291103021
-0.154349162347375
-0.461014310941022
-0.4156671910701
-0.301095271967264
-0.368942666643856
-0.331721581681889
-0.4435991080856
-0.427630130427345
-0.412411000246192
-0.194711095582649
-0.279519654115364
-0.374380336351068
-0.456430293254395
-0.190712062993471
-0.226390652585234
-0.278100325673893
-0.296670800138048
-0.299210705194737
-0.353021360319795
-0.283879394830457
-0.262713940102094
-0.325335532403877
-0.232825426142827
-0.303652284743871
-0.264448302500968
-0.337812646231488
-0.228314040452298
-0.354836329120103
-0.373196917948461
-0.277840031075485
-0.377461004190852
-0.258205142024053
-0.429798746568433
-0.213776882596684
-0.287993220685115
-0.301756927779049
-0.165606885945889
-0.426225448240522
-0.2931196897628
-0.252081437647089
-0.314932341785608
-0.258424183452381
-0.275885093863791
-0.281579523622407
-0.37762137052645
-0.285686323482486
-0.133202743583482
-0.202085629499407
-0.277496451675182
-0.310370546403718
-0.212675378718421
-0.201068330840478
-0.286642468792602
-0.227927540850614
-0.290705396213766
-0.161238280086899
-0.133378052529771
-0.279527951437725
-0.283986836401131
-0.173307494656896
-0.32515913687488
-0.169717438166028
-0.235931809400843
-0.247242607077275
-0.305405275061616
-0.159491937734632
-0.195506325750037
-0.192520895304432
-0.253073664772497
-0.293941980229937
-0.246188621795414
-0.250409228712212
-0.164120336074319
-0.290583870922912
-0.161329499216932
-0.228509637182871
-0.268534361404122
-0.274763194767136
-0.233117413719207
-0.0476474290728858
-0.316884342118822
-0.261549823376102
-0.0143839928764533
-0.161876666920022
-0.306516719611717
-0.0707746910305559
-0.151250626034822
-0.27622518273399
-0.265475097847766
0.0225121791255247
-0.3239067817914
-0.214573345151616
-0.0988788865139501
-0.185084608378729
-0.101003142574182
-0.190215007663886
-0.175367172884653
-0.128508572354156
-0.128806347078413
0.117766203542397
-0.039284682269686
-0.0746075713701318
-0.180973538991377
-0.152579787202205
-0.138889819282357
-0.150354481504066
-0.131036683117696
-0.11815144229042
-0.208962807850675
-0.0275990690535726
-0.0474442555285297
-0.0497393172885383
-0.181479656796618
-0.245118798911193
-0.164680349935381
-0.0929129597412327
-0.0726969292331216
-0.123667939374175
-0.108425971788518
0.0262125409615128
-0.0737123629473767
-0.108905769022719
-0.122446365128188
-0.104584521627264
-0.207889207134183
-0.246986142373359
-0.186830648727952
-0.174161493567478
-0.213346016293148
-0.159619720639517
-0.305852678756499
-0.203769501108185
-0.14397719656907
0.0539926952863135
-0.0624970670719076
-0.0298445894112372
-0.121598985510283
-0.0417035527313738
-0.144350592864946
0.0119576719723441
-0.107092408582386
-0.119499525987664
-0.15945699461405
-0.0923020038439117
-0.0207498137578442
-0.0814860198531354
-0.0607389967505758
-0.159822425589101
-0.190237315333079
-0.138293414796743
-0.0187388788687126
-0.0375338478939371
0.0069432404207108
-0.0973233680427217
-0.122512749844659
-0.0347024651123351
0.0045025648371955
-0.31656035692692
-0.132320917235536
-0.260246361397936
-0.0106462831330823
-0.0485531422489485
-0.051158353345884
-0.00667817206278459
-0.0919187274981366
0.0605496439638644
0.0125863117441409
-0.0330725636892343
0.0022097975730275
-0.175988352339312
-0.0471502014743245
-0.0727946247972678
-0.185387704444184
0.00727208416823542
0.130255787772266
-0.0144072061719916
-0.134253781084729
0.0594855303592751
-0.142294993053504
-0.168078692809708
0.0555128552639451
0.0117656374088149
0.0322671567632763
-0.0460644958416194
-0.0153082920833077
0.0203662661013058
-0.0381693702269996
-0.0639579142711752
0.239476380109629
-0.150917421210667
-0.0312553762943195
-0.0370294904233361
0.0706125568441874
0.0337685258938756
-0.0743073943788888
0.0246562849983939
-0.135572407585926
-0.0165818153634744
-0.0231977891533325
0.0416631818617363
-0.0264828354771739
-0.0303606138280216
0.175472179844572
-0.0979547888200501
-0.0147857597021901
0.0276110710988363
-0.0711052451556009
0.00383858960006568
-0.0342720998601157
0.180565313855404
0.0884285580035904
0.0713463477699931
0.178624679956791
0.0541368945446303
0.0404121897202779
0.171291054695429
0.144368181731942
0.0908235001416037
0.187009770083685
0.106225872925451
0.0741968609350822
0.161121767176948
0.116340961804259
-0.053547205514908
0.131561542952955
0.0850934494280269
0.0404134052881571
0.0104976830319347
0.104449880195983
0.0707928600171445
0.142062221868466
0.0158040361110271
0.0713786405285625
-0.0036045652420888
0.188109980678949
0.108509003946991
0.120451555171307
0.180602275008152
0.0321573987358174
0.127474699217507
0.16213908958419
0.160817473154115
0.191414597858248
-0.00128729458463428
0.00172454126279629
0.0422675648681182
0.0662903698601364
0.367227889283177
0.262799539319026
0.232973818209434
0.034662384193822
0.174348573019567
0.0319066187177529
0.132518544705624
0.271620043835086
-0.0039693950707249
-0.000404815895333428
0.101983380908919
0.202164512654092
0.154943429350125
0.139305825623027
0.215527685727493
0.253064170856969
0.173756216805909
0.216388159212343
0.0975571760592771
0.192201721607385
0.077451243597159
-0.0218580651932933
0.140158657064558
0.0746577033987359
0.17857493447421
0.279099338865621
0.211600484962993
0.184136926758872
0.267667952235875
0.186616794365143
0.171954275889249
0.203295246066955
0.211433844880647
0.197997017801597
0.135884300854084
0.118076769902025
0.190687496226327
0.235649583965262
0.218434192013667
0.341823666559237
0.239903421565598
0.00142940197907751
0.227724172300516
0.226090896184662
0.378206256941337
0.159615282777288
0.241775659332373
0.27816739881447
0.13453329286006
0.381768519717915
0.291118921765879
0.228060259751279
0.257065508792963
0.150130388292086
0.308567506194663
0.421507665597778
0.346718392998617
0.165216090137447
0.267557072133254
0.24047811563011
0.320642679414569
0.284061822209796
0.40258941114423
0.177161931164155
0.330096524960065
0.327933264785479
0.201200255432444
0.175827911631539
0.249849364102967
0.354222602306932
0.213812830895037
0.404949159739629
0.297414935180832
0.463291912252265
0.245897646191275
0.269328984683957
0.270855300967586
0.284421821270587
0.212508391724245
0.245866662718011
0.207174069035732
0.369470869951494
0.41878085493875
0.370846631528514
0.221482824976895
0.444613228463383
0.52394788607045
0.400631167008955
0.362558033391352
0.357792859430797
0.0691761674595111
0.337415841089957
0.382441929247893
0.177643524315821
0.435276505057539
0.327566332093396
0.344473541038664
0.374814242382046
0.311705073531223
0.408459508286114
0.299632247189542
0.356240559965044
0.295878121270064
0.296298088315756
0.40418960488917
0.329407678970839
0.378223003750985
0.369426888528011
0.262021586420369
0.442288621383104
0.322925921879266
0.272844208636574
0.340018152839433
0.375117457554288
0.384729320531187
0.465788197027099
0.317148893452441
0.372470196367921
0.378996704822722
0.509174507423609
0.429283271043844
0.399456975945915
0.372454528820367
0.424109159113693
0.354898801166846
0.407609769998042
0.491097938715922
0.284717556374622
0.470319246216076
0.358442398950408
0.369063487227275
0.356780234088021
0.365297957801188
0.470426313641266
0.434580470238802
0.49585829258754
0.329942799419849
0.270951236468398
0.364041280862871
0.627913679905459
0.378262840389142
0.558165785464773
0.350182405606503
0.290044604279627
0.354996476638847
0.45120271815658
0.439748949164692
0.38909999070654
0.343234086652898
0.462024800911449
0.454801572073992
0.627537013455108
0.478395609839993
0.502556746559474
0.490579454098834
0.381942705263011
0.501449336264811
0.425420508914345
0.359464128644128
0.557313647363542
0.634797883819993
0.252059259047045
0.512732689838357
0.466514421823724
0.606341444372323
0.32242790023574
0.405981860809205
0.540766188492695
0.449957593781904
0.519484827924521
0.514628231807241
0.393001314020178
0.571954025147071
0.544082060779111
0.537380996845135
0.258886815863248
0.441953883661948
0.423942219768471
0.329960627968235
0.55595110933186
0.407968666391994
0.463977161922552
0.562621717865309
0.408464199840409
0.350933382565038
0.582065238559055
0.438053860055785
0.399113732725917
0.561551363463624
0.477359323676471
0.484236208092173
0.331562616243828
0.477186607940147
0.564609044198734
0.482616730802186
0.537006588514187
0.527697392953219
0.454863785762911
0.457100939776881
0.569206429789424
0.433542854561598
0.523545325533236
0.52978286881309
0.565886942730362
0.501752618375053
0.490118266945231
0.483807146835442
0.412329038036492
0.538807995878396
0.548189346955456
0.639993967450322
0.649346129681008
0.5809566236888
0.356433374211524
0.562728645971284
0.506175611031021
0.607201421012482
0.49032472572907
0.483571696359083
0.623437510827887
0.57345695415395
0.432209792238645
0.575370530838717
0.493515736339862
0.629331278637984
0.526938833861044
0.464600698128444
0.731943856578725
0.627376811269991
0.612125932468625
0.566347420227153
0.645250207780457
0.512486515392056
0.609273715371922
0.434967546170025
0.662901544934395
0.563759476270702
0.574097556117159
0.64608179084973
0.794600362994565
0.629426909692856
0.710278314614065
0.579938654274298
0.559484149436627
0.677982832645572
0.674240948531618
0.744584354452537
0.74208191111249
0.574621058755302
0.647809301787051
0.714651407079895
0.513300773241827
0.669012268395787
0.539679667174107
0.592073034880256
0.548043130063374
0.533256883445866
0.638390505446372
0.517238735617049
0.653192391046623
0.786940304550159
0.567977237221163
0.757953674829093
0.762748873894898
0.670325536533715
0.671298680904852
0.611296192803806
0.594063232745552
0.663658582963175
0.820181748446426
0.668133495601077
0.549374524768715
0.714668459806894
0.588146617609262
0.516788836474081
0.63270695036891
0.622615467288698
0.764160912752461
0.706762052137418
0.611191979883696
0.5710904354249
0.5953281633866
0.730021666230648
0.671818025596205
0.756965653124955
0.697672987234261
0.72759534775473
0.866024644067972
0.80890003325821
0.555361289007888
0.807126681367228
0.7062568834815
0.788044751219654
0.658352875453609
0.725004756010371
0.773798874417748
0.737384508407104
0.745266461731612
0.735924462657062
0.691360871149926
0.716083433647692
0.789671098449035
0.70278166272354
0.700269905725922
0.738776392662797
0.657087366183646
0.721724503227443
0.74401190005902
0.701276740962245
0.673906070209756
0.640030340879036
0.843171815340346
0.681972734408446
0.636473222461381
0.740064682055004
0.604200889934641
0.662214662442532
0.74168418239525
0.71225412507016
0.757176466169355
0.618123086972555
0.659431142959982
0.630903809341262
0.785653788839985
0.728278822421178
0.883695838865227
0.775112565612066
0.746142382902301
0.886269938779366
0.682405018251759
0.739522887050236
0.801505134691016
0.784247178289857
0.778838824061765
0.902199321941965
0.772874151959524
0.799542670142242
0.724860307162437
0.799087973829052
1.00211550516828
0.916583727528901
0.843414439004951
0.826211778689349
0.918550965495763
0.773636882089393
0.79599257833285
0.811152020448439
0.822855447670257
0.950799200216257
0.799957303194748
0.789250098104345
0.85325489547828
0.992816859148196
0.642363668927361
0.837744205964076
0.788864403234349
0.877367828651747
0.813555306256368
0.829777729696656
0.792150110203899
0.905761141550666
0.618478620702982
0.924800789455714
0.863042103384611
0.670759565966225
0.897980263818167
0.897655743050948
0.927880341754827
0.84273330386298
0.94688992020956
0.779959536469028
0.798167901639702
0.876880195482098
0.98427293794484
0.922336907469658
0.845367175739041
1.01098941895189
0.824414958161683
0.774129655964738
0.966609982623022
0.946305357713251
0.822376483919179
0.849480552474984
0.897787735608235
0.985160457153223
0.947808562800849
1.00344062284038
1.00490212611955
1.02030676529454
0.935241262106972
0.843305588192796
0.910456259653785
0.959168474913668
1.05821756864079
0.922472537819739
0.931057721094006
0.972911566246109
0.945948017100883
0.982276843580531
1.0926197283761
0.938249670738842
0.906045680652026
0.831931742996995
1.01239259653828
0.959482831343181
0.930894979182516
0.902593111546352
1.08803166215069
0.964923534083369
0.970846677312811
0.909171806430917
0.949624988820177
0.867298177010471
0.929941472593707
1.04517747591753
1.03288056157505
0.84326704217189
1.07472656393617
0.99263739910248
0.824332131642386
0.919634815607094
0.938161255059638
1.11018656517054
0.973275061769566
1.07478228503648
1.01278537105924
0.890145256996082
0.776458108143094
0.996614378103797
1.09818595785129
1.11662318571033
1.07904781112681
0.934552136362352
1.08065080351321
1.01014483763818
1.00316209136514
