"x"
-0.934124045435303
-0.836878278961994
-1.07623028535735
-0.868845244356365
-0.887307669275597
-1.04232050373228
-1.09860458742516
-0.941366666011647
-0.914145600145602
-0.898248181583777
-0.979850557725134
-0.991014150617963
-0.951885820499635
-1.18382419048463
-1.02217765845496
-1.01404195511588
-0.987041671656152
-1.00862138973689
-1.04702152060961
-1.03295785499299
-0.972536333667845
-0.847395512287088
-0.96535147148755
-0.866178508111196
-1.02288419349712
-0.937158992730354
-1.06222740756561
-1.04185223323348
-0.962381993264627
-0.882690708807545
-0.955988679317229
-0.817302259336697
-0.858561074883932
-0.890906368591054
-0.789288815956217
-0.863199531822532
-0.720485559136297
-0.996981760099996
-0.859011920655461
-0.872925255342642
-0.892868809183462
-0.878461637024816
-0.886723125866981
-0.888261505092832
-0.834952527941208
-0.825865132620435
-0.920466544612982
-0.956578049126172
-1.01389285148953
-0.795038117118702
-0.866421125125196
-0.885335979447823
-0.71196210595084
-0.853458751542299
-0.822073398715043
-1.0080307759009
-0.89961562446934
-1.00644097760314
-0.827631723099103
-0.887703676879557
-0.785321383690735
-0.931939805646331
-0.81172403253987
-0.927427385669002
-0.973679289839165
-0.937039355181368
-0.817722710302947
-0.909191722353554
-0.899666414557509
-0.905270577839698
-0.779944647690894
-0.824196772775846
-0.970677994289628
-0.81046362343672
-0.726212689775022
-0.838336730115111
-0.812974027888624
-0.777201066210369
-0.706322546166896
-0.864525063349304
-0.812157121100456
-0.707362548529994
-0.90798274307161
-0.772131327539891
-0.812130187473116
-0.870894053258309
-0.871606866722455
-0.8627871122016
-0.833936507098268
-0.845471931605989
-0.713370305605446
-0.898678353188905
-0.901080719635492
-0.722678368521007
-0.873236378582563
-0.761025503253257
-0.745882837599941
-0.671115857173901
-0.7527259615038
-0.875827500891967
-0.809308286009422
-1.06506747128979
-0.727624912326386
-0.785394384023368
-0.554884250385322
-0.742145140881352
-0.84472957738481
-0.807975582446098
-0.746916480377498
-0.794639990361062
-0.728697507816238
-0.78498287282819
-0.783117549647951
-0.692356281015623
-0.808203871319859
-0.800697902484386
-0.723213053414542
-0.7782253319188
-0.644631717811138
-0.857493340430527
-0.637111959495352
-0.853679255780151
-0.879661428914621
-0.680459711432782
-0.881642754885055
-0.760953853457405
-0.77659470260383
-0.59884935756484
-0.862218782549831
-0.659713913574252
-0.691201416840175
-0.690080959194361
-0.68881653580312
-0.679877776777069
-0.715654828153561
-0.663278808139499
-0.728142753136957
-0.769089056140941
-0.702694272428268
-0.865048051031446
-0.775280924398837
-0.760001977303724
-0.693402776050774
-0.803335903965082
-0.705186841233172
-0.414110001397887
-0.664863058982386
-0.757560514691214
-0.782247471432987
-0.681467784670349
-0.764374140492931
-0.618277463584475
-0.769862231114586
-0.684274595211448
-0.751736842620261
-0.672579315585923
-0.74817013141794
-0.706991112832334
-0.79806324850979
-0.763456344924034
-0.753267170216621
-0.725981466734038
-0.588283178842123
-0.623460374819563
-0.556027921814781
-0.766177486393079
-0.593834005124004
-0.679949037533715
-0.649776749896318
-0.653920089554958
-0.637748997235487
-0.700582337854544
-0.679934818716499
-0.741732415021196
-0.738532489135406
-0.616372655356085
-0.680052996960524
-0.598525181464102
-0.733331016159055
-0.676434779136508
-0.773938525950683
-0.651474560438774
-0.712208757966799
-0.560344571627155
-0.713271435072569
-0.661904812132161
-0.598509199663263
-0.521317394382954
-0.657125897459625
-0.56965207020406
-0.577743168824436
-0.467461951035984
-0.612802088414699
-0.445918719272754
-0.715763616595884
-0.555174089041027
-0.615880768044502
-0.711408223377536
-0.504379452847875
-0.543227639482722
-0.555000850405602
-0.563560275672299
-0.671464673234759
-0.596146350120215
-0.608932157812272
-0.654765804244427
-0.532784000638767
-0.68096017445358
-0.695167732881128
-0.563951742078322
-0.553763682061326
-0.551393709785217
-0.469801302928177
-0.504972300458051
-0.566807157587191
-0.445155542499088
-0.602697566028803
-0.524363205765579
-0.611984101367141
-0.501336539400241
-0.674938685356788
-0.560045097022973
-0.667345415302039
-0.475573234747032
-0.517875812838259
-0.586390432227362
-0.582228255984401
-0.500462716649036
-0.61596763238315
-0.564734529404566
-0.563011989797549
-0.504897498622218
-0.390939596215453
-0.536240794274852
-0.522417727836422
-0.509862756157955
-0.430747196683093
-0.509864433923465
-0.52248291931473
-0.440972274927828
-0.471692636058387
-0.565270049352896
-0.4995795528602
-0.630243270827973
-0.551249445018909
-0.486045122935365
-0.571886255153221
-0.472157358951925
-0.546796517294645
-0.441916264273096
-0.546030472884936
-0.460103536367284
-0.384673833961208
-0.346582935282451
-0.574174972945528
-0.416418628405803
-0.513066998745393
-0.568739799888808
-0.473538701770087
-0.439043363259146
-0.513361684423049
-0.488305011094952
-0.330252067280123
-0.669347811397565
-0.546597893066005
-0.473334000711059
-0.537503239846145
-0.42429836914622
-0.50877392930065
-0.37636405587235
-0.3875791227154
-0.533584205360141
-0.546810750026403
-0.367483508913895
-0.399924584968948
-0.521745393024519
-0.45007359999186
-0.396992577744479
-0.334423772005579
-0.482506122149097
-0.417795092057927
-0.283379945039431
-0.414884833243523
-0.396425050280579
-0.435777411969463
-0.424220047109034
-0.486342568005588
-0.501093950409971
-0.513025410309727
-0.371775129349901
-0.547635628346342
-0.420346713668269
-0.282007852634717
-0.515785288666105
-0.433576168287064
-0.428040906016916
-0.514613066697158
-0.298311915220905
-0.491388894923306
-0.406380395398938
-0.419753850030949
-0.482139686418482
-0.482696467904015
-0.337801327647783
-0.442651952638754
-0.385978694490051
-0.494838518274685
-0.446661937950221
-0.381948380233466
-0.532170001297887
-0.425456465900043
-0.3707790121336
-0.45231512905769
-0.394910005886755
-0.61164334153297
-0.34106382766919
-0.258642006070551
-0.293977392660799
-0.340739807513855
-0.474582743999798
-0.334447304380958
-0.330755993325768
-0.437260563641377
-0.263062603135843
-0.43282700781022
-0.353844513812906
-0.418266294839896
-0.349635319662684
-0.218656923674405
-0.280393468724467
-0.337705378762545
-0.33928174157751
-0.317034893095925
-0.416559034227067
-0.253268877644944
-0.3725361723112
-0.324715624494469
-0.284995851814642
-0.364594905908454
-0.297003300653758
-0.277436142882586
-0.377856997194779
-0.254584753695702
-0.196839730166191
-0.267046241077538
-0.372776805774251
-0.195734487745068
-0.244294512414972
-0.430297033247468
-0.321605965000207
-0.24992645004662
-0.33571359320867
-0.355660489048028
-0.33061652821045
-0.171951944607097
-0.201176505763174
-0.155511513711746
-0.162905722316575
-0.214922906240594
-0.482362980567407
-0.332235955333815
-0.191786283834173
-0.283560375528865
-0.281378065935653
-0.292321165612064
-0.26084131319755
-0.290734938066936
-0.108138524349158
-0.168180738827519
-0.218748344136022
-0.428768903136162
-0.266170262733466
-0.125473009227032
-0.255027388804152
-0.384128518546759
-0.249379713774684
-0.433278143203452
-0.19213523710856
-0.255258165287623
-0.0974913540041666
-0.123304119975332
-0.170462438993299
-0.226078136988853
-0.223154893358098
-0.26668390908239
-0.327494034155046
-0.219682398113175
-0.141845360719234
-0.109012307332855
-0.264224978231355
-0.17760954574372
-0.230102472977313
0.0043310145619672
-0.304713339324421
-0.126905030472827
-0.248782080207297
-0.0878715289813424
-0.104777693682084
-0.20051601686485
-0.0599754589070409
-0.241532516267765
-0.289310370512702
-0.275842544897421
-0.113077006254479
-0.16804998044885
-0.111097531069431
-0.122535771688318
-0.129432779807703
-0.331120265560758
-0.210395229643387
-0.226711734568106
-0.2542033985525
-0.0565556726006028
-0.099485049332348
-0.224283266182322
-0.0793308552854541
-0.116874998768268
-0.0985554702858117
-0.205739572345102
-0.176219694964948
-0.193574443864273
-0.307231986325956
-0.229174032561875
-0.184446535144691
-0.296058823098691
-0.118373281674306
-0.0910464642510278
-0.131418561525472
-0.0506586563960947
-0.113383711929339
-0.180785710489319
-0.114559854478143
-0.18829338807036
-0.0683846607637926
-0.174774898833244
-0.125104988383373
-0.0658620180562249
-0.218217300257098
-0.16712111127012
-0.0579410252504214
-0.146821102088739
-0.108914161320483
-0.120516476004529
-0.0395372330955598
-0.0314141147289987
-0.10193095412087
-0.197880605284087
-0.0386956912948432
-0.0571303182371116
0.019804224781196
-0.131934974149094
-0.044860756080985
-0.0844976582872295
-0.0981773092809868
-0.136751778080864
-0.140251844779467
-0.197751937044718
0.0666050342536749
-0.041287844435516
-0.0500661614055443
-0.136643349915913
0.00658606501622156
0.0947162568746518
-0.0251027644635539
-0.0712299924660007
-0.00979832551050959
0.0607951139342369
-0.124426210341408
-0.158937361612972
-0.0497430445861748
-0.199598546665633
-0.0017549199564995
-0.101189136210591
-0.0367345035538446
-0.0151221283151424
-0.0357289991522815
-0.0338201631809132
0.133616741629658
0.0556031368075035
-0.0836883265170234
-0.0674309233211965
-0.0231715013676156
-0.10581579038205
-0.00760933697187603
-0.106154721080892
-0.0743544394163888
-0.0190191295984119
-0.126871864716215
-0.0625556985400158
-0.194265398106269
0.0213921248183212
-0.0489843522962726
-0.0147035909400147
0.016326653697314
0.0971348834948607
-0.068037376583332
0.00556145921369575
0.00552583061556075
-0.0338179849248878
0.0370811082717859
-0.100596951216234
-0.0672409935731045
0.031977968083481
-0.0102823233391671
0.0227267192332708
0.0152555581788789
-0.0260817887731269
0.0382744248661192
0.232231886857111
0.0343211424407913
0.0114960564023945
0.055102670668031
0.0436706322608886
0.0676339345837257
-0.0644399337962292
0.105312058406923
-0.0455529601834555
0.0615940397578293
-0.0652075246307166
-0.0557223398905435
-0.0210553774468529
0.103348721694356
0.273032545815903
-0.000497435212977516
0.115529434059522
0.0333678347132497
0.0392872803200033
0.180064421925633
0.0924181832542857
0.0496248672712958
-0.00968645555493733
0.16476804972695
-0.000271327048222963
0.190125953894257
0.0765186539969201
0.205016089709565
0.210509898087573
0.049696772195647
0.0565274846115023
0.0959050795403604
0.0703083083602888
0.0282126794526714
0.163515659375522
0.170396778466088
0.147666951319304
0.0482967680028779
0.107889719798291
-0.00701749589544891
-0.0722822014006389
0.0971478462459417
0.150631299540686
0.0810293316519771
0.112074431328953
0.224168200293833
0.145345401791755
0.0804062393096593
0.121282031686348
0.0829567523439198
-0.0173571227802782
0.16222440911485
0.128719045186165
0.178973847509648
0.0323739470443927
0.176751500620009
0.330145287374355
0.0614440501761012
0.137958561268048
-0.00407118383515309
0.0935337182035047
0.145853690898569
0.136657977164846
0.13564139065251
0.252531532035683
0.0624786386436417
0.15882924915612
0.181411234158129
0.21849035116806
0.150225107448012
0.114646164389653
0.28087382665443
0.0699464228205105
0.234560403794113
0.201996409926309
0.116986972511349
0.184741148078119
0.306770909078323
0.263940423516155
0.23639757646796
0.119935640871747
0.172504309145503
0.0842510349891633
0.133362701822537
0.128862058896462
0.215361492258835
0.233991450961922
0.217379646405668
0.167284679707996
0.262227608305709
0.259949900972788
0.2167878617227
0.267520484899324
0.190705139671833
0.173543459322989
0.147109291202437
0.230993686724752
0.191371571326265
0.212549697798535
0.28507575124729
0.197761894863537
0.127335827573904
0.208410885692855
0.164197060038666
0.203578276643721
0.231426582893869
0.277366828085838
0.177678741706187
0.19188249261611
0.132065710511362
0.163026473974761
0.257039078286078
0.183015475785804
0.239193407908184
0.280770735374135
0.37025831308171
0.482840430207936
0.257653880098867
0.205103398300004
0.201092802379942
0.2188996280639
0.234223486076351
0.209445261745979
0.15778777158593
0.303859084212021
0.146913344696412
0.364130718294152
0.421810966694145
0.185088770298091
0.240649187996144
0.17680994156669
0.388666293012154
0.266628151291659
0.187102315754826
0.298929844154667
0.305560858306645
0.151870508924623
0.287569123956075
0.347365594215619
0.382759367216181
0.185671665416814
0.317841510421957
0.414403028225353
0.280520543553787
0.239666907107059
0.359928177598315
0.166863964822186
0.41865732522155
0.373768229659296
0.336213292821019
0.474240429038816
0.412104226752119
0.302461257343051
0.318755993662888
0.336909661022383
0.19023005830381
0.383950292627855
0.235246888877246
0.264773696468658
0.373821171407034
0.322586471630358
0.263162782122548
0.391598215240831
0.567003362519191
0.456724328558914
0.268412584655427
0.246316602169165
0.431812602976538
0.372702508065583
0.349616255403385
0.322843892431282
0.395002996698973
0.383725799961717
0.410577866207002
0.343400171963525
0.250625941573484
0.388462505959332
0.380467206131646
0.349134144711849
0.332079606996925
0.419395817015059
0.370587869045535
0.395677385937609
0.315765323562101
0.467204187388132
0.291030179324419
0.340154448724304
0.255969574674604
0.225871142981601
0.459974147751032
0.427176224377671
0.412329439299969
0.329691679421787
0.419036321727368
0.451905961412375
0.500737983136302
0.409517687931231
0.348431952507676
0.443674207256211
0.428260097700177
0.47047903174563
0.443315653150543
0.343241909263285
0.602926468311685
0.418255005108443
0.567615493419309
0.521354724978889
0.508811752326354
0.529537821333668
0.428405101457075
0.467189904876761
0.547432298316701
0.492770022614848
0.420139929887158
0.526365055377838
0.474493460291119
0.492164869852022
0.433600574421129
0.413806186335252
0.31116301193621
0.312846864770238
0.412989686809639
0.406405667543978
0.435208198229891
0.416340346415269
0.514647540461562
0.430877868753214
0.478599184785334
0.466054967935821
0.483010516785501
0.507801490963513
0.547903874364222
0.366701260482775
0.573542164788094
0.53564329054921
0.38403244060373
0.4053826462166
0.380246455011462
0.520408329140966
0.346767354881723
0.621403319617149
0.553788351692878
0.419520488478305
0.506863381836478
0.615923825019896
0.553189628982283
0.545593295505459
0.577254073263267
0.410186281797805
0.415794124258198
0.539400491043838
0.560770317686217
0.419281548013919
0.386674539595445
0.624091317586538
0.566619031628806
0.536414575103928
0.585650361151041
0.568226758337264
0.532090294474139
0.511617850537886
0.595783500268332
0.461808336125441
0.578431150142392
0.536534038821547
0.4376009312711
0.664360234680532
0.56873948282286
0.630421644905635
0.469830188021164
0.498990662490884
0.467387601393897
0.668358159277297
0.520715359521241
0.594231904433416
0.613118849927793
0.521578262306746
0.645698826971217
0.615738536925067
0.606161748276743
0.696148906647189
0.614760104992268
0.691589728005999
0.518682654467448
0.57228472276235
0.369859834973103
0.544788857451288
0.535990707322551
0.530404008323717
0.649687876509694
0.594142514354277
0.674717226991583
0.515232572716832
0.479467878585958
0.620898545451207
0.749484332953031
0.6650404934192
0.657796572607956
0.43545649403357
0.602055996815039
0.628191526884006
0.604114504115948
0.711421651163459
0.624411304436845
0.499922724384139
0.628201854056525
0.654080032312663
0.565053384741632
0.715759036219328
0.780433862605175
0.451389491514534
0.761717128140136
0.558045034343685
0.747142450798341
0.466982233884297
0.594812324213133
0.699153664534835
0.631607133911386
0.500293284311827
0.665206635151354
0.553022903874685
0.727714527631223
0.719618528680531
0.695243441923172
0.558477402275225
0.814798956270668
0.737514508295524
0.536213843338033
0.655296349050432
0.802406376914671
0.786217971422801
0.63724322573188
0.829268917486342
0.580420459179571
0.655154525295129
0.73473121346413
0.605263745138899
0.665738074384637
0.735416650666105
0.696037211623724
0.768979648604004
0.677815378042822
0.66206856625309
0.73958084509338
0.602705461570563
0.752788756163894
0.64788072925205
0.793179948748891
0.675754527556766
0.781816204370482
0.528514199781957
0.852479633360258
0.750439145737386
0.742908603126287
0.72104216272672
0.743421211933655
0.652603839771666
0.69132810776943
0.804541790026888
0.790242088880911
0.754097149796659
0.668228272450492
0.5626330690081
0.575991830404575
0.799806379585086
0.777775673949417
0.677432072231077
0.794627164474632
0.730843623628085
0.672519986227888
0.836576081399846
0.862984781839013
0.697082727234689
0.768796323736229
0.738253781941061
0.699013910745832
0.786884214090925
0.798625369087522
0.854241389247202
0.854447411655032
0.804963090658641
0.751479997786808
0.611103977487609
0.805294396702553
0.536137830028719
0.887598604867967
0.816758605138922
0.894360456960064
0.786074974691076
0.712633195964898
0.778692369579448
0.777550440729433
0.745790367078155
0.782774100780252
0.848766480008314
0.791775973234115
0.742868057775339
0.659910639352818
0.982746400227567
0.724917447358107
0.833705048098164
0.721966925330544
0.796316427361459
0.831961555873676
0.979324889793791
0.864169074251108
0.736563160488194
0.875419366384187
0.740288385953242
0.744840860358138
0.81010760064207
0.813632303687023
0.790184492407591
0.863300805153814
0.806603827828246
0.93616794063634
0.766291744732448
0.944861485407529
0.916910611618666
0.720133582571301
1.03216364953292
0.807527263529965
0.876367594480794
0.801725824682129
0.872960914819376
0.924292290379158
0.823122237627028
0.834580741127922
0.900606970714521
0.839543713417398
0.919779101086762
0.918759735961138
0.920219792164886
0.933867538162615
0.837759986348175
0.851993910184694
0.849388926535528
0.886328046661652
0.841042434914349
0.750421264000348
0.889231032719084
0.909589588336374
0.982893243912364
0.720558616778474
0.876615393981677
0.921310962653236
0.796073726597829
0.74128273254402
0.772074123487485
0.813072980306195
0.87042982282192
0.807753473201181
0.874434090257406
0.904588762043605
0.971112911435707
1.00232774597441
0.998750000465644
0.784810834691488
1.01704446668319
1.02441087061739
0.97682518240061
0.915493758643753
1.07602274033051
0.94357947526614
0.889414167424013
0.995424400106379
0.916293812350665
1.09866448135858
1.0198247636694
1.0048393489963
0.808870296908046
0.929986320886667
0.989426869328145
1.06924373853279
0.979891007272422
0.995022607124377
0.923584958628972
0.93485322535393
1.06807591471736
1.08029191784303
0.982885864835623
1.0021220324444
1.02813715214012
1.12795200834365
1.04600033464508
1.04404196781335
0.938645046691524
1.0259399257443
1.03377452266267
1.00353808069812
0.909480789361213
1.01249482166063
