"x"
-1.11746621923826
-1.01528143103025
-1.0226600001213
-1.01124703523588
-0.928881770211261
-1.01392870538752
-0.902564098711109
-0.960338812477886
-1.09435350440904
-1.08350467813465
-1.01829347149078
-0.983592089116954
-0.927082518602365
-1.04110883590919
-0.889171167371256
-0.98208858299753
-0.897410145485056
-0.993620146101479
-1.00751323092393
-0.909913020946759
-1.10332585836292
-0.996065931765523
-0.886212784652839
-0.85728785429247
-1.02347084520258
-0.908545393419953
-0.899855277666865
-1.01505488001699
-0.97568470667403
-0.914011696466665
-1.05713054870385
-0.841655920004122
-0.903613763126321
-0.807443582445689
-0.857039426682775
-0.895875551728743
-0.782718082619655
-0.924315908352389
-0.889758614414427
-0.951359100729606
-0.89318198512848
-1.07575411531717
-1.08008661232582
-0.966759199120421
-0.829479494030835
-0.919388812710033
-1.00003851596617
-0.851142560506955
-0.781489198980358
-0.905207754370823
-0.885469643399278
-0.879575893842172
-0.83960609041599
-0.855527951519315
-0.846244758595484
-0.838558144886191
-0.916350412742002
-0.829577853917887
-0.968763416636083
-0.969759326785759
-0.850361028761898
-0.859027152402903
-0.900748495925256
-0.834521887757625
-0.874245800565442
-0.928407723781508
-0.915216395213771
-0.823470214242216
-0.916584442216864
-1.02856244609907
-0.952476344951726
-0.897150364144224
-0.973498522358092
-0.789534052252131
-0.823788385415491
-0.860345931654199
-0.880288861715125
-0.899607362331808
-0.879144269044631
-0.65689456416468
-0.878071431883226
-0.837285271223938
-0.8056209771973
-0.859898781290789
-0.917275851704236
-0.833338581411222
-0.802343028267691
-0.870446769511354
-0.799094631089436
-0.912150119480717
-0.822357953030464
-0.742859907879177
-0.877549546559072
-0.84550398872162
-0.770426880514805
-0.840384700419849
-0.839523345930673
-0.722266290004272
-0.786440726981518
-0.689225477159347
-0.846892612832123
-0.757123562218301
-0.753746860821391
-0.697423910661961
-0.732375910996137
-0.898647216262549
-0.631390090965955
-0.71509541671834
-0.759401896255156
-0.78879187450374
-0.854701241931646
-0.862970076264183
-0.776345312588787
-0.817058638734538
-0.879782107031333
-0.831207569631425
-0.885344116199357
-0.598161651712843
-0.770652349729502
-0.746512878707169
-0.766883888951755
-0.883756735569046
-0.807001468883628
-0.589193235228426
-0.481773265461592
-0.671483389366327
-0.703968258285019
-0.752321855722465
-0.763868985597243
-0.818556984955213
-0.745726712851104
-0.736901542986756
-0.742942407463486
-0.711255595027297
-0.643072405114477
-0.791164568314884
-0.799387808193048
-0.822465955594793
-0.566574306223046
-0.702700757903526
-0.656176193080814
-0.729602100679844
-0.719125010942468
-0.688787318650406
-0.61093467083253
-0.759521168243062
-0.788856447129772
-0.747455520836308
-0.658699869635593
-0.577536895453839
-0.55421684579749
-0.659354287928268
-0.668032462015446
-0.59901028505672
-0.718323989217111
-0.671336414192121
-0.843701001808877
-0.768420991406012
-0.568703221424894
-0.644191142360774
-0.705987183435187
-0.697412070842747
-0.813052439605333
-0.798536932080266
-0.691839280379829
-0.815226264609227
-0.612604669642619
-0.551685981767194
-0.674641346373985
-0.539127616458649
-0.639683233771098
-0.648445310302392
-0.639929408498193
-0.603860449390857
-0.640905554914663
-0.64871813642864
-0.525670470523682
-0.596073916760837
-0.561344197534708
-0.743545603991235
-0.67586545929929
-0.705514072651302
-0.627023081647776
-0.601255001624507
-0.56692737202081
-0.608924308489425
-0.662479834488221
-0.667689378237623
-0.559322468519206
-0.717131084714777
-0.625670191506356
-0.587653883094482
-0.606807571223698
-0.463195356365209
-0.59138606655573
-0.625998155477902
-0.616773887381641
-0.627887178720936
-0.673603736702084
-0.524757951619151
-0.574087258599447
-0.582786014286455
-0.657836135396869
-0.609441686902922
-0.514711753407185
-0.659582401569639
-0.53378241048407
-0.562220552624438
-0.441236539229
-0.558050634083077
-0.604449533133185
-0.518027453804081
-0.43952516758997
-0.519682154866625
-0.550197082060147
-0.498134791404302
-0.370608356915058
-0.561393010767511
-0.565750538448505
-0.496291017233605
-0.60532211333514
-0.538344527200555
-0.705320724649866
-0.555878552490932
-0.570103130181069
-0.429820488568582
-0.470453916359061
-0.6867956123206
-0.456778778964325
-0.54991348172204
-0.538200491349194
-0.602143215053246
-0.446715229005605
-0.555981414124581
-0.551041109913192
-0.513472101697027
-0.364780218976736
-0.428338672996963
-0.508130508232105
-0.512066252444682
-0.496417655580315
-0.5327658793366
-0.673092139709589
-0.552928197601646
-0.447564111337265
-0.686269901377626
-0.302288216224292
-0.589690662332874
-0.512021786379359
-0.539947351773643
-0.394473785066969
-0.644373616719188
-0.326954134033879
-0.703328795605927
-0.600899978510083
-0.460469621916908
-0.46666918917771
-0.511318153418275
-0.476426698236237
-0.511297299053089
-0.425876818436088
-0.517106933149018
-0.469432472902736
-0.286122494456775
-0.515253511323457
-0.610906293046315
-0.425565302753053
-0.422070739919179
-0.499631712046666
-0.49705016699265
-0.322904080309691
-0.392541850019036
-0.555876748350247
-0.584807554851952
-0.337402383010089
-0.352327102893791
-0.353904769325875
-0.409232902494443
-0.603750481965272
-0.516696309189931
-0.545494846548093
-0.302718241226284
-0.571024575880973
-0.378553030150449
-0.370594972343353
-0.315424453410055
-0.330148716019096
-0.641854931103722
-0.365899642961966
-0.531415144686031
-0.652387260725052
-0.322260394738052
-0.570922739029638
-0.452881377473983
-0.433116248293841
-0.399314789756845
-0.405127889663032
-0.454107889137871
-0.409156490417633
-0.310942124207783
-0.317713339989723
-0.517445044156957
-0.425594572840223
-0.521254258215029
-0.471478912382907
-0.386572220408443
-0.358237721280673
-0.323140850397726
-0.449919132693861
-0.296224595829913
-0.462356135777291
-0.413127906378075
-0.36739325159355
-0.422866608085231
-0.310876961069746
-0.459900842180557
-0.223702344249002
-0.24540335819688
-0.32714392882046
-0.467751897983191
-0.349076535286831
-0.45215895422618
-0.422392271195667
-0.359781855732576
-0.47711005099508
-0.316171513950563
-0.211760780412604
-0.312657731649157
-0.398641802797215
-0.31879708444477
-0.363734403192549
-0.340223471676228
-0.290680425953958
-0.134599613912409
-0.411282212116378
-0.279188607700817
-0.32781962663325
-0.394645755284161
-0.537500802111371
-0.350831941912214
-0.425097214232148
-0.157691595965632
-0.317294387143878
-0.347005618399242
-0.213206464557819
-0.131774096021862
-0.352144088808089
-0.154209803215426
-0.388249107744705
-0.301639742540733
-0.279232030139048
-0.408017522323431
-0.105282397768745
-0.203657081031497
-0.332836991355682
-0.327723078052618
-0.321242828221388
-0.358466590790453
-0.317987692937475
-0.309218620242446
-0.274384732720385
-0.417087325206285
0.0194607378977168
-0.426014009374046
-0.201507917953971
-0.32939338406307
-0.300118329385146
-0.110410646814888
-0.34027039138906
-0.294890197076596
-0.299969014038174
-0.128261813017373
-0.182121439679998
-0.126513373537461
-0.187276104117346
-0.203537159052539
-0.216543965947872
-0.259047588339207
-0.255351404339368
-0.459223442900737
-0.233755489924462
-0.293194180795729
-0.192370451499228
-0.0711512320203705
-0.342805918837929
-0.194978736069729
-0.345019795841103
-0.270135084035161
-0.28698062852495
-0.288362429218015
-0.265011926386937
-0.0862086687984715
-0.0902391524420881
-0.182553602910453
-0.234573107544151
-0.171540402641413
-0.263922227328196
-0.32541679672818
-0.197760397275739
-0.267366100982995
-0.189619268746429
-0.28121512670245
-0.126304425211089
-0.364599351946117
-0.175010923833077
-0.215033742344674
-0.259337482806438
-0.162846132303097
-0.201139880712149
-0.143513381449595
-0.182833284390614
-0.0921243270311956
-0.0262401941905735
-0.171776011874183
-0.111074102532306
-0.0142608859087874
-0.211187268284611
-0.223425620394944
-0.196149173511237
-0.18749504998061
-0.0785804033702073
-0.252451720229306
-0.135576780872542
-0.0629816193509636
-0.239849642461851
-0.204725060261705
-0.0588870877555545
-0.0466673153274432
-0.151632584444537
-0.17064800316196
-0.130771177124078
-0.180238181510037
-0.258726699559034
-0.110599560836989
-0.0830804668206115
-0.169671610505502
-0.222311046816814
0.0145349844166356
-0.183754666342734
-0.155913864814705
-0.0999237543216334
-0.101362711073221
-0.0351701042124384
-0.00315856455769482
-0.150926451382693
-0.151235040063214
0.177903210171902
0.0134912576945462
-0.0718027051034577
-0.270938660255978
-0.218710686782024
-0.225261737279837
-0.13784114407092
-0.180100816879212
-0.085097348173953
-0.153358466048705
-0.0501424162687656
-0.0954247925489658
-0.131255565060537
-0.103071267350899
-0.0508867046209325
-0.0101231247518799
-0.121286433315983
-0.157582036486198
-0.122943192310205
-0.0330218243674474
-0.0134627722396186
-0.0835926146277085
0.026258921472713
-0.097258234300256
-0.0358323482493208
-0.0536395625860814
-0.125237091849687
0.0612095450309029
-0.0575526675096381
-0.115971445796506
-0.0513697748025276
-0.0208263244037652
0.0432683750408567
-0.130349037151898
0.0613564898620706
0.135338171588074
-0.100380022424011
0.121033229488811
-0.0586237472312261
-0.00271435003123096
-0.0711841140560936
0.00408583623427257
-0.0510699458819114
-0.162800447189228
0.00293656419008827
-0.0703050721253473
-0.0529914228547545
-0.0270082442275739
0.0910635727312226
0.0888374343194245
0.0208050501311283
-0.0747190637563342
-0.0217138395673825
-0.103117997849675
0.00685415236139281
0.125117708165512
0.0120579049617315
-0.022915681350204
-0.127745488577545
0.19525399102123
-0.110729439203804
-0.193067783229413
0.0962116358118152
0.00863421299911163
0.0499878723253248
0.091560787200755
0.0508422090867294
-0.0256477632241857
0.041782180332815
0.036426092761719
0.103489345373431
0.119378261991917
0.0709285480218654
0.023800919749747
0.0626009700964917
0.0661553278763112
-0.13253881345703
0.187249204066202
0.0786300046763995
0.00838425444717803
0.130433691118131
0.107977490575254
0.0389691873774562
-0.00396321786187101
0.0932009935447285
0.122326678009583
0.112142178327806
0.0859171976995608
0.169843953448457
0.011083176715733
0.0707823659535861
0.00227936244919643
0.115908896361083
0.162292117132713
0.121030083586204
0.238174499950964
0.136205445155583
0.00652202787921108
0.0717662684811528
0.139564472105551
0.0725952010904119
0.0420839964562933
0.0296419760669229
0.0517541948794475
0.115098229859194
-0.0288934876152424
0.0935463195409146
-0.0197110491662107
0.190398268664982
-0.0445088920113647
0.1540478632365
0.156254160646247
0.101490280230705
0.264441043536504
0.286919640528318
0.214917137467413
0.150208302605744
0.151256600976687
0.0503653393864516
0.184472376720728
0.0510385936474593
0.0652961970014547
0.196805196956816
0.0313831251680336
0.168347740130007
0.130027285184827
0.0530280832107838
0.139059440955325
0.179071146885214
0.060806954988864
0.247990706479572
0.255398052254001
0.122083333447153
0.11961910810108
0.0923037266905896
0.0883230327895547
0.223680958832123
0.185362313759784
0.162145044292895
0.272121051651566
0.0619607168443783
0.34501181272822
0.234295327531042
0.146260600507699
0.198628843777264
0.101962727085846
0.201992858829063
0.29780470172282
0.0745514976151234
0.242696065071403
0.172595957665119
0.0457040005327889
0.151435469469813
0.111728719460243
0.236184672915072
0.144988701187651
0.272636217705257
0.247091764680767
0.139649544004548
0.395076773069155
0.306686982239995
0.0697783952951072
0.14752286438668
0.120088736328894
0.238563342758362
0.256529758449955
0.234936890480569
0.331039336254267
0.313349621733066
0.261435124282557
0.269065473744842
0.311996413724872
0.274458518935599
0.150636109255643
0.173526202065007
0.242220019242306
0.206254027682527
0.306895950320864
0.28152856403531
0.331534509240494
0.275612455693255
0.267508707913842
0.258756869597741
0.32461809059222
0.280743832509221
0.320873963702689
0.280809953922035
0.307350022649353
0.292842607818782
0.247656585924101
0.314006106257325
0.343538850997592
0.257976487432165
0.210780396207575
0.285574297398755
0.309935657055355
0.384470202374906
0.449891760533272
0.270142743591102
0.270741036644239
0.283945030782236
0.370707599578337
0.305440144259336
0.168632239514449
0.333428481215979
0.195509497446336
0.274255516154037
0.277234903273357
0.233042945805142
0.373494429442566
0.371319155585964
0.435523178420365
0.204934746264029
0.346097591992469
0.277464305744972
0.298603099544773
0.265261695664516
0.266998977691403
0.232694885659704
0.392751052559726
0.401101323399834
0.204557270061612
0.335007945192234
0.216683469411758
0.25029288722981
0.192587486848441
0.268517122706864
0.397351532772028
0.363840354950463
0.357482872621719
0.312718079453216
0.26378820795868
0.476250916721827
0.439415393051731
0.566334489314794
0.503068036772333
0.313729086311296
0.399172243099945
0.470859575717853
0.34585324245101
0.438942879133328
0.513745329081826
0.290074906535595
0.351936001298101
0.470874738587609
0.368348106732191
0.358974484113294
0.514722494881838
0.389861843156121
0.285716072745845
0.241260529051147
0.452921297009161
0.298520516691386
0.291336787092126
0.370697425479896
0.335144857585124
0.440699202722327
0.447222877716915
0.32937116335726
0.391956721964817
0.252955581757333
0.407541248115471
0.325057109622814
0.540248332745583
0.442458693252791
0.530411935772353
0.393218207147443
0.379308786333617
0.262348197289663
0.417982544827698
0.542757267812108
0.393529068912917
0.375854325740198
0.479471472305146
0.493114224151416
0.46543186782193
0.355476638497171
0.480372006162428
0.502944552837077
0.489727565258264
0.285057107216737
0.43479073268498
0.41424665454549
0.574750592671418
0.531566138739133
0.392903639624664
0.399157264184353
0.461489026048705
0.430202551162048
0.477176302044384
0.366210569061898
0.451175216135435
0.463055513225395
0.598357879402571
0.544076387934274
0.579539439485089
0.419402550167198
0.552217171312757
0.531775710300895
0.523267400535169
0.494072584431033
0.603280214681918
0.562558027204187
0.509882984674269
0.38523799635929
0.324336582478661
0.454184853102474
0.391582008576226
0.581528251814694
0.431920204903793
0.5980479934273
0.530566520287642
0.490283589925852
0.687518083556632
0.625425643886173
0.628155289968475
0.477003558998154
0.513518237225016
0.418851458896879
0.558684110301034
0.520175351278627
0.508730656999569
0.624531222497617
0.583503220102448
0.544116222262414
0.492954554228607
0.663341140813862
0.596566257933103
0.528578534393074
0.499835161533917
0.631814452331058
0.579569684239963
0.625682804133355
0.36008230976325
0.507299749908953
0.698533354143393
0.557278683607532
0.66480738427479
0.579242793292645
0.632260344345435
0.603850376202629
0.672267656130268
0.591428489390265
0.636065821344766
0.696480513983471
0.516092386204519
0.533574581247597
0.584207541817284
0.51439909086067
0.529805508584054
0.55007054067468
0.614205641247015
0.626934063396951
0.512154166862615
0.629253106187896
0.49717437494101
0.672139985445962
0.631520909695446
0.525179754253673
0.572600452011705
0.473799920108052
0.541911578956726
0.640988355646396
0.637145559946768
0.590466289870135
0.652414793072989
0.556004429199319
0.707973472241223
0.775800591840279
0.404253346976467
0.49471182567112
0.557170880667913
0.666887119313952
0.623660777594475
0.575774680565127
0.59893850533392
0.628768213187205
0.650175038404306
0.659530636934569
0.754848883656021
0.597932371288115
0.754107599196315
0.498229039039032
0.599570634008468
0.742270687855684
0.712926734090614
0.609534047046715
0.550456676049262
0.738527282306456
0.842020423301777
0.62693125829994
0.827316503598875
0.776265631714283
0.608029747372726
0.687500746259767
0.840656700110218
0.766854674897462
0.60423842183882
0.653328066047499
0.658409570178368
0.672160245254986
0.648214096581883
0.585322078794574
0.716232929216717
0.525538495581771
0.772859229916405
0.838569698039543
0.693059948813082
0.609446435000222
0.66050574206981
0.712846154596185
0.638106399739234
0.649207903346816
0.647323768173186
0.694730674914645
0.614400647028334
0.778092181437045
0.705615988512775
0.681145267966804
0.700695650442865
0.606588904029496
0.555149148417145
0.731145848675335
0.830884332291814
0.793444951497998
0.753403831798014
0.616040891691702
0.784541356980029
0.533403701400593
0.871725529996392
0.723047089757374
0.772549532344373
0.636999184995805
0.62462659743536
0.603435325836772
0.871673949073523
0.667742724229473
0.873206164198163
0.767982057905178
0.706898293423554
0.787909673592013
0.670273707069346
0.74822267405542
0.804610768017748
0.723229128285235
0.707208041524246
0.774904720147566
0.755786275442862
0.736988068289677
0.818263199648946
0.82946626224827
0.804521400417434
0.922928394803197
0.807822013943906
0.872465695131724
0.870573623964523
0.826956365094856
0.808808206931429
0.74607394029249
0.606097538654417
0.904517365098326
0.85947785383844
0.89169543224704
1.04043121253805
0.896684067548754
0.851482645735366
0.770409951677469
0.818825943013972
0.920737322848472
0.761002400081658
0.793401387842009
0.839745866144922
0.986799917826878
0.840745412505108
0.819948582931047
0.742460825908924
0.849052003643098
0.89198685533674
0.867736552336331
0.882464879134179
0.71471339658943
0.718236919168612
0.882672343776518
0.862913347754234
0.960997594739866
0.813816831243838
0.939108462457705
0.870539157141856
0.920086681847951
0.807145007396996
0.993296114511525
0.854016329780406
1.05404087288463
0.779146960255214
0.815352009648961
1.04181831553476
0.839491841053672
0.997755812663773
0.906818609913392
0.848620774081322
0.79238094395122
0.944475768277581
1.04861949918643
0.783904128166725
0.935944143766066
0.896988166915889
0.834832034330464
0.980885114828816
0.96491231091206
0.931605960728337
0.869150208544816
0.897593680934886
1.01315096346912
0.863608152927717
0.84764437134941
0.930074701298652
0.925314584746915
0.832285924165609
0.940674546676676
1.05148282850556
0.947201586148512
1.01689683303405
0.87910620018512
0.828901180736072
0.838263242130174
1.01139530154494
0.999473177960723
0.846637852224792
0.936057692016446
0.927150696677567
0.914771162853804
0.901558048559708
0.916518769392112
0.923730485822898
1.07205836982981
1.05458880914104
0.891778358641347
0.99336636822106
1.02940223165587
0.912667586654486
1.08464866753503
0.995663693198109
1.08785497553888
0.98017790906007
1.06210800139041
1.02577802042784
0.912538115293215
0.937610922801815
1.03787247060044
1.00168844498868
0.959174354776038
1.04913815057314
0.936550885211528
0.895840157128711
