"x"
-0.944665827823332
-0.844632815628763
-1.07857660599284
-0.874527357752319
-0.862733694191967
-1.06155290486817
-1.11337746464422
-0.944035675389949
-0.933260726131875
-0.898471101223018
-0.982130747078686
-0.990495079782541
-0.947662800976095
-1.19015346415944
-1.0252426275257
-0.998153971384219
-1.00476098095869
-1.01642101721567
-1.03939517987778
-1.03506138383657
-0.977109907295115
-0.855529796019575
-0.987334344073021
-0.864928729319491
-1.02209204906958
-0.93356269744664
-1.06976254303802
-1.01996555960942
-0.979249686046506
-0.891195485816859
-0.956592092180033
-0.812924242212961
-0.869371299094756
-0.893200794506821
-0.791622332828749
-0.845940791304626
-0.723298697507368
-0.99984839694603
-0.864457870032483
-0.900804612320433
-0.903110661099625
-0.87018859411991
-0.910528098960982
-0.888033236584785
-0.835936379052365
-0.833439952954729
-0.898828537680636
-0.949346064438725
-0.998478509353333
-0.80586817053796
-0.880040098009674
-0.878491878588892
-0.740392770130865
-0.865356988516691
-0.824708126987841
-0.967336729953667
-0.881965154648703
-1.00160392311609
-0.831087869698086
-0.882771293697551
-0.783974600981657
-0.928659282181199
-0.809224109571886
-0.908945781204484
-0.974535029556077
-0.907193460651544
-0.83220170650931
-0.922435103035755
-0.892001336189046
-0.894069056932529
-0.776164563572503
-0.81894793461311
-0.969304498678719
-0.814483410833499
-0.746047456034332
-0.845154054473551
-0.819173438863375
-0.777760679786986
-0.714619102704742
-0.855864103260694
-0.830142114510512
-0.696532060998056
-0.931186569563057
-0.774440412396785
-0.815436324428363
-0.87112453523134
-0.858074159926768
-0.850989152278148
-0.810242883741968
-0.842188585236011
-0.733669823667299
-0.879634370636085
-0.904368134932946
-0.716904171775431
-0.878402999830606
-0.763933209491396
-0.748014106774745
-0.667186178938062
-0.748353975968982
-0.876952023651471
-0.821866271850085
-1.05782420291728
-0.722633100977771
-0.767554270685346
-0.543628395232394
-0.76668661442483
-0.840589096197228
-0.824590406377359
-0.744457091624033
-0.824015206286056
-0.712715870528863
-0.785788016517058
-0.806141101648233
-0.679129911701835
-0.816269488909219
-0.813109302361703
-0.736953236309095
-0.791221696398062
-0.638331771146955
-0.836291927078217
-0.608168199034901
-0.839484319558625
-0.877760995147315
-0.694741850911875
-0.876898294900313
-0.773819217469849
-0.794556344190348
-0.617514394409999
-0.867554423417585
-0.660574716894931
-0.696085021806151
-0.675137946597086
-0.689694567632008
-0.666166533708159
-0.732877842100152
-0.697461795236273
-0.728284851680967
-0.768184310522313
-0.690428407032333
-0.858800032961271
-0.785831851427981
-0.779656810529579
-0.694256928437815
-0.792401754835296
-0.699299771723116
-0.442086886758328
-0.678330834199932
-0.760133639808913
-0.789930136054329
-0.681640980268595
-0.738263099906029
-0.629019229766733
-0.755236643877822
-0.674707717663606
-0.742300433288168
-0.686677335074598
-0.744848177258244
-0.710444194598237
-0.799455866702561
-0.760436985046074
-0.745833271652929
-0.750288262112832
-0.59758986741278
-0.638575587465506
-0.566774229595781
-0.775287885580299
-0.610341912785649
-0.677989388898014
-0.640659670005951
-0.650497012991101
-0.640068933513626
-0.689292413165621
-0.668073972880421
-0.718048290934967
-0.723886803352699
-0.610603209565025
-0.659632098744748
-0.592057108868635
-0.734963841968885
-0.661044892584219
-0.79485154806152
-0.653359471210563
-0.7035419538944
-0.541993788280156
-0.679495359871354
-0.660263294089696
-0.594885625379426
-0.498413203315548
-0.657106132748151
-0.581064534848106
-0.565889794997639
-0.492107459622429
-0.619133401566392
-0.454194596828655
-0.704358829439333
-0.567935808932887
-0.633159616222067
-0.70402429727048
-0.531584929094796
-0.540752287304911
-0.571765069755119
-0.552378961858688
-0.672020285569557
-0.61261845911947
-0.601898782850666
-0.66186154741751
-0.531848054567664
-0.684100927268045
-0.666357750322291
-0.551290846882129
-0.551803836843803
-0.57685702346628
-0.455271061312657
-0.537842108826252
-0.581934190686911
-0.43646513412355
-0.611055977391052
-0.531160322405041
-0.601643230703186
-0.500662122149209
-0.692761426768075
-0.550609989234742
-0.655979229455808
-0.474283589498645
-0.519431002472356
-0.596726826663568
-0.602988084148425
-0.489443321942649
-0.619141403778795
-0.554709143291689
-0.580600071074795
-0.497863761492478
-0.409914690688714
-0.527281523547304
-0.524387161083766
-0.519451673790521
-0.41912823827263
-0.513132221830525
-0.514352823648203
-0.445124259096368
-0.488394520219822
-0.559844629749063
-0.524682828740778
-0.644467676756745
-0.54593035017965
-0.472958362325805
-0.561847875308533
-0.454056772964485
-0.550238753674088
-0.428382451859454
-0.552705922655431
-0.435542586150336
-0.410793602476746
-0.343614404736377
-0.587408743331256
-0.388886612309383
-0.516706914806717
-0.570346478373495
-0.451592634310543
-0.440508298057871
-0.502463247657945
-0.501507872448579
-0.336823554458839
-0.661972518049952
-0.551881415824447
-0.479121667564372
-0.530179420506046
-0.398067495322969
-0.480308422819179
-0.36529997379758
-0.401201431269744
-0.544214672237095
-0.549199264400223
-0.364435877551518
-0.387362792984929
-0.530418662839471
-0.43568818077529
-0.402700511716719
-0.32973491643952
-0.487497284546597
-0.423995664923765
-0.298424464664951
-0.415569335389027
-0.387892686810958
-0.433676904010568
-0.426461197777166
-0.481382847474005
-0.495019162624642
-0.505863967253803
-0.398850668219906
-0.541826235577876
-0.424059377325311
-0.272745319589183
-0.503653586129427
-0.442856910595739
-0.428421535574604
-0.498550637806697
-0.290942599008147
-0.474076673751212
-0.392290083586847
-0.436695451328315
-0.465594974097602
-0.489476821861979
-0.322697235837236
-0.453356733698737
-0.409734882234443
-0.499618599881218
-0.428844269845285
-0.391255205057993
-0.522793828237571
-0.412663317068893
-0.359433930294094
-0.486433686834175
-0.370630325833804
-0.613274397938839
-0.347444663833283
-0.271490605052424
-0.305689591273624
-0.345676022449738
-0.470617538660843
-0.330359502766804
-0.346615331551776
-0.431755741815473
-0.252974551691856
-0.42369423522278
-0.349751606654931
-0.445769548973025
-0.354408571022545
-0.212915191555291
-0.277847691841896
-0.338825156573786
-0.345174212802999
-0.343869147464162
-0.400910811572542
-0.259164364367289
-0.368246645911596
-0.329589212999055
-0.280750666188024
-0.341126171563682
-0.314491126406979
-0.286124822735442
-0.367296188797794
-0.268335570042451
-0.170809409005632
-0.261931627015961
-0.363406679377253
-0.18239238713231
-0.2732574187738
-0.423149212380498
-0.323667537200523
-0.242402137069381
-0.329976408240023
-0.37620858467146
-0.332601322361684
-0.170110519200485
-0.220666517769224
-0.16805217694448
-0.12734675482132
-0.228818108389482
-0.478571270794205
-0.329991136820808
-0.178496996833148
-0.29548585391086
-0.277203863325715
-0.294109835017894
-0.279566553647504
-0.283826402552449
-0.100417654796047
-0.180503690450452
-0.203415197972543
-0.40264069309078
-0.23877754563055
-0.127192189513724
-0.251608258353121
-0.368934172986703
-0.249121656973653
-0.434383237456186
-0.164664319097201
-0.261860578170575
-0.0914691240391451
-0.111088768232035
-0.182731185010529
-0.24100798313292
-0.2147045620564
-0.255977024982491
-0.317923616589156
-0.206220759544821
-0.122362893159006
-0.0981096910755619
-0.278125723153009
-0.16555080423887
-0.210870216586272
-0.0278145210541636
-0.298719620143677
-0.126865028703865
-0.255340974853593
-0.0952733340643774
-0.0904965459787828
-0.195891527095428
-0.070513256491584
-0.237931745770056
-0.31036153211559
-0.261662487555606
-0.102248985007464
-0.15787275072998
-0.125570395147096
-0.129654987680372
-0.121346901410504
-0.332396647727648
-0.217177105215787
-0.246528997683918
-0.239503868152811
-0.070226577560871
-0.100917588027358
-0.244888088530912
-0.0787149214530987
-0.129498115749424
-0.0888428692269986
-0.202016940985029
-0.174455467866975
-0.205738961041103
-0.301584973282329
-0.237602245589481
-0.190689018930065
-0.312600270790067
-0.123298210743388
-0.0877815483690256
-0.129957848949717
-0.04431305941624
-0.151250369641603
-0.176132747930131
-0.0868200167783725
-0.140450934089975
-0.058233885317121
-0.177078093563456
-0.10959895955692
-0.0524191850238418
-0.174636223384041
-0.140793200030284
-0.0604512271319995
-0.149439070701108
-0.118368773941941
-0.128122492584534
-0.0402274206053926
-0.0474132974016386
-0.101713774348511
-0.220014449966004
-0.0239582688475957
-0.0428943381719311
0.0154319587883911
-0.100114139971284
-0.0367305042585078
-0.0866438447497206
-0.0870400924310399
-0.144514990705802
-0.131088120044901
-0.19923571649908
0.0654086487467874
-0.0408755314166831
-0.0261748824376979
-0.132574818778553
0.00516695470171645
0.071563378155658
-0.00498724882836338
-0.0652037355710688
0.00748293600120789
0.0689969064445478
-0.100094487052145
-0.150814948897072
-0.0630004999980451
-0.202753652097997
-0.0233011850972349
-0.108329081888457
-0.0165313876832365
-0.0109440693157805
-0.0506055383437458
-0.00961129751806685
0.119393411520707
0.0435389809797179
-0.0971176719544374
-0.0482655658976524
-0.0291638402662593
-0.110611990689566
0.0055499883747555
-0.0906547924580981
-0.0873508431192281
-0.0261183777659966
-0.127896544244855
-0.0664619720677985
-0.17389182718554
0.0188319439268143
-0.080251948011187
-0.0370695553239385
0.00313335418976501
0.0988041490673604
-0.0513800378152247
-0.0121013569810025
0.0148596304913516
-0.0420018327957112
0.0518982171995049
-0.0938966457987706
-0.0666502675477374
0.0399092212649203
-0.00723602879158426
0.01887802490449
0.032358918535644
-0.049218757256221
0.0291265926281963
0.197919331207894
0.0451409100339621
0.00869511988409422
0.0859250196918827
0.0264117547277167
0.0510678147488107
-0.0746425230041997
0.107755635291098
-0.0395699766261645
0.0652464881785351
-0.0732359818588493
-0.0545390042712207
-0.028112120381485
0.0894527315360435
0.284890468244034
0.0129402148120593
0.0932005112746828
0.0276427792545616
0.0385746139192953
0.138492227396952
0.113338545762064
0.0448021728111031
-0.0309590194072701
0.188245332900013
0.00538684910048568
0.200697487288278
0.0821194975000741
0.212565781057038
0.207739584509445
0.0706035652838492
0.0625849613677556
0.093415737419417
0.0792191486211519
0.0415721962079791
0.16457015117757
0.158180937027501
0.1589012778222
0.0720096938364042
0.11063396586628
0.0138207814829541
-0.0665893916022097
0.0945495793446608
0.140090766773978
0.0956989148485355
0.110366703745654
0.203836721934867
0.160180534102289
0.101106789878461
0.107888156906649
0.11260623443197
-0.0152186711660771
0.15064048414153
0.128448286781343
0.183457881500085
0.0207821139691668
0.159518494289799
0.320915352744767
0.0580425593668243
0.141155012945756
0.0117414410605677
0.0971776594096229
0.150878564200896
0.140362053448135
0.123861937611877
0.272611572731273
0.0580677686803817
0.15141119853706
0.191830904836784
0.20537317609206
0.139418505716767
0.11382490136074
0.293739938390155
0.0369038951812354
0.238907007962645
0.19960005629302
0.106985791200607
0.193046990473781
0.30982289003157
0.255077218737266
0.202937437852498
0.131835075240247
0.156290135974862
0.0767669067151134
0.132055534666068
0.137611256112036
0.21888394581972
0.24720070206815
0.217245281797482
0.166542773944753
0.250224746224991
0.251438431515749
0.22023381661038
0.27519032483088
0.211690407231593
0.186524981182033
0.163171442566335
0.232558777731557
0.201137130791655
0.242392986431804
0.30016228268342
0.170452271010404
0.116649951117447
0.212826289814477
0.177453109692623
0.21820295990795
0.214319422500135
0.271487012741042
0.165956575569897
0.21121307872522
0.126692478055105
0.181852234091231
0.262308760125646
0.169087258726825
0.230284960287895
0.254826886805263
0.371790082991544
0.493907784165982
0.244967699350219
0.182587431253333
0.213067028542591
0.226372525643132
0.229463053826321
0.205767587939576
0.151640235600896
0.321616907702234
0.127991109964896
0.353601559724038
0.405022953158919
0.169137272989602
0.251864546632178
0.159983913819627
0.393567819604559
0.266646372491231
0.191904084575352
0.292126467729989
0.309781480468714
0.141764906842089
0.287907743699623
0.344589060346288
0.401902417577571
0.174226152752733
0.343409101460551
0.43508117374513
0.278028192918401
0.263926611698023
0.369088382862474
0.167590392791667
0.425305338406315
0.380469774388147
0.353307510862988
0.486981863937248
0.414201224589619
0.280821383282086
0.302596436692287
0.34170915881075
0.193170344937727
0.379876201719782
0.223149847422093
0.277959404496186
0.367173883171695
0.309640159740283
0.271043149648148
0.393596381289977
0.555097260034937
0.460444318684914
0.280579629974781
0.232740568246426
0.433432398515287
0.389332891841832
0.351882258246431
0.314390040943326
0.405144390262164
0.394615458412446
0.417747355622585
0.326613588427566
0.243486350678318
0.35860230044302
0.382520866677084
0.345902625211139
0.322765966612644
0.430233295304532
0.387476756920179
0.417705006689849
0.342740064163682
0.45304061674926
0.280043199793475
0.351633700703565
0.261695865730404
0.209827068792125
0.471591631773621
0.431825563085072
0.409622299541836
0.325787779758759
0.415471014872449
0.441992066386346
0.511528753471493
0.387755666247924
0.333255841049869
0.431040086425519
0.412998507267683
0.475743768763405
0.439335046211553
0.354362816358283
0.617363325804527
0.448541909816827
0.560652606555675
0.514972464165346
0.48174301370656
0.516419880057033
0.439725405599371
0.461108175910732
0.519031860906994
0.49623472870625
0.418254980592156
0.509929882960893
0.464016304865548
0.471683400359359
0.425083592053716
0.420782600687793
0.303747429002405
0.332824486185056
0.409055256160037
0.412466422497598
0.442584472200717
0.429296407875627
0.496658528926326
0.453580490501557
0.465906287758688
0.477033773697692
0.486271814821599
0.49519252457823
0.521795840793453
0.374117690812842
0.586724110789618
0.503635614979393
0.388984827916308
0.405010630722258
0.395260670825073
0.501611801924191
0.356612873210408
0.570370700823682
0.558188186393256
0.436601429661389
0.499412246342514
0.614795629173117
0.558636345948393
0.544236208238041
0.580981158317174
0.419637270816346
0.40651780590094
0.542398637446553
0.56196161204223
0.403808319189376
0.373392334012652
0.645536920796828
0.558584388794342
0.544682491998643
0.587357268987817
0.575691634306422
0.525571407200123
0.507080697470931
0.593647240681926
0.445567497859986
0.590460122282234
0.558496244119939
0.444047690041092
0.67106731845003
0.576385928517192
0.667560504776956
0.462824974627883
0.505471281122041
0.48798804272582
0.660826102401929
0.513786578093237
0.591401715479947
0.586786030884559
0.52869794158415
0.652419955060755
0.639420748844884
0.619345867311354
0.68769146630228
0.616940987118955
0.704847636550568
0.503999571367559
0.580878999492741
0.336834359357615
0.538902726583314
0.5291782877927
0.52387690651236
0.660537111996254
0.575496025407705
0.655214835036437
0.52635008930172
0.491567276384298
0.63634182499678
0.764943634653183
0.671099016697881
0.634537847541098
0.463862443431891
0.592187818573397
0.620680739446117
0.586046754307723
0.713754624403566
0.646381060493278
0.494278137927785
0.616930854267509
0.663746553880585
0.587209963795634
0.708812626874335
0.755898521972423
0.457881356670643
0.776991920436637
0.561787282345042
0.748266687975361
0.460442505826518
0.584357433953155
0.683300190129205
0.642171543823898
0.507341162298076
0.651977369494225
0.567649172717165
0.721264754846812
0.703519641520014
0.6859486846126
0.583040892474689
0.818278313406778
0.74934394040156
0.499543996708602
0.647742365478356
0.804470716274579
0.782338529223791
0.62787952234816
0.825091766690597
0.552583287341749
0.657988764780391
0.726298038248832
0.621154337847896
0.685976456821097
0.744471466794957
0.713756221759861
0.747817553036471
0.663045140235679
0.671076279204382
0.745709118211348
0.594798466824751
0.740488778480532
0.644151360460694
0.780140613037055
0.6999742105475
0.76980494795801
0.521453697896142
0.834050812191814
0.733345733383653
0.759990053547075
0.695972950616947
0.746946978364663
0.633491025640944
0.706697074353947
0.823601787680092
0.792248807181
0.770174103507423
0.690378325286007
0.551056689037885
0.560722902283501
0.790412024887269
0.772205102779883
0.692405394774136
0.786197100706557
0.716121203498172
0.67370299334641
0.839800917694269
0.885021761384632
0.702177721917923
0.785624223610326
0.786844779115683
0.69168113648636
0.797179549515427
0.813789672569883
0.84662972155177
0.866219343976884
0.799932631195078
0.774797645417752
0.608815979466914
0.823387012991605
0.545902378712883
0.875652459229278
0.820921904993036
0.871575841763376
0.795725029914693
0.699234577360482
0.804406308308962
0.773222042000913
0.743393641597204
0.776158371481054
0.860023299178763
0.766201345468114
0.756476232891922
0.654804189509332
0.973427775776831
0.734281568774465
0.822486900024828
0.711357023972732
0.791761776786329
0.831396470189718
0.966413548293151
0.867820356415926
0.736739151840431
0.894995672521427
0.732301262636386
0.74378603164355
0.829210993646758
0.811532756239163
0.783296838774229
0.850066194081912
0.779841976913649
0.950843839111521
0.768330632963881
0.942100433792842
0.92027596915601
0.725735218631905
1.00925219737887
0.822134778342094
0.879815829902601
0.774237693527897
0.833435980242657
0.933379028215381
0.832614902912677
0.836602082759377
0.874178075124529
0.863852640292355
0.898868892412836
0.903956346090175
0.911933367254548
0.930492195036217
0.832929494530136
0.867433916948612
0.847496963451513
0.90889977335177
0.839616063710656
0.739987625047341
0.871110727973799
0.908334635592186
0.969227588927663
0.719658270287157
0.865448391905227
0.933910569362312
0.823077289993622
0.743308276576021
0.773556491765904
0.813379071933276
0.857813715242795
0.812375833304327
0.882105106707571
0.901372235013375
0.974784565445243
1.0019577987502
1.00264261900994
0.779099321612768
1.01587630377949
1.02781978243049
0.973486506688767
0.918496723634888
1.06870060048152
0.950222652237339
0.885253862638119
1.00650367060577
0.928283121019085
1.09259711226293
1.00667020078996
1.01249424476634
0.776495221143091
0.912907517294903
0.999299392924135
1.07163334353918
0.97154994000099
0.976102983049792
0.897787739546913
0.940807134615281
1.06627649311004
1.05608236850106
0.988059792951784
0.996269224510848
1.02695232018327
1.12800405622648
1.04168576064358
1.05759844232636
0.960978095180058
1.01181187308619
1.04366158546057
1.01245983950186
0.894386997734954
1.01717711343989
