"x"
-0.937650137559832
-1.02121216580253
-1.13441198416634
-1.09966463876393
-1.05692371063526
-1.0190510083438
-0.931158558674545
-0.887583063883261
-1.04004363792226
-0.963966897599381
-0.951602273937283
-1.09475561866625
-0.928873772647505
-0.860192434718072
-0.807879018496023
-1.01721283252242
-1.07204945904954
-0.912035432416671
-1.00081527498799
-0.799416360855646
-0.813655235340528
-0.87481700208763
-0.979393315695807
-0.976524290340533
-0.870435298959261
-1.09572908409062
-0.969330811605837
-1.11619103082115
-0.953734360493587
-1.04087774508843
-0.925561426145969
-0.892645772052729
-0.95461510591123
-1.00740307141189
-0.875950176827166
-1.01408111420817
-0.882320405420544
-1.08989871106582
-0.85981066944882
-0.928841396885288
-0.963842441916618
-1.03568613011958
-0.957743258562083
-0.995290458172118
-0.869706032105882
-0.930586296129132
-0.879091607046058
-0.672631362448172
-0.892189912971504
-0.950105770865953
-0.982423070672982
-0.900785795336191
-0.819504356816707
-0.813140066591384
-0.895195758889659
-0.914340883506777
-0.849675009411337
-0.868307490074008
-0.887550420266381
-0.777949160789208
-0.885549035327871
-1.0209145632145
-0.87755037552572
-0.842568805500226
-0.874202332586387
-0.865618998499803
-0.800116673590629
-0.87457919288931
-0.854972407135841
-0.964622356417558
-0.702691861363658
-0.746428063464426
-1.00318730590268
-0.915872961234597
-0.776371007568029
-0.860725685109796
-0.969609447319937
-0.731059307467472
-0.881691876679879
-0.791930160824137
-0.826145141515853
-0.757302470171041
-0.975772276171263
-0.763863831488294
-1.0191345523887
-0.824542045656623
-1.00065229103118
-0.817737744022468
-0.749839097479834
-0.745462909144935
-0.793429187168098
-0.810495484370752
-0.834837138329907
-0.824273259178766
-0.809850315990133
-0.786082678704465
-0.76498476832022
-0.684333708941809
-0.927449925241245
-0.723464513485086
-0.761600109513093
-0.825215086584409
-0.597625535223474
-0.677720300395485
-0.767517367609401
-0.798758202789541
-0.730712944401952
-0.685793114786646
-0.798787939821203
-0.730897963920779
-0.599318694460558
-0.832647171714259
-0.81718905893897
-0.753248224075409
-0.850757948172076
-0.853689767650119
-0.772573644321411
-0.764571254532568
-0.592846110162667
-0.762092036922526
-0.651650607792647
-0.880107157349469
-0.823380310742168
-0.835380373260942
-0.852220088035446
-0.692286963576778
-0.864053406801825
-0.740862092292185
-0.801032030660295
-0.675943044691679
-0.682140356048318
-0.730211649443144
-0.676684152914189
-0.833763946962199
-0.728438188277044
-0.761481229733862
-0.671502700954026
-0.801887118926931
-0.659967880595005
-0.65762935369116
-0.62658805645643
-0.580486372664788
-0.873450014033525
-0.560084273127113
-0.639757708544378
-0.762986363439848
-0.771345818788171
-0.701284433531652
-0.672894108680877
-0.635046907531016
-0.581956246690829
-0.573988439075751
-0.650733362617976
-0.749614435288325
-0.743304115256107
-0.634210370459604
-0.67821865535888
-0.618603563481765
-0.691420309994865
-0.661971118347447
-0.776122424179235
-0.621652222393356
-0.655403168009229
-0.558226958458999
-0.574988497949699
-0.766510267645023
-0.741411345166354
-0.602576296360865
-0.742548719942736
-0.738439499680611
-0.584628404407082
-0.645736657790852
-0.541418974969153
-0.683717197433298
-0.712744295082956
-0.631301645875769
-0.734678828961549
-0.625029943858994
-0.785268662351178
-0.660957611430306
-0.730875569078288
-0.60805931471759
-0.644140058924581
-0.681784548975481
-0.673500386863111
-0.61562940862794
-0.628821031441281
-0.56768574235844
-0.612262407959969
-0.729414078931595
-0.654572917381885
-0.755754814344163
-0.508266153529093
-0.613214923624223
-0.640674379645449
-0.600501008260955
-0.64891189433521
-0.582700125088069
-0.64730690184199
-0.699398478317865
-0.713505334780995
-0.508984223699582
-0.562338882050785
-0.532307092206146
-0.665369344657299
-0.637073527257118
-0.406036451684781
-0.597462384783193
-0.460881513175579
-0.299713415289068
-0.514832633407796
-0.52022318579383
-0.652507491035238
-0.515800460254446
-0.632131966922952
-0.539631910242128
-0.345662266871234
-0.509452145719745
-0.705304464724041
-0.732480689419571
-0.610629109389484
-0.58814894592025
-0.408266778242636
-0.783871003682075
-0.70673100740863
-0.606301151403895
-0.427052705145963
-0.511326644683835
-0.383207014280468
-0.585068150606257
-0.658801943531242
-0.665862242861161
-0.593420923189363
-0.577871300976366
-0.539364406043277
-0.45277766999131
-0.697637258035079
-0.452797986768615
-0.530489972928124
-0.456891563419811
-0.531373160384805
-0.58312175536384
-0.490369944416373
-0.580234081297598
-0.589540990634509
-0.35268179436112
-0.52130712814421
-0.435349421233263
-0.447583234498161
-0.644115424445542
-0.393505012419762
-0.495429432093457
-0.44249041125025
-0.386552852659891
-0.627711496826566
-0.461828806624737
-0.516308420230198
-0.497504233388842
-0.4788040130907
-0.37991157534466
-0.586238262758898
-0.516750509590495
-0.256697301338264
-0.53669446589545
-0.629277668966316
-0.588994361044173
-0.401223622243854
-0.539209205855855
-0.547565014399423
-0.476752234750261
-0.463608351104501
-0.328733526885788
-0.422138015485968
-0.4172213291401
-0.421260490919536
-0.648481171249162
-0.459261549648625
-0.48440960158906
-0.438525269095557
-0.472452549369289
-0.438228063188789
-0.442472674170008
-0.495647981298051
-0.413453257651267
-0.473718395850422
-0.493437865263796
-0.375343531347308
-0.422697760431542
-0.348514543790832
-0.638369600741142
-0.463373718137286
-0.393908177685135
-0.57533810993925
-0.462407386232026
-0.378739125935733
-0.443976585306897
-0.448142722978875
-0.452789498190674
-0.328497766471399
-0.545979134250168
-0.466320954756382
-0.454363277792505
-0.33419792703403
-0.40467287783719
-0.247938848542572
-0.381918056926718
-0.547944739061329
-0.184970425942852
-0.336626813892086
-0.315926665962194
-0.348106020085839
-0.313803187348274
-0.398810574115996
-0.21566537082404
-0.41114305844006
-0.340162252099011
-0.312972450135121
-0.194199884394604
-0.445203735178179
-0.399800717309092
-0.303800439813083
-0.365975685266519
-0.337697319985571
-0.421880496564885
-0.432301623606078
-0.412644029358388
-0.216491766432097
-0.27470548133636
-0.389493609470211
-0.465139481611982
-0.17912001150354
-0.209002404725053
-0.266256661515309
-0.29436766773873
-0.2923095372495
-0.361976499757148
-0.279539657536345
-0.252566535272175
-0.332994709585682
-0.228224635086375
-0.310389670579999
-0.240564828356715
-0.360117141421439
-0.240925486792273
-0.338981613762906
-0.367596274421086
-0.275030893885701
-0.370057212415314
-0.290760798893496
-0.426728398313681
-0.228722378582012
-0.304838532741016
-0.310153702071093
-0.165221030098307
-0.419814124843866
-0.309670770206105
-0.261248342903989
-0.316260608167608
-0.244511954196883
-0.263436253107313
-0.243595521300749
-0.345674064064387
-0.289810700061316
-0.130127105403284
-0.186327014954886
-0.263063634011967
-0.312478683733007
-0.227336924007656
-0.212329754395527
-0.283127479523132
-0.256915234328303
-0.27509036759012
-0.162694494761305
-0.161381554286883
-0.285809419222991
-0.303238810018166
-0.183659500164327
-0.334125307593555
-0.157730537455286
-0.238924779891742
-0.239864756606855
-0.312624125490123
-0.174863056406714
-0.200899137177762
-0.171014763076243
-0.246832662777778
-0.279238550210564
-0.231447861753416
-0.273527611295591
-0.18508347984944
-0.302978933689719
-0.145633568117635
-0.226381276821132
-0.266807029271061
-0.273804718135835
-0.210453255125301
-0.0535372347380192
-0.318678613267743
-0.236990410650117
-0.0408810364878297
-0.140805604930632
-0.333188162614452
-0.0546187822076544
-0.16596568197061
-0.261534393596503
-0.268360979647604
0.00489548535504109
-0.296388795249199
-0.243630486784018
-0.11533503040303
-0.194578269269659
-0.113873376598822
-0.189609990863118
-0.177263752495011
-0.127603728138621
-0.119792869355751
0.118506510430859
-0.0472947723539813
-0.0725050875423692
-0.162449951226429
-0.133063100884091
-0.151694462013966
-0.162683967652685
-0.118007634188729
-0.138154061853357
-0.208146608883587
0.015112326364817
-0.0550228553435781
-0.0436775547276412
-0.19990302667812
-0.23777198584333
-0.151241231402618
-0.0942655850425311
-0.071697075915535
-0.128842389341326
-0.106901800768924
0.0576805542914713
-0.0555623657014055
-0.11596175064038
-0.114461001007763
-0.0907936619955738
-0.192494570550927
-0.245957710761114
-0.179151201028341
-0.162989072585334
-0.198610128719156
-0.150115641087691
-0.296332779666582
-0.216828080780533
-0.131210230335677
0.0834898576065386
-0.0766972378838717
-0.0145839408483879
-0.119953376787647
-0.0242348642584578
-0.136562795170868
0.0283272298007442
-0.10762548050788
-0.133835582011506
-0.171357358742216
-0.0783222987447946
-0.0162418745335714
-0.096585875219321
-0.0550761863749227
-0.155794153422157
-0.183629489352761
-0.13886742833651
-0.00157454910603848
-0.0356632135653788
0.0146514239116166
-0.0937131288607172
-0.129598413967619
-0.0170970915571919
0.00540923868069322
-0.312717477661382
-0.123624386862325
-0.250424564405729
0.0182650157118042
-0.055145816956163
-0.03735121312675
0.0130238367455759
-0.0930854071674657
0.0545107524806762
0.0288726644053716
-0.0741125116076659
-0.00490997163509294
-0.160398875418922
-0.014757023295939
-0.0863446776433135
-0.176894094474439
0.000137810243043113
0.112856001882197
-0.00290760950148057
-0.141301197892092
0.0523063664859616
-0.127134304510361
-0.18292122228184
0.0363350638904014
0.0273479080215737
0.0315981538176146
-0.0368839471716441
-0.0369904080172879
0.0379620393204625
-0.0198757440026253
-0.0726924433410897
0.235671526435857
-0.153005062289376
-0.0483398561512347
-0.0428112340562543
0.0526962642838176
0.0449596232751158
-0.0689000884343721
0.0210835475786821
-0.138951088486252
-0.0122438983511973
-0.0298774341356863
0.0685470573484769
-0.00848989367661311
-0.00780984997269099
0.178273864233694
-0.0987571936622469
-0.0266050505087021
0.00289431725464118
-0.0970594305492611
-0.00521578473298953
-0.0375248388372427
0.188069044624711
0.0830000711938901
0.0736892468169316
0.18979456179313
0.0524620683106573
0.0194409093080452
0.170413250464624
0.155488855596527
0.117515693973261
0.201983666980135
0.108706688956444
0.0589793921519831
0.179225997387172
0.128898483928846
-0.0810195741885249
0.10755114038793
0.0830971652104477
0.0488011683713725
0.00529754310173161
0.10144136110393
0.085198331533717
0.139467878592999
0.00851068137960756
0.0789732921330892
0.000456249944765874
0.198378040782574
0.108032761219996
0.120319201533009
0.195341398465604
0.0447844655451256
0.15015304539367
0.159007277701452
0.115449061216641
0.232975528616963
-0.0011414889402197
0.00851644348139355
0.0377244220033103
0.0390845902250356
0.379388470171037
0.234000347585827
0.24088898126799
0.0406535670674513
0.18054806222791
0.00825553978779962
0.147923252612888
0.253835934833834
-0.0239231774879916
0.00454480213648633
0.104045273701496
0.192492652580702
0.166383482399015
0.13998033660569
0.204989577174795
0.247424510029543
0.181742060310998
0.222871968236792
0.07329114775843
0.179214977131685
0.0902918196410033
-0.0180571883940775
0.138496034465572
0.0841140586419691
0.177093368602456
0.26898285319713
0.201769195075105
0.186694156643336
0.259095886944716
0.202116468110374
0.159955035088688
0.201116606408885
0.230444233604888
0.201912077772416
0.136623148411616
0.0952835339685395
0.209849400381653
0.224982279622847
0.210897751764256
0.382071588661983
0.251492285915217
0.00349700159542775
0.225383304344177
0.210383911034018
0.369874461413147
0.134939101684917
0.22593893895086
0.270645550029003
0.142015081970442
0.382278115192693
0.271337941886173
0.206569518552202
0.261287984075717
0.147154823212919
0.293065679322673
0.442026212915647
0.344108039117508
0.150382370883157
0.275990499460628
0.244348569370509
0.304705679821539
0.279013409628368
0.381115891609473
0.174729733542621
0.307229095772888
0.354438203733892
0.198642018204034
0.199324817823685
0.274600745188885
0.35409727175135
0.248816307456714
0.420959692992327
0.310219085277728
0.442049615743473
0.257259111042025
0.28827126034778
0.279344121595541
0.28959844033087
0.224634366156875
0.253278575370267
0.202025906154412
0.386464474764898
0.400649512612125
0.353696542149311
0.244077729163646
0.449975437635112
0.518328849622725
0.408575260886759
0.36164978798108
0.350256507706983
0.0875269943856794
0.352280632759307
0.373251309270268
0.17688444284329
0.441042506934856
0.337933637987649
0.359112929784256
0.387601439649006
0.324543860843471
0.42982853891572
0.29103046520646
0.346896221541478
0.281107345564524
0.320434403005843
0.391764569889344
0.306046273769224
0.382139999417306
0.380193961816348
0.253278433231078
0.446317398727055
0.323668751853164
0.28392420926491
0.329720342697537
0.349714945656931
0.375143110563364
0.469297728777103
0.313023846824021
0.389041587563518
0.38427514837202
0.492882066414917
0.435715322532399
0.394113023668458
0.367173834333262
0.422864438284474
0.345188006965783
0.382614558143145
0.481183685017585
0.285357701282145
0.478741737519684
0.405157948330568
0.387551333823624
0.356118960732975
0.393036553206386
0.482467562342397
0.430435992994826
0.482156030877437
0.323102573035369
0.276545167275452
0.373440526616142
0.611458933360184
0.37863051526974
0.565358834158123
0.331838355519685
0.299775564973448
0.342042621927536
0.450067000149265
0.394451757755061
0.398768036111587
0.350125567598792
0.465275845819688
0.45312099740838
0.658084202675768
0.473991355699084
0.497660269058049
0.477086863670967
0.389147052405737
0.499173681048118
0.458365002231624
0.349630291902946
0.533603589632325
0.617937527618104
0.255590724311017
0.52575190757314
0.449668628928907
0.607118626070572
0.309671091496713
0.428263446297331
0.53623012303805
0.43687947958185
0.534533269467047
0.496157400423119
0.397624306966858
0.541717144782837
0.531590944565654
0.549596971683637
0.258294868074197
0.424322759424038
0.414402414914182
0.357095488750353
0.565754271114023
0.404668051001188
0.488097259609233
0.549472126115041
0.416360868837537
0.342770801114048
0.579155771124502
0.449298900639983
0.411400258307835
0.558936236326213
0.467873109751051
0.513743322301899
0.326765037510711
0.482829312888764
0.565798873316695
0.503590469286524
0.536320691432147
0.52831280382488
0.464696690047674
0.447932033840238
0.578611044618349
0.420713569063577
0.550610814797572
0.547802557916951
0.557992481387661
0.504458389896062
0.487974270370191
0.469119817058087
0.38418401330637
0.541560010693894
0.550437693502871
0.653089571105441
0.647740998385387
0.595775469602356
0.371446233082965
0.561428928418879
0.49394496230626
0.601519665824461
0.48327610444161
0.500297292666343
0.605934389809107
0.58441529909482
0.447918905858464
0.577950619989315
0.520301738084434
0.644141892539479
0.554280871472086
0.449908472113795
0.725025723446158
0.626986685554621
0.614677876840659
0.573456618662954
0.635808657652718
0.516079707456151
0.60322013007058
0.451382819180043
0.66751765995471
0.556312689799313
0.542686382168739
0.649691424262589
0.786456839703686
0.614109233558871
0.734938507845207
0.566404675789122
0.557392406159095
0.683568686728226
0.661621411174093
0.770847726657541
0.715735136260387
0.580192239607234
0.639610606830576
0.704824959281001
0.514503612054916
0.65459015997089
0.53597242582745
0.596381622426736
0.527234914534815
0.534613651277618
0.6216882036852
0.504925805418858
0.637658802666846
0.783792658195668
0.569557198026395
0.732098627988735
0.750817947644124
0.674163141297785
0.652448918746486
0.603937163903638
0.607549909096199
0.655067773485563
0.792898748357908
0.667444144252326
0.567527385954502
0.715211879068919
0.579313326266097
0.532442492522969
0.644949381081181
0.594988177197758
0.761988803662316
0.70112424262188
0.625865092116976
0.544312800879336
0.60500961344268
0.732985277412389
0.681410371812366
0.760452133982387
0.68009658594848
0.741456920006502
0.866770931807466
0.834939217153441
0.547644128011022
0.807688040440234
0.721550694675038
0.792401584179205
0.636893367210433
0.718061929664305
0.771681062562187
0.732787481907627
0.744731506579048
0.730988165457128
0.691380372162273
0.711276555983474
0.777459351286305
0.71730645943054
0.702808510679761
0.717943832120614
0.636185062009452
0.732131063895307
0.757220462977062
0.67117111111471
0.680246080186548
0.654696945670596
0.842316081981954
0.687507269367633
0.672255255948487
0.748642054330482
0.605737878751053
0.66566318644403
0.755716300168097
0.745009712408879
0.757526079488546
0.628475746262144
0.681104863744427
0.621788426507902
0.783776250383924
0.728657151123607
0.879085262666846
0.769261990775042
0.739797119172273
0.864374285345409
0.684339814866819
0.762019373785578
0.780791096008786
0.784541480669604
0.800874017499352
0.871454611144319
0.759141320565275
0.809675250456637
0.761411314545151
0.820721794201306
0.998276736484152
0.924422065459605
0.856258925230403
0.821702465322089
0.93204757620913
0.788810022583461
0.7907342259361
0.804742763624543
0.831197996101156
0.936961510870287
0.796713188359459
0.79968079699565
0.829994891396301
1.02466125541375
0.620233350604193
0.848187856976412
0.776016235829103
0.863000276265192
0.830189863269912
0.816699798392393
0.790132596971602
0.934451115748824
0.634923267880666
0.942121783152608
0.85168155176672
0.656698559013395
0.89638033042784
0.931166354028302
0.96133979795905
0.867137296859998
0.950031705439051
0.785398616944961
0.806858591470162
0.883298662898633
0.984260180184955
0.921581084507851
0.862793945512306
0.99688262446276
0.859464208390439
0.789848926074253
0.950879145495756
0.952799229575752
0.826412646152536
0.836778275334324
0.897011543411052
0.975269020193998
0.933828455537159
1.01312066124786
1.01138456810749
1.03082740785379
0.924011695848161
0.843188441792007
0.919230537644973
0.949275079851301
1.06175632821217
0.929979402915072
0.913935236384676
0.984383098389458
0.951247575682864
1.00126250709902
1.07537154816146
0.927194809058846
0.882189284773472
0.856588221441369
0.98867936543665
0.949084990816717
0.921306800981093
0.880988167194315
1.09063804903123
0.968283160314746
0.953024400002375
0.923023470149463
0.949757629434864
0.868704447070259
0.929377016596492
1.04521642710503
1.03439775044979
0.844558159565471
1.08033776692322
0.989508286851692
0.824948346647494
0.915178585838806
0.93172580093004
1.12546118962466
0.963968828851113
1.08257418228922
1.01762715592756
0.923738548078125
0.807020399806527
0.996130596200874
1.11688148341448
1.12088966014439
1.06862413536883
0.919682414101009
1.10787842681273
1.04544676834766
0.994203258556977
