"x"
-0.942966931982823
-0.848209324168644
-1.08327662970395
-0.861102866161323
-0.874654498940802
-1.04002391623278
-1.11596230237039
-0.914352597447628
-0.935755721858019
-0.907392930227044
-0.972197779837948
-0.983301298534169
-0.959157239977626
-1.16362337823869
-1.02595371109978
-1.02512672848214
-0.982029748431959
-1.02546030231702
-1.03253930749132
-1.03328832829186
-0.972329161735161
-0.86707943048188
-0.972856025976945
-0.848620055125802
-0.997439005524878
-0.947119204643897
-1.09012284050107
-1.03592929967654
-0.978525768806965
-0.904612594128775
-0.94487343756018
-0.812510332655569
-0.851397949971368
-0.879920358830498
-0.792735522646005
-0.844869298493657
-0.726956374796149
-1.01495248322359
-0.872506104630965
-0.889378167167215
-0.904741081000307
-0.880055618824255
-0.886789209993055
-0.890274649610219
-0.826800078570233
-0.822873530459842
-0.913420978871529
-0.963694480185959
-0.991079940523676
-0.782376294034942
-0.884991298486689
-0.881674051428161
-0.739729480887258
-0.84856688357469
-0.836422037454361
-1.01240898984036
-0.878443407931863
-0.991341779814338
-0.822505765461229
-0.89118294989552
-0.773932366407977
-0.909328305322806
-0.804204615649687
-0.928215362135984
-0.957280424675278
-0.922155814577052
-0.82805434740088
-0.897140664037249
-0.903918031777088
-0.892070731021069
-0.804269840017693
-0.81510713153037
-0.968114474537762
-0.810019811933503
-0.744731861214318
-0.848580674151854
-0.812986654905554
-0.741244431534376
-0.711163328400834
-0.884874371307764
-0.814246323679991
-0.705146293106246
-0.918246043559135
-0.790857299381128
-0.82233865287189
-0.881325462532809
-0.873479025817041
-0.860547201024982
-0.83917624608479
-0.84902449069047
-0.711783827694787
-0.891274439166348
-0.894358414389833
-0.735221877408363
-0.868761878654116
-0.753844918701904
-0.752119793535757
-0.661443758070384
-0.740080683635914
-0.860080987408268
-0.84542126918595
-1.08808936460676
-0.742089504289882
-0.773809735240329
-0.537377797760253
-0.771453299430558
-0.82741056916205
-0.817585029042388
-0.756503235836388
-0.788394053859618
-0.739909042470163
-0.777390604649243
-0.798918099133469
-0.709517055767757
-0.822898144257722
-0.812932339160615
-0.738028739260271
-0.764795231690655
-0.630950074547291
-0.84567760926442
-0.61148707076866
-0.846209606527347
-0.867708023304563
-0.668015888932776
-0.881170234508222
-0.759784801460205
-0.783542983997921
-0.604743943235548
-0.852929072909717
-0.654976800163999
-0.69061994900829
-0.699907801323399
-0.706982112805698
-0.668558780303367
-0.715425277509751
-0.679094861180802
-0.722715608509653
-0.773173648835336
-0.692804080705739
-0.85976301347409
-0.788646192955847
-0.754292190635299
-0.702388979745051
-0.809787225088846
-0.698027687015582
-0.423579733471753
-0.660729633877116
-0.768198395202908
-0.781412972771538
-0.687695202241311
-0.753933662766545
-0.619849396701925
-0.76644794490909
-0.669413471978813
-0.746994348548464
-0.676995866489957
-0.759188403885337
-0.711814165992727
-0.788330567248455
-0.761846023750336
-0.739964339460921
-0.727708885747244
-0.601657122543109
-0.643039163340579
-0.553834893327839
-0.757561539714997
-0.602604386036093
-0.670585046473073
-0.65236987229852
-0.664112872720502
-0.641326448524515
-0.691376891633677
-0.6878055378457
-0.734998928179106
-0.734814612025121
-0.63064850233477
-0.66462553574654
-0.608507928295035
-0.746159625961021
-0.675755224185471
-0.767502623947632
-0.645930323108536
-0.69855861236894
-0.547915068325061
-0.69216042552844
-0.670183063309017
-0.594099203176575
-0.521575873210429
-0.644506252636683
-0.567846617498958
-0.589608301233052
-0.500976140027505
-0.612379603918562
-0.463603692059076
-0.695270825679812
-0.553820752424096
-0.633915188164981
-0.7128743010581
-0.526700196659217
-0.538962738551089
-0.559759340416962
-0.566331327544745
-0.656966172789598
-0.600168853063936
-0.608914136441822
-0.648898186641291
-0.533536454158809
-0.67816510431587
-0.681498499313121
-0.56496080308516
-0.54262601501729
-0.563971983218988
-0.452834334428065
-0.518194649178433
-0.572938957396984
-0.442163265857907
-0.599634844422266
-0.505478751720202
-0.612280722760582
-0.490751468711914
-0.664701827747074
-0.57032549613455
-0.658610460865213
-0.46850023970632
-0.524330015269717
-0.589903752833246
-0.590669007935232
-0.506576944046417
-0.600404844545138
-0.55393096603741
-0.568469035212367
-0.490813676840101
-0.395263078658787
-0.50864849044083
-0.532877404636166
-0.496091188056231
-0.426498849252814
-0.488036662884859
-0.509106518107724
-0.459760063028873
-0.465737932085027
-0.549775635438699
-0.493475366054936
-0.642806257812829
-0.551742382241524
-0.47139309274176
-0.568622635536575
-0.465617283094054
-0.569386918997289
-0.447314428335195
-0.530309897968623
-0.455551669128204
-0.429911147487425
-0.32251830744743
-0.580268966443231
-0.398569386983631
-0.52160465714139
-0.572407747633791
-0.463076123746446
-0.445238824880217
-0.508610046752527
-0.494515179601852
-0.334587064196289
-0.654152953612526
-0.56114886388697
-0.490269520247173
-0.540756179701499
-0.403902184822806
-0.495368339384691
-0.385324824314404
-0.390147242990216
-0.549611186671084
-0.544692107543018
-0.363025655850595
-0.393256289361745
-0.512545450226319
-0.480597351473189
-0.403411555497296
-0.337198664805679
-0.483407253493392
-0.420188700794963
-0.273610307094426
-0.418889292627059
-0.392897203162091
-0.432789549171877
-0.428660835761884
-0.480047551634021
-0.488562059207249
-0.507890061256195
-0.37753359625185
-0.558846797448306
-0.409973638570708
-0.27865980029663
-0.517685274833856
-0.454923761312137
-0.403206457948932
-0.519963787314578
-0.288228091949239
-0.483720780852101
-0.38427410842688
-0.428430911819322
-0.466103737508223
-0.485317738514295
-0.339862429478727
-0.43931167465261
-0.392151748565495
-0.506088466192374
-0.435450588635153
-0.399752024563188
-0.536230799673616
-0.434694051687694
-0.373635337204997
-0.487786958719063
-0.37909719475575
-0.600472215391812
-0.341604871283578
-0.269627946320557
-0.296515784798557
-0.346819301280116
-0.462850823551465
-0.335259218834977
-0.32969749180094
-0.435663316557204
-0.266314851657627
-0.435884319138798
-0.360952552415049
-0.438615550185775
-0.34216753621359
-0.215870561215178
-0.269633088599929
-0.330932330079447
-0.354910071771473
-0.343656512552581
-0.402733228032141
-0.253351675895895
-0.399443362331548
-0.32438911287349
-0.270243865298078
-0.354235368134759
-0.318132390977193
-0.285012420076878
-0.37780136485812
-0.246325086451577
-0.1832790547865
-0.277524064078214
-0.38235355569412
-0.16246980900317
-0.240461699954668
-0.426377012774681
-0.362810133315227
-0.275560393914622
-0.32676324237886
-0.37268543349332
-0.33871377829597
-0.163743094731502
-0.198267807431561
-0.170408509326524
-0.157506746838642
-0.212747788909487
-0.480794925682851
-0.342431614795291
-0.193140253768414
-0.282816532129281
-0.28034152616114
-0.298159809276587
-0.270494885201084
-0.294449980214056
-0.110442090061392
-0.185046052403272
-0.210751297911728
-0.425009256278465
-0.247180118987888
-0.131559671378288
-0.24626783011798
-0.358138999947377
-0.239273146304315
-0.422550946389843
-0.185508297857674
-0.249698029742291
-0.0831142939805221
-0.119046585991672
-0.174416039175157
-0.24371874114184
-0.215375797261612
-0.238444481996199
-0.324265238013215
-0.22404082208278
-0.129044458218721
-0.107541182471975
-0.26298604178793
-0.165852782978384
-0.209029133986693
0.0102109116822169
-0.327787876188641
-0.153203606691068
-0.258710257140827
-0.0786337862523762
-0.0767465303706415
-0.193584339666225
-0.0658065743910364
-0.219416309272588
-0.301081006877119
-0.278356700920697
-0.103360666350605
-0.139328622160245
-0.131735103908919
-0.125899181236421
-0.117898951082957
-0.336943066624283
-0.221896305341443
-0.257387084518582
-0.244322921173042
-0.0478073022942801
-0.100249867637437
-0.241475050196999
-0.0732257867717342
-0.12491773403977
-0.104174561163938
-0.184270539285756
-0.174452482233191
-0.202072698897778
-0.295754552588355
-0.246159887245574
-0.187051525568879
-0.282389183562076
-0.130322501895686
-0.082012517129105
-0.120120237772121
-0.0655424147145609
-0.124544609675246
-0.17155268557063
-0.0968759495051226
-0.165308258885824
-0.0602049695010744
-0.153708279212645
-0.120186354616969
-0.0440067627300704
-0.230124987260303
-0.154993703320824
-0.065621441299642
-0.158558750378935
-0.120070625838644
-0.131770731609065
-0.0400017461033072
-0.0374329710790116
-0.086944471207969
-0.215597297511208
-0.0387618682975363
-0.0521562703156429
0.00701781401626201
-0.118477851527954
-0.0399397495034853
-0.0850255882818927
-0.0818478157307373
-0.137108634217362
-0.138519417133451
-0.204463116626925
0.0726646115584353
-0.0405003820436618
-0.0124892375942067
-0.13399592499701
0.00846846600476387
0.105458160713644
-0.0108199419579631
-0.0744417561864121
0.0114521356334991
0.0605936560123492
-0.119567634019005
-0.15297394328624
-0.038343010692815
-0.195395032152614
-0.0147512386721563
-0.0997056827331234
-0.040327082920141
-0.0122679909801315
-0.0517042874195421
-0.0233565538469658
0.120577126580957
0.0256485176856836
-0.101599631766612
-0.0319832881105704
-0.0170700534504129
-0.114712750690358
0.00926932912060971
-0.117561858759717
-0.107954810667869
-0.00846771586470745
-0.13271295368152
-0.0779140567516978
-0.179479177316264
0.0249551464618099
-0.0756031840008272
-0.00806702722809747
-0.00391393429240765
0.0802941092019699
-0.0653309410856699
-0.00862773232734794
0.00123202098663009
-0.0420791434601743
0.0496677975407913
-0.102026195640037
-0.0890260648444968
0.0433666179371276
0.00567659339519685
0.012141141899742
0.039712896526308
-0.051707907910265
0.0249102504662964
0.23116171963898
0.0469014627297958
0.0149232991715379
0.052507023996444
0.0399165803654925
0.0626813523415801
-0.0804252380163717
0.0881689723146659
-0.0549535600533334
0.0528772353778521
-0.0524743279626182
-0.0636954975000479
-0.0347825768738338
0.0956827738933457
0.275550484008535
0.0151476447325972
0.116191517890686
0.0311219298099664
0.0508802699896009
0.160171496190497
0.11442073843199
0.0600137081953456
0.00101299894057291
0.185732367960827
-0.000638047861576669
0.206369965158624
0.0609671969107011
0.218121772755125
0.20350323789232
0.0608180428449504
0.0569866707019013
0.0904177732213597
0.0863374353664331
0.0162908600052122
0.141630093640323
0.163558458481929
0.156652539973443
0.0493197744565412
0.103094226899904
0.0288780853396859
-0.0692158949861979
0.0722784751181615
0.153397696832416
0.0778800064370977
0.111118766979768
0.211054250167761
0.157955997865607
0.0909443037373311
0.119547245234209
0.0930824680295544
-0.0103785898940601
0.139647686054181
0.12470439403908
0.162583780631112
0.0108231260536831
0.156765784568688
0.339342428253149
0.0602670659513756
0.142547809411945
-0.00684720568865939
0.0914668027132018
0.147020063005826
0.142803594528561
0.12672718978983
0.248705718210815
0.0757956584080556
0.173323167196979
0.196833596092048
0.22523614845961
0.157330448016176
0.103954661272187
0.285342755862955
0.0531455046002643
0.254543317287023
0.211088979566387
0.115648341839181
0.17887575046456
0.309431333537833
0.237475595113209
0.227133395482065
0.128338701844645
0.17479247760764
0.065772323338757
0.141915749230105
0.122502049469856
0.208363068521838
0.221705184915952
0.212565718671924
0.173442548050171
0.236479871101859
0.241629713159942
0.226779869442538
0.253927114722035
0.211400713644015
0.173099962347589
0.159597350339005
0.211956793174099
0.193948262171315
0.240025052832526
0.295127734992468
0.19103842728401
0.122510245157798
0.213179902930507
0.161762980759561
0.22916515404422
0.224165309562482
0.262131377701066
0.167754482233307
0.215670747893268
0.137166781106744
0.177475693670193
0.255929864345515
0.193833347044687
0.229048262466334
0.283592035702568
0.383402776373076
0.471148783439293
0.251579698109046
0.196940483564491
0.215544571699451
0.211804432439832
0.225451978278491
0.212534630089427
0.180408469357395
0.307189181680028
0.139119051646111
0.36946031012979
0.409772745717409
0.194881955734722
0.235484128288374
0.153005038521496
0.399448848837509
0.263953247389676
0.194288928982353
0.31364748286093
0.305668808451413
0.149432060074106
0.291074543890549
0.338185025209357
0.385484513282133
0.153115014934365
0.317922528957101
0.422033654414962
0.269992538326159
0.23908712661794
0.358145977700671
0.178039061425976
0.411334519258905
0.375604742655896
0.351139274735561
0.477132905643726
0.405066971226773
0.303266248334258
0.309258420163529
0.341604397296715
0.203137715306305
0.375875504580871
0.217805282130229
0.264891807834185
0.354725843225742
0.30305055602837
0.267724820562675
0.407882298835578
0.557797166978741
0.475204612684186
0.291070598159279
0.222837761566466
0.437916605057587
0.390442423955755
0.357281823208271
0.330411079474126
0.388009638085176
0.410575568773328
0.3997622846174
0.328861939225651
0.245021076128308
0.376507134091688
0.395625802372481
0.338735369058069
0.322158054580544
0.431280800325861
0.366186361068114
0.415792893643252
0.339180816498625
0.459442404852567
0.277022635571941
0.360721841104363
0.269215353307971
0.211224124287005
0.476934910426812
0.431896785790433
0.417736236096969
0.329972585523567
0.42968810420911
0.459877613587868
0.506780182139693
0.413048116106588
0.35117188188317
0.435393847228339
0.41056448348663
0.480733004935327
0.455135550256462
0.338735847027592
0.604260454673498
0.417515233708514
0.563420740867154
0.520596547181674
0.482859145012522
0.495492290465254
0.438885214108651
0.449953009384039
0.535753614841758
0.496612700540448
0.422527948499459
0.519764107947911
0.47545266368301
0.494908886119432
0.42717391066353
0.398515999884728
0.30141568786891
0.300314966226291
0.413924446223396
0.421762775924213
0.443129320290492
0.413411954814925
0.508182023636311
0.445572061532074
0.463255646676741
0.460905559361764
0.497354750606422
0.502829258466284
0.524486295067274
0.373723754540849
0.578504811310903
0.519221109868088
0.38087685695393
0.39736363983323
0.380854663987309
0.50062329555796
0.350285888402198
0.588878606255175
0.560049351026308
0.424218756220021
0.510104393338628
0.612466536549267
0.536963334252127
0.564188811595775
0.589718642455025
0.414541276377803
0.382597971194446
0.545269217035723
0.564011885211859
0.436763358437972
0.369724579673299
0.631914654128577
0.539158289221777
0.536669494921389
0.596936825171815
0.559053673535608
0.526007808291686
0.513955162128112
0.591589340363905
0.455957243791236
0.59072892541308
0.563006526418403
0.439655462451928
0.642828473714686
0.601716483375451
0.642882732522798
0.468802067179561
0.506738971630403
0.474227150403687
0.654053330526287
0.492444982487938
0.600247654112016
0.606205404909976
0.535071223527471
0.617057936568276
0.631346985029657
0.590835200175401
0.682158663550896
0.624787175195463
0.699299435317866
0.52090633569259
0.574999015651401
0.367503420991414
0.550089527491338
0.52908388519677
0.537386335288047
0.651881635141992
0.576166249978963
0.692590146702256
0.500482268105265
0.472929601237558
0.632564904715805
0.761004013226888
0.677072428117032
0.650509388641295
0.467294931647801
0.594653824541656
0.621391670755031
0.58328405420278
0.685142830506935
0.636526316894895
0.473979144239765
0.626672443628724
0.67871712155897
0.567381977896531
0.703393537939898
0.774504572911716
0.452002560821977
0.76052941958056
0.553661667425145
0.768559396562999
0.463118380373459
0.593435507089522
0.696302748146982
0.647023422350819
0.50135561228725
0.64844569385975
0.567894118571597
0.699526068734061
0.698796188342773
0.700261454020639
0.565200640780404
0.78864707924865
0.762364459135217
0.521978287116871
0.669093147862639
0.807100693983543
0.78322165325682
0.626030241652369
0.83850150324413
0.578008602185277
0.661592377483592
0.730569895779316
0.607036041603995
0.682425297313469
0.756071005145684
0.681086565267005
0.757827974460337
0.669666313789629
0.64050072015115
0.743105997485409
0.614317067074438
0.728602371755548
0.636820518710884
0.786531865188874
0.666506542978419
0.772921419173761
0.516845971079926
0.854787346838076
0.742231100410234
0.746329955001413
0.716901231951578
0.751163894900475
0.649184162703502
0.691193784132351
0.81083623685384
0.794119777121957
0.751091539988083
0.673746120150367
0.565666640458497
0.560248171529541
0.819527986645429
0.787065064214691
0.688657120799091
0.786121494795076
0.713630309787569
0.667609293792434
0.805970455710762
0.884697208995906
0.705573586440752
0.777260437949079
0.786564375027859
0.687755156204157
0.801212527969084
0.8159390382074
0.854464898544706
0.871350119358825
0.788422526510784
0.762365550608122
0.615645971273412
0.822972340567373
0.561652853756889
0.864667876877572
0.835545471815797
0.858008024544045
0.799035126227284
0.693810546188433
0.772596297216543
0.782452963483278
0.752700520834664
0.760068565722405
0.843946733547164
0.777013624734165
0.7388800684595
0.646714756340264
0.972628841534217
0.740060444415217
0.840877660578639
0.732401050750923
0.802408366188507
0.825422112377327
0.96475558191421
0.854169347211113
0.749802161151033
0.896386310343388
0.74756373468433
0.769672552527661
0.829274055639746
0.830894417539313
0.784733644685023
0.873092658635922
0.80511291950094
0.936221768580002
0.77677365860032
0.937334208201087
0.922500956827988
0.708554706560156
1.01401538105969
0.813957587664155
0.875051736143909
0.793531860101766
0.83145310085323
0.924895438011256
0.814976629897468
0.849317211890048
0.888476556039798
0.862523926240547
0.92794332864462
0.926212510416768
0.908003103122133
0.936433887283927
0.852297466779523
0.861204291661656
0.840724492138708
0.885359803064502
0.830400533746036
0.737963495391198
0.911866957582747
0.900573653963267
0.956416098166378
0.719874029700987
0.866365435976279
0.927059857567285
0.81901528824751
0.754967270921159
0.762646756358042
0.801493952449576
0.85616165912884
0.795388030723234
0.866185122616056
0.92445458307143
0.984473563340229
0.985759799494557
0.976567377486059
0.774151896956225
1.01722401744819
1.0371747071889
0.96897547212652
0.90502885149496
1.05096889418165
0.943116547272177
0.873682754939836
0.992990104074886
0.914419043141274
1.09194611519294
1.02391564987262
1.0029959447679
0.79684122230253
0.930443764893186
0.997122209642846
1.07494503627384
0.972773312204754
0.977353381148486
0.892275710169291
0.946621248847027
1.04893094312963
1.04342278274653
0.975835592566246
1.01215843978691
1.02946247031053
1.1129333223025
1.05679942576219
1.04968264695446
0.918215158978678
1.02315330120412
1.02707994080878
1.00376393626302
0.898670433752832
1.03029444803377
