"x"
-1.03260681265201
-1.11653850119551
-1.00907254305592
-0.93239240842713
-1.05834837013444
-0.989002831377189
-1.09967266044201
-0.978863366666836
-1.15205567383212
-1.02519513619889
-0.951210450288528
-1.01003619685535
-1.00473081348048
-1.13647925875548
-1.12011637115483
-0.983076957798606
-1.06387671315057
-1.10434136914616
-0.832995283354881
-1.02814442614214
-1.01087472366874
-0.885633920146493
-0.911905324245432
-0.966451032192599
-0.898364086129437
-0.868503596027429
-1.01232165526866
-0.86758540107235
-0.921431835498918
-0.869939038903378
-0.931847113676279
-0.90947032637008
-1.00947042942859
-0.840286962891904
-0.890434676950066
-1.06731178470258
-1.05115658408351
-0.956957341128511
-0.892021079175856
-0.952532574928193
-1.03647177547394
-0.78712630993411
-0.973270265381815
-0.992040314513504
-0.947130503412059
-0.928915794045815
-0.986360334594664
-0.936700648075797
-0.873094240788608
-0.982251176190438
-0.917988688304162
-0.95299258794154
-0.89205463568116
-1.06166795248465
-0.871270840635575
-1.01868516684244
-0.938562281472493
-0.701340330079065
-0.780395480167843
-0.883688367782512
-0.869951079957231
-0.889681502181534
-0.728758836519028
-0.8746258631354
-0.915165340237353
-0.865651914744079
-0.95047454497558
-0.989082988587707
-0.976729283532453
-0.825472529136471
-0.773437354640001
-0.879340133210857
-0.812944912644009
-0.816426525406036
-0.965082343282005
-0.848824205157477
-0.89839420157856
-0.634948649311514
-0.852385295063796
-0.740014703185737
-0.707071154502254
-0.735204647489981
-0.873286266476071
-0.890946604774562
-0.984708275359388
-0.831132308988371
-0.80374648321442
-0.886993334478132
-0.810235298709775
-0.871218225071782
-0.775060453533179
-0.865810478467355
-0.93386487370513
-0.7848860792541
-0.789308368659446
-0.723729388277744
-0.733593773814799
-0.756998767120155
-0.710789209001423
-0.716729917363199
-0.863249177595347
-0.747501909935879
-0.625378318747628
-0.880528560859749
-0.804332011797442
-0.810259913355552
-0.862702857465479
-0.783040282690887
-0.762780686060649
-0.707907223782704
-0.699049694170692
-0.82247343920586
-0.707947097302467
-0.866051228160287
-0.694750666633939
-0.916225711750259
-0.729698728517133
-0.912372563691869
-0.666834065828052
-0.877861947066959
-0.728619622367354
-0.803908001387005
-0.797857253767646
-0.967509860103015
-0.74147528665289
-0.860161419375055
-0.734735847815433
-0.648430853280358
-0.707157193988432
-0.678512033968201
-0.690442012747742
-0.771197627727606
-0.819724752055735
-0.89497313957303
-0.901065934930063
-0.791637212679009
-0.642328988762677
-0.625736496901035
-0.745104601967412
-0.685924982525917
-0.815757730479968
-0.466341659498825
-0.687525210117839
-0.771595587022445
-0.6417486513018
-0.51128164691316
-0.892532722022059
-0.549047971895646
-0.67731635945655
-0.613381152035254
-0.789839966037108
-0.692080704092014
-0.79834914976469
-0.753145336191157
-0.611184052666356
-0.642905163683435
-0.586984720627983
-0.626866421214709
-0.62118275532823
-0.692752037675887
-0.600129522620137
-0.737923867261851
-0.621954087088809
-0.524794572894392
-0.665041983534267
-0.596363718464471
-0.701646411308747
-0.585379525725185
-0.58113661626622
-0.683890832628841
-0.739343663495332
-0.597454129063512
-0.658112317125423
-0.636773209236168
-0.581851853893473
-0.519341984831854
-0.565348768892911
-0.58072144309199
-0.637351039258419
-0.680732576386361
-0.738640733707291
-0.695089339940078
-0.416522219767953
-0.590311409218263
-0.605466549880825
-0.687601246895446
-0.584301689596772
-0.585491404170762
-0.744670399145894
-0.599433222751364
-0.710261123893904
-0.609768807993019
-0.752242710005887
-0.694606415824681
-0.502659795879828
-0.644821631773354
-0.64234401222814
-0.680356350565286
-0.74046633956453
-0.506041648758306
-0.65472569024936
-0.619885133593079
-0.650220582654413
-0.624834463968325
-0.598494917293931
-0.509001458379522
-0.631599660909199
-0.567604028468362
-0.652332194430821
-0.490777039377261
-0.494498183608105
-0.501413249574029
-0.577273545706329
-0.492736940570328
-0.516336156955092
-0.536921842840434
-0.449666968664328
-0.5012663539009
-0.594233190889392
-0.592511530717633
-0.569766738971225
-0.594916315977552
-0.623875358762642
-0.541462675912339
-0.436963936892683
-0.567990171371184
-0.490870547753374
-0.587807111910341
-0.524399256866808
-0.468707054773723
-0.405828486099031
-0.603127838707091
-0.498624782994361
-0.512905166715439
-0.541292660388839
-0.494532694641407
-0.530713995231082
-0.524795359262668
-0.571521296554821
-0.515362925473646
-0.58255092389163
-0.56993863788469
-0.478826074993587
-0.617520899677225
-0.512415830441458
-0.539466666377832
-0.524356320388604
-0.540324512332852
-0.451457776470597
-0.5419051585157
-0.51808248856894
-0.59815875961865
-0.393803080150681
-0.618617061993298
-0.480405822489372
-0.562985054436627
-0.506804021405265
-0.530052613989348
-0.485426053970628
-0.477713012883451
-0.621263920260173
-0.602979415389458
-0.348820736801402
-0.565134586379172
-0.414616693216007
-0.500847988958274
-0.430166849597729
-0.519549582591018
-0.407988310737551
-0.384087685488006
-0.332604213184092
-0.439861803966988
-0.568379227180538
-0.444530426941851
-0.397477554743038
-0.345245648528667
-0.466045410146679
-0.502916644755356
-0.544051521780565
-0.426683633533812
-0.481155580220909
-0.529434841270623
-0.300935049716722
-0.430470259096632
-0.435762733172659
-0.383581645756743
-0.374443681942669
-0.324446843697231
-0.33217171478996
-0.353977136499896
-0.433936791835298
-0.277242834465996
-0.310870824560331
-0.520294595756366
-0.366605390687756
-0.398025169357187
-0.466838739888736
-0.263280347870159
-0.443905720693914
-0.421992890380324
-0.431361206280382
-0.36298056008927
-0.354711111303304
-0.475100437346963
-0.32060931283503
-0.377376303400378
-0.38186397810644
-0.4636018240266
-0.455611147086837
-0.362160156056488
-0.418297076471213
-0.314453317728607
-0.314401687790832
-0.431694485052262
-0.326790336981586
-0.314098778027081
-0.428424586157702
-0.176764884161685
-0.440597165204634
-0.262684761275507
-0.366242934075007
-0.429138303753087
-0.390045403636764
-0.403169631763834
-0.353843743845394
-0.460606391924093
-0.124191303783249
-0.324721671904816
-0.365441277247234
-0.178311808940388
-0.356400823973988
-0.272192293678862
-0.348216083537033
-0.297990217612826
-0.344060169197778
-0.439822169135099
-0.33855365616596
-0.418166539845971
-0.398240404224846
-0.235291486164139
-0.331381239803183
-0.371255037397988
-0.233856333458449
-0.430940764058569
-0.391274732611593
-0.234086104167693
-0.347858711583745
-0.490657050759881
-0.406377464020019
-0.212406327551611
-0.321164743256065
-0.305624922630777
-0.203843846782127
-0.271590300089993
-0.217901041749312
-0.274181572689637
-0.318038825133445
-0.278893790776991
-0.410490632347081
-0.215396748345611
-0.365210881264311
-0.38643263683576
-0.303964497114008
-0.26351226538118
-0.177986598644539
-0.394040856341771
-0.288165575463618
-0.332695032134161
-0.177346978650634
-0.189457199773787
-0.232693960865986
-0.306322130126532
-0.29545250397603
-0.396181918505122
-0.249494145832889
-0.218572294278009
-0.311377156485235
-0.256330927395771
-0.323134915302799
-0.359696710621805
-0.287426174167017
-0.25311106364993
-0.382668460863807
-0.234545394579248
-0.331452078429513
-0.322222462143213
-0.384051219108261
-0.170172373379567
-0.236213871668353
-0.191937340598198
-0.188996576787152
-0.133112160256458
-0.277182212643996
-0.0588684976776329
-0.367043894608615
-0.224465681294843
-0.212831622982549
-0.146723803967715
-0.275328385289428
-0.311804978759132
-0.261960094601525
-0.121178755169212
-0.202687133282906
-0.286708372744599
-0.353394225465596
-0.0335452959031192
-0.0690326868892606
-0.344071781097703
-0.216111187140793
-0.23148036172914
-0.270178904518073
-0.0452326825213923
-0.176046268757482
-0.241772571581965
-0.20029911896229
-0.167491392814128
-0.227060686965617
-0.168300370226443
-0.0757261146587925
-0.15884315016002
-0.0960550044584283
-0.206542563850853
-0.147164586738991
-0.189172427582169
-0.197848456097741
-0.0682429710022309
-0.0715309754059001
-0.159983275308029
-0.0807358234790812
-0.0151326148773391
-0.0831963960684084
-0.0705295912370325
-0.241081543187229
-0.147770880781356
-0.0923102633265962
-0.0439884194251561
-0.0816860905106949
-0.0565083049118501
0.0812466186509996
-0.000886578926576604
-0.231131181317378
-0.147052881566379
-0.0686317583985341
0.0758460962638222
-0.14844297249048
-0.071860711736979
-0.157953057885914
-0.0630202349433735
-0.0581285103452715
-0.283152485193831
-0.131353318733793
-0.118747627595035
-0.120192798767831
-0.210602447965366
-0.0159374518394857
-0.0973564435904249
-0.0376548566590283
-0.0585857469013027
-0.0490145658716301
-0.121017042113208
-0.098883866066928
-0.00200315330383528
-0.0436119183427426
-0.0496450410177151
-0.204877228987716
-0.107184540362583
-0.0279041617936315
-0.127048753654317
-0.148087082902285
-0.143155975685124
-0.0808429747780627
0.151781151207183
0.0880028271073421
-0.109215937845255
0.0136978429118976
-0.0360409323411135
0.0636545750719698
0.109471457520627
-0.0175578956475453
-0.0547234007037112
0.0221195542076147
0.0988655718395798
-0.021722670971181
-0.00309595648652725
-0.028166071790701
0.0142175162470989
0.048906072536318
-0.0836273572899924
-0.0534104066435969
-0.00821012629081794
-0.0191005768792459
0.0262360009345545
-0.132434226487122
0.101465153460114
-0.0325048299607472
0.0599636152022386
0.00260229228138809
0.0197875651386288
-0.0748014848249377
-0.0498222678953996
-0.00995459881158813
0.155404907831218
0.0381876969810183
-0.0190638164261354
-0.0950061659002425
0.193799678645438
-0.0154051642565652
-0.0313987327119846
0.0991802698049364
0.12462682545308
-0.0243836104044757
-0.0280028146048294
-0.0851264932170394
-0.0147531924562673
0.143008948176385
0.0615926870524489
0.148641104791342
0.054434890927089
-0.00816771110762668
0.204224848925934
0.112377293505223
-0.0419806440290476
-0.0773468750182536
-0.0508485373891122
-0.0753835939998732
0.0485861549628002
0.0867895305649777
0.188457465894505
0.152945213086694
0.0458042766214153
0.0604547653546419
0.0674578655022662
0.0532729195843154
0.123655402785865
0.344086093737977
0.102913302648878
0.0465276194512934
-0.0225723587395347
0.0967458597467722
0.0914256855145217
0.116587677738915
0.156859376544273
-0.021634962099725
0.0661804275862905
0.217485771138726
0.0902889698949925
0.0050127416802432
0.119139937360599
0.0398105970871434
0.0981131324993724
0.111751808443845
0.0837059602094451
0.16597050945147
0.0613054134147577
0.075001321977315
0.102736764219228
0.0462448617523221
0.132296422350483
0.147396940564636
0.136548234407789
0.219316858715198
-0.0611996471003054
0.0930810577289442
0.179065621520689
0.245910458521163
0.0410823078426943
0.059661286706269
0.177827069883406
-0.0148686690355332
0.190557731754007
-0.000255077683787093
0.264152432927072
0.174738040443687
0.143987756894017
0.106297829974839
0.0847458505763037
0.25891461726005
0.0764289113478827
0.230867162755757
0.00445489150106675
0.238124453876849
0.226586660632604
0.100673500288015
0.0971860998053247
0.357207291020505
0.219044463542241
0.247248696864876
0.201290413897464
0.0738581269739226
0.029407128331474
0.122992924078656
0.0216195063515731
0.263834892397542
0.300326953316793
-0.0224183609125728
0.261965089762492
0.317971555299414
0.23342462868925
0.234482509035577
0.202061193966374
0.138969473866398
0.162977872230593
0.270616548751114
0.0857125579609309
0.334624638401664
0.28285105023166
0.172076523940742
0.231005511723446
0.243136924064596
0.262138259910989
0.286451985867974
0.0954584553854186
0.209038499903469
0.272343343417654
0.250770182414437
0.390803210616048
0.265817753656781
0.241563874347078
0.269799396449902
0.237748884574848
0.135775942443799
0.252772111295071
0.309111661410497
0.0665397056383195
0.218104876197889
0.241699509690033
0.372097043444701
0.148159177694834
0.370565681101128
0.363912505454831
0.261357561430563
0.141729135596086
0.294780833617868
0.270866685219598
0.338794791004733
0.200375826255614
0.375441653475433
0.415670363080366
0.276131371823067
0.239553598809223
0.255553765700699
0.221705347200442
0.393852836223588
0.472316564332282
0.297911066812494
0.2026316321587
0.116471954462649
0.443984561102452
0.285567515060675
0.234102939972089
0.331035244043965
0.256691973939221
0.400396627250113
0.275619012952096
0.296271904799292
0.243120494885111
0.249246801277778
0.380578040395715
0.323210027892784
0.45950279692849
0.296561365153877
0.361005220349815
0.363903180779795
0.382019203508458
0.289877580129261
0.251359004481948
0.406412551329441
0.326383889139286
0.444716883785676
0.311185562730463
0.438782501915623
0.343524884344245
0.280157002792581
0.348897304841217
0.460810021262454
0.447787350363926
0.387902076521916
0.355070728565461
0.3402173424478
0.297358587642016
0.173098304106637
0.427453533401498
0.189814617534459
0.203456054149758
0.438185202195365
0.435831356352737
0.411176083412973
0.355509731405068
0.325348006255972
0.360402331797506
0.387393013507328
0.372526984872084
0.330377435018972
0.350182078727711
0.376348465396778
0.318049085552716
0.271028966432218
0.354339758776957
0.448579300031194
0.347678654863414
0.426606308684276
0.302989914184463
0.354120621062603
0.298246512334176
0.228839212364383
0.574385833638923
0.472142790609102
0.353223404393294
0.389504885072541
0.525633371464384
0.431257762392823
0.460116859931046
0.334257917202181
0.355673052223941
0.404334422514331
0.356211676618014
0.306796847906707
0.420880901446485
0.288783897515207
0.433746184520291
0.508346043381305
0.472130760871733
0.475347684739656
0.482457243061199
0.515039032880701
0.459356025517689
0.492878038231413
0.417998084036281
0.640045347605594
0.366177041291165
0.545765344348883
0.434673685938062
0.418016199358204
0.502842349935858
0.418562898664475
0.520555389071781
0.504185710103388
0.328077704561548
0.386016966155173
0.422395775380661
0.375711981477986
0.580690039239692
0.625530966560045
0.690431609212834
0.456542193636283
0.483138318551794
0.596113650497985
0.501614433152177
0.419565562550762
0.464529889729779
0.468722395911138
0.54104465213727
0.490554567873494
0.642381080607247
0.34815020129394
0.604558008263332
0.5989054670784
0.436832529499947
0.631644114064615
0.537942850590597
0.58075866336547
0.640151039197822
0.521815859301089
0.451124486167446
0.468476459131044
0.61032596907755
0.485783855484152
0.472275120708831
0.605544995309469
0.589555415865302
0.519969739360613
0.568759219407624
0.491060863564024
0.745646077394062
0.697610683188651
0.41052521402216
0.453697621581476
0.579692442880026
0.571187845009749
0.488068301405456
0.348819278754111
0.456817895485546
0.553816684168552
0.581338115335286
0.59052954951314
0.45609880100868
0.694458937083072
0.659624328243409
0.573991352860669
0.572601983555499
0.68916704600635
0.43423430273765
0.365119571628454
0.52698233645041
0.534173786049281
0.540026849797759
0.471981196659127
0.448498732464328
0.570532213773905
0.580286870256401
0.837284523486609
0.661442421342878
0.604545890857255
0.618046360048534
0.700050967045165
0.608367903523946
0.672036703007206
0.657457878426309
0.568773238054945
0.584760757138909
0.561175898337485
0.675663006168978
0.517300774230543
0.69065956314849
0.689920201403012
0.673199453703388
0.744672727463637
0.578578984581613
0.69091049876553
0.626778314213069
0.677538521747097
0.594323236082013
0.713715936308088
0.813274443830789
0.814201164347301
0.650888292836142
0.613716841340806
0.666317301228958
0.803243108403475
0.656563079491023
0.711055697192415
0.692072952100915
0.648405619195573
0.560637905451742
0.590889393594344
0.625281408273634
0.565564902820556
0.79410174639101
0.584557471298376
0.636242066592805
0.463534766337158
0.614595614531263
0.639062376054877
0.524276780628066
0.675419830126516
0.638088708131961
0.729410172370856
0.627031506620857
0.724381178778615
0.659334015962287
0.522727704016223
0.605185234711648
0.739277405390648
0.798416160944384
0.805185059833975
0.734957763016022
0.715426498514537
0.788360175534814
0.641588601258212
0.603469967921725
0.753462267930947
0.751294899553697
0.733761023000053
0.756418308198264
0.814481490248086
0.662112728122804
0.796430922641386
0.811697281464418
0.664564404007768
0.647677895534627
0.664755441474963
0.726570669931636
0.840000531767315
0.835676233569401
0.595777121225731
0.695824702347229
0.878366031855726
0.784980201770339
0.810498158109017
0.652834523865862
0.857158479350526
0.786895931059297
0.801388659583587
0.770487151153739
0.788028574343552
0.915660970585946
0.644275863281666
0.846599066307675
0.812402879515618
0.775467511611048
0.732007382041584
0.771925450972592
0.882728540408906
0.782748427988573
0.820522675793606
0.79024466622986
0.773346328846574
0.755407506110372
0.783789928698131
0.850695957622938
0.706365137308718
0.576294952597011
0.94692986044598
0.697210000960575
0.896351989468241
0.870787500687493
0.869093553607241
0.712517659028083
0.82942329041965
0.910143913409293
0.740906790952466
0.811616157119193
0.808699376933449
0.897811283413122
1.01200433242737
0.845763494718689
0.662041769838041
0.781671091836838
0.82132718324491
0.903274576454176
0.777221787589055
0.831187598234979
0.845114313370026
0.819046845750605
0.717037700093856
0.890778249552977
0.838807093909322
0.952568870839333
0.877854877380637
0.740222084296498
0.955076705428311
0.846351189144317
0.818726360316485
0.725359521434727
0.82213424782254
0.79538846580643
0.854889386475543
0.921638706083497
0.857400932043721
1.0485387748272
0.866029971085953
0.877716543596663
0.680055099171145
0.971161948032694
0.963220722091278
0.949876665650478
0.839816010043468
0.934697890779231
0.860854918348021
0.801337382641709
0.820399704326769
1.03088507944816
0.969161114372182
0.868373320183147
0.907981962136638
0.872945302903496
0.908837801242422
0.946219481385758
0.940728689267778
1.02606208558736
1.0089231930236
0.905615364823653
0.810200612900082
0.828085349451616
0.898220808003821
1.02504632204632
0.91512374413765
1.01898752742808
1.02742999021567
1.02335110149096
0.883059446067789
0.836159316681353
0.893024497991002
1.02668560567818
0.866084538419085
0.916740366948271
0.97063842019706
0.92045115809209
0.844980777919346
1.06529898402799
0.905025461358759
0.765167817450717
0.884538430382753
0.867110039598407
1.00377263938859
1.02642028582221
1.05120338490301
0.944412370602228
1.04706413210988
1.08233584449074
0.97045001935032
1.05964316129112
0.986875108276385
1.06863721672197
0.977764621612326
1.02416071180715
1.01494349341325
0.922903546259645
0.952474170262336
1.12449186993784
