"x"
-0.948724873887441
-1.01568531866081
-1.12620021194162
-1.10172538294512
-1.07546242542025
-1.01607497775759
-0.908801671388599
-0.90945041278668
-1.04496001192974
-0.971960682493357
-0.960053549897069
-1.09915529715987
-0.928695689842956
-0.848152663507598
-0.789751079431379
-1.03112063339626
-1.06918867483206
-0.916265867734508
-1.0085652686668
-0.817247416044623
-0.830316056047972
-0.903992343773383
-0.956622875231841
-0.975714866376039
-0.865296699625491
-1.09081839959977
-0.984489826612592
-1.12785224350201
-0.945645433262174
-1.0421791209375
-0.932036596955053
-0.862547136520558
-0.969670843177046
-0.991141312942647
-0.879607861507214
-0.990794443968256
-0.895915219739198
-1.07633959655611
-0.86767443998163
-0.899618857649637
-0.99184737694857
-1.05394583646308
-0.972416987131552
-0.980138534264593
-0.894701247871556
-0.923455008405733
-0.900319627859384
-0.674008414355537
-0.881165408454069
-0.953742917923272
-0.986944058538319
-0.866880375181204
-0.821184005185495
-0.824287624651781
-0.913233014779818
-0.930194356380478
-0.825901547086416
-0.89211650300733
-0.867284017534288
-0.785900226307115
-0.882916266365023
-1.00814675954577
-0.888009588346084
-0.844364306687826
-0.879166348524776
-0.868512972021652
-0.79689889372687
-0.875402838872134
-0.836282155098342
-0.956856965400117
-0.712457962901208
-0.739524159751225
-1.01016704976359
-0.905496447801441
-0.789196898431524
-0.882382010760581
-0.954645776672347
-0.742139656855251
-0.906990855501315
-0.793088370671275
-0.802066460039722
-0.747086479248817
-0.964516388740212
-0.744230282405645
-1.02882602863882
-0.809265398197003
-0.994752028768845
-0.839257670042907
-0.7462649913614
-0.737992295955887
-0.776708290601048
-0.817414647674805
-0.822042384759641
-0.808953076024662
-0.790621577282523
-0.792645319249325
-0.773307247353878
-0.667832744532515
-0.88551699624807
-0.728091357814088
-0.750860926604097
-0.824060950655293
-0.606924218371897
-0.675548159785134
-0.774563929934768
-0.773822913913417
-0.727481735620354
-0.688825206824259
-0.83252424511795
-0.742993276911342
-0.59555870098638
-0.817257594251558
-0.855820956502481
-0.790032129014202
-0.848135598768717
-0.858791831661023
-0.766525170936588
-0.756826945175336
-0.617191842314243
-0.770557876357252
-0.647965995236912
-0.892112681853087
-0.807605664832767
-0.854784483856136
-0.838732559049202
-0.68995508968751
-0.867246569296193
-0.747879189564179
-0.821228423629669
-0.674163662669828
-0.692224384387271
-0.721703532512455
-0.676478006403945
-0.841347591422031
-0.735006266515084
-0.761604855257894
-0.660209291910572
-0.796520996129832
-0.647795905568246
-0.644849396195075
-0.637308847534844
-0.556627806094615
-0.891692907315609
-0.549188136029975
-0.669711860124835
-0.7650221950531
-0.762500624856926
-0.681716937694765
-0.646857292085956
-0.626645894315181
-0.597759909999565
-0.567748236024063
-0.633054641959398
-0.767403791891699
-0.730501189665724
-0.653572362247245
-0.695080536888645
-0.609676981594409
-0.696273477940283
-0.670136962354832
-0.773326532081379
-0.639192887650175
-0.646960664248973
-0.556668389813179
-0.570646738885108
-0.746926032318876
-0.761451661200178
-0.6190276341392
-0.751111315485468
-0.720775177542748
-0.589523979785523
-0.636269267712775
-0.547852540514303
-0.696234195592801
-0.69892995332766
-0.634367848529328
-0.707811020706293
-0.627245663182024
-0.805249239102409
-0.627584623999121
-0.728318310193408
-0.611618140447629
-0.6448524402977
-0.687731141482974
-0.679395358834045
-0.594296265787292
-0.633532898735399
-0.577127276020744
-0.618445831325212
-0.737126304349928
-0.641153600008449
-0.752585828349978
-0.521211081671809
-0.618372321240159
-0.660301230321077
-0.583614405092942
-0.674170025136868
-0.596483966735978
-0.625427761383792
-0.681778948392425
-0.692886264988271
-0.523126400313263
-0.558537692382826
-0.521504208595515
-0.678012738294946
-0.639920340293261
-0.390067435841771
-0.5972526867236
-0.468930771692822
-0.308863614115191
-0.528147169929897
-0.529970362774751
-0.636883279855346
-0.509160827941813
-0.610005908580176
-0.51554929899557
-0.342360658001181
-0.517394744694216
-0.716250047538822
-0.704748066707419
-0.620476342626917
-0.590451982760266
-0.390900971706741
-0.805383866007107
-0.686758966103076
-0.616188504583955
-0.449849285906329
-0.502852279197049
-0.375631449473723
-0.566543784315325
-0.657058005415074
-0.650584117172706
-0.583334654900424
-0.581152541138511
-0.547962637776038
-0.449778505384627
-0.720351336526033
-0.426258582030702
-0.54712495589854
-0.483132290021717
-0.52501812628766
-0.565911608789022
-0.49497690472777
-0.573854445955466
-0.582674177291477
-0.362945430778031
-0.523876330042361
-0.429038932049515
-0.440366105921816
-0.655225267504743
-0.384002814181834
-0.47698114880827
-0.419484288717223
-0.403561655505835
-0.629143972741677
-0.474505233460923
-0.488390124675165
-0.472671218972973
-0.461777852269826
-0.379550254402686
-0.594730088044511
-0.515776505155362
-0.232569694327574
-0.537601545518005
-0.608948965643199
-0.562971854992207
-0.419299998739693
-0.542307047163064
-0.541015111446115
-0.468799740713043
-0.463982527353942
-0.358496516584962
-0.421281884273608
-0.398309051150031
-0.428805678208907
-0.661637401202915
-0.427356878668697
-0.476414047130192
-0.448904014461231
-0.433228224347103
-0.442790313910094
-0.424509485355288
-0.483545189238754
-0.410440589252608
-0.467514271212686
-0.512515273010162
-0.385028547252753
-0.433168373574937
-0.35440178857634
-0.600011142216366
-0.465232716533176
-0.375019270958101
-0.591623865411187
-0.46500202355108
-0.397408136171852
-0.448321889006869
-0.437931787643254
-0.470622976581399
-0.29619591816899
-0.544513878478458
-0.459674633909315
-0.446445081645963
-0.333634199128383
-0.409016611778793
-0.238573876027487
-0.376185167023793
-0.537451846688396
-0.18208141931343
-0.341516637404428
-0.311404506076398
-0.335267541480216
-0.319922219080232
-0.391879271962581
-0.230797326604642
-0.4040281996497
-0.343548836519781
-0.338723178530245
-0.170498319663995
-0.465947430245655
-0.398366105196134
-0.312723078839333
-0.350015901527617
-0.313764656136999
-0.435266847408878
-0.413916841657876
-0.42184246792405
-0.202623917655343
-0.296928403403484
-0.37126097642329
-0.487424695732048
-0.199340951379411
-0.204094906545356
-0.28212822599344
-0.293423936532621
-0.287402830600129
-0.35863558122024
-0.270230562625661
-0.261466862387201
-0.307489489774508
-0.243413369594705
-0.313527470010197
-0.258147081698594
-0.355414017913088
-0.221694110972786
-0.347647291028315
-0.35092096614155
-0.297359632391799
-0.379544668177691
-0.260342446348898
-0.42239100446287
-0.218784553017782
-0.306526145883961
-0.303036670441575
-0.15689973383583
-0.421005522159316
-0.291887258821237
-0.250596352221299
-0.326130576447381
-0.261879474563525
-0.266274312087228
-0.275486574815664
-0.345594278555837
-0.286093844381765
-0.140858811817326
-0.18549708184036
-0.28129673853973
-0.317179562579634
-0.230151601712006
-0.188907002370507
-0.275953621140765
-0.23426355305786
-0.283218060650708
-0.143375162576302
-0.14668995585311
-0.264322661340639
-0.276634050260592
-0.164710131544135
-0.330164394184458
-0.175885321030185
-0.234817363147127
-0.230655516878565
-0.297177837022047
-0.162606297413599
-0.195868258706964
-0.209956614826858
-0.266168811655992
-0.285499245260763
-0.235275049449379
-0.259748115849394
-0.178574440171401
-0.295435343622974
-0.15719810596131
-0.229359913795554
-0.258204863154583
-0.260309785880502
-0.224437378582155
-0.0402675918207449
-0.329191408709563
-0.253530143112303
-0.0239221381598709
-0.139755646782117
-0.326094847693681
-0.067025718827647
-0.156228566839809
-0.28894890854128
-0.258381346654774
0.0279075662916851
-0.318863371694067
-0.238159824476121
-0.0943267588429706
-0.193978657946325
-0.08399942310179
-0.196114013764671
-0.183890619675236
-0.13021917779737
-0.123609360533306
0.103323418630915
-0.0449397922552195
-0.0923995871463262
-0.176863391798862
-0.134478658002351
-0.171330696505808
-0.138449468474458
-0.132210654666173
-0.123058924094354
-0.193292611295478
-0.0110740791376296
-0.0524450759676019
-0.0599928600522457
-0.187758116379278
-0.236116988860777
-0.175086294972528
-0.0930134751536455
-0.0961635729660136
-0.102214496580426
-0.126265203046062
0.0439612203164622
-0.058496651758664
-0.118220488744976
-0.105399420056486
-0.0999791842767278
-0.208331384972793
-0.253188384480916
-0.184617312116102
-0.187556969031432
-0.217378422136301
-0.160258557196015
-0.282216177168195
-0.209110284418142
-0.14446126344481
0.0726185438545408
-0.0494935821929623
-0.0415647240850556
-0.138833493755023
-0.02494622603635
-0.144446708789496
0.011349163262317
-0.117606675890321
-0.135663562399786
-0.163028256526105
-0.0987163078237762
-0.0286067613431599
-0.103396200185789
-0.0600879804420174
-0.173537217284233
-0.17961185016488
-0.126459087162043
-0.0101713353067594
-0.044569524050405
0.0278029209886126
-0.0888283720929745
-0.120902720203145
-0.0316727744997441
-0.00942695690769706
-0.321800254217228
-0.107138982546539
-0.250822708431324
0.0203119243651794
-0.0619762573104019
-0.0302553309156769
-0.0222592460759142
-0.0950110649146094
0.0600762967244992
0.0172058672619552
-0.0633291643069879
-0.0107971580706467
-0.19215182112198
-0.0294871501056859
-0.0846360715234159
-0.185051922262521
0.0286465164290017
0.130078565240649
-0.0274183628164081
-0.131468602045655
0.0553095326667501
-0.141631748825789
-0.164491467588679
0.0294537590281052
0.0257704630501337
0.0321877691233711
-0.0309953489174136
-0.025094397234895
0.0271108325628485
-0.0444196903509083
-0.066777784111375
0.215028386875082
-0.166562599998425
-0.0336378419854577
-0.0376213778594305
0.0466274782171299
0.036845057293068
-0.0677690958071004
0.0282193514159866
-0.12848650437914
-0.0297053627793682
-0.00665773621369969
0.068548868070728
-0.0267768724551005
-0.00283041458842083
0.180150693378723
-0.0804858295332735
-0.0258251768674562
0.0239033728802675
-0.0821238524777833
0.00164892210216087
-0.0420903738460293
0.18856506963633
0.0807988324259272
0.0715916665383539
0.203884672515004
0.0259422196161082
0.00953881075800001
0.136623467976987
0.157929074509843
0.106172414641057
0.204043463957134
0.105303837497519
0.0616294944343503
0.192592305109485
0.129115102016794
-0.0797399045395298
0.13027664455821
0.0727092746649878
0.0353179519406451
-0.00107267581385056
0.103527382529196
0.103980738541106
0.130277847524458
-0.0168003956358783
0.0777724148574594
-0.00458077309535888
0.186590820847902
0.0923227576834574
0.118534483514999
0.192284823779624
0.0486727757735801
0.141559787803641
0.148868762324961
0.128788502642622
0.214222547457385
-0.0282064332626598
0.0182213491885709
0.0488599782987332
0.0548798406104243
0.365691049439131
0.242849813335605
0.251072667770226
0.0249696073099745
0.167652150647462
0.0226329070331617
0.138603194449464
0.246094704878701
-0.00232049461856895
0.00786050409950588
0.110871116991674
0.19581621395807
0.149891824947987
0.134469881399252
0.191531930912526
0.249168918279239
0.18417849970662
0.242807728721162
0.0800439559235105
0.195057377821336
0.0946730727937678
-0.0207874552159928
0.142294054224056
0.0969037349369349
0.175502020894053
0.273751631539709
0.194961175496254
0.190896832166595
0.267364458759738
0.185140995326079
0.171027489604102
0.195451365683236
0.227597260009824
0.208640171685275
0.146993049599346
0.110648736694322
0.20662611900653
0.234673373715018
0.229348218206555
0.347210206401863
0.242583144568592
0.0114108649151261
0.230928663358524
0.204752950508487
0.36460243539733
0.155912115876255
0.221848182590126
0.257103929363095
0.152946738142316
0.373193031805813
0.294160302647351
0.214264273570404
0.268199292287322
0.158180796776989
0.316629948880311
0.454455313624408
0.366608599858227
0.146847769461746
0.267124757214285
0.235921681385664
0.31352020566724
0.287378008652081
0.387164060423805
0.167067975059245
0.309347743978319
0.361114908566612
0.18085127401371
0.188613187320878
0.254317682060441
0.339039481245562
0.237376118197175
0.412963754822987
0.299961303830029
0.442123538041697
0.257479439886122
0.254236501827072
0.284886518475082
0.279393805621848
0.23722726238172
0.234743694326722
0.206640310115707
0.377569511839458
0.413992155210913
0.341250084512553
0.236782548892569
0.455517619049383
0.513590220909815
0.40393109188582
0.366601622940253
0.370611324931768
0.0825761327466701
0.357330756389062
0.38487175569221
0.206353262950177
0.445824997874933
0.32119007976171
0.378600412516599
0.391916402058455
0.320481842570298
0.428690665318667
0.29726159174404
0.35415915335818
0.297008259768496
0.312931583484167
0.376158414400516
0.302584731640048
0.371556581966663
0.355763222066066
0.279499595114033
0.419983098437931
0.324692056623726
0.278990250821087
0.322453314111368
0.351819081469713
0.393973720787592
0.461132201443701
0.324907093717287
0.385564097377706
0.382416360829871
0.502892148443386
0.417166547745416
0.386320370590089
0.381876245588551
0.439009900536971
0.358602232742201
0.393359379029554
0.4691463457844
0.270076110014704
0.4888627478967
0.392887496948633
0.396562264210576
0.358579863487223
0.368091682095557
0.453102567649099
0.42155373268427
0.487573711780812
0.327233658996367
0.283029611374652
0.384906727917125
0.616406322620777
0.363519628601893
0.555197510992812
0.358019593485504
0.295313849416687
0.359051516056516
0.449237992850021
0.432807337391875
0.384538271262534
0.360088514757762
0.467658584020891
0.468793454932973
0.651883628501919
0.465589211481614
0.497243015300357
0.462498624828626
0.387769921690853
0.507963584949812
0.439978088157047
0.352168381246662
0.538933441829489
0.633779515973417
0.247666997115716
0.50877834306253
0.452516988434055
0.596616080594024
0.326548015955545
0.425623992638507
0.533853129762122
0.461187703605287
0.51325908134402
0.509004145647967
0.395401865505531
0.541343888034715
0.523054591077728
0.554505422899738
0.267243494385028
0.43278356699493
0.437569607572841
0.353594995534077
0.557459836305402
0.416173675772948
0.494070229230791
0.546092065786771
0.397086184548613
0.355171024836154
0.569931260965808
0.469452047359552
0.390107617652792
0.559290247075174
0.473784056349542
0.466273775150606
0.356504524094478
0.488520395229174
0.578908989818057
0.483243855371338
0.554258352637387
0.530560071524913
0.449097887392424
0.449736419215387
0.552511563032183
0.447210525558612
0.556723672694077
0.54670213366828
0.579690796914596
0.527973607807698
0.479682483459619
0.488109556424234
0.415341368671166
0.531192853874888
0.53963463849703
0.647533158808364
0.659051582229006
0.586283775214912
0.383557740323192
0.558315848805631
0.501004238275783
0.605601849406778
0.481759183678282
0.458363762015807
0.6074567564704
0.587131791064952
0.436354340957886
0.555647069634807
0.51475325909913
0.612158751842215
0.550660461732766
0.445179396514621
0.743307360220136
0.60655390205495
0.617730170498974
0.56815966034943
0.627782084344654
0.511743126310223
0.587535908836101
0.44278049845868
0.658935673490308
0.536558870676415
0.560863687079217
0.634968277953147
0.776064477746321
0.650747104537878
0.716979812018664
0.570192869897294
0.57647302924723
0.67785863437845
0.655662678899631
0.761211161940376
0.729454500511643
0.58730897097001
0.65381778855839
0.704246938980182
0.496899809817596
0.65664465465854
0.544139662630984
0.590524784542653
0.531073814858252
0.552887635445223
0.617671392746521
0.513929356790155
0.644737949645135
0.769331653569449
0.543425976943747
0.715892936662623
0.758788545412537
0.690245996233972
0.667594670756883
0.610819108222936
0.613820482961925
0.694844806894992
0.815393251513487
0.660778700401626
0.557079058934339
0.697586116233265
0.584038670877668
0.513878146883062
0.638489735440159
0.604074244867784
0.745536749770003
0.704895865870617
0.606055762107958
0.561012438772288
0.613110594795019
0.718574790546762
0.666630310815422
0.747571720834787
0.693133036182666
0.747320115265386
0.870326553024335
0.844347237138793
0.575614235868907
0.795924782236523
0.705390394137792
0.802488465467616
0.659439243277785
0.722369413864202
0.787481067221881
0.733319067049173
0.754662931650359
0.750797663971586
0.69062483959541
0.70657252014478
0.772881862657438
0.703210905654571
0.699113827892327
0.730981671779274
0.646735575510707
0.716542299824048
0.758414935120428
0.687626252759633
0.700418723272557
0.675255916201756
0.837905439694738
0.683953135323833
0.64593401554648
0.727403268048748
0.60388431000426
0.676858511905018
0.74544800950121
0.727724485070481
0.781144033492589
0.618234732074076
0.656138865186747
0.643804684692179
0.789122955530734
0.736047169029891
0.867792053902146
0.779280815319561
0.741863498715806
0.858016139105221
0.690682060707099
0.743248610647716
0.780187114534221
0.778710802491022
0.793526076356315
0.885279504436516
0.757139376543479
0.812304683344483
0.761856058982987
0.818879013247976
0.989407751680973
0.908984113890641
0.852690127297748
0.827743351641346
0.925364519043421
0.780725344705839
0.807870819013536
0.808503494926168
0.814328968797245
0.939536295714612
0.773733552003076
0.797855377053394
0.811728725997385
1.00799944116803
0.639792921284049
0.841631449153881
0.775540796524776
0.87507098477191
0.827574950913486
0.824272169301298
0.779621785027906
0.930986218535478
0.614671633315567
0.931466991315671
0.867837282774645
0.661858511066039
0.918784633734721
0.91615900126506
0.965804053022522
0.867535212408283
0.94552377536202
0.780130191906483
0.781324019520973
0.875244455665499
0.991148135642327
0.913285564603592
0.849958798550347
1.02576747869001
0.840935871576409
0.775449567068543
0.961404337797543
0.97073612563045
0.810593218853702
0.851123261813345
0.891031638513338
0.970922743517842
0.935254038085857
1.01339231677054
0.996438382923809
1.01952446753183
0.911997770675958
0.829165624408812
0.904925443613726
0.942603161566983
1.04829762205982
0.935483278968591
0.919343513618559
0.984543637429536
0.925357313625564
1.01038890300962
1.0792718479666
0.907218429820666
0.910853875909062
0.828827226730419
1.02420317565192
0.950736123834742
0.932790485927099
0.903053532056563
1.09342423097974
0.968619293990003
0.959261085004231
0.929154440621967
0.92851406920086
0.870710732212312
0.9369497386034
1.04744380666919
1.03423814141046
0.851934525059354
1.06705430405882
0.976975170855003
0.832278970540811
0.930314941470173
0.928187685258375
1.10370217561989
0.96699826172032
1.07767440582031
1.02253648201233
0.914396684106249
0.801182146914528
1.00196913244063
1.12681363481222
1.11625062750155
1.07072259083237
0.928064577102609
1.07946038248214
1.03885442278508
0.991155184224968
