"x"
-1.17303832593853
-1.08979999288435
-1.1088127309569
-0.897285348671043
-0.927713438735641
-0.948870426027325
-0.999397267760869
-0.918140576567717
-1.14126774862475
-1.03955075163821
-1.00479649567635
-0.98374361630566
-0.90661774585203
-0.856277425644891
-0.908575287773569
-0.990139736906725
-1.00825238741906
-0.968028569604018
-0.951793073538104
-0.894345647915331
-0.923153984293688
-0.973622124223543
-0.850402822182407
-0.897437550107349
-0.963867158621783
-0.831205474451611
-0.913845071767807
-0.877389860235507
-0.947672995785071
-0.950387765556565
-0.972971301502042
-1.03814097237706
-0.915470304392465
-0.922777484132592
-1.04024562120078
-0.948408802538051
-0.899517651587933
-0.920191690055529
-0.809370061347354
-0.8593165770034
-0.89291658042979
-0.782330569740436
-0.788814807672627
-0.798705553665845
-0.998467468068644
-0.892829806768306
-0.893378339594421
-0.939680303769745
-0.890791589467704
-0.859063482730701
-0.807506854382901
-0.998916316410168
-0.86760025223814
-0.884252490462306
-0.913201720375525
-1.03542855636061
-0.92783979771914
-0.902006083293635
-0.955268188796119
-0.893976959100714
-0.70000662229716
-0.937817045274381
-0.895615775471529
-0.763106704471606
-0.80664672392808
-0.718624031677345
-0.892419014583001
-0.852863254981817
-0.82422233893481
-0.824695039227059
-0.862462450843545
-0.84050994501198
-1.09008812329552
-0.969722576403795
-0.93944188322831
-0.933902413363674
-0.856254877063127
-0.71052424419891
-0.753588102450282
-0.826381580335002
-0.841219378141666
-0.831793745306354
-0.872713203499373
-0.836630024634683
-0.80339089369636
-0.738151664874756
-0.819253505144723
-0.885204706137596
-0.867513605118686
-0.787736305050353
-0.713333641264673
-0.729228753403088
-0.754581339867
-0.627525901260967
-0.808569071350407
-0.898355992171678
-0.846287321562297
-0.721817007783346
-0.78659111343641
-0.753205712688099
-0.869524413249126
-0.800877031007416
-0.81828195272699
-0.859048638210702
-0.825642308401712
-0.883171713403412
-0.765274117067241
-0.804493754755588
-0.828289962668044
-0.780986005329516
-0.806730708880071
-0.790464267649713
-0.766074280903518
-0.623078397879253
-0.799411433678541
-0.881332301009183
-0.671730155492747
-0.728167459849379
-0.636088174418359
-0.665883190070678
-0.667260536970387
-0.770212585693161
-0.694850553993674
-0.796913530815181
-0.708008167654302
-0.690029950266987
-0.733814789609133
-0.565736860102961
-0.673335432282228
-0.788753983549298
-0.68149628432278
-0.878265735002543
-0.61584381712548
-0.634280798909957
-0.730297060983028
-0.790715387858675
-0.729257435837166
-0.714129091415573
-0.679686981214911
-0.763739421599955
-0.67929649343764
-0.777014613058107
-0.78497053915562
-0.849878322444999
-0.630562141554038
-0.753942924181797
-0.64558279776133
-0.75938083001573
-0.753584433555633
-0.734163793681168
-0.547938577769356
-0.643542161763313
-0.764620160402897
-0.590512104157852
-0.766379889299487
-0.727320757168698
-0.58691327489348
-0.713362452889722
-0.783976932735237
-0.758198326380131
-0.7018474461523
-0.788233793052106
-0.59335093477308
-0.608440893438058
-0.681227217688679
-0.57250830184781
-0.539068153849831
-0.709230035067572
-0.548130644756692
-0.769286340030587
-0.725059783889607
-0.663048778289344
-0.74663894789701
-0.57465376424097
-0.715723784245685
-0.649352363777812
-0.690108529893585
-0.622874595647108
-0.672270055428367
-0.660034441653894
-0.684273820138013
-0.616779097339941
-0.598176984205362
-0.574641835271184
-0.67673960597703
-0.632656936064459
-0.604433156962673
-0.686135153410623
-0.670848737643862
-0.843614909607969
-0.519470654296706
-0.672247442006479
-0.633706296229559
-0.620788473446175
-0.618082054098594
-0.661343878491225
-0.573044952273471
-0.717355768340695
-0.565095938046935
-0.575337288981551
-0.588124471950094
-0.702236260019921
-0.616246020770823
-0.6335996346215
-0.617899526622376
-0.654848932098182
-0.415380990106531
-0.50686903843418
-0.75403263022321
-0.669319341214775
-0.574793965166826
-0.474832675468339
-0.531068026387815
-0.521639148833744
-0.703434943659058
-0.431007255390496
-0.404896560401278
-0.71849176859537
-0.614393204125767
-0.536307340847275
-0.515835862511941
-0.499907536298045
-0.641495453405521
-0.406340196116151
-0.477408980963568
-0.65325022804522
-0.679550930139523
-0.491462207794714
-0.396770996523219
-0.435912441580505
-0.61978670992531
-0.559730527784851
-0.38208364011272
-0.554172086683213
-0.506796341845628
-0.571321158844321
-0.571345709908513
-0.435850500264562
-0.576762750553058
-0.518050147387264
-0.572723449251596
-0.398768335163923
-0.577028712501744
-0.496287967711999
-0.372512368142889
-0.530250216812321
-0.598802521259421
-0.577825619565977
-0.439130467351162
-0.482575451417205
-0.5584070741321
-0.517331155656478
-0.532485796550304
-0.53444660609352
-0.679187705600707
-0.469832524207355
-0.421856930774057
-0.35651855664686
-0.452836111735272
-0.549988102027389
-0.465698124198217
-0.413706529155857
-0.53455907095993
-0.402181393762256
-0.484733289114389
-0.426781463656082
-0.468106998259163
-0.474178861162149
-0.35174327004504
-0.352361007169525
-0.48581205447703
-0.53823923453011
-0.477478314625867
-0.317047537691851
-0.441228974340265
-0.427001180699979
-0.373037059643189
-0.513872549862129
-0.550006688398967
-0.439985033571906
-0.304635655845775
-0.37816116941246
-0.517949018537621
-0.405576563397966
-0.376068233616523
-0.348498640732133
-0.446261179798129
-0.474374399442455
-0.300772137378695
-0.3536301388069
-0.399146631221818
-0.552354542532276
-0.403656969466837
-0.408495575605765
-0.430792690791226
-0.325594587988089
-0.533350591738433
-0.372778118591384
-0.480587072178518
-0.479485631214083
-0.334770127240198
-0.402611739735847
-0.346268273980735
-0.388270731937703
-0.229236647466273
-0.239820068871287
-0.36991947761479
-0.44599771863972
-0.296067629692531
-0.476989752749596
-0.317196851306809
-0.547997680315141
-0.455825000212401
-0.265501776180704
-0.403344852314046
-0.270381290360123
-0.380270328243091
-0.536494000127141
-0.268412791309596
-0.311594875137472
-0.290644723882639
-0.331674184414914
-0.248301754822396
-0.217664973851322
-0.336475432753884
-0.329425407727603
-0.36986671494045
-0.31521166253618
-0.465292458211388
-0.338396909455804
-0.355871187542111
-0.327096163388844
-0.155403218830965
-0.407404303352923
-0.428804435973272
-0.443497090875728
-0.334981789436027
-0.397462813177157
-0.294320369945679
-0.407573827578459
-0.300149192403295
-0.420441068236703
-0.328440848181188
-0.259895455322384
-0.351398193039193
-0.265024924835293
-0.415653688107409
-0.279322348029914
-0.260975354339333
-0.277280440929334
-0.471972495227025
-0.334457736144348
-0.277981802099744
-0.206861920146598
-0.302488446035476
-0.336179965388354
-0.284510913483639
-0.340824333404401
-0.176970949898686
-0.322437480065682
-0.247193285756763
-0.404012082288734
-0.361185911830679
-0.328586158756089
-0.272902920143453
-0.398533948339368
-0.276607939704655
-0.243487737831384
-0.136275762281163
-0.1446210435716
-0.167389997712231
-0.304643467210219
-0.305601812807061
-0.221957940942426
-0.319755763748339
-0.168377902325843
-0.261553405958393
-0.0574905044532268
-0.283603342904986
-0.456762832440274
-0.335668059226329
-0.225193757577178
-0.1812161457465
-0.396811521819632
-0.363939841256521
-0.268651735197823
-0.142199328174665
-0.153423625906354
-0.234015461179448
-0.174677160082091
-0.276761149344558
-0.142728881783527
-0.134234663360036
-0.381176526356932
-0.166379487174319
-0.313923752982463
-0.180035422704395
-0.171409529563023
-0.199544724433691
-0.228119703963666
-0.0876866552002385
-0.178159725835547
-0.333026587787292
-0.235933958870729
-0.0791123897741149
-0.323821630869013
-0.185602197157924
-0.211422408090853
-0.000949019496839219
-0.209771965991494
-0.170951831636975
-0.0748371478044047
-0.23028594474304
-0.197917174794625
-0.154056539043645
-0.354457261868219
-0.0986080327219735
-0.308975005023338
-0.139322810722609
-0.110288429706634
-0.247205453797858
-0.129766934591203
-0.222153714592405
-0.249686924902531
-0.266327581813736
-0.0872592800539482
-0.0993856234300556
-0.0288259098024455
-0.167394053990261
-0.0704934164107571
-0.210308782321474
-0.290978789199718
-0.241715478196537
-0.191663780356439
-0.243556513755283
-0.0755646501287011
-0.178634187551369
-0.00836088496974076
-0.0833234229465154
0.0449154156227626
-0.031629929027668
-0.103516800000727
0.0256620566121668
-0.171544876733145
-0.179810175364147
-0.129031509305556
-0.0934435873481706
-0.0209115269464817
-0.199901457237392
-0.0838538978677169
-0.130753760035795
-0.00584276859596223
-0.191336666279029
-0.172093105163437
-0.165658581108088
-0.0547600394143789
-0.0652516088195843
-0.0163370637224795
-0.207141243858639
-0.196629345052679
-0.12370632640099
-0.0466808280646024
-0.184440627876535
-0.18162276483347
-0.164276057613653
0.0410667290703167
-0.0941110822653136
-0.0318706705351009
-0.162007128684377
-0.151720715230846
-0.152280111795358
-0.140352596428983
-0.217728930533297
-0.115667102601018
-0.081047450117524
-0.129196822362459
0.101757163941656
0.0243535846591464
-0.158695460361797
-0.0960944457458409
-0.149551802738928
-0.00849064708391668
-0.118940332354984
-0.190807677886908
0.103967158655587
0.113518940873001
0.0447994777317862
0.0361533894167281
-0.182587093090763
-0.035361225693048
-0.0372446186803953
-0.0346591666078109
-0.0194363528520643
0.051963211491512
0.054420823006716
-0.149699973612717
-0.177581653372411
0.108797572307263
-0.0896495808868745
-0.000771654971385544
0.040550141457902
-0.0954125133253712
0.0558902207982017
0.0668132183786814
0.0224382077748177
0.0435516127258976
-0.0969590831588836
-0.195845441833846
0.105421336104554
-0.113886651749521
-0.0452331706159477
-0.0105745809039374
0.059740096155892
-0.103918815872199
0.0388026720607723
0.191898864095381
-0.0437478844539487
0.0510913258551519
0.106800899517506
0.0678802086262529
-0.0189338170387049
0.105244046461327
0.00140869165107888
0.0561021363868149
-0.0117882590780662
0.205365014238776
0.132612057278928
0.14163318328015
0.0588273216307739
0.0689273261278397
0.119175858126327
0.0580556763228586
0.0406407474005776
0.126229549151508
0.0451539833630769
0.133007973280651
0.0351565058057507
0.0199522665656313
0.124865954143934
0.00436668880389665
-0.0300976120917565
0.139052890019411
0.0956344073424075
0.031668305544446
-0.0342519986395145
-0.00261333342243654
0.185186803301402
-0.0089812872046866
0.137581323415585
0.0075091195366514
0.0232180026108045
0.0769518231359172
0.0404615665081054
0.163003613611349
0.0946672586320805
0.234560108466333
0.0357481236390362
0.196724845950339
0.0148125008299466
0.15565300665718
0.0366591952152862
-0.103848490263705
0.118913530796467
0.115535808835178
0.209964146040366
0.234213066587525
0.249863619065763
0.0213388173299095
0.119983291169706
0.237817112002356
0.123019421201666
0.131219319169827
0.123533159553534
0.0825828760124019
0.153210862906899
0.139037415854637
0.0320452446841089
0.125592850760862
0.204839444075521
0.0801004471074184
0.340945723881185
0.0288219059422486
0.217257293950937
0.186043477496427
0.185578768493688
0.119973677575892
0.209090170914616
0.118183577916791
0.164572468697501
0.297515776896468
0.312205700173871
0.272012372531765
0.118142418314828
0.0947501145265697
0.129264714724259
0.194103530918964
0.117761396062635
0.199039373058342
0.138515078613802
0.298920652707602
0.108385523079634
0.0720806637847497
0.204783112794006
0.184468462937049
0.349390902508209
0.34425257307039
0.196582824392305
0.334468207758984
0.227190382929756
0.22182147056954
0.271407844601176
0.232406391154959
0.191756431557991
0.144071455115828
0.251311120330964
0.318733402427663
0.286535872725222
0.249098617051003
0.34680316865017
0.255831268237704
0.352745497735714
0.216903676424682
0.138608399674602
0.24489970443397
0.281391501723162
0.298074850337504
0.173567375738101
0.365512579016287
0.221587367210018
0.293450277199402
0.282960831541849
0.115340311039409
0.0939984896379811
0.185503934996968
0.397759608380412
0.259220793280643
0.260347249987037
0.325694904784347
0.327453520735284
0.219410143135047
0.0905176937424949
0.400270625569325
0.327408882925667
0.215909160600541
0.355328390741363
0.0613769239421678
0.331646844966166
0.200746102997786
0.214117135757308
0.280689352501827
0.268141224565089
0.262647746564859
0.366942617084258
0.323991105647596
0.398168443715292
0.388903343971438
0.430843456498382
0.215563503020092
0.396442676321369
0.269748618915326
0.348599986614198
0.208673927305285
0.383107348879914
0.212992226588402
0.520471227501793
0.460519221070752
0.293161036703633
0.343727906346213
0.364007918128115
0.372976918638635
0.233923004308038
0.26799518586126
0.332489570168068
0.334148928817468
0.419418715024336
0.386417563833942
0.278792589369617
0.462602095336178
0.456199380471504
0.417560528204891
0.481578742392723
0.485671983166645
0.344787257742624
0.393539653371553
0.519852090719815
0.137171727291727
0.349718078315609
0.421530317382223
0.255403482050036
0.30354774543354
0.233101736955029
0.533984829356504
0.386555643374301
0.304339175162384
0.473241160083515
0.405596074208299
0.372843403956491
0.369377774062046
0.453972560677216
0.344538260559058
0.48630349043479
0.415009028808611
0.438944204625852
0.397469462855041
0.442175517602041
0.367896224585808
0.38802231758676
0.448075226199925
0.369154958631406
0.401810134287428
0.4156859432755
0.276997762887345
0.396630943312182
0.419236940631528
0.486518947182407
0.387715002684841
0.470267161842791
0.379337652073375
0.449955315079278
0.439086800281435
0.294782427898877
0.399219837261317
0.556224129807203
0.469259544732719
0.585341781042226
0.623627936817077
0.44154661890502
0.470134113704505
0.326841957768332
0.546298720371939
0.479459125583697
0.38573579242589
0.558101479739953
0.501332256789243
0.460337107101326
0.59888496514681
0.449430099074283
0.522267050135604
0.535174693299808
0.58472558242072
0.446823804147593
0.577220708584744
0.429400200101281
0.5468773632531
0.406885752824468
0.385499334994253
0.44778082278431
0.728111126562209
0.510380166513246
0.502122829065308
0.428067421981434
0.487208584980315
0.573465850444139
0.536808781511742
0.402055191078335
0.573074660925116
0.684161174555643
0.456795135232046
0.461960382501863
0.428544435433866
0.379920632261233
0.518270644993372
0.565871812317949
0.478869042943231
0.520771019523352
0.506482591650488
0.440123673214723
0.441926496631179
0.530939942923082
0.527131927161406
0.604128337752488
0.632631647253875
0.602493777160074
0.374237825467917
0.497667341481152
0.586282775404378
0.601119679277406
0.579981240964875
0.412666834815749
0.559979293769921
0.63203275792703
0.640185777489124
0.558671204307144
0.642048751829318
0.561675361293178
0.54643559411432
0.617285367573639
0.560559234983207
0.664249120891328
0.563260915264392
0.592350810970762
0.379229856458181
0.457560016539224
0.589464664952695
0.557005463082703
0.622597343452137
0.51264554264058
0.561160710592571
0.514504412448251
0.566329450815918
0.611832265901163
0.585676862065598
0.434269198099374
0.823211909863637
0.675138058622775
0.593209342764069
0.570643417273501
0.694356749835473
0.526183745841483
0.687301990990678
0.599250409385828
0.598765861688176
0.587697774162823
0.623923586304937
0.62127834741876
0.634731650818871
0.731399448107501
0.552030151965058
0.738255877050164
0.534846987053355
0.593449575317854
0.687996223040425
0.601340383248194
0.600824750892115
0.766715624300577
0.738946668396616
0.598745133152162
0.67405858055798
0.67977126056838
0.709739231673194
0.73041310706334
0.666349080094847
0.759784120567668
0.784200795520702
0.733131940899224
0.584081582474896
0.604160955916917
0.704467511337311
0.734049036819587
0.726351307270534
0.639292612160167
0.519740287775778
0.634427959528673
0.772674925227291
0.617373504870835
0.709897101432157
0.724400824648126
0.809074428667478
0.672797610987711
0.628996524201967
0.593252813649261
0.759870927770712
0.759456204666728
0.620788946571444
0.66809245344748
0.686964817376559
0.705695231443737
0.720456905891207
0.66237112502906
0.722240580064217
0.603250348469399
0.888192436452148
0.626539393606885
0.549061604615371
0.775881473977987
0.739950268294732
0.76377980056267
0.664355475130165
0.832582002196324
0.711281350706914
0.733335980040855
0.706589679712364
0.725683136189639
0.715737606604177
0.83474694824026
0.87863485679721
0.880738415373173
0.72491919753161
0.669223751571213
0.556421177494922
0.715827982395535
0.716162874013843
0.817249518767757
0.754595233222873
0.69769529758044
0.884718584886542
0.682950983347195
0.851705778717963
0.775837763567685
0.680638267348933
0.828199268678256
0.720193681440931
0.952114588386177
0.743111745858615
0.659327006572534
0.833112632877729
0.812899841398644
0.68355078161771
0.766972984220264
0.735755499372379
0.84425870858586
0.768642147460322
0.827237087955411
0.688012073804989
0.652465225040559
0.858707676728534
0.839751430970401
0.807575321426936
0.859314448554104
0.848900032295641
0.921593029664851
0.819652004974551
0.78400156819655
0.898879098533242
0.942275719306061
0.779808327274648
0.890148244922454
0.683782376390857
0.755934224683122
0.82353210087435
1.04179629403631
0.749677685991012
0.87209549896846
0.803439443718905
0.68408136734533
0.850611201161658
0.944535728248628
0.795217556402168
0.760225617593907
0.901716740101143
0.903253965705891
1.00860797246092
0.870220287513344
0.899093148340889
0.897959830432144
1.00760187909131
0.81807191605322
0.829312018386982
0.948621510197169
0.756507360795231
0.975577094507864
0.930725699004739
0.689695311033164
0.878528141912122
1.02813977904554
0.910117976831964
0.735785918907595
0.95065083168789
0.806624275715297
0.902909680356317
0.878483826144184
0.769586058207268
0.864260362102113
1.06753366694941
0.836821494210018
0.81853403435629
0.977877114296047
0.934570847468615
0.890264739847128
0.950528345408903
0.900418279073252
0.895244771355312
0.915979513793761
1.02279076230416
1.03549693194057
0.825632631479832
0.914334161840895
1.07727596508008
1.07254422592552
1.00806049666455
0.992462168287444
0.941042153634404
0.831793556441451
1.02886436795535
0.984376072205262
0.881019342760931
0.792733599708594
1.03079152640484
0.988329725214762
0.780583612554611
0.758047628141448
0.832069967198857
0.961117782964699
0.84194934991977
0.9677026846384
0.844000717626818
0.957437540268542
1.02616605218679
1.08452229223828
1.00952246299024
1.0066359240308
1.00468524672609
0.965114965321976
1.01919991205978
1.02868293786889
0.981077704537701
1.04872694950237
1.26549849887067
1.13955519562951
1.00734281547556
