"x"
-1.04970237506176
-1.12891260273108
-1.01465306675726
-0.951602554660488
-1.05731935187683
-0.983819010446126
-1.07990028189493
-0.97088264732289
-1.1371801417636
-1.01435434419249
-0.960710442693861
-1.02358847100894
-1.00547824995794
-1.1387178034853
-1.12757104383085
-0.981872779167683
-1.0642498915157
-1.10686145367711
-0.833903798075097
-1.04587262963459
-0.994374181552217
-0.901568524386343
-0.915249068894668
-0.970419437731849
-0.901575151745497
-0.86877964040772
-1.0111548717728
-0.869027954249272
-0.92958806733918
-0.888428702251919
-0.935424543597061
-0.901406079067919
-0.996253469417816
-0.836692415571284
-0.885781395574489
-1.05022760888652
-1.03899647004255
-0.941980667149886
-0.892670624362241
-0.973348326728109
-1.03609564937195
-0.78700934086879
-0.973642937338521
-0.968514165280084
-0.936867034758489
-0.914390858539872
-0.982336610146307
-0.942233578919701
-0.86065268911854
-0.975286604009591
-0.893563391739585
-0.962299660354883
-0.884473906033317
-1.06707128049095
-0.875043226393433
-0.997266102070231
-0.938000878178711
-0.730487345309602
-0.77931018415308
-0.872881261045133
-0.891515245985752
-0.871367070495747
-0.716439914104249
-0.872146869719774
-0.928353778470114
-0.866533208238686
-0.91048444523051
-0.983750746614411
-0.982431169209855
-0.835207691868616
-0.779157056959274
-0.885883096424177
-0.798806056152491
-0.833985396000676
-0.944398791409175
-0.862749248871412
-0.892363060143728
-0.652263205081181
-0.844323123885188
-0.737798273665702
-0.710668690392905
-0.748897343890975
-0.88957563679321
-0.889523307805016
-1.00883088251292
-0.811181392574856
-0.794654761133763
-0.908846079816959
-0.768914413684471
-0.89815125531137
-0.767823285627489
-0.849400740709849
-0.920751247443308
-0.780490798936611
-0.787927417936719
-0.727956928089821
-0.720095906611436
-0.734782417920411
-0.701655232885276
-0.727937761703906
-0.867828176881222
-0.74281678539127
-0.609682569501024
-0.840003902298423
-0.814205343816665
-0.802679045458697
-0.863762802867059
-0.815757134638726
-0.755203459719817
-0.705960395827569
-0.716343905799043
-0.805882046500629
-0.701571126222698
-0.870501056854222
-0.698881918789091
-0.91636164606211
-0.730358082620333
-0.89750067242526
-0.661379762499938
-0.882612587403928
-0.722078232312482
-0.794392847497828
-0.827049214634136
-0.965848712229387
-0.74414763113004
-0.850801859705974
-0.751455660128254
-0.647143712867134
-0.70843196827943
-0.684623256803989
-0.700273098105652
-0.79056436051332
-0.81164317691327
-0.8707579225584
-0.915208394640016
-0.788639810569842
-0.645327454942247
-0.630730314614415
-0.742949505826844
-0.672989981912948
-0.799365838353515
-0.461804038782171
-0.669717990956287
-0.758429101763379
-0.630154628186736
-0.521199401524481
-0.876362653040905
-0.546636054845277
-0.681626066760151
-0.593137875211887
-0.812450723316275
-0.665064963915245
-0.80368486608517
-0.732837208534998
-0.571610426784584
-0.654311175262456
-0.587613116833884
-0.638885168130187
-0.603016880063381
-0.686749343620449
-0.601333146860313
-0.714187460917076
-0.61781206513343
-0.516938747061956
-0.641032616687029
-0.635222943689735
-0.695624904425233
-0.615895071607607
-0.567129413547197
-0.69629442958962
-0.773550242005452
-0.620350975148918
-0.657891865706492
-0.632396750178149
-0.58554395517478
-0.486976606466662
-0.571066940205407
-0.569573589907169
-0.637656465543741
-0.668740738638076
-0.730567667780583
-0.701550067945172
-0.426869836417267
-0.592878275219276
-0.637867779783846
-0.693129845339805
-0.573893985916259
-0.582327728994961
-0.749691314128227
-0.598753434756938
-0.684265345479806
-0.62223572177642
-0.732234724827525
-0.68415141015557
-0.505852937968747
-0.664286445597755
-0.634972731993462
-0.667230800013914
-0.727690251620746
-0.509183864972654
-0.664218262520634
-0.610383174807314
-0.656445563320266
-0.622458647554993
-0.586589457619482
-0.489710016250638
-0.654299026360878
-0.588270910980989
-0.630835701435637
-0.491331662138978
-0.507727875163182
-0.477337891579285
-0.568716017468048
-0.49996999205048
-0.520825381661032
-0.524809870405829
-0.469935440648402
-0.518660774653625
-0.609429315438169
-0.574239216527523
-0.554425822503072
-0.585704095739221
-0.611510240581854
-0.506573504561005
-0.425085518180613
-0.571808052620775
-0.512022911471875
-0.594627125636724
-0.526577628700946
-0.465321874558451
-0.434640170789519
-0.607177557585089
-0.510358911022906
-0.528661204756605
-0.540882122265309
-0.475003874080891
-0.534767410202128
-0.538590621072751
-0.590889256183513
-0.521526203694499
-0.591431424452947
-0.572823344855708
-0.482605337346837
-0.638838500069217
-0.529404389914508
-0.530994323538035
-0.506967775541184
-0.557827147997628
-0.48168118383825
-0.535449689086215
-0.518180484212415
-0.597713019257011
-0.386451118862519
-0.624748762285467
-0.483691913017031
-0.56322270053668
-0.51569592719722
-0.526882732471627
-0.469893267313895
-0.499820209211916
-0.6358089462541
-0.610112493422233
-0.369442314705208
-0.564480640913943
-0.418931431729479
-0.494395098945227
-0.423818958813711
-0.541026024035502
-0.440460146809499
-0.399584854324381
-0.303385007449362
-0.408410173673001
-0.555906547284166
-0.44817698233875
-0.415099004260745
-0.334449725785736
-0.453899330832333
-0.497094370881152
-0.52613536135696
-0.44914501268766
-0.471996577521223
-0.531285129350112
-0.329398787355226
-0.409409272814519
-0.423476661222726
-0.37727086611182
-0.385512122486879
-0.319415151423734
-0.340673555427837
-0.349504815765229
-0.426079084134477
-0.278871581741715
-0.317534837048401
-0.533180213902768
-0.343375318318606
-0.396429357097805
-0.451419349617013
-0.228596535916652
-0.4556669028891
-0.423608677129239
-0.41756948198443
-0.35681649234619
-0.363635217739049
-0.498899958827638
-0.324136527358878
-0.366855704395593
-0.384760130883752
-0.470031922757845
-0.461525279856696
-0.351437063792306
-0.424340522543135
-0.316291472329213
-0.313558780815588
-0.421005872322009
-0.345069534805791
-0.32148741607681
-0.424133334209286
-0.203381244391332
-0.423625909304781
-0.253721148413632
-0.388930829987571
-0.399603227589603
-0.401462371280061
-0.396027971751415
-0.354528982693623
-0.475185290408184
-0.152596588761373
-0.341745840981428
-0.352037206068301
-0.175649099217735
-0.336855093889162
-0.265944902145004
-0.379461785604976
-0.322124870943121
-0.344876972540233
-0.438235176986305
-0.313575679558112
-0.393485929630294
-0.401931867770114
-0.225293152351756
-0.325055767604762
-0.366896582673558
-0.253414808736197
-0.434414842711702
-0.38021397593858
-0.246113486549131
-0.359852942289569
-0.466248134381418
-0.412124347359025
-0.208742690072979
-0.299662395886758
-0.285788564417404
-0.213968536641476
-0.256029051640342
-0.210450037140961
-0.269388238139473
-0.319119862579125
-0.284253861016558
-0.43287512387174
-0.224307748934082
-0.382196182957824
-0.381582132533801
-0.294916608543025
-0.282900863435054
-0.181125763701263
-0.412689374624144
-0.306902721344965
-0.31105910301185
-0.173297248985769
-0.195784497307804
-0.246480322484492
-0.313655507363705
-0.293845986387465
-0.38537285368174
-0.232394404995766
-0.217752574851801
-0.315955490998319
-0.253680800342996
-0.336446441990256
-0.358523741719759
-0.306706281313119
-0.24781764211559
-0.369411143269229
-0.248301632901613
-0.342971940127934
-0.316052657852212
-0.377140668986706
-0.186375263004386
-0.223732980642748
-0.220257679265907
-0.182851034073928
-0.140249544679561
-0.244414875595151
-0.0581198450590978
-0.348528398880039
-0.214710553557748
-0.224890338654162
-0.148295087587005
-0.296497470570721
-0.298832511680672
-0.230675334583794
-0.123857637240641
-0.207590675728778
-0.288639126400198
-0.346750425150414
-0.0341572756213498
-0.0654851611846972
-0.353131318330833
-0.209482000232279
-0.233780354468348
-0.283103744486438
-0.0319950208685733
-0.163711817515471
-0.223828770461901
-0.200570083827003
-0.150828450831188
-0.229148016594083
-0.176422102458779
-0.0713337504294212
-0.140171270228289
-0.110565474634619
-0.194752548287103
-0.153082605092468
-0.206008011972162
-0.198720850100225
-0.0663575602780817
-0.0771480209491372
-0.170520963985558
-0.0804963264392491
-0.0421672055837751
-0.0758420330738442
-0.0601892396436532
-0.252542686759661
-0.155051022781274
-0.0797813874055366
-0.032049573999648
-0.0754018596627147
-0.058492206999239
0.0715768995622398
0.0172102625687502
-0.219745822018606
-0.119436974995551
-0.0711031839887725
0.0811494580753119
-0.130798505844974
-0.0437632043051428
-0.175000343308252
-0.0655839726662194
-0.0757579127258182
-0.287062256620248
-0.140460553236156
-0.111197009898316
-0.123014601942275
-0.212680973373339
-0.0474781874082507
-0.0984594934196089
-0.0166390730814074
-0.0423683942722628
-0.0582012266986292
-0.12121786714335
-0.0841559757872882
-0.0187167774974674
-0.0347012240778222
-0.0356213508639159
-0.177697527628347
-0.101967216153276
-0.0282764278490423
-0.131981521887614
-0.139946129767264
-0.143773034506416
-0.0740807235473348
0.148886891522084
0.0711540695363042
-0.127269260723296
-0.0211684831098655
-0.0236194843340797
0.0595550348263139
0.107086504442903
-0.00967470164417682
-0.0777462250878475
0.0234360846374586
0.0960438566658402
-0.0112368167907635
-0.0183990108234892
-0.0378200887104641
0.00320124596532596
0.0269393922334525
-0.0955279161548433
-0.0850827285093694
-0.0211657256355737
-0.010467172597313
0.0226633191016014
-0.141859410497126
0.0871302792765774
-0.0510059235077932
0.0639476580972993
-0.0047144807361824
0.0409530714975662
-0.0766667094789807
-0.0371565385689606
-0.00427468182970262
0.12602601730544
0.0472621775930361
-0.0245779989091674
-0.120316877456816
0.183906581486145
0.00688374751548826
-0.0357067745868728
0.0794396661314668
0.150336887451476
-0.0275250575081511
-0.0151598990211457
-0.0885264698351547
0.00459265255188455
0.131059282617697
0.0424594412870299
0.17178354913839
0.0577325107085411
-0.0313482786568582
0.208935849693588
0.126577587452349
-0.0389141726686934
-0.0847340032054637
-0.0602499570691935
-0.0802721570247844
0.0532230676644798
0.095239967425939
0.203012925120243
0.127797495762174
0.0331906195623281
0.0752402941857634
0.0553851206656413
0.0553499273530167
0.117729943764511
0.343636627821456
0.11485923788731
0.0594794247693701
-0.0321353112249811
0.0670645313000122
0.0737626129592265
0.123061536250053
0.155336682645836
-0.0245011776420354
0.08046426865426
0.201976812148867
0.0707141072274841
-0.00703284245569298
0.125826125678446
0.0286491235988107
0.105114703663708
0.107547322827533
0.0938584732001053
0.167675299636192
0.072359952789534
0.0806987878169471
0.0940416522717348
0.0524007981039363
0.119856547236348
0.122538008257858
0.10906306219699
0.20414986644382
-0.0498382544137898
0.0898341238128918
0.182804250999118
0.259020426717838
0.0377486530655152
0.0383894309005057
0.181476535319675
-0.00823396262922688
0.197801468924844
0.0313535269291929
0.256749167950922
0.174719046213194
0.13255151354692
0.130345752290406
0.0967663939822085
0.274724134285496
0.0723592894745407
0.217756017085337
0.00512485847347804
0.255146924608663
0.21564897359846
0.120206623079789
0.0837356898365312
0.35266552746893
0.231434397851442
0.236748114867157
0.193194496273152
0.0768486532773674
0.0487850838278929
0.11447403876281
0.0248799389901465
0.266267262599787
0.283218556230951
-0.0464500891793713
0.255996617514235
0.309469733906138
0.236163297469826
0.231588313091401
0.192120796300981
0.139507723003125
0.152034584467997
0.282034045807126
0.0733355795227631
0.331569321423109
0.271915965618711
0.192905293255245
0.2305419813147
0.228145005336992
0.268507214167354
0.301111551674446
0.121670542857445
0.19169889771624
0.27703441432272
0.268300740330301
0.383341970759777
0.2746940240824
0.197463286504346
0.274879461283026
0.2319792705777
0.141566683408469
0.256301530550152
0.302395897717739
0.0580850350687273
0.192111548628206
0.247684370549997
0.37748919965259
0.1602158403145
0.373197916347669
0.357197966958812
0.267918971359356
0.155204090075495
0.31453690884515
0.264450787979455
0.328473913379542
0.180718113772665
0.383840611702338
0.411770328955987
0.268413830735419
0.2625105542339
0.268691242206668
0.222080084577254
0.394496318915286
0.472759009670966
0.326221512576273
0.193699660740964
0.140433858941793
0.446506116835279
0.289408511033268
0.237684750284339
0.317989528624054
0.252933085419321
0.404500054645617
0.27136239320426
0.299746897802757
0.24223990441171
0.246806854648713
0.396102224370419
0.286221500117271
0.48424901152759
0.280654765393843
0.387563056489025
0.367136502030693
0.37749139525681
0.293251630751885
0.246838587009198
0.402600159108284
0.322665438552309
0.473018620250028
0.34066371598111
0.445380670907174
0.342121228795009
0.295960585944456
0.363078104833345
0.454076324318987
0.44407458889618
0.398825555581797
0.350205396204159
0.342640520589609
0.29502231890218
0.17510752234584
0.43326115675379
0.176985319152536
0.204014012118801
0.442863254722036
0.422832865055983
0.40863024281605
0.361420147517299
0.340860409530198
0.35994502444525
0.35167297050908
0.356533128086622
0.343937890021883
0.357723118411208
0.381568532480915
0.320345256088404
0.273473288448701
0.366565009817885
0.444447609850919
0.359392190852224
0.424180888226516
0.328013018230397
0.351103410419167
0.306703566795792
0.235618401291642
0.567841495938875
0.464443198000102
0.35357655712642
0.424252286970958
0.512914296530132
0.440488897688987
0.487534966790204
0.35115656704715
0.34741813708707
0.414772533427172
0.339887086085923
0.289235509123921
0.41745601528578
0.279913693449993
0.419055737078668
0.518155896698499
0.480763694443418
0.481511465413626
0.486080281064641
0.556396329475307
0.441926130655907
0.501053807758145
0.414784398237434
0.646793874538589
0.352143671808505
0.534376015664812
0.429320673490781
0.414703642173054
0.524128329242113
0.406350685156648
0.546908516241929
0.486726289178686
0.32900757176785
0.370572240965511
0.406069446271231
0.398238914398331
0.602856319563663
0.645531658307182
0.662635214653673
0.458342011639608
0.498182999470237
0.5911682488513
0.497160520846174
0.426627955247844
0.459531741586032
0.463512426203874
0.545782797820696
0.49549891522821
0.641279198652023
0.369436961230107
0.605908468623922
0.574786546604768
0.455951561763722
0.622908027192517
0.559338129172748
0.586477678775068
0.643935838318896
0.525187243138661
0.466231182092823
0.465127120714688
0.610461602057495
0.476010431657842
0.471894808957595
0.607681611228163
0.589609807681013
0.521919389862025
0.591962674623033
0.508624290852791
0.75244215027746
0.712114717716764
0.393495164689523
0.439403109604196
0.566563940979814
0.562191960414239
0.487903825462778
0.359779489734806
0.449139640400908
0.546713578611443
0.59086503052279
0.585228008636726
0.423901188353069
0.708934164929528
0.64755103879598
0.587158504999356
0.556176863455618
0.699281825224567
0.41206899462306
0.350127516331985
0.532143607022936
0.520602176838078
0.535557355476555
0.483814459620098
0.429275385438272
0.577044622532619
0.578272392718896
0.838422792051274
0.686521752355466
0.580784670089881
0.615366497948281
0.694746622927674
0.621690920065047
0.67043641846209
0.64076416211395
0.582924186298216
0.571494896771109
0.552313144142919
0.686692814912259
0.512411044147406
0.702567111872128
0.682443298939979
0.676229959691889
0.751666442815274
0.581692377028195
0.693847337976446
0.630687899751004
0.681773528219094
0.59464101104858
0.749605238301588
0.841343567340493
0.839144798598664
0.634406809884653
0.615723256007644
0.673747196579551
0.805362086319616
0.640005842998311
0.734839526644359
0.691844655188099
0.656804037295317
0.557427744001024
0.606047000252941
0.650725125688197
0.581100291814441
0.790048733312557
0.575674288932802
0.61448745810141
0.499259250843096
0.625236653075582
0.635941750136022
0.524600268646041
0.677741872640942
0.647059527824011
0.732714227599019
0.615319444130502
0.730101745761959
0.654593147591929
0.54137695416071
0.616121990236504
0.732053300931973
0.806417777359399
0.806829065522057
0.711284936399932
0.712712281536692
0.773079749429112
0.645047110414857
0.596877760253743
0.757257845706418
0.738738982317468
0.728299781749699
0.754772749777919
0.801786543489204
0.674737611053292
0.8147322642623
0.803007141274005
0.64709618668205
0.645654931757935
0.675163816210121
0.714375235690966
0.862235756669082
0.853064021385002
0.583116679118166
0.697952594408862
0.880883630978982
0.800668999371676
0.810850475952364
0.65074208080232
0.857899809440093
0.793377785875244
0.814376205255289
0.771171603085057
0.797605729667171
0.908283226676296
0.656929062000065
0.850128102802452
0.788559843942603
0.766691387953047
0.737150713347349
0.7728210097406
0.869476435516633
0.798233597313809
0.795473172371519
0.793345108642466
0.774717981191623
0.750860907522048
0.754751733488139
0.865172108757335
0.719347341135253
0.592155366468074
0.968776515596517
0.705228740020984
0.87906917597415
0.864182539149394
0.882027089212828
0.708064662120232
0.84855465170927
0.908554513969789
0.736042529629063
0.799215884096765
0.82992915431007
0.893227505102982
1.00583786780269
0.852955760515041
0.671000872678174
0.763633094582828
0.809573094914953
0.909479121064413
0.799082331847765
0.845873974828682
0.848427100196135
0.838680449699982
0.690378315994662
0.901473705140063
0.838704634971522
0.944241767633916
0.905292466180185
0.753471389183518
0.961869972633695
0.826897942919562
0.81596736617517
0.740940562949826
0.823341417134196
0.796911455367461
0.866334081477058
0.957333464097614
0.857410326491328
1.0544272727853
0.870270076602529
0.885719645428512
0.686067966471788
0.968004460546191
0.972588962085692
0.947125081356623
0.855679650428822
0.903105950416782
0.841250151620974
0.814288084155458
0.823682656693962
1.03694046413888
0.948728698411189
0.861392079511714
0.89787873326133
0.873239706896734
0.895075701299235
0.952746402453829
0.932491996762659
1.00116119657586
1.01515587044464
0.913416893062436
0.794848173343962
0.833760463537863
0.921910027496426
1.02507892309932
0.929677495755559
1.01713136763356
1.01632944707641
1.02278103181623
0.891848140186844
0.810970970094206
0.877600286936952
1.01110662467204
0.865853076535907
0.932646609315977
0.967703406922174
0.900724442180576
0.870089702593885
1.07226877508251
0.914013161797419
0.776884187786138
0.854770996797687
0.888495693470384
0.9960050633315
1.02559500367883
1.0610155922324
0.963146599381688
1.0583807128565
1.11085782401381
0.959730084805965
1.05602721205441
0.968632815966552
1.09201665924189
0.976825007849337
1.03913460214445
0.989355809866765
0.941122265265782
0.926880993887288
1.1272160270481
