"x"
-1.0974763050984
-1.01316169320819
-1.03718433713967
-1.00592874529636
-0.935996961526237
-1.01423371040655
-0.884278123023015
-0.971303744020284
-1.09909390896224
-1.06414307654314
-1.00033792957856
-0.982682550298423
-0.924317038357089
-1.05378208809584
-0.881693139442792
-0.975782398225593
-0.906851015625371
-1.00535310123406
-1.02747336956431
-0.910753799599943
-1.09407005841474
-0.991730158885585
-0.890023339724221
-0.865298225934532
-1.01768085745744
-0.897317626443589
-0.89346763464643
-1.01938560435357
-0.96492911775141
-0.906985182736347
-1.05589067837667
-0.862126098297884
-0.899973497753721
-0.791246845552657
-0.860036916000304
-0.896299249703449
-0.801851505387977
-0.932937562603162
-0.882824143538913
-0.941365865091069
-0.893875598206465
-1.06179802788796
-1.09055609984863
-0.943766757639222
-0.869019990688335
-0.941663543159707
-1.01173760494692
-0.846490517800902
-0.773551804237659
-0.894788749267151
-0.882191328442364
-0.880662017726841
-0.840952506455947
-0.843354503845923
-0.860293024316424
-0.838079781999227
-0.913057732356743
-0.837991674787484
-0.976647353850766
-0.950271839387578
-0.844516129159355
-0.871236081209285
-0.90422647645164
-0.849860468982752
-0.876424304624751
-0.932376302839853
-0.910516562162917
-0.828105280324374
-0.911380349291762
-1.04304740271536
-0.954081815926645
-0.899594763596221
-0.979049631854977
-0.790109955906764
-0.836078112350398
-0.855067285203336
-0.885381342958018
-0.895153108683741
-0.900267714979846
-0.654034243916612
-0.886182466548194
-0.834335780065716
-0.832912422498844
-0.842720583450275
-0.909697393200928
-0.82665523392971
-0.783060964789181
-0.868099138996567
-0.775421191969276
-0.929721226329488
-0.792486187553452
-0.727154900872454
-0.865885795750666
-0.831733594913078
-0.795921616542618
-0.877208590045917
-0.825090064689376
-0.748406761515439
-0.798529408287937
-0.69367995065592
-0.837816578257239
-0.747395952606794
-0.74078132779691
-0.702119604681547
-0.73265404507932
-0.894863097073758
-0.608808142168813
-0.706035088935192
-0.740098679154472
-0.796122911667278
-0.835463552338483
-0.871626550505592
-0.782159064960723
-0.814069117105384
-0.868218490976547
-0.823858821383924
-0.901017350703826
-0.579413222491525
-0.778779782659203
-0.745303111210925
-0.775598123046308
-0.875330786818731
-0.823536836122224
-0.604260914817586
-0.473454030461627
-0.659349586858933
-0.689406223242223
-0.745337385044168
-0.757429260716168
-0.813011951593983
-0.732070236201306
-0.749891813888416
-0.746369376737631
-0.697818474857606
-0.659924290731509
-0.783775698953263
-0.805318541551187
-0.826663259607956
-0.561451802101589
-0.677525275820742
-0.641641821255338
-0.737118904485548
-0.695001607071434
-0.677532948851347
-0.614478283299169
-0.740838400146507
-0.799943308475527
-0.74817286605897
-0.664384240895984
-0.576177608427695
-0.567995112573993
-0.649342807248265
-0.674270412002315
-0.612865330737422
-0.722927734903576
-0.685140844873722
-0.834240394807083
-0.786433932140955
-0.595787311739262
-0.671861929429261
-0.690373666509269
-0.690034285817089
-0.781440105332436
-0.781740441002386
-0.692483108051516
-0.813698137521474
-0.620731547547481
-0.544907558585367
-0.673986647002016
-0.523728848948863
-0.659575440901058
-0.626659283912595
-0.641840324689705
-0.599351234986511
-0.64038433231718
-0.667462643198121
-0.531889930918312
-0.593206596236292
-0.529456623587301
-0.757981783753285
-0.690221364063118
-0.680026640365086
-0.64805678870927
-0.614614484370718
-0.588331922831936
-0.594148504297773
-0.640913319807896
-0.675880511031153
-0.537197111499707
-0.687014092838076
-0.619511950999114
-0.600819679939544
-0.609501138058334
-0.463923374168292
-0.587414169524752
-0.63124835993831
-0.617693172873514
-0.630662651979502
-0.679534465989498
-0.556659999590564
-0.56649688153168
-0.585069412450182
-0.665996154113002
-0.61855202930652
-0.50740091449289
-0.650397805800188
-0.555730958284586
-0.546219753184295
-0.434063866250162
-0.561632271037542
-0.625648045943931
-0.541030261429046
-0.44223238852409
-0.509271517513527
-0.562048143502513
-0.497740334716402
-0.366764221080188
-0.563378538408315
-0.55562629283365
-0.494895075029366
-0.581667482958537
-0.546560228441074
-0.705415973351918
-0.549306452527205
-0.572003198501619
-0.426355570070535
-0.477170322195296
-0.689630250823477
-0.460743507834668
-0.557747410057771
-0.532501855201644
-0.604945482034131
-0.457882026806072
-0.557550592548315
-0.543539458050131
-0.528908901041331
-0.368343115671249
-0.432584206526435
-0.500989804321123
-0.520373744610335
-0.48280459100645
-0.543746892061075
-0.66793922541652
-0.564199625079309
-0.417311282683057
-0.673197045048946
-0.3067057841296
-0.583555768660381
-0.514653187011943
-0.551886147329743
-0.38785741851734
-0.638720824434024
-0.326652701779316
-0.727011376006445
-0.601523653668078
-0.477897267679239
-0.474084422856522
-0.516114305439874
-0.469133263321022
-0.475515582857534
-0.427583157747094
-0.493253027451599
-0.482445868631636
-0.295266508741706
-0.493445889474616
-0.616130858712194
-0.441142074404975
-0.420933468817361
-0.474428429504387
-0.489327975080427
-0.308810451981574
-0.368673527696579
-0.530772217222984
-0.558774504172527
-0.366593042070225
-0.366323959812457
-0.366421725580242
-0.410762421387025
-0.581755695546972
-0.526005871931478
-0.544262946574399
-0.302508901593759
-0.561953092448292
-0.383111571798491
-0.346098694991327
-0.308523020385679
-0.326663139617346
-0.631155834840568
-0.381015035145237
-0.524701847325268
-0.651832997005287
-0.325548790467766
-0.5697508511217
-0.467401922482863
-0.422016401751492
-0.41658011164175
-0.404695463545982
-0.45407022230607
-0.43026009023835
-0.304366483618669
-0.334939336714808
-0.516600185288981
-0.420250880621718
-0.502112001758407
-0.494725007709227
-0.39316361361735
-0.352634783205424
-0.321014585257968
-0.455746878283198
-0.329631406832996
-0.440709490922528
-0.405886153533962
-0.376538517329647
-0.417484434724244
-0.303569239116272
-0.460363575492382
-0.227773117085047
-0.229981614178318
-0.299098358419531
-0.470301688357961
-0.325864397382311
-0.461783103733026
-0.42380383788127
-0.365688840657518
-0.486261363076427
-0.321285890142433
-0.239079096662318
-0.327377942136747
-0.39921496357759
-0.314281492956533
-0.365977711997339
-0.349212076746372
-0.307758717536204
-0.132452176833966
-0.397310261694724
-0.302689152727258
-0.329931016330714
-0.41275712890612
-0.524280835259577
-0.341582969914071
-0.419539162847347
-0.174642806400723
-0.32079847668125
-0.349923393840093
-0.196349661429018
-0.138535024459377
-0.324327596545923
-0.153734350490982
-0.411304683283732
-0.290359640282196
-0.284231020988061
-0.396576095089575
-0.0770846992074724
-0.191829411439181
-0.32581007142124
-0.325726180673706
-0.31389263676384
-0.352735965614924
-0.316346995361914
-0.306019962666903
-0.269741165936688
-0.412920332128377
0.0247777964370951
-0.442964237248136
-0.19080701007512
-0.328271274398674
-0.314338108151295
-0.099730824967472
-0.36240492600335
-0.304657154184734
-0.298856067827304
-0.115091052301783
-0.206882955545402
-0.142609223602368
-0.214231226433659
-0.19550451062286
-0.203142931756809
-0.24332718568797
-0.244763516588116
-0.450192273035048
-0.230128785392272
-0.302124489947245
-0.211522452822463
-0.0661723936376008
-0.338263196904404
-0.209910276820978
-0.321107318210413
-0.248553853376075
-0.294237917862729
-0.306770480358997
-0.280231167505363
-0.0840416898369437
-0.0981551518175409
-0.183869043120265
-0.262403690023233
-0.188257283678733
-0.259784894630111
-0.310255013825337
-0.175790173057354
-0.288125360378873
-0.16815894272856
-0.293938434021236
-0.121066378193003
-0.362002474318725
-0.196287646701789
-0.209703583261996
-0.261025509585124
-0.153690921494583
-0.199278597563149
-0.143048511144764
-0.175336321944421
-0.0682160458065888
-0.0226319987670351
-0.177409324921396
-0.136992401489898
-0.00792069343900549
-0.206825701561475
-0.213287075652595
-0.180051410148059
-0.189037653585142
-0.0747503813482699
-0.251654600549585
-0.141830753504575
-0.0659138895166477
-0.258976814761507
-0.195233889181372
-0.0600256353709881
-0.0450452715014262
-0.132159226657061
-0.153255739283992
-0.152042989972593
-0.174298051649884
-0.261725071712339
-0.076663982350234
-0.0930358869502936
-0.168590435538084
-0.225043181543213
0.0203443591362289
-0.1846008205549
-0.157955690591698
-0.109776755503927
-0.093413488563938
-0.0328683419738659
-0.0047089846234208
-0.163679698310583
-0.191475954372986
0.186049331165875
0.0172344482974029
-0.057678022267879
-0.274731230846839
-0.190591539423903
-0.232447425866807
-0.143159687498248
-0.172883078992999
-0.0890570917418445
-0.148501584547848
-0.0466946987646756
-0.104669328868944
-0.135011224908446
-0.121161176897921
-0.0611934866458392
-0.0363561507207792
-0.114916176439648
-0.146767844279043
-0.137440766622272
-0.0196949366713339
-0.0254122281103728
-0.0615793222208312
0.0244912444041103
-0.104173255330867
-0.0237869658838532
-0.0693090255362189
-0.135663872515971
0.0732933205685417
-0.0473702329019181
-0.0982218363721484
-0.0433084965632447
-0.0269191849915175
0.033498723732502
-0.137670808834802
0.0650078646370054
0.126320728564287
-0.119276628432139
0.0991247759488889
-0.107512275629666
-0.00772022316369672
-0.0714385519444709
0.0279475605347634
-0.0419374859692225
-0.136168919420208
-0.00817635638886416
-0.0689650950858073
-0.0348395014981116
-0.0230376069789116
0.0950544895642592
0.0614352968110055
0.0116921271544516
-0.0776144541688171
-0.0307066820927321
-0.0981334174406362
0.0242253003025331
0.121800803279239
-0.0141168363564713
-0.00896614836022807
-0.109961535207312
0.204748503542879
-0.104842506135118
-0.196215969725749
0.104060098401888
-0.00319379125865852
0.0589329319856162
0.0989620919828817
0.0342070538999195
0.00460914517845464
0.0400687930235691
0.0503365767759288
0.0675779316232706
0.128125307304115
0.099898110353428
0.0280633779600985
0.075998153983794
0.0739920500864271
-0.121399662849249
0.191702466921302
0.0576548659651186
0.0254623703431234
0.159636313281873
0.1077428809098
0.0508982121495218
0.0050155603265761
0.11612198112858
0.107712765134336
0.120280267738419
0.0699180897969171
0.180998592542262
-0.00422828917674718
0.0394036246190793
0.0195858964462679
0.122124061042684
0.139723381431183
0.109302110808896
0.237521694722615
0.13107227756608
0.00777496568546774
0.0754731282143899
0.157707828419518
0.0683513637261029
0.0597117153824189
0.0275677032300682
0.0490232894409954
0.114282138475073
-0.0234507684959338
0.0809897651602649
0.00471895710218326
0.211544142606816
-0.054691327792257
0.156796361969279
0.160410961352087
0.120369215026464
0.263570010818729
0.281690037647921
0.20397254388682
0.165855380026543
0.126461080603348
0.0550640716493321
0.197104856384487
0.0760524568132083
0.0641885657468216
0.198502246438879
0.0449668956226539
0.162506601824644
0.14404704801041
0.0601901997710986
0.134441990204278
0.175137903645044
0.0650599971256701
0.272327031124803
0.244727358009274
0.143340837661849
0.12025013905808
0.116290548145552
0.100643163773342
0.213417981890564
0.182605530585897
0.13008879075058
0.240085098362248
0.0631239147588707
0.349039600301512
0.223252384279793
0.144929617680889
0.193112573657784
0.104485783424887
0.183033649116813
0.268229565651912
0.0696853020631272
0.227908957450332
0.183062503152576
0.0305661921099948
0.15921529120252
0.10629150073592
0.230127177208359
0.157816591072907
0.285828138232175
0.245116745096439
0.139192345501736
0.423991757679911
0.300360320149382
0.0774546569670201
0.178363010032851
0.0990914156024038
0.239077629328368
0.28070511598927
0.228701773611156
0.311319903773493
0.318801138796291
0.261850704738465
0.278922626526329
0.29769619221024
0.257630414991704
0.157979797016724
0.163784608997215
0.257397949749896
0.189638004516337
0.317891287239062
0.28055345921415
0.308487071367486
0.266655947977582
0.274123836555973
0.244640376333002
0.318831452988058
0.302831359471015
0.32125933501293
0.28580331133076
0.301646906407922
0.293345642797545
0.239814565334454
0.337829034440113
0.339020120492705
0.270332889852369
0.200793801221953
0.27556274602952
0.329902874299614
0.369879255202263
0.443963312732463
0.285151368970997
0.269965089793217
0.287533286524481
0.396730189381601
0.31207736667362
0.14789177556536
0.337741964042639
0.175828823544088
0.266198240202802
0.275454785532105
0.247812398333616
0.362164984809889
0.37226582073475
0.428953360363755
0.210544466365474
0.343617458022654
0.274853601844359
0.297062062452805
0.257417882541914
0.26506112743667
0.242447274568059
0.40219943423202
0.408314941545996
0.203438643354113
0.327133341028406
0.21407638378491
0.240058086701795
0.208514146093789
0.265400939684862
0.412625670890928
0.387700234600792
0.362839767668891
0.31120216137953
0.256520893871298
0.48260854272083
0.436593730806852
0.559062571256822
0.510484454855028
0.309623487903345
0.376303548368781
0.466974204598055
0.352288723304005
0.424560907778565
0.523448108666245
0.307244284307671
0.350128421825125
0.464958079245713
0.347200059179005
0.347868244765042
0.508708465469257
0.401105255499216
0.295279311393128
0.223279745113596
0.464683424786237
0.30943758477007
0.292069498273536
0.385143011114356
0.330228645548435
0.425135059950481
0.438697115907029
0.333296325197936
0.410892715355465
0.246196765253817
0.411961461418154
0.322833124645964
0.547879707173433
0.448872822317809
0.503008852081097
0.400616014596631
0.394661848960469
0.267122598185616
0.428637647058347
0.532881857982576
0.380919345719584
0.34802994250915
0.472269808930395
0.491046094840789
0.458776165773682
0.380737783020211
0.480238560082164
0.511217928216528
0.465047524161188
0.29796292812348
0.430897218581706
0.427971300473307
0.572564105527741
0.533173546254961
0.384947646883481
0.410333572587877
0.465340277457659
0.429275485230576
0.483007529609778
0.371183419338302
0.447923667444389
0.482860381126597
0.594314008445347
0.533516873869824
0.605642856192601
0.425724400741314
0.578442671501461
0.497080361351326
0.539944344368506
0.488938211775044
0.616951181145795
0.573197621519453
0.512465890390814
0.370769001511779
0.34206282101981
0.474634204579724
0.419073305495793
0.585745797067191
0.440402487741436
0.588216888442728
0.519183366692173
0.488112565887763
0.678190078636621
0.641979934781915
0.634095434632245
0.469306987050063
0.531052403215889
0.420335455916669
0.570190806025129
0.51807007798031
0.522545632614333
0.639313776184998
0.587057518353479
0.532199830306357
0.509355684131815
0.676391368764982
0.593759193347179
0.530652819174688
0.50293888240259
0.64594937562431
0.583024037421304
0.64346981626459
0.370710911858937
0.51837405514438
0.702617562069577
0.513469616648743
0.655018523189361
0.566689727538508
0.616384467299162
0.598458294270745
0.694253925281604
0.59664043592735
0.647634147500778
0.702487435242263
0.542374991119538
0.557035341825539
0.571505698443626
0.493311931947267
0.523723299509531
0.531757201585172
0.616899840679213
0.635662931970058
0.494473179889367
0.61328285166808
0.489995186241886
0.67970707730436
0.654243338802947
0.5351590056992
0.568983548066853
0.485502175656348
0.522714439364596
0.628235040938136
0.639418751112217
0.582954359609998
0.660027090735658
0.545000925702016
0.703682675509409
0.767069068168159
0.431172597976117
0.51805131957803
0.549154879880363
0.649268067818344
0.622451361940938
0.573066524691962
0.578889937555105
0.629863088626095
0.664580713321253
0.641567281735852
0.746387837140581
0.604767621944521
0.741798593113889
0.51138926712754
0.620362662427769
0.708065157031417
0.714675991025426
0.604269268570506
0.556685209741536
0.750014365381831
0.819512627667118
0.588195445968114
0.83772441059774
0.78570442713599
0.624677317186481
0.689336424419115
0.841410896312052
0.768568794681481
0.613694927850675
0.664470227497922
0.664016425056937
0.658833109253837
0.631561436581655
0.602577295806039
0.709441420138484
0.52658983707698
0.782138697431558
0.834159723038618
0.675116354170932
0.608147311959126
0.674525775564927
0.716925992483648
0.650032273276102
0.651369377886122
0.644787526088891
0.670172085919896
0.616842810884614
0.795621017389623
0.722840152835166
0.679086589525231
0.694263365747695
0.597259818414534
0.558563292758798
0.725161820206614
0.820371262438702
0.801000504574896
0.749684101174646
0.637496745040804
0.788066585365704
0.530433418037702
0.875235320964289
0.741510257436627
0.789672192334245
0.637774068613032
0.639356498419994
0.623215993046407
0.86268598358163
0.668635396098096
0.874489936178516
0.769368302694703
0.724645555876119
0.78870287325009
0.674404204770093
0.755765347161699
0.808404655069495
0.706495223786828
0.677953344387701
0.779385631541838
0.74644542717489
0.727784313776018
0.810861940935747
0.851240573541403
0.799788047619922
0.925788733220311
0.790183798857314
0.879425932830448
0.851522055979552
0.849040430371414
0.806927741927337
0.747411010797688
0.622032452027822
0.89033187558238
0.854990924153918
0.885226851925652
1.06924429919066
0.901562168399565
0.864289221391662
0.785928122288377
0.823100558659203
0.908843937088826
0.788569292863449
0.77774502215752
0.874321235739783
0.965810222338567
0.853240957523621
0.837355043455433
0.743637041335698
0.863734846601419
0.880134611189257
0.857663208423509
0.880682211730443
0.708508062782566
0.757813476168539
0.875575516085284
0.878864630968761
0.951617247937617
0.815601442022261
0.936973552962285
0.870633883767551
0.909162845211121
0.805162136504389
0.993481243251249
0.845583100446924
1.04815457648385
0.758195018722553
0.823150250715446
1.03449791026402
0.83386449086368
0.99482848560448
0.924179414337046
0.836220465743012
0.785997229822442
0.967994342987586
1.06194744768035
0.802027364225308
0.940656356540706
0.880843432250695
0.843366843933216
0.989163947380565
0.975185982266638
0.923802662053398
0.878964815989718
0.897897061382983
1.02680768775494
0.841378713712674
0.847951069244104
0.918420063191033
0.959913707775226
0.847069518549997
0.921820428100927
1.02785568701137
0.93328500853457
1.01026860719304
0.89476652766613
0.856976160923783
0.842277839904116
1.02851655582703
0.996677774709373
0.838508088811484
0.937325104469245
0.917278094319948
0.913974692118169
0.901087136807341
0.927209918380089
0.906443864917516
1.05866847295806
1.06448746888322
0.889228667763687
1.00432485171344
1.03082478845431
0.916548848396897
1.1209316119107
1.01241766297308
1.08569129771869
0.979419706489857
1.05958275330986
1.0636499771414
0.913154138873415
0.955485024735739
1.01783982424104
1.01425892239953
0.965654520512441
1.05169788809289
0.955975850971952
0.901642253408039
