"x"
-1.10858900266591
-1.04012554410753
-1.039850226428
-1.03484483008742
-0.92250644227266
-1.00085283666575
-0.906012949459258
-0.950656404668398
-1.10619685603728
-1.06426069363845
-1.01814060329563
-0.975197682505152
-0.920059006344496
-1.04110891756657
-0.874317097624487
-0.96575194387136
-0.906896333730889
-1.00449684263629
-1.01037686310515
-0.909295687848433
-1.09291367701417
-0.980060899807129
-0.909549290776677
-0.852987845938315
-1.0230777797607
-0.89361989416135
-0.89730701734715
-1.01555225758786
-0.974668245560599
-0.918789027319843
-1.07194933034604
-0.875125604614084
-0.895553033088789
-0.801745564169318
-0.857319553209335
-0.905738346570033
-0.798281907327568
-0.914497431646683
-0.893042941391192
-0.953407971730084
-0.889706562514404
-1.0639015051862
-1.07478982546955
-0.97080433260827
-0.825149709616518
-0.92200436789964
-1.01195800683833
-0.858139593975063
-0.790691181678548
-0.908204190314287
-0.886491147175776
-0.896627608139824
-0.854802049631793
-0.826859207993495
-0.855094454394975
-0.837252123335192
-0.92271114637286
-0.827477214352681
-0.972496323620929
-0.951283766197029
-0.83153424653581
-0.863278057374596
-0.8915571886243
-0.858921692294074
-0.890368026121855
-0.955503171168276
-0.901624794901762
-0.831934519153492
-0.898998569168702
-1.01927174525313
-0.947747846032333
-0.883702585433538
-0.963957090817554
-0.824783657592066
-0.844776884083806
-0.867884023857449
-0.900052669691347
-0.906383019487147
-0.88859977970167
-0.679556280301151
-0.880114724918875
-0.843837335048389
-0.829012641784375
-0.857712333009576
-0.90741810927079
-0.824677677207659
-0.776365013210164
-0.884442120194924
-0.789828762913972
-0.902970785275412
-0.786682688619062
-0.728730497586418
-0.851765610184647
-0.837470861395797
-0.762154816559245
-0.847881545063244
-0.834612952798804
-0.713652239184466
-0.776024304034111
-0.710703994407118
-0.84397925991298
-0.752914849047127
-0.765843596175742
-0.679205909782185
-0.724777793563229
-0.904163163268214
-0.62368902208974
-0.72121310315616
-0.737226780270667
-0.806443891446927
-0.843362690276777
-0.866126003803181
-0.768278014496606
-0.82150621926758
-0.881487055798782
-0.823894123986222
-0.894535436599733
-0.602272104846301
-0.783976277022337
-0.738910249157825
-0.737669197323557
-0.892657565542508
-0.807388863925454
-0.587210909782358
-0.462488949658024
-0.643813873717217
-0.702601797148095
-0.746537513750452
-0.759867537986866
-0.818763243785981
-0.74613624248448
-0.732473441131028
-0.755753254523256
-0.723974828918197
-0.630448736690116
-0.788306312473209
-0.79850917823378
-0.820216705915428
-0.566215699719105
-0.685942319846927
-0.641973812201271
-0.734033270044565
-0.704180239487569
-0.701327709721057
-0.620412436047698
-0.7323947296177
-0.799555820782426
-0.756754890109702
-0.646231084756072
-0.582410668767247
-0.545420136615461
-0.653789209002278
-0.65158816700487
-0.598267857041979
-0.71616533164069
-0.678593512650124
-0.839102628856143
-0.763723619627336
-0.575844470033164
-0.681041259519969
-0.688992443909785
-0.691335480068178
-0.788082044172076
-0.807007234934399
-0.686013459662673
-0.802423130174283
-0.62832298855896
-0.523034165751324
-0.662460225701783
-0.528966349568688
-0.631915817068964
-0.629626604694794
-0.646481990482354
-0.587696210343174
-0.639931670442272
-0.651645965037979
-0.542547525144418
-0.602066458018921
-0.545511176433683
-0.731925293522192
-0.688278229741351
-0.67024403398389
-0.641520349787965
-0.59451801003963
-0.56821154734599
-0.596393964732535
-0.640736507510038
-0.672008844965643
-0.553547207877701
-0.68946976160504
-0.616427914723718
-0.58745516347256
-0.632602647317777
-0.447014041346824
-0.586726226063651
-0.637364140019491
-0.612453989007643
-0.613898235234439
-0.682209404163573
-0.531201197785166
-0.54170265661706
-0.591313858306344
-0.666479953200455
-0.604698553549212
-0.480156334547495
-0.643755866884604
-0.538631993434404
-0.572089545970271
-0.432525552295646
-0.551157315468953
-0.594184829605864
-0.523957506770671
-0.455499947131043
-0.504781090149132
-0.555149982872345
-0.505993576066297
-0.357276549132155
-0.539177477611057
-0.55121302452798
-0.478856267957938
-0.58851154427241
-0.552881768324634
-0.70861406531364
-0.558888026543006
-0.566459446084132
-0.43289043740953
-0.461777948061596
-0.671247358473065
-0.448754884141585
-0.550523538398488
-0.541340347301784
-0.582290889131928
-0.448344812874201
-0.55760494202382
-0.545897669479811
-0.530433456026685
-0.360894297552933
-0.431531691455235
-0.530374520364639
-0.542860175214648
-0.471623024516938
-0.519341517822215
-0.687040811305608
-0.573519310207359
-0.425595300376101
-0.6988516939269
-0.308223229964684
-0.607142453762907
-0.502368226595551
-0.537255700344835
-0.406169130584554
-0.662176632627142
-0.322887986822457
-0.68623941989919
-0.601035308113967
-0.463219791458452
-0.488912971013995
-0.51446548927603
-0.476908500390656
-0.499834964851126
-0.406531205345004
-0.513959416079038
-0.474270582328062
-0.298037374001673
-0.513798967042973
-0.627676350098682
-0.45959504340904
-0.427770446154617
-0.497140184930282
-0.482006081613542
-0.314734047690537
-0.374012433269031
-0.555048134269877
-0.568661889822492
-0.355459120395224
-0.360397437781451
-0.361818143931442
-0.43064644377634
-0.607375734099916
-0.509049529641937
-0.547243112870295
-0.315450450311969
-0.569203614578915
-0.380524048891384
-0.359164793584803
-0.30813753729872
-0.303484579928768
-0.63727644871224
-0.37667926700072
-0.510621863425927
-0.680031057161376
-0.315653150599886
-0.567155548485319
-0.465150548452474
-0.435376684369046
-0.407818396144959
-0.41534629251487
-0.459063222013871
-0.424398706220823
-0.31344400988379
-0.344165951308482
-0.521988721935972
-0.433598663948025
-0.494651808206328
-0.499672944387406
-0.396410956821514
-0.355014874143097
-0.305400684375525
-0.429139948049063
-0.29403519689976
-0.466776023534483
-0.398202203237617
-0.36212391884982
-0.421769998692765
-0.313092854366621
-0.474788225437525
-0.217679564062664
-0.243203552664894
-0.31779084121609
-0.486428526196544
-0.31931057443119
-0.442575614510937
-0.441735947301548
-0.37099878662034
-0.497215764244229
-0.291829492816383
-0.235426408559147
-0.297041825417308
-0.417263647483097
-0.318982229318911
-0.391296227835304
-0.342071195459329
-0.300363735354052
-0.132984504454121
-0.407131591469523
-0.293801024990536
-0.345648576890338
-0.392201726193721
-0.532386549537799
-0.365016767472841
-0.434309668666031
-0.155738866415072
-0.31920987531757
-0.332749981322157
-0.203397224901065
-0.130294772896868
-0.347244882286959
-0.152457208626348
-0.393892390467866
-0.300521590214904
-0.280805223099952
-0.408333476190037
-0.076342513895441
-0.207362937117599
-0.339396465437291
-0.326494513394023
-0.339932836579299
-0.352193022574896
-0.320550833999291
-0.343136141770129
-0.255243559352874
-0.420439517851793
0.0140920580778368
-0.402988848911135
-0.199287550141941
-0.336883363062237
-0.304373507157561
-0.109249164683175
-0.347753039179398
-0.3104616616966
-0.282024848843375
-0.126310896347786
-0.191744716058943
-0.128475728048944
-0.190375235980784
-0.212625586119141
-0.217456690232271
-0.249852584708449
-0.241449327671958
-0.450483667337808
-0.226609750066467
-0.28956300429566
-0.206036772629784
-0.0551754055949668
-0.335792340691206
-0.205720196881965
-0.340714208941359
-0.256755526087844
-0.28699374387674
-0.29585619987299
-0.267143413764477
-0.0885449288808774
-0.0867579432175092
-0.194434005183841
-0.254710946446222
-0.169839058697615
-0.242838280396634
-0.325540425864346
-0.18229464704984
-0.260502696309058
-0.180359691068506
-0.287598194884783
-0.129092372654708
-0.354556674172198
-0.216855394397609
-0.213996894032502
-0.267158069699829
-0.16005036039424
-0.213786306446781
-0.159055923526435
-0.165681637253056
-0.081059720184313
-0.0226320391075418
-0.160615381433926
-0.131520420824381
-0.0216549689559637
-0.22085298392086
-0.213094314439609
-0.178548553308268
-0.186473893403863
-0.0584242985865515
-0.233031134001749
-0.152226073842599
-0.0805770868711097
-0.23896603523698
-0.201940321877287
-0.0738560004221991
-0.0450733862642812
-0.140026312830432
-0.143743891786399
-0.124977993501864
-0.154397276738599
-0.280590042022991
-0.111668746230876
-0.0733799504156208
-0.162780615942898
-0.204911428320595
0.00361687332367766
-0.195537833834489
-0.16070740151503
-0.11318656741643
-0.0778592602905938
-0.0321324039673885
-0.00365523850208992
-0.148720280585565
-0.177140461065043
0.177086979716065
-0.00744120461586356
-0.0527567063890412
-0.27430222889203
-0.192982389054906
-0.238938463046349
-0.140411561356154
-0.15743148817304
-0.0854507535228133
-0.139774661833017
-0.05331574505606
-0.0988673271306853
-0.149443312544421
-0.110149703536379
-0.0346950736079697
-0.0198886447686297
-0.13806187779692
-0.164614996683386
-0.130486211098483
-0.0177216357285734
-0.00856600680009881
-0.0841989257882667
-0.00860411187469022
-0.106948769182064
-0.00583153642319998
-0.0464235379900267
-0.143848611534427
0.0344450816107198
-0.0822892135969373
-0.102366022472933
-0.0571313575708044
-0.0193723363461893
0.050022922046569
-0.126030674748846
0.0634132080222761
0.146232738615614
-0.110183435761845
0.0998823060286081
-0.0584259812958353
-0.00937760789421386
-0.0806410529145032
-0.0250021876726368
-0.0612709561781117
-0.123210599406682
-0.00291550170147023
-0.0758647725650092
-0.0426934496671567
-0.0433690362251586
0.0990813505406342
0.0884271876122535
0.0170170294615756
-0.0762875682714666
-0.0310269081937017
-0.10109328859896
0.0164883027889511
0.125541095480155
-0.0124251972621407
-0.0121716939529587
-0.121774121823414
0.22220743527174
-0.110719321867379
-0.189041941244362
0.0995750884046123
-0.0155324777727838
0.0358480316642748
0.0988914618995421
0.0391452710224908
-0.0138927269299371
0.044333672507822
0.0455047435836641
0.0988491766140854
0.129934720869586
0.111444210630656
0.0396919752429472
0.0828364344259215
0.0914380242776532
-0.107535492923243
0.170667783549558
0.0608848408587122
0.0269367637868113
0.144135372691418
0.102229131297846
0.0449647813913087
-0.011235860679545
0.111440225297071
0.112688657749787
0.132842295621692
0.0881653294206672
0.191677199565879
0.0310841898875721
0.0597500710631837
0.0279126122753692
0.135623889579809
0.156926228806813
0.085521583870421
0.24261293676539
0.126799532827408
0.0286022909095573
0.0701789441791676
0.160774923403139
0.0882921835195217
0.0547671820122124
0.0254350763841225
0.0377144421261522
0.137997457637314
-0.018106012570887
0.091691620245739
1.49123310594257e-05
0.180952821845556
-0.0283116699999512
0.154006298798835
0.153134370808174
0.101529388880764
0.28237889618379
0.281581621896053
0.236694159148844
0.152223221087534
0.135201103886301
0.0487013464778111
0.193223134324162
0.0668060180810446
0.0534314052700031
0.172888233091507
0.0291556908839461
0.171319461696664
0.145422095559059
0.0387751446011878
0.132905049156775
0.169372790466625
0.0698843529701159
0.284768545026767
0.269922378614702
0.127167435557159
0.116121856111611
0.105972420130558
0.0893895225050563
0.219444824084169
0.187152605898548
0.135800583218058
0.231369940407971
0.0771768142948126
0.336360203291721
0.231611432695249
0.128980170687098
0.186338708638398
0.116130732455931
0.174923812903023
0.262242562939898
0.0553781934088757
0.249648171452485
0.18461706140103
0.0370042131891323
0.1698264203029
0.101888581189198
0.252428277941295
0.159293099994022
0.28925785080525
0.273936315373089
0.131899807606876
0.418808816381863
0.312158556120981
0.0653170769639655
0.150775977475222
0.11892218501459
0.239557752972447
0.28711387051817
0.230625545873463
0.318294708501928
0.327630178450299
0.254215288015956
0.2865072244667
0.324694551694297
0.269392599033753
0.152240545870372
0.165145252097549
0.26483207946753
0.205159339733603
0.31950409916539
0.275258221473109
0.324206515860682
0.267227716949241
0.258162827814097
0.250794685763647
0.305929613253773
0.289490645353738
0.299464255399794
0.275523275266474
0.304484364600832
0.306645195696976
0.23141804634568
0.317959610523842
0.331491308315011
0.270510243582579
0.20681854148723
0.26890940892407
0.333182398860247
0.387631788443336
0.439626896500985
0.256902566029956
0.275079641820612
0.282620723414732
0.376004031811092
0.313246488643946
0.163056839430031
0.351923227042561
0.188810684962976
0.282492762232089
0.264297473956685
0.234791148807562
0.384024369072545
0.37151898921147
0.438646689762542
0.222137325904715
0.344532623805205
0.28733919494737
0.297503910009778
0.253860524918836
0.272481085670941
0.235966771870884
0.383445406576557
0.413911132401871
0.194767112881211
0.343019978450657
0.225104601153977
0.253139978606458
0.203418308103176
0.272667609191522
0.415446073199658
0.365767735116009
0.348071821399721
0.28332024320714
0.251146937221971
0.467269845222802
0.430563228829058
0.562312515540593
0.521444652826085
0.320244038908203
0.39672912022437
0.469127683488791
0.360521696940605
0.405479478319462
0.533785274263458
0.291994854790916
0.335291942519325
0.458798119621025
0.359999395147938
0.343794244882339
0.491313859863593
0.386921488821468
0.280666744786037
0.24156995458842
0.428347249493219
0.300244065580464
0.293648926975385
0.366919892585672
0.312062624360497
0.431162014887048
0.421650511899535
0.328132419344623
0.405175108626178
0.269881460944952
0.409359957983897
0.370971256688552
0.511477185723405
0.445279934395231
0.508663366386283
0.408062869680769
0.363957293744542
0.265891148660241
0.427165947090428
0.531023795151833
0.405130995412286
0.368569225844129
0.470725368752742
0.487956239565242
0.471804985860346
0.359767968461392
0.477584277675368
0.494792912105766
0.465540889323314
0.275492647576028
0.426744566092014
0.436930935192571
0.573775531194609
0.55034578425684
0.37992207366001
0.413599914778273
0.467838055519608
0.434698810708178
0.508381677035937
0.384951975324918
0.456000495898203
0.467662693330639
0.584737887042432
0.529930252041944
0.59629903282748
0.411854171724195
0.552518989245299
0.549266909961009
0.545788176163425
0.485598413788092
0.605761539778207
0.555789824474796
0.496209383266938
0.37694691355685
0.36442407044472
0.488643770092008
0.397718434706027
0.570750899402048
0.45220059175351
0.604578144662076
0.543498881095741
0.469278268821316
0.707549802512856
0.647417744763898
0.627871597939552
0.486262115555972
0.525531493450143
0.406701790714321
0.562835769264081
0.520505220099312
0.517725153985927
0.635847331176389
0.578686925196365
0.529054338387209
0.490577779792185
0.653872854790161
0.589397812950716
0.53629087896528
0.500380197648172
0.630915517838666
0.595284768584937
0.638889760519204
0.382503950468434
0.516236793318159
0.692972714060279
0.535669853053812
0.657641762672675
0.577733255065581
0.632639297464501
0.602786221065502
0.702401905477022
0.5917509611575
0.633452686442668
0.694972006959971
0.528296307102894
0.555629003553462
0.5667766315043
0.508866667697316
0.531845376245955
0.545785942114032
0.624905371469174
0.651696969535015
0.489069697853235
0.602402001603718
0.495676654322222
0.672183043379834
0.635497111552553
0.524651248790348
0.582124810352145
0.473570387057416
0.527004266626449
0.650157952358948
0.641206861846506
0.5692536665419
0.668663500254098
0.559805164351349
0.695439520503368
0.783572782343177
0.415010487657304
0.4992062328106
0.549031525010056
0.648891653814558
0.637615177889163
0.583086684177781
0.586663717452733
0.634595846826813
0.642969815460249
0.657821759569658
0.740270450185955
0.622658423701628
0.746949232712921
0.506096248208315
0.624372768399469
0.716769584302571
0.701483624641762
0.616556632507196
0.563075774164677
0.745624132038675
0.801240426433685
0.595692096344621
0.829613847181109
0.755025366445668
0.608103055933973
0.689756939907887
0.842273730689169
0.765024194256825
0.634968516102935
0.645356098138311
0.672728143891132
0.674251993081182
0.636354616093004
0.592233852056869
0.740952656516645
0.524445606757755
0.775832652672105
0.835956818218977
0.674671069096228
0.608729241123982
0.662957138903375
0.719674586357747
0.64726784961838
0.660262785941469
0.621752065671844
0.666528683091316
0.632572577875424
0.797475112419375
0.713351265763586
0.647486076803457
0.710751210383744
0.606264378568908
0.549347602355953
0.717899547203713
0.805193734780719
0.781495585077566
0.768169120865442
0.61229476778507
0.799332416774121
0.534363057118945
0.871345231013903
0.7500702009487
0.776959819832297
0.624071055092769
0.634888226541717
0.625878255024174
0.851489968853783
0.645191925904684
0.876746177315317
0.776667405857985
0.731410514027616
0.788290661616675
0.65576519471078
0.769261107477034
0.783908331608059
0.742139496607217
0.689148777975714
0.772169540511169
0.764044569559506
0.732038508736147
0.825181973357536
0.817937100605412
0.801716770127841
0.893234837134064
0.798960912946974
0.860619313313467
0.855501768055688
0.848921929318944
0.809720660555889
0.757179838836044
0.60799066236926
0.906712861524689
0.873970197505979
0.886052545453881
1.06528350457328
0.893873050345787
0.866178252296087
0.762411551928498
0.813015507584175
0.924199603168475
0.753854469244894
0.783916008286252
0.85656968870164
0.977864799239833
0.843129564926885
0.833353412176915
0.736952045139282
0.845334743488341
0.871236146504428
0.886084439379755
0.895290077896097
0.727112466954711
0.741070125171893
0.884119214620811
0.87774767823538
0.953749565829928
0.829406009340852
0.950404760655635
0.849166013035119
0.923241277656364
0.798635324310807
0.988988419787075
0.852141414575793
1.07717156264357
0.780356854239932
0.811882552738798
1.01944723395859
0.839241223727265
1.00782740861853
0.905006622188018
0.842819101016164
0.784219207065376
0.961556861509843
1.06035332036153
0.796601535370934
0.956929223950005
0.864094204403703
0.8219171479018
0.968366859586911
0.978687825000871
0.920813653964975
0.876255740813778
0.890618449153441
0.98491175715516
0.848673509442551
0.838702822009225
0.919291642663353
0.92037251543561
0.832538551476034
0.929968319230849
1.03945593852366
0.93841524409512
1.02806386880949
0.880512952292272
0.850293239586631
0.838313270426934
1.00841172829193
0.98585651657031
0.852184902997087
0.944913681651274
0.93746817580564
0.905612869810511
0.921220025787348
0.938690174361503
0.924541387829523
1.07793852213561
1.07518765752167
0.901304388276956
1.00347719527468
1.03440399859848
0.915525721236639
1.09027361430218
1.00059130042928
1.07527122087681
0.977312778498732
1.05452840750137
1.04449840111109
0.923842693193701
0.943295566837758
1.02744998919936
1.02265465801452
0.962606834049779
1.05570126740357
0.966779559066586
0.897638780844154
