"x"
-1.18293879691923
-1.09609183855267
-1.1012062094423
-0.906756993369794
-0.947427865660609
-0.951794542703553
-1.01122295503314
-0.915992305743663
-1.13791179048954
-1.01741146581058
-0.996104737908337
-0.989131539601314
-0.906435615654072
-0.862650722255003
-0.930759396582272
-0.978876993506127
-0.992613069608626
-0.977885893269465
-0.966024778257517
-0.898219947023154
-0.916527278199308
-0.979622955915506
-0.856487178782811
-0.907165936907916
-0.968790622009635
-0.817529934929362
-0.930896026125007
-0.894905493689411
-0.931908942278669
-0.950404984123827
-0.973276379819623
-1.02394562495048
-0.89594884257467
-0.911741457250994
-1.01972185358914
-0.93385277200318
-0.915020079810045
-0.935935970144857
-0.819563814512285
-0.820694727043425
-0.913905937652319
-0.804434242135559
-0.79232622809832
-0.807948266243951
-1.00537463472935
-0.9054414695368
-0.907668719630481
-0.945886127125058
-0.885083129698956
-0.873911877315308
-0.797992871518885
-0.986095629042856
-0.870064915743039
-0.851280785682961
-0.913563169883819
-1.02882752868939
-0.93297780397568
-0.937807254551474
-0.97533240885614
-0.922686351411582
-0.695043676177217
-0.937063752553004
-0.891981081919919
-0.773244401979778
-0.826266485541627
-0.707891159541751
-0.894412521948218
-0.845184909160595
-0.843098234031528
-0.811265125310092
-0.856205948419923
-0.827693878390941
-1.0555761569463
-0.969740802152318
-0.961516182555849
-0.936146089027267
-0.865269330802192
-0.725513992005115
-0.752655286684806
-0.828281960141598
-0.836135501981194
-0.843096945513288
-0.864908393035702
-0.825523506253369
-0.804223848060376
-0.72824657210689
-0.828562152007647
-0.876661627464596
-0.868752221552755
-0.765204454941977
-0.728689355403754
-0.729370461847464
-0.785287080128234
-0.62350756931429
-0.820337221371808
-0.915809674487494
-0.847341640825003
-0.736338846837273
-0.786260240248377
-0.7386899819082
-0.872782664062355
-0.801621273263558
-0.830088395703025
-0.855431757981019
-0.821747063935462
-0.871576203301338
-0.773142338457889
-0.787122803054582
-0.807375730864084
-0.782024338157968
-0.794753699804956
-0.801059733398931
-0.774066554772002
-0.611989697128907
-0.803045091142762
-0.887336352036169
-0.636085126616742
-0.713109384722267
-0.654313068788179
-0.668669147391043
-0.660788634587201
-0.773967155273195
-0.715358494736603
-0.795289367872944
-0.704660579157892
-0.675315339480954
-0.710761104357043
-0.578576803371534
-0.68510811338959
-0.792670464137711
-0.667881359595648
-0.894685759463662
-0.604423936100172
-0.617042735990757
-0.749056276055011
-0.795389912020735
-0.744469126469413
-0.726570465284583
-0.66978566158608
-0.770473319401398
-0.682344337131295
-0.77390231148925
-0.793046049052732
-0.840197003234033
-0.620970153756866
-0.770019910473841
-0.651957206832075
-0.759269109385671
-0.743639116818478
-0.74977687946544
-0.53541915449232
-0.654655944192877
-0.768986228302064
-0.596940393558807
-0.739770149569964
-0.72509289049529
-0.613942397372393
-0.721388443079512
-0.769144525982678
-0.751185077546028
-0.671017300136965
-0.781536956678654
-0.601918629993562
-0.61721356420421
-0.686770922973001
-0.549537074475974
-0.572003321193717
-0.70975733241404
-0.572349096575261
-0.754596492388061
-0.712634474024794
-0.662285821478291
-0.71656153913046
-0.551133736617235
-0.716187792412266
-0.663591030483192
-0.678678756878767
-0.618003307542435
-0.674044433698882
-0.663975767724768
-0.71656717204876
-0.608808574395566
-0.60605596418031
-0.588284738187224
-0.674473627379112
-0.619338853088713
-0.595631241377577
-0.663801074645149
-0.674414106229135
-0.837531038735132
-0.521761228717448
-0.670318443741824
-0.635053934390192
-0.638599498787501
-0.643613858051681
-0.673357549231393
-0.558977579313141
-0.734438652976568
-0.546761156825043
-0.583522948149076
-0.608122643897795
-0.688844627290121
-0.631078960737532
-0.64948861900738
-0.638601068111028
-0.669803484896595
-0.420173758368605
-0.502420186046708
-0.748297943697281
-0.66601517120559
-0.537690086751613
-0.457886032862116
-0.527102467062673
-0.495608207428645
-0.685427722507801
-0.418225858949876
-0.417465641789903
-0.713834775856605
-0.610420577580925
-0.557096015655986
-0.526470186375936
-0.503908156394375
-0.631454561326067
-0.412142907628464
-0.497043761891567
-0.643721996664904
-0.678180340595039
-0.477843208609201
-0.397888735775997
-0.428125048695786
-0.600954428321255
-0.571225500576245
-0.371857635190131
-0.570764466513729
-0.51104410922633
-0.547637023474488
-0.583365876114978
-0.427065285944194
-0.568747444006859
-0.515702590226814
-0.57490690877036
-0.416087985331759
-0.561165594055602
-0.472666395945267
-0.422255192973549
-0.511285713491294
-0.573198233783703
-0.570509522515619
-0.429879958269172
-0.47773164914267
-0.575147516487091
-0.52968954141218
-0.535315920506493
-0.54783049580086
-0.66013555863163
-0.457812100802756
-0.422260418251332
-0.365371727175298
-0.466540953194971
-0.536165192787679
-0.46321899241665
-0.447214488138649
-0.538609243674434
-0.392265528346956
-0.496994776495864
-0.416254697504546
-0.463483984971754
-0.474192239141796
-0.349599140515774
-0.353359591516459
-0.494968749962395
-0.541686759872095
-0.479260343738109
-0.298009737661222
-0.450529493772612
-0.424379372952921
-0.361878423178866
-0.502775313181151
-0.544660434609119
-0.445979121239002
-0.301541601148182
-0.362617146700959
-0.512299077638131
-0.425610918455691
-0.380129169215827
-0.37175943889712
-0.461665493248175
-0.466466481281733
-0.291188120596032
-0.362443522117707
-0.396820184090065
-0.571168164344537
-0.389334098932406
-0.415980231037744
-0.434590729542334
-0.329537849330977
-0.550897391668551
-0.361046455771381
-0.483880725302838
-0.4932864640625
-0.343303685094673
-0.407741986954874
-0.372310323794517
-0.376127246939507
-0.217278562122672
-0.243455361453531
-0.351788996827745
-0.432088730550266
-0.287676253585703
-0.474467021856568
-0.325701670545916
-0.57623556133922
-0.491202513139069
-0.262613232794621
-0.384862559559985
-0.279502296797708
-0.390745317741261
-0.531101642850875
-0.282283898719665
-0.311073355678844
-0.298108514847456
-0.326807904270537
-0.232880146587328
-0.206528061945214
-0.335061109550959
-0.333733006658907
-0.351392223282562
-0.320197414973711
-0.461715660806761
-0.356878912570409
-0.342418250910947
-0.315530336848102
-0.144275463474408
-0.410662003095755
-0.443369121565923
-0.42821207754463
-0.345874637982459
-0.38818871299818
-0.280589886814276
-0.407350614679783
-0.289577079483664
-0.398805312896171
-0.326073156761009
-0.269916367167888
-0.32596381149649
-0.256571912578073
-0.434593263462997
-0.295877127428599
-0.265850118271004
-0.276590343088023
-0.499920395626585
-0.342031551666215
-0.273554022592427
-0.218989524909722
-0.289520599604856
-0.338162514675563
-0.291725085015522
-0.351278524125843
-0.176208217498055
-0.321209762158001
-0.231841764301283
-0.39448136539184
-0.352272115352798
-0.340927504841295
-0.272947766559387
-0.384678006800462
-0.280189685211926
-0.230571062937692
-0.139294122775578
-0.126393218620548
-0.168457297828777
-0.299119840108542
-0.310882849337225
-0.198324116663183
-0.316108334376232
-0.172616962131301
-0.278838859518468
-0.0642112422473722
-0.270048183362028
-0.436527163292259
-0.342894138765773
-0.242599975900707
-0.174882585265272
-0.387667435413826
-0.371603419803532
-0.24431469725828
-0.170276969484796
-0.148345831725511
-0.254018496220539
-0.189112690227966
-0.268923698761749
-0.14877624774867
-0.135306745434147
-0.362413092345775
-0.175747193008391
-0.29078660635319
-0.197371420519182
-0.165630618946215
-0.175127249302841
-0.207588847555268
-0.0981503371956624
-0.189772893557168
-0.346717754707878
-0.237266000191817
-0.0579909375368283
-0.333595241064103
-0.157161965564454
-0.189271850354069
0.00152922369448553
-0.174136828914671
-0.158252490427558
-0.0631697665729741
-0.229457458816393
-0.208508833503003
-0.146665466481956
-0.342519012028465
-0.10172445094554
-0.331210533520383
-0.147213514587787
-0.112232763983232
-0.261169523051855
-0.143710251243736
-0.21301417895068
-0.256436745329921
-0.250742988570705
-0.125370955040724
-0.118367358724045
-0.00680583991527961
-0.183289728383215
-0.0392790625368955
-0.220010088977279
-0.299352345169065
-0.221645856266829
-0.165478205087247
-0.233478340338852
-0.055573909524917
-0.17896248275991
-0.0113077077202602
-0.0869230499312535
0.0578045366296392
-0.0226711489697993
-0.108550991668252
-0.00298091885077845
-0.184994658287079
-0.176224039605417
-0.125516900892593
-0.132689927384916
-0.024801865464777
-0.189299982381547
-0.0860115147202817
-0.122221578803441
-0.0295698182611556
-0.17723795895862
-0.176470282716127
-0.149439993582291
-0.0771271192274285
-0.0666345162110605
-0.00801749225448268
-0.197886628214065
-0.185972360612143
-0.138122243197769
-0.0329034239629255
-0.178166979505867
-0.169579684577362
-0.168667949692606
0.0380139759272437
-0.0681419805555893
-0.0525040284150467
-0.172698697378867
-0.157960450411909
-0.174696071726018
-0.147184657850388
-0.201243997626918
-0.113203564025385
-0.0851950682966177
-0.12943569312424
0.100756941622248
0.0325535486110738
-0.142076752067209
-0.112648714529896
-0.127876103827231
-0.0173127563199685
-0.10077073210441
-0.172079055941808
0.0627770599838834
0.103609671814567
0.0540766233373655
0.0341503970627006
-0.175231668149793
-0.0496137886033155
-0.0436848397052055
-0.0220935536290891
-0.0409014308040343
0.0520021137201519
0.0329122060531141
-0.150665428112692
-0.1722932470218
0.0996909311139661
-0.0842147120786339
-0.0223122515624976
0.0445444794014011
-0.0975003105991586
0.0692542778144814
0.0596422102968298
0.0199451549946482
0.0358618358540808
-0.0971332328606795
-0.186843607464056
0.103685792197743
-0.096523387351833
-0.0420646284452417
-0.00799946613703426
0.0583380545320275
-0.1087267918937
0.03723347481139
0.187701374903625
-0.0329812301059533
0.0597696527304286
0.137815597638024
0.0864211836151786
-0.0276973558679987
0.125190390391169
0.0156107415283509
0.0632243162664104
-0.00340015448015303
0.193000662905402
0.126620487037336
0.138442215007936
0.0672734322383051
0.0765897636445699
0.1093088329346
0.0470680604543713
0.0433113914641636
0.130883811064491
0.0444917677971166
0.13432826826102
0.0325807440762114
0.0335019169413115
0.102529455209896
-0.0190404943105356
-0.0123943860001728
0.154750372934804
0.110341510202713
0.0197356646269134
-0.0504977262347173
-0.00115570800998008
0.189825156822962
-0.024725810686269
0.154446631170039
-0.00420705068837359
0.0232663014449259
0.0859004191398534
0.0322568698370663
0.164762759068069
0.0930127934938848
0.252887864349561
0.0348898575342156
0.181387364752786
0.0205701096592246
0.166689921631225
0.0373864712123887
-0.0926270851597304
0.124257262123282
0.0897118921496674
0.21036800286729
0.249010670280662
0.226889838308383
0.0293301001685981
0.113451864304391
0.243656728708029
0.138026697770116
0.108441602507662
0.129417535319067
0.105461999616942
0.155251285704455
0.142278974082621
0.0350233096906998
0.142927918754141
0.205218742826346
0.0885023195330809
0.344315306813922
0.0280933203690105
0.222138037696028
0.205029459221549
0.160976567307026
0.117373272564574
0.222138655480741
0.128275335126848
0.1655992135895
0.294194287922715
0.307212714775606
0.277047289982432
0.112887108661775
0.0675402767487983
0.135819352941619
0.184923104194425
0.109336477966289
0.215044857934101
0.143473479245857
0.285380458337813
0.115982550536116
0.0872604502056936
0.197455734673839
0.16803746228957
0.376346878668977
0.320051519696517
0.192040838778756
0.346170229459491
0.226415482045703
0.219844500208205
0.266708074221932
0.239040158965513
0.212119937582867
0.144666007563071
0.258519469158971
0.293555838997091
0.273955725011386
0.23431873811429
0.360037305813286
0.255717142323179
0.365790653761838
0.206424226781682
0.127347806119008
0.223666375969216
0.280944565386012
0.283017089035875
0.161906685506586
0.369262863792085
0.226893593842767
0.295817695197534
0.276832276497401
0.129752792873665
0.102375204088287
0.166178211847082
0.402683324271282
0.280310522411428
0.259088097195956
0.304093831623141
0.36137542010381
0.211099749511043
0.101963793469794
0.358387847881221
0.299199211800985
0.222026705648726
0.351615320774564
0.0850934602415159
0.318691484369225
0.201579414671591
0.232310966057968
0.294099537008652
0.27247954426672
0.25795877033163
0.387507409235057
0.330361077005116
0.416809999145335
0.400093882013965
0.458220530428526
0.221888303572181
0.377797749375509
0.298151931825239
0.329215725914863
0.208266153884447
0.389074991840942
0.204340004314291
0.505332637829405
0.456323250055102
0.284603192864777
0.31133655596744
0.384507352746576
0.351451877323757
0.252723785036681
0.259530434287889
0.309865720984565
0.351386910353634
0.407397097418907
0.394760671156786
0.268409886297351
0.459759533727341
0.452852935152814
0.417416827982737
0.482129915981901
0.475339511353558
0.34615780328952
0.374136269191715
0.532475774389908
0.179876985057197
0.360579990090525
0.426272433595601
0.253808282112762
0.297962545118567
0.242776472683141
0.527999302194154
0.394484093853647
0.309757459821163
0.49158480966284
0.419033612394598
0.377609628887863
0.385197090206281
0.442565385859445
0.346239640019856
0.488511422576293
0.432505391065679
0.446586195007052
0.39122334182328
0.447592496414128
0.372149036339473
0.38871167469964
0.442687633572041
0.380343364774383
0.403231762657956
0.414008246341187
0.290056112819472
0.391183513121891
0.402961151118942
0.485979376908571
0.388987162461504
0.453693823608533
0.377800198318152
0.454414809583477
0.431877593457009
0.281195567950042
0.393925153496822
0.55427458580734
0.476557398437507
0.553740694259094
0.60066892867538
0.428927783052131
0.476032449902852
0.334622697554512
0.520108969750752
0.472868622627986
0.341743693985383
0.577331326311189
0.474369357383821
0.459091883749904
0.5847165578923
0.453947495282303
0.521034181397559
0.528557673232389
0.571355420927811
0.453540215863316
0.56849752352923
0.399853616996276
0.537422141469758
0.419958328856078
0.388773994080189
0.435937301688223
0.726301982618371
0.518838827273815
0.519935049409444
0.430616998480127
0.48975008372101
0.572686248069995
0.521611020192644
0.395232259897933
0.588078395213065
0.682438505800112
0.459116638444535
0.461474534858046
0.451837970528984
0.375309884218518
0.524574353072856
0.548974530405892
0.500640179546125
0.523882417311841
0.494090253556911
0.460438005728339
0.437569557439265
0.520697830436667
0.539321255387752
0.592442306010789
0.642855094771927
0.605851503084131
0.367660721363261
0.495919322986482
0.564716568122895
0.579533371910415
0.597320236202902
0.434898441678439
0.562727221784911
0.619832936728299
0.620027959696187
0.562726923728717
0.650337800871488
0.566503262305825
0.535489846358523
0.611924275745889
0.570719383079156
0.661037063438436
0.565682520158157
0.602904951441642
0.40628944411011
0.475220350281634
0.594734319494719
0.544247424544211
0.636873192148856
0.5258327303228
0.570578865317562
0.539926939245258
0.557908738070396
0.611915221066286
0.566407395215256
0.450798062852222
0.826838036735418
0.656814734616277
0.581128723444908
0.605771311293805
0.699425149419367
0.521075808048592
0.705388592914406
0.606448981486599
0.58214430197568
0.607950967180855
0.609506092982909
0.600518892081321
0.624902972941082
0.700972246170824
0.56770659419181
0.72157808054222
0.541103563241424
0.579617756099959
0.700352849350171
0.595814739871302
0.581191996753571
0.760274244169247
0.750962720692203
0.624282944401231
0.662264240857056
0.68163217686291
0.71400370990526
0.722421714685675
0.661473343654805
0.753082552586968
0.772062401196449
0.716802670440409
0.585848346250305
0.598863757897414
0.70069219068828
0.743839263521942
0.736565909673601
0.640933145573492
0.521134683579857
0.609054481325107
0.783833067901233
0.620214254390961
0.713285842804689
0.701748917513854
0.804908744561572
0.659495231278409
0.633088536192098
0.568538280586081
0.78938587853851
0.757843116829569
0.612823881771305
0.670830966398584
0.680098865319262
0.690958026406866
0.738365469903211
0.66050608870993
0.730308132847104
0.583160201263551
0.877126112963496
0.626386499481525
0.559303822547319
0.797776413803607
0.737917645556569
0.782431267526109
0.694654443988372
0.857913461684215
0.702673747330641
0.7378233140819
0.700150386750925
0.727131963590432
0.726797352840276
0.834528209301496
0.880580817156878
0.860582666651091
0.741607695962392
0.684552214740862
0.567832743463545
0.730996608464333
0.739566430863731
0.829628404317108
0.767449447819663
0.676028092905326
0.896179763986023
0.700029466087325
0.845461685903331
0.786128048356496
0.67665775586973
0.829028187340507
0.720778956487117
0.944866719865591
0.758415663863188
0.669393863183037
0.830549957591069
0.838161919615208
0.70278045505458
0.774571622734859
0.7423201163559
0.871586953830853
0.767989036257581
0.807770348113794
0.668210343636346
0.650896942152058
0.861359762449738
0.841137525734159
0.811619574404586
0.841651531886028
0.851900799301607
0.931939496523646
0.839066724812114
0.78366199710407
0.893544321222512
0.979280784078636
0.776026478361189
0.898580420694656
0.688407013506088
0.757428290285289
0.831501875802414
1.03419595112136
0.75157859787895
0.875706262115225
0.80482212362842
0.681130985594582
0.861585310126415
0.915441953564242
0.796261070142453
0.779178710726894
0.880713952299781
0.882804645374177
1.01722065921843
0.882513137969085
0.90299494049352
0.889270488381773
1.03047305823502
0.81518521396226
0.846039398292783
0.95726444652136
0.751131987047302
0.972806406445998
0.943489064257636
0.683665395493138
0.889199738997541
1.05280767655922
0.899886973409011
0.752946068830604
0.958608465623784
0.799282537715209
0.92363124934693
0.88535691666523
0.779539462564842
0.860411348639686
1.06452064873396
0.820771715430411
0.82113720586042
0.986642182465048
0.909317198075743
0.892193888911834
0.951566928570688
0.888648635088064
0.888980448310349
0.924800199208196
1.0483505464999
1.02183862815334
0.846641735976351
0.930727261274362
1.06686026372517
1.0793604815978
1.01613844451798
0.992114863085384
0.939765167056482
0.828024362904826
1.02710188810819
0.988199134838327
0.873997645940079
0.809905573495246
1.02284920765092
1.00297361113924
0.787418144497289
0.749215504223947
0.83840765159887
0.967402642470305
0.831474010915756
0.965505364139987
0.828611979409858
0.964384912587516
1.02237272893767
1.07301281685865
0.991671597069626
1.0038086016495
1.00744144382009
0.981398778983967
1.01366719583844
1.04138648196514
0.987015737046991
1.06541235099241
1.27228899973269
1.1564442908374
1.02189251462375
