"x"
-1.18016237781936
-1.09312330035223
-1.12296300247522
-0.898559105955311
-0.933387544652776
-0.92943895101405
-1.01229093365052
-0.908727223494703
-1.13532293846143
-1.01811628329632
-0.99865916241662
-0.977839410170865
-0.904478542971568
-0.864642050834179
-0.917381300258974
-0.984871589330037
-1.0088936156648
-0.965805516944271
-0.951065246279752
-0.889990864938095
-0.924496899116696
-0.979986705953886
-0.852476282272192
-0.906885550154017
-0.967120639672734
-0.828756050604795
-0.915390268993829
-0.883269910025906
-0.933625582928058
-0.957396755433067
-0.967219971639859
-1.03175794676481
-0.914171513751073
-0.911610920149741
-1.03038788086229
-0.947120950097872
-0.913865188054028
-0.914721271969823
-0.823159617698931
-0.837109066624953
-0.903768596587893
-0.796840428068168
-0.790172454963969
-0.803248410296469
-1.00866019249198
-0.892860792499048
-0.894208293947637
-0.935341258823385
-0.883209279984765
-0.868986479016365
-0.800157694676998
-0.982710105694708
-0.863672706164886
-0.891621119861879
-0.909423482365992
-1.0670309529765
-0.930691968198458
-0.928673819646326
-0.956642389183453
-0.920442872012072
-0.717691635015278
-0.956090870611623
-0.889780314899505
-0.768732908873495
-0.78818007648421
-0.691199860592976
-0.875472812959553
-0.86240842689619
-0.844757365493225
-0.82731139137816
-0.855903959947155
-0.836069711229018
-1.06731462606471
-0.962144595137267
-0.952035030664979
-0.933812021988159
-0.849462439660244
-0.715345737158901
-0.771658334578503
-0.831000049788345
-0.842207758248624
-0.846470605778161
-0.87429056996331
-0.83381667221093
-0.799044608619321
-0.728279593821082
-0.809375283679968
-0.87361155791131
-0.881776421758793
-0.788469827197306
-0.723023882682099
-0.722930137136602
-0.769642680729836
-0.636026904568366
-0.803783106979216
-0.91650014697893
-0.859269777580596
-0.695327488941657
-0.787081127592813
-0.729915933428956
-0.870075807955026
-0.784102870564727
-0.832372438436515
-0.881911670699083
-0.821592352066573
-0.879162894801429
-0.786239610335459
-0.799062991732964
-0.81283567887865
-0.78753347070472
-0.799239874221285
-0.807150768716289
-0.77169665040173
-0.624166733942292
-0.803932895335007
-0.887390521421523
-0.638996546785559
-0.722692066962876
-0.6260644158067
-0.659785008357418
-0.656425255742823
-0.773044595010716
-0.72339328068785
-0.792822071611491
-0.70083548873038
-0.67975682787325
-0.718356966271394
-0.58496153579512
-0.687873429215681
-0.787159236070926
-0.681380526485988
-0.867334337668987
-0.603875522192537
-0.619648032616027
-0.746914353088918
-0.7834380015408
-0.751194148796655
-0.731151025665441
-0.642787703382614
-0.747455355473367
-0.68077815696587
-0.767580752037958
-0.789904098598564
-0.855519894713802
-0.622482690177635
-0.750548265247631
-0.634935733630845
-0.771683781810503
-0.754544029203228
-0.744792672394704
-0.545727574286692
-0.642505439027885
-0.772312943204018
-0.587112704672852
-0.764262895850081
-0.713115655317193
-0.584666241679428
-0.732849945478238
-0.759270289712572
-0.798416392111588
-0.689083829131088
-0.800406463613731
-0.604507552051002
-0.600385155148479
-0.676969865990994
-0.571879461396496
-0.552045005449311
-0.720298677748372
-0.567321331633497
-0.757393758244167
-0.719033808799305
-0.658139875320777
-0.741422680282878
-0.557094190512844
-0.714657468070489
-0.669717063664761
-0.664449004753315
-0.610295619672385
-0.682788723307958
-0.659453249264242
-0.693478494182823
-0.622144942761464
-0.598891849204888
-0.575621211270334
-0.665280637454189
-0.646248276536039
-0.58102810819478
-0.681700477911216
-0.678045056690686
-0.825833298024078
-0.518947748337419
-0.667762980041942
-0.643762015514495
-0.641119982905645
-0.641522036751816
-0.669170099767342
-0.547611807618628
-0.737652392086277
-0.578451070241332
-0.569951954139916
-0.617516875577925
-0.699620645558894
-0.641247004707484
-0.632697233322031
-0.609614232528112
-0.654283901551174
-0.406038277965161
-0.498297718161573
-0.75965024389634
-0.651729602128104
-0.569301884279568
-0.472053309450747
-0.513560142768857
-0.523509817639176
-0.705866002011174
-0.434071108087289
-0.39248320849243
-0.694838799299187
-0.626224392541526
-0.548453084333231
-0.524509863266193
-0.503630412663125
-0.639590439503413
-0.416180095588078
-0.501191074819426
-0.640873163685034
-0.672987826078232
-0.468909676449282
-0.386165483325976
-0.439653854990508
-0.613364344081616
-0.542106373638531
-0.361007566785501
-0.587117087043337
-0.501647849863987
-0.562649223047644
-0.593064429596657
-0.420741456460312
-0.580015283797553
-0.51137423015528
-0.582243218420785
-0.419509949047515
-0.57779931100627
-0.488859312028676
-0.400755464335148
-0.535804618289621
-0.579868375318632
-0.554005704628786
-0.42769369310677
-0.481785301955446
-0.560534862266669
-0.546721944871657
-0.523055886311114
-0.538231076101392
-0.677671059141164
-0.449313010320282
-0.443391930353192
-0.370673129448063
-0.474450487502195
-0.550845796850399
-0.47479284924671
-0.41020166187254
-0.534161608707752
-0.394941301371423
-0.499940814623485
-0.431987933798484
-0.460290434259122
-0.485490383577099
-0.346880905448235
-0.325801977242459
-0.47877114334408
-0.535538133096322
-0.471393591959667
-0.311109014617305
-0.4614386565151
-0.410501376823872
-0.386552765002012
-0.501955294958343
-0.550281489184339
-0.434794271745793
-0.313071519844118
-0.367569155018846
-0.522934670286303
-0.410566794552915
-0.381537753549434
-0.376583321787788
-0.445643197820534
-0.477881571731982
-0.311068950988468
-0.375264599196238
-0.410904614183678
-0.574663916202148
-0.392308183063935
-0.413936816923025
-0.423640328904317
-0.329406916466931
-0.558852287430567
-0.349512440266101
-0.474420583617362
-0.468074794699136
-0.355372465085673
-0.399821845889723
-0.366391353806036
-0.399528405870792
-0.214308684991952
-0.233118239315517
-0.361175098707145
-0.428316582806459
-0.29044132088304
-0.457727497130514
-0.326155240246195
-0.583846312482547
-0.485956448982345
-0.261890997470367
-0.405432063943748
-0.287794242796252
-0.391881064692148
-0.525972522238113
-0.259146897226478
-0.289381120577893
-0.291225174062818
-0.345278361837819
-0.226570010102887
-0.213346914445022
-0.348177992155506
-0.316469422106675
-0.343088964460775
-0.313956670744131
-0.478798943877146
-0.348740744720982
-0.350655138034387
-0.311927834710964
-0.148665244862094
-0.387906165177628
-0.445361213135222
-0.440485975076118
-0.34039019360771
-0.3865542454156
-0.295846843155533
-0.401902187374442
-0.275881456320591
-0.400093728440994
-0.330245008330317
-0.238508885229787
-0.338254774005255
-0.283629795876733
-0.426933167781657
-0.303836876991638
-0.250086889457616
-0.257250059544189
-0.459722746617787
-0.350272881213653
-0.252091625293157
-0.222100775910774
-0.309361418676587
-0.339190517451713
-0.291038108939869
-0.350977033919945
-0.192538277327945
-0.320049530577489
-0.228588463789162
-0.426966201837566
-0.352048501411759
-0.344996404930684
-0.286557736441786
-0.393165477117809
-0.308054428067947
-0.250660211098816
-0.137915515975245
-0.124688445760565
-0.137054352113904
-0.321861741803577
-0.315433412714091
-0.205180071724424
-0.308760785749065
-0.174341037560474
-0.26482902804839
-0.0424295064278727
-0.274935000005292
-0.433610574572841
-0.334465106873134
-0.229523112082799
-0.180498730351977
-0.384088414282516
-0.381414271953737
-0.276442040774483
-0.166796575283815
-0.131370886235518
-0.243183197794524
-0.177695647673832
-0.285036498812688
-0.14575126579068
-0.141958076164428
-0.358038871054328
-0.16098436791648
-0.300518542417593
-0.19577096101298
-0.177166025371722
-0.17692459401524
-0.211662450323506
-0.0948511859467867
-0.19185054090516
-0.329957400772589
-0.201801264822192
-0.0689568721297333
-0.319882547083408
-0.176163588750525
-0.195236171894523
-0.00453460198632735
-0.204908662851014
-0.156103930215534
-0.0917098003071145
-0.238622813429422
-0.193938365258807
-0.155666288024313
-0.36196930798495
-0.0978253207574353
-0.31310516412171
-0.174224938673748
-0.0925007448927894
-0.244110744930886
-0.13475577563746
-0.206798874188514
-0.244534547420754
-0.275230705352597
-0.116027969995509
-0.129053992255324
-0.0328891350119733
-0.160524255246056
-0.0502998909956549
-0.230277516442543
-0.286155358670861
-0.233205372870153
-0.186056461177921
-0.21251947058976
-0.0548218187281192
-0.180492258205179
-0.0241453819306765
-0.0588895994568148
0.0572407666318033
-0.0142019579878922
-0.102357295471904
-0.00869911554317778
-0.172510329768333
-0.188108709680222
-0.132877099897916
-0.0923727178389895
-0.0232354584093819
-0.172949204811145
-0.0735752727042018
-0.11949240223403
-0.0300616779253096
-0.197448837573344
-0.157759180018886
-0.154128386462693
-0.0524753460915136
-0.0681675446710192
-0.014359455580421
-0.196778151625997
-0.193071923030763
-0.13444377919563
-0.0425966617699046
-0.190192719074321
-0.178564050069041
-0.167268703168915
0.0513782611944259
-0.0645222215269436
-0.0435847388445364
-0.145900597447876
-0.168516522521501
-0.143361001167763
-0.144958835070714
-0.231437607993898
-0.126496595501546
-0.0724834520115761
-0.109560361781694
0.112679007644846
0.0278022086101823
-0.148979369188064
-0.118257225074942
-0.144165411042312
-0.0252458638571999
-0.0899328205212097
-0.194403598230199
0.0788666192105194
0.107246908215307
0.0539231833144583
0.0254935387314762
-0.17366216618024
-0.0613948071022327
-0.0514431859948684
-0.040913430123269
-0.0122036140632495
0.0658758674520461
0.0472248842406909
-0.152468281530185
-0.180695266382312
0.106885426175563
-0.071367553471624
-0.0068014239987255
0.0582879044808719
-0.0866574322011165
0.0757729921987942
0.0620012731997561
0.0331975418254
0.0334699238488123
-0.0920237826509993
-0.187137657221252
0.11067609491223
-0.100374565867978
-0.0525639913502025
-0.0105203956509662
0.0570058585818877
-0.113451036856039
0.0320474076938518
0.186047731634112
-0.0536658580094536
0.0539445619910207
0.108773209932824
0.0839277726638873
-0.0313797405829938
0.115587585487251
0.00826530681251385
0.0416378049867397
-0.0122265450400995
0.19784715643976
0.138393023587681
0.138134442240004
0.0554832745976614
0.0859131058670569
0.100853070028021
0.0390188277114047
0.0367797914664437
0.116502457999251
0.047518633841793
0.131888916145122
0.041295153370775
0.0147978100247861
0.116592152100457
-0.0204999518302922
-0.0386552320529803
0.154878618690009
0.0932283588157897
0.0316201712500494
-0.0387800594476871
-0.00161949441156218
0.172581693283481
-0.0118877616368262
0.14761659260959
0.012664653101259
0.0289191852098837
0.0740801736106545
0.024702188565096
0.177436241945484
0.105960748041402
0.234213631679417
0.0367834926482222
0.178672966626956
0.0496014490745636
0.162567864606847
0.0388861705537187
-0.0828537283119821
0.0926559428471578
0.0856917424257904
0.211755237432158
0.251920149626394
0.254479403574156
0.00767651823563506
0.132500738834955
0.240822313030523
0.129490360971594
0.134534383701325
0.122855340456286
0.105606187104688
0.149751856193406
0.152557658403034
0.0254870147454406
0.136505669988323
0.208574862297904
0.06596076484913
0.337087147340634
0.0346478889301307
0.207731081713785
0.20210435991221
0.166178520502118
0.133746172563141
0.222525664888652
0.113952091146792
0.158850232337786
0.311833519691286
0.308436220668113
0.248867343113731
0.11678109758911
0.0733930321407002
0.138360366783745
0.187776302324331
0.112118917580086
0.215790812761644
0.137222335503998
0.295051000243608
0.112212437735336
0.0616235930598283
0.208739415822467
0.182426541699869
0.393001807911545
0.323391358597296
0.185637727652338
0.355241996654517
0.245098048535416
0.21494228676721
0.255263130524606
0.220467795990598
0.215986445306394
0.141612740352699
0.270289464730294
0.298124123509354
0.280103505119729
0.221693793914401
0.344736756419128
0.248759020363436
0.366671308959371
0.213296053215847
0.162959163596277
0.257405475819362
0.268297464045476
0.305193151019417
0.16530473755697
0.34948230144445
0.235312023506187
0.286011137779215
0.27500729892483
0.136288874090051
0.0817595147112469
0.192773010543925
0.389909010219192
0.25538487353605
0.252539837552444
0.314003441708618
0.344302935384102
0.203601591568438
0.0828205079690788
0.372674837768013
0.301345639704258
0.217944872629942
0.366307404857372
0.0688891797360016
0.339948428998221
0.209031537069717
0.226706944752548
0.271039749802524
0.268916683394891
0.260041896183802
0.370727945657266
0.317418284767814
0.409195658586619
0.390911739589305
0.443195050808442
0.22521517415021
0.397404278442515
0.290493684889467
0.339860346604693
0.223020721503634
0.384343238724639
0.230534618891384
0.529175381467804
0.463946691886574
0.299626416187073
0.353017559991338
0.366103306939992
0.358354288327507
0.245089054636998
0.270344869714611
0.30515155441056
0.339306992853264
0.408512723565918
0.36605454591145
0.277566956984411
0.464433697374297
0.456428336283842
0.417259678860847
0.481727508174446
0.49310483577145
0.345594579721718
0.380095438713943
0.540557532974549
0.17040179606353
0.358138231870237
0.405114082702451
0.260815376003984
0.282982321590688
0.231886313427713
0.523018939235854
0.391208421370963
0.309924922121089
0.479165705089681
0.392478911402196
0.382482752687912
0.385609133936502
0.430990475016498
0.337006936332905
0.50155882403987
0.414460576061265
0.441760017188351
0.39978021654274
0.436518496767403
0.375989047702108
0.383577518119581
0.432164869892471
0.385938695243788
0.394617932373766
0.411645187061575
0.286898897214253
0.407890476830447
0.404776623914405
0.487208020871009
0.384009406651708
0.470338967040835
0.379325378149717
0.432400956374673
0.443611345557585
0.278914118861164
0.400254221262666
0.548878284839858
0.469186042043703
0.574389376250144
0.616397470474619
0.438006870370707
0.451556193830135
0.346265540430019
0.556718768937807
0.468954342373116
0.365122597891761
0.564958198842841
0.506141558362318
0.457975183845745
0.607581281389458
0.454586619887802
0.535951118272635
0.544053723071663
0.565811481225499
0.437473840975346
0.5373451295397
0.44736954708806
0.550147619829855
0.418649729985443
0.391448860049242
0.437978328843314
0.736409570719542
0.513965504506223
0.507296425818067
0.417822503595241
0.513174940072087
0.571916984935634
0.546339649315994
0.400838880425327
0.576484149958614
0.68062940027087
0.45851662953539
0.449841691963362
0.453756354723083
0.378629819820171
0.531902665839245
0.561992991644695
0.475255268578467
0.525628592891907
0.496008474705668
0.429493984120273
0.419109931181059
0.528430828481085
0.5441526241145
0.614001780677832
0.635881897057018
0.612783521634228
0.367456391774012
0.495519724693143
0.582816158449364
0.608423033249835
0.562678329871017
0.432484657759553
0.562041571236167
0.606860865455403
0.62594183896824
0.572177196667558
0.647621814099377
0.574489549542332
0.543075378802931
0.615296769427787
0.5822083158115
0.681284212548489
0.570518303396458
0.600672453028663
0.349144551099731
0.459857613903798
0.614251420968684
0.5429185240011
0.622394445889377
0.522930498033908
0.572651481462502
0.533242871310581
0.5371263846499
0.624823997232117
0.582335536185411
0.435377486272591
0.838601283759018
0.665710522394099
0.566746075788171
0.588009411011261
0.705230041308819
0.514382855946548
0.711992996737752
0.61703552629567
0.587502463815479
0.58541202775492
0.622205657220158
0.632212600590937
0.636418805272734
0.714197057751965
0.549946011452856
0.728027967864368
0.555074079469271
0.604693509528427
0.693593843169353
0.594854872659912
0.580012951816798
0.772856656061045
0.764006203467053
0.617970127918364
0.656902448200674
0.671838879224338
0.70452307792294
0.716673068246668
0.663239076901714
0.748334819619806
0.785928581376663
0.725741161266108
0.574912688690564
0.604989964526734
0.703848592384346
0.737849889886439
0.750415568202193
0.660361711628507
0.536726588601764
0.628281527074551
0.765075188243919
0.604907604534063
0.701673098900044
0.698644456634613
0.807173145798151
0.669261732176497
0.643387909007724
0.594241332447425
0.781479532774402
0.761355972890924
0.610959941819721
0.674905470041243
0.688829307225116
0.700601285335388
0.710164354793224
0.663914624621682
0.718960178111417
0.597439332106929
0.875054824414121
0.632792335672811
0.54598377062904
0.76594186219564
0.741941640239381
0.760371635614035
0.68686126299852
0.836877519042796
0.692858624945208
0.731234449629568
0.709959782819856
0.730386954163371
0.723323300361905
0.824750527105451
0.873011727010793
0.879493792753615
0.744244350871046
0.695028006570543
0.564342851184955
0.738372951285776
0.728280946134876
0.8097470300167
0.773202768870284
0.706338451167959
0.892301070654818
0.711210576401222
0.850678521586467
0.773876139540287
0.645975576793642
0.819650275297371
0.722022637762478
0.943244979047008
0.742511163906992
0.655409998699084
0.824437098341371
0.849371687722508
0.707112914064271
0.785347011667054
0.728085642179687
0.857601246050526
0.76104065255395
0.826809260510995
0.670287804690152
0.643204079397967
0.86955103134899
0.834645327140047
0.827411568852574
0.846035593404078
0.84514299585206
0.910271169444955
0.822562766950064
0.784524075264085
0.906055620669401
0.962611245943953
0.777724188279806
0.886126377843094
0.678441357000476
0.738970408975964
0.833788221267672
1.02377673730075
0.75426269817586
0.864651707700805
0.833107970954381
0.68260979671848
0.8509292107486
0.904678019133413
0.789174436718753
0.758406048897109
0.884917069553541
0.873467702006059
1.00382038671894
0.889595768040593
0.908362871463765
0.903056747064088
1.0131597109524
0.818874287965914
0.857608485454663
0.952363790047881
0.76518329932863
0.943736245989224
0.952711190844359
0.683889377714347
0.896813622047867
1.0394893639387
0.923546178533621
0.741712368314456
0.936087968051027
0.795719057933224
0.898130472687665
0.868253778197331
0.766365404101643
0.842052275199635
1.08308766520676
0.831230481145662
0.824622803071149
0.994202969775412
0.92902024843321
0.869699992623439
0.965313998904808
0.904002526467684
0.895531889686325
0.938375467443107
1.03296497057837
1.03686314241258
0.83325682493133
0.923275784403266
1.07086119174813
1.0794196381287
1.0131122087173
0.979387246887339
0.939421389486197
0.833310006607805
1.02894836735243
0.983148033976005
0.895635499581984
0.819977511389817
1.01387650818574
0.983671139653071
0.788949149655643
0.75081576823427
0.832326414124819
0.981066903715377
0.826297126891836
0.961831642511431
0.840472472021568
0.966483784023404
0.989830303199643
1.07807414049352
0.999090352126426
0.993113009060192
1.00151111947348
0.973892304946697
0.996314303035546
1.03355868760901
0.994304908727547
1.04536841731245
1.25994825151267
1.13195284025681
1.01613515877474
