"x"
-1.05610397261367
-1.13552429832572
-1.00799754128477
-0.948127049206394
-1.03445395969311
-0.98335635070749
-1.0819779123131
-0.963158855149913
-1.15061971809382
-1.00386664072663
-0.951111464218421
-1.01616222577222
-1.0123263112642
-1.15887292113557
-1.13245558809575
-0.996290535818826
-1.06491911376138
-1.11399686710604
-0.844695565999442
-1.01403728736409
-1.00541245331534
-0.890710904099207
-0.926556527166338
-0.973617265178314
-0.907597061320945
-0.870118036838075
-0.998059876925677
-0.858572954705269
-0.914082474401572
-0.878899964290765
-0.918956318894905
-0.941161419574083
-0.99602860397512
-0.834823338640809
-0.864902445925892
-1.03580957662896
-1.05183696998102
-0.956730346232455
-0.892992219347688
-0.966042650250685
-1.04242046350416
-0.792868686319621
-0.996733903348318
-0.979147844336476
-0.946220662108845
-0.931396685541368
-0.977822175775818
-0.930058304754432
-0.866104539116338
-0.97129091797543
-0.898891991249921
-0.951352546212982
-0.874162899404704
-1.08805449910367
-0.896721998806682
-1.02865582334564
-0.9353388881282
-0.73038730547176
-0.786913649904154
-0.87563371557404
-0.866479923122857
-0.897492124447322
-0.698041926329356
-0.85914554644452
-0.950296075958401
-0.865257444088948
-0.942423172703824
-0.972233999008612
-0.98486401024045
-0.830604340044139
-0.782261016407469
-0.874859723933554
-0.833678980863568
-0.827480785315682
-0.950772036893141
-0.862354664759225
-0.875448413880882
-0.634662575850108
-0.832038361768275
-0.742394707263712
-0.697266975522511
-0.762816409953185
-0.854781338569498
-0.89241919905855
-0.97031874026018
-0.815410604000254
-0.78979286567555
-0.884046251051797
-0.805778800308015
-0.888361840501172
-0.775356263909693
-0.846784116459113
-0.925931926287654
-0.790411989938152
-0.788001815067662
-0.71538405790891
-0.712344480435236
-0.720104466807741
-0.703574482457951
-0.703098541428183
-0.861684457472483
-0.745449081324095
-0.618302558524868
-0.884109556929656
-0.801807720119136
-0.811431653446013
-0.870448403489266
-0.802462224373565
-0.764252014405363
-0.708875998305776
-0.706610076332571
-0.788344883911768
-0.707190415868948
-0.855298291231133
-0.697096822960568
-0.89756628619599
-0.726022609146744
-0.896947318257546
-0.67404963312202
-0.903493217897114
-0.730296370313231
-0.819732841731402
-0.825285510718292
-0.966112759684687
-0.773588583355765
-0.840834846815913
-0.742658240613752
-0.65191719036656
-0.701792430659796
-0.676279553897692
-0.687766861643081
-0.795362430928793
-0.794288774476569
-0.870355663242101
-0.921737823339977
-0.794169218057769
-0.637787658456187
-0.612935576947139
-0.740108523974165
-0.709150395334639
-0.790125380006487
-0.466137839913269
-0.678056143928387
-0.759409366226776
-0.651365781506368
-0.519121112280339
-0.865816722917084
-0.560608476199027
-0.682655827931344
-0.616029005940526
-0.801626712564889
-0.681690728272474
-0.810987912917024
-0.724518892249583
-0.57257471506731
-0.634032578840855
-0.586837559412974
-0.633667907180049
-0.622239859918679
-0.697430577822672
-0.618864221818476
-0.710030549340165
-0.594773410171494
-0.534623731746526
-0.655274255094333
-0.616937605877998
-0.698996493664636
-0.603765107312326
-0.572373393422561
-0.67914848372397
-0.750552339204944
-0.620217783629342
-0.647004401385921
-0.649217997658204
-0.584516647410363
-0.519937594762387
-0.563805035536606
-0.577691923319829
-0.628370987752141
-0.661844720792488
-0.728024730509628
-0.689099787496682
-0.429037103502699
-0.586961968410724
-0.623102281745865
-0.677275105187441
-0.596677785368001
-0.590149975537051
-0.754399489467749
-0.603103874318817
-0.692353150985743
-0.623714898735345
-0.734888682207761
-0.693389185544677
-0.515643620892528
-0.641634988340289
-0.647814951740995
-0.672421732720402
-0.713374874689792
-0.502194190958035
-0.676458942106598
-0.615440488432383
-0.639953716666983
-0.630117235839498
-0.589103486212929
-0.517150521463178
-0.649846099958921
-0.570825458634824
-0.629625538580869
-0.498547463953447
-0.505253787581911
-0.487806091490006
-0.576824906225559
-0.510365505565762
-0.528248672392826
-0.534364923956036
-0.470878103607817
-0.501023392464388
-0.612777027666489
-0.58292427532198
-0.562595488387373
-0.585954611365701
-0.604482427488185
-0.516135753751994
-0.438224465759797
-0.57410923403479
-0.472766397817883
-0.600379430531204
-0.529802117030485
-0.473638233261282
-0.416640012232462
-0.599034417914461
-0.513117077952078
-0.520211371460335
-0.543684317560676
-0.489657989931821
-0.559234264136194
-0.528314910356109
-0.551332273981147
-0.510336084097058
-0.57352471194598
-0.584468691923309
-0.496921104997448
-0.622356150351116
-0.520615078516233
-0.523094139397234
-0.508998062159372
-0.552093080965797
-0.470920213824897
-0.536336315843613
-0.529689322284786
-0.612490447124944
-0.377682486492844
-0.628849856843721
-0.4784774125701
-0.564635644941596
-0.510013175362518
-0.527390091558464
-0.472887215992957
-0.49398489609515
-0.631023126014209
-0.635309940448639
-0.345753664744944
-0.532334801186878
-0.402888817322374
-0.496937348363643
-0.415758094217307
-0.526013482183601
-0.425701533685955
-0.400604914820397
-0.333424721449661
-0.443714203818457
-0.568348862393785
-0.45972257045078
-0.417745411288835
-0.338502683380418
-0.461197414822799
-0.520649946343309
-0.509185646918221
-0.441160132490507
-0.45113955581072
-0.528222631458472
-0.312885479432436
-0.421412917725829
-0.430612842759947
-0.385030339315064
-0.380533492960873
-0.336626529832029
-0.338618151926555
-0.343996259825006
-0.433962838464604
-0.284909318171179
-0.293441971012702
-0.538117558768736
-0.361709451948199
-0.395614670340029
-0.446944683311405
-0.237109866767168
-0.437144177714213
-0.422286258984646
-0.433564006822146
-0.362684389224431
-0.357694738677216
-0.490502187751476
-0.335299699461152
-0.389098301408454
-0.381447393542322
-0.468970224362102
-0.47276845406122
-0.367506810250395
-0.422291447561099
-0.30098363606649
-0.284583211856288
-0.4062631882413
-0.33852910999201
-0.320428933000255
-0.42560076989878
-0.177765259689439
-0.449481495975385
-0.251869486099254
-0.368278010595147
-0.409468066874782
-0.403650355405123
-0.394279317217014
-0.334150537515886
-0.475415553866061
-0.132644679294007
-0.339827877878375
-0.333197524635954
-0.173119974047891
-0.328445940862487
-0.271950525561298
-0.366010714750667
-0.325708281312229
-0.336053625315736
-0.4431764695536
-0.340701054908014
-0.39018147303965
-0.408042422743303
-0.22229822522993
-0.325244726299014
-0.347593971439223
-0.240589568818733
-0.435958245993368
-0.378718644936019
-0.230922693150029
-0.349384364555027
-0.462250155853749
-0.414346301544459
-0.21981945905002
-0.294402155365614
-0.287544471123659
-0.20860685864575
-0.280953716101681
-0.235446662677074
-0.255000721290559
-0.339730447950549
-0.293870488211283
-0.43449474976807
-0.22881320109138
-0.36556564996431
-0.38539984912007
-0.287355905947045
-0.257244145719069
-0.19528825095171
-0.406214033286397
-0.297558023651107
-0.320216456469701
-0.168027863254143
-0.200711932068056
-0.240636366058399
-0.331320770402696
-0.280323049234322
-0.396571450348058
-0.254141634232622
-0.218342762638074
-0.30417842178616
-0.272580247936299
-0.29722296448954
-0.374265144431938
-0.295443601752808
-0.256298506965677
-0.362848819599627
-0.231900375166231
-0.337273196816806
-0.339829377793134
-0.386091582726659
-0.176248407057435
-0.209590854496637
-0.214567577477563
-0.178681894205704
-0.153566843853282
-0.270578449812808
-0.0676926913190687
-0.361536732092141
-0.214731149218682
-0.190265171541455
-0.14589677536689
-0.304600044189271
-0.328029927821112
-0.248050149793301
-0.110929943679397
-0.203124025621529
-0.299476682874007
-0.345427376553351
-0.0194589233936637
-0.0606219737878903
-0.359945380831978
-0.222727545727769
-0.22125170106187
-0.275320858539647
-0.0404136377260583
-0.169934837260036
-0.240757363825113
-0.198814730882498
-0.175738979478229
-0.235055511654974
-0.165128712799089
-0.0865027989210445
-0.167135003775681
-0.0786635419040756
-0.201088775136646
-0.141065814920295
-0.189105851699715
-0.199016292337034
-0.0589878781424586
-0.088772318922752
-0.170025053182903
-0.0847395172132999
-0.00575809983218375
-0.0867401375614647
-0.0801501394283581
-0.271528220052787
-0.153154422429185
-0.0706739032215399
-0.0491876863468755
-0.0733853226032136
-0.0297323837204731
0.0606220103222617
0.0128683064614408
-0.24427006020515
-0.124622287644327
-0.058441254531704
0.089025733571302
-0.141476026661256
-0.0565633035728881
-0.162080257976476
-0.0597211908531084
-0.0678283434636231
-0.278944227297893
-0.136282483950485
-0.109974862663882
-0.123652226759718
-0.200485626283572
-0.0378241083566034
-0.0950554242453988
-0.0336924848109311
-0.0428683486981016
-0.0485542061502454
-0.108642695224559
-0.0903342798256518
-0.0185163696036452
-0.0680345150415692
-0.0572041703732189
-0.193402540317189
-0.0998739160314118
-0.0345093153512284
-0.14118981587746
-0.133493351718989
-0.13851676542908
-0.0961324265687267
0.183464335187379
0.0733435822058895
-0.113233350147332
-0.0249274468526021
-0.0386452305767022
0.0451399595855399
0.13097862446308
-0.020869799347903
-0.0585391117134766
0.0172638049962265
0.0764473985064818
-0.0089008449578694
-0.00450275327786941
-0.0270012399915899
0.0211337263140341
0.0317145873365169
-0.0976907712071578
-0.0641027972532895
-0.00586262806965947
-0.0044175096497596
0.00743309510984102
-0.139659857980789
0.105284022914954
-0.0448227468416159
0.0483049781750361
-0.00224092858804887
0.0343276724827302
-0.0788968235832064
-0.0391017286686059
0.00589354036979009
0.133645690732688
0.045264024978265
-0.0435211678594895
-0.130136866295356
0.207158390644707
-0.0197378509224042
-0.0396353450130083
0.0932243175783552
0.140241838241668
-0.0101692983311788
-0.0291178208952549
-0.0733116749645113
-0.00386830298791861
0.157734203002702
0.0524183225007546
0.138891150686868
0.0618265181202482
-0.0225383734707005
0.226784910102768
0.118275781096366
-0.0421128914450775
-0.0946498520878973
-0.0596638660662604
-0.0649818535012766
0.0506764272363629
0.096191886098306
0.194126085638477
0.147537352983085
0.051434437518645
0.0612958991193079
0.0613702377713884
0.0288603015096441
0.105606696532957
0.336094063175539
0.1145106209789
0.0739302044409386
-0.0264677509288439
0.072913773287643
0.0914255240477471
0.120496300728558
0.153324701866859
-0.0241624304772079
0.0583561535442673
0.198047740862918
0.078874533268861
0.00357619202505307
0.122449777968238
0.0201208663013121
0.102644017956661
0.099689424204354
0.108610831592152
0.169748179115405
0.070899431119437
0.0656586620176555
0.0888673175391284
0.0309124234404547
0.140021200050523
0.137282700719578
0.108362268324334
0.201755337775869
-0.0549314882581246
0.0848514033593015
0.173797339352765
0.247941914313732
0.048766744932694
0.0328588989770867
0.185696395125148
-0.0203374601028431
0.192555503356566
0.0254980577703156
0.242178488315222
0.193178209472756
0.145260173270868
0.125527777382541
0.0670619519332373
0.278660425251991
0.0569228544146781
0.220450852147799
0.0160834885008554
0.241388331843006
0.215828652078943
0.11964282085772
0.0887937807499166
0.345966290297189
0.223115983406417
0.234728226671516
0.175915354962654
0.0825562285470166
0.0379736240421383
0.124719262328262
0.0307715923453984
0.248467658114677
0.292671791652932
-0.0316290239933825
0.247350291522561
0.319436167676459
0.244758578136438
0.224711192956036
0.203270852489857
0.139536816864977
0.155801544781894
0.274091125441055
0.0932532091526467
0.314565441657116
0.289829580152901
0.17422735052356
0.222197739205155
0.235087211363659
0.284677593254036
0.280911756129248
0.0921045589756936
0.18906033273528
0.277913723579326
0.2697987404849
0.380637919991387
0.245268605839217
0.24659914475497
0.253003852868483
0.261323576692938
0.147960005441113
0.256071473273714
0.281778207806598
0.0577429951707961
0.179160960472863
0.240016540613765
0.386672869204569
0.163000388080311
0.371177706011396
0.364248888608185
0.263701522757137
0.157600524533875
0.276536614709603
0.25437291074329
0.340717297890903
0.181831507845137
0.398882901402179
0.432395885693318
0.274817944766633
0.268241644664845
0.260610121480364
0.222305558882454
0.394252421406469
0.468083086007757
0.325374038176327
0.187923143161581
0.123097638059652
0.45017557645747
0.299563130388202
0.223759569837881
0.339838886881291
0.253524025650253
0.394259332851411
0.274138081289615
0.28342320780433
0.254609918737399
0.230948474399046
0.400509353567707
0.304439118347572
0.464793688371016
0.293345226452191
0.370301293157338
0.351109032967539
0.366838429110269
0.290811718107888
0.257800503689465
0.409184541390853
0.323635977220463
0.453625401766856
0.310781450165312
0.462086553380184
0.344943373206903
0.286638929802177
0.351927365222161
0.452375285014924
0.434728066645128
0.412047695534979
0.367809480357799
0.336822303800271
0.320111314094093
0.165567499826251
0.434908157213381
0.21230471072644
0.207024701361765
0.417370804021116
0.429256185317621
0.411025500736142
0.34121697063932
0.324747256681628
0.355615666559212
0.382040240177777
0.358597784082433
0.337319140065993
0.346950728019596
0.381513752455429
0.32395308087881
0.309411234989556
0.36208597898141
0.444044871426676
0.364029189744718
0.419454644181348
0.331133296411783
0.350243173647276
0.302184496804017
0.23803621290084
0.540542944901037
0.478663479420932
0.348333374307474
0.420597902876298
0.509564583399436
0.4391897077828
0.479919993682175
0.32548561269404
0.361353553601626
0.401159818548645
0.345486644592166
0.30153408996415
0.426053456791364
0.317835324760768
0.426122770397916
0.504741324411047
0.47348686510183
0.468352623196525
0.46671274518598
0.546518768832013
0.444147694713409
0.5104185238854
0.404097390815789
0.644594815980436
0.364528640544487
0.549771720183638
0.426511945785354
0.422940824267299
0.519753688669743
0.405613008826293
0.544919058462731
0.52012404069588
0.331332597180491
0.382535871633145
0.411576763232248
0.401015931351827
0.596110226680482
0.619113175721018
0.67372291292197
0.455754684458077
0.464988755598019
0.583250368713235
0.499360354609816
0.41740548665128
0.49250787045103
0.458525861451652
0.528567252678052
0.492554651029856
0.633615333406364
0.355272928317683
0.596770728741981
0.586396424684512
0.450946663241741
0.643304166778399
0.544981916344042
0.588812920296062
0.649519811952921
0.506956385595427
0.466515762399718
0.474854139506313
0.610823253357574
0.487783902048922
0.491316215658169
0.617367156530766
0.577649663321171
0.506421796392467
0.571864994055698
0.501621401473185
0.740895230501449
0.719940977766829
0.414087067355626
0.456658238546314
0.56319754346347
0.567013190760335
0.477456625622229
0.371128767451553
0.454392362011185
0.551547704121203
0.578841762166848
0.594967753845999
0.425371898068066
0.681472636229448
0.634224791185384
0.573505624640353
0.576736986953029
0.712069497767572
0.443942110958555
0.354124353238042
0.557728663639072
0.55566160700757
0.529537648740762
0.457530275503152
0.434533514666196
0.582343755792465
0.554693552916101
0.834011754486884
0.673870143078451
0.580238573382714
0.635826586690987
0.717575070980793
0.639053238692849
0.669479908851681
0.644230685844491
0.577384863841654
0.574091097852078
0.557730963829798
0.690018260452168
0.507618517739457
0.688449724885799
0.705425996090095
0.650626997239911
0.741761567244667
0.577454466635899
0.686144210667668
0.629769572318827
0.668466030979509
0.60217804193163
0.727560776387718
0.828530772486907
0.825508707998959
0.633379682900468
0.627122646011915
0.675509026436854
0.788235886011184
0.668713452673582
0.733658993390484
0.695716483390363
0.670570931485682
0.560523115262966
0.581910587827082
0.64064426412672
0.573017620830315
0.802739163955365
0.585339262831334
0.612905214905236
0.494371191541551
0.599955069436515
0.648464542078803
0.534583207082094
0.664907233755296
0.644393239144089
0.742138205347455
0.610895720946887
0.706141237342351
0.655739599694484
0.555535550542418
0.607023449532716
0.737988836864668
0.789333560795644
0.805872820187844
0.719377563423841
0.721744845275446
0.775375938598849
0.630540063497661
0.584191629547174
0.753841084960112
0.724231593405443
0.739128621901468
0.750894404362557
0.811275166719399
0.688250534958428
0.820383912425096
0.818136990741498
0.661189271458338
0.64169644471261
0.667432755488416
0.707496029200236
0.848848002036162
0.85979559122725
0.5706034925491
0.706915912410356
0.877557466826399
0.799012423959577
0.826745722268472
0.669144506589683
0.866795203412698
0.7679419493616
0.804281214587524
0.763220422640381
0.781680629879542
0.918172933793943
0.665491639032372
0.833904230363049
0.815732778891011
0.785665938859735
0.726184102782151
0.755639177099072
0.885471278024684
0.781914992115318
0.802160593275467
0.801873563556703
0.783439591307597
0.757377854581783
0.778202774401322
0.85892473684297
0.694292470242355
0.601653275520621
0.970424959818874
0.687992986378339
0.878476990940495
0.878466629206805
0.864852043460745
0.705566525452604
0.839727265872112
0.897134507786334
0.743665435219962
0.800785161385069
0.822346297291423
0.897878820984429
1.00975989646737
0.863009220984893
0.659181672056875
0.760623818282514
0.797417626288873
0.907580427717357
0.773992982430249
0.818085790959258
0.857342900969836
0.833703151977892
0.714599612982927
0.891872341369071
0.839539694308643
0.95632379351993
0.881427685383375
0.731522119702594
0.941936210569149
0.843888720250195
0.811628203385965
0.734502863653068
0.831096032520233
0.801241722550767
0.862131000892416
0.940868947110581
0.862937450550009
1.04237147575032
0.866534237137472
0.887000375951438
0.685189630751514
0.982366526935266
0.970862781307089
0.960592647081489
0.84928171475509
0.928482034569612
0.84420416229004
0.831723682545371
0.827577662005793
1.03455211108203
0.947424777286989
0.878084894137219
0.921452158072279
0.887501228480339
0.913407183759292
0.940638148711606
0.932619101684677
1.01010789790276
1.00986166951727
0.916360606307835
0.816113389576687
0.819588849627533
0.882356306130529
1.00883488678881
0.914213158523933
1.0384662501512
1.02198569181656
1.00550136589019
0.891787901700092
0.821621466739885
0.894167299746365
1.00624635844561
0.844911308227417
0.925633389607072
0.956842520180586
0.903228520078703
0.842908548925546
1.06226604463094
0.892994410056783
0.784957442160651
0.877043589913061
0.886999929998463
1.01138465782289
1.02357004793576
1.06713101583167
0.941626989966643
1.04861020602671
1.08631478279269
0.994102988936412
1.04159140558297
0.990574156629468
1.08592908797435
0.971985550788422
1.0327153493004
1.00983025206849
0.931238531111998
0.943407365499535
1.13797841317693
