"x"
-1.21484368875308
-1.08641330220895
-1.12121543198208
-0.880547667544469
-0.945492404725373
-0.935042866938357
-0.985673018993199
-0.914886571078826
-1.13308803412429
-1.01399196970392
-1.00789057031634
-0.984921930309636
-0.919899059208371
-0.851585492831285
-0.91044063618175
-0.981456123456358
-1.00617855736353
-0.970767911314006
-0.960963833063353
-0.886414922840871
-0.935924606742057
-0.986452485804303
-0.841087311532264
-0.914371796797273
-0.968541230813353
-0.837849737569514
-0.943837853868433
-0.872485059323194
-0.931465674033764
-0.960079937679081
-0.962421212112718
-1.01207592586878
-0.919506319220031
-0.917095395436678
-1.03508931569944
-0.942450860411053
-0.895420136632527
-0.916415392031462
-0.821762648855507
-0.826915081398223
-0.89897245557938
-0.784942578410668
-0.794072440725824
-0.805368410544322
-1.00639259048561
-0.907114650318222
-0.903638322808778
-0.958808467916636
-0.888537344923634
-0.856870868643415
-0.770064273306992
-0.993390346580754
-0.850743439453262
-0.873583198228249
-0.902654444755355
-1.04631703942254
-0.921691272387274
-0.918662500493503
-0.968534491720108
-0.88483195962331
-0.694149371443711
-0.955190759802611
-0.89367409518541
-0.771524909680723
-0.824174501116729
-0.706607312558364
-0.883486991894552
-0.827705101142521
-0.826706711026675
-0.818926523465454
-0.855842494052766
-0.823105861628184
-1.05463114325138
-0.971130014034695
-0.951363966987623
-0.914451110465569
-0.853998558059048
-0.718868299936038
-0.749054889348394
-0.83901638482983
-0.83887809105487
-0.831979935538696
-0.868437326764296
-0.816307055222429
-0.784080227502465
-0.751250041663773
-0.802645091178246
-0.869822419594512
-0.870991619665919
-0.78050648385101
-0.735319067839014
-0.732780874353085
-0.789606942003148
-0.651335048529345
-0.799158952222912
-0.917683725450527
-0.852607149532335
-0.720333308311047
-0.781798171112595
-0.713163410360418
-0.884954560226787
-0.801652164283389
-0.812463589622045
-0.858224215166894
-0.828708273144613
-0.855231487143736
-0.77971163417429
-0.778680359416694
-0.82581103623735
-0.759928781271396
-0.79605541498809
-0.818974220881751
-0.79674762924839
-0.618988179092648
-0.78614216398505
-0.881707749052884
-0.65264701171793
-0.715738531113996
-0.62687235730737
-0.655367217412459
-0.652160854817105
-0.783209622987503
-0.704245819531476
-0.795878251901772
-0.704567691974467
-0.670016259828233
-0.717596309508775
-0.591627068601055
-0.676042550553366
-0.794116487567238
-0.663264646705859
-0.865762289085632
-0.616467337787656
-0.644143042106831
-0.712697075264985
-0.79400801945338
-0.76186778214093
-0.737822668645974
-0.664186160715435
-0.754905066301457
-0.694517425682259
-0.759334411085174
-0.79453498853299
-0.874786375763742
-0.619914146223187
-0.770569302678796
-0.635565580156528
-0.79024198221797
-0.744682427325354
-0.744316093029495
-0.548344234906177
-0.657677580588955
-0.777041137017944
-0.579852937676754
-0.77502287480047
-0.740929836580304
-0.589470943487367
-0.708708582726617
-0.777310404125947
-0.759515226193734
-0.678615083562866
-0.792465390355694
-0.606482717418641
-0.594439323932319
-0.695108685533135
-0.559938836783636
-0.566525857497027
-0.710960239028853
-0.548266315029224
-0.766023637330276
-0.729219035245488
-0.663613745166391
-0.73164499205168
-0.567397873053937
-0.724888357991225
-0.661194501800045
-0.67947363711865
-0.61533427178066
-0.661045103753471
-0.663436832404803
-0.690065701204156
-0.626686131130653
-0.603347693448096
-0.57899326620498
-0.672428928496803
-0.637974047994924
-0.591449941115323
-0.653804643526088
-0.667250887401894
-0.829664698093725
-0.537885420959384
-0.671523938085695
-0.644340204546614
-0.649459109806308
-0.626383149487851
-0.675259234242986
-0.542538646320129
-0.748052830247195
-0.554760676806675
-0.581606184885541
-0.580846685273983
-0.682693047658549
-0.633564239035879
-0.648032131680668
-0.639951254326268
-0.665313996856392
-0.413802399719653
-0.507659554212113
-0.767771118612068
-0.652030400284923
-0.569206352534431
-0.474037517705501
-0.524245167054018
-0.483782258813378
-0.705884470968063
-0.429458158926773
-0.414859304789231
-0.726966628566608
-0.625903324343102
-0.570214783311517
-0.545819893322847
-0.508322576905316
-0.647220878048042
-0.42175077606677
-0.494137656726768
-0.660973561275871
-0.683597586608852
-0.471465117479174
-0.393131070994076
-0.428241750731633
-0.624686829016674
-0.550875151556893
-0.37420169240526
-0.570199129296185
-0.495573888380706
-0.559153953921561
-0.581986621354563
-0.42065300329612
-0.570232040685377
-0.531761509266274
-0.556697299468904
-0.39407213758807
-0.58355471311966
-0.488921661873877
-0.383727769580737
-0.541487934088779
-0.562679617320761
-0.560363916394757
-0.446271104244576
-0.489687194225075
-0.56344360475564
-0.529739869049141
-0.527122586251074
-0.530399759637402
-0.663140901097808
-0.480943529455634
-0.423579763324844
-0.365118926995203
-0.471162133209369
-0.548406782525379
-0.473986127748259
-0.421009090199032
-0.543969935555223
-0.385935102519063
-0.494161850509811
-0.440609205951055
-0.47068118674197
-0.474980049864795
-0.352299986619668
-0.359481057621669
-0.477617716048936
-0.530923381481457
-0.46995176531357
-0.292822167103487
-0.463780811953798
-0.412624002311853
-0.388855332302806
-0.511253170585178
-0.537650265043696
-0.462397126539662
-0.319702975590137
-0.372429834151729
-0.512876011803952
-0.409034299999107
-0.384066203811773
-0.368670219045836
-0.458272835270739
-0.466370446873362
-0.312774094660014
-0.343720569574176
-0.401146093354544
-0.588687393973806
-0.397792796516473
-0.426223588929087
-0.42393661642701
-0.312481919689338
-0.550466592273359
-0.362199711919843
-0.472754521623153
-0.461143896619493
-0.350193528294567
-0.392204350236666
-0.346253871082718
-0.374325316456695
-0.221311042395644
-0.241625995343147
-0.363503752051254
-0.450396492055603
-0.295453390036317
-0.48791962461675
-0.332621245572311
-0.577353310849668
-0.494523686258845
-0.264769424622818
-0.412794955208227
-0.290008392968453
-0.390863367195738
-0.543243872873036
-0.269028804386096
-0.294857553576526
-0.306339509051747
-0.334165691741606
-0.2299109095431
-0.224429184498021
-0.33667718573349
-0.338097536353673
-0.371634500894457
-0.304114450047089
-0.462892834962766
-0.337616740983678
-0.354667998236008
-0.332950219081488
-0.136467219495678
-0.415088563151939
-0.446862587565656
-0.423105352561048
-0.33276408693038
-0.377639747445231
-0.30179743703929
-0.409321365279025
-0.28048168584239
-0.419029198890626
-0.320227614137184
-0.265709224538566
-0.32906851327182
-0.289646554390409
-0.413315013501846
-0.287820289958665
-0.267885499734214
-0.289283477846587
-0.474328843490048
-0.344634979934036
-0.24857068372387
-0.220608478703582
-0.276659749715659
-0.343184859891901
-0.281086406752273
-0.366848034335342
-0.199267873139439
-0.310836561519621
-0.256287484085037
-0.403424573990388
-0.352047272051068
-0.346015519280104
-0.258944893154729
-0.383173029038808
-0.28446794434981
-0.242282980155629
-0.146190737155939
-0.134371673241963
-0.164375791353174
-0.301729557271242
-0.323608594299589
-0.228191787217682
-0.308043525264761
-0.150996402122171
-0.256816488663979
-0.04549363874213
-0.285962892796264
-0.435532250557518
-0.32865236179073
-0.237571144881999
-0.172051809196105
-0.383627986186898
-0.360779950862578
-0.274609994494768
-0.151096912477773
-0.139246781004765
-0.233786889967566
-0.171512543592587
-0.277496994898994
-0.135267450728794
-0.112252688242474
-0.375495830734531
-0.175192845423071
-0.296776705857773
-0.192145223073464
-0.154458805531219
-0.171830133870811
-0.201096735146694
-0.0963087632417501
-0.19141104110409
-0.337513197281359
-0.22164178181851
-0.0718617499463862
-0.348783344571576
-0.18005618482866
-0.192194192869647
0.0032476715807085
-0.196558401356152
-0.157581398346743
-0.089039435423158
-0.25091520795927
-0.225457752263678
-0.15516726291241
-0.356205528807983
-0.0962256621416317
-0.281792855609386
-0.155749400423798
-0.106196041176274
-0.25426973272388
-0.13953312246941
-0.215049490928922
-0.272100322283133
-0.268762334906465
-0.112924881112834
-0.12780488671775
-0.0170637602333136
-0.186325128163396
-0.0590068504077679
-0.234968840828819
-0.282917004201893
-0.228990322713578
-0.185044937157214
-0.250459703138093
-0.0603023444378085
-0.185085631118076
0.00292312927065595
-0.0887602380630104
0.0440340335860389
-0.0268210388378574
-0.107421525168443
0.021344380398583
-0.184005072885479
-0.174812280563184
-0.105088910655125
-0.124809100187202
-0.0405205049296884
-0.197699379794242
-0.0721591086518593
-0.120203902947933
-0.0190505375868536
-0.197705817903439
-0.161734283712778
-0.162256285257222
-0.0703560185573936
-0.0902428965195711
-0.00576622202778476
-0.202226968450669
-0.1849797234742
-0.122824163111186
-0.0235717197417163
-0.171754417435613
-0.177935788780667
-0.170799516796205
0.0516928437693203
-0.101032642777994
-0.0533554366355544
-0.147021008680034
-0.158189639387978
-0.144695563664988
-0.153777227584061
-0.229200494524201
-0.137754947754194
-0.0564626900419376
-0.134308546708106
0.085694674285044
0.00477931423889794
-0.142190792120013
-0.0963008161446128
-0.144784749331256
-0.0173951289251158
-0.0982254031466519
-0.198650243521711
0.0987665329175301
0.10861554784846
0.0704648021187039
0.0366768097647115
-0.167229495070005
-0.0686559181608474
-0.0436847543147921
-0.051680015052901
-0.016612724204936
0.0311099128943242
0.0556578023370738
-0.138536613630058
-0.181481890919966
0.10685809728976
-0.0725653155065877
0.0172587349502237
0.0448030981060162
-0.0982863127726318
0.0468710422894252
0.0711656374573119
0.00947364164769371
0.0501708301717555
-0.0939567019634908
-0.19242229268984
0.104059086852377
-0.109094361059381
-0.0196625473925091
-0.0177926679054004
0.0696271299426478
-0.092724202869798
0.0289379560432613
0.195919760758507
-0.0318961005706547
0.0596777905928512
0.134298096866099
0.0977363488371878
-0.0110023942069734
0.113738911425089
0.00968312015744303
0.0433961818188253
-0.0104325743353749
0.198273306232315
0.136435786560915
0.133675417674545
0.0484072784613378
0.0841715080185645
0.115800379853797
0.0500002370663699
0.0409401392958532
0.12654376835746
0.0611923467394183
0.137715201399935
0.0405773929851644
0.0187065088396279
0.106904950995428
-0.00336542452411734
-0.0251662203095355
0.169723209317487
0.0914991540433002
0.0269642145572405
-0.0629604671658713
0.00925127284121282
0.216605085270091
-0.00107119974354013
0.147643313071433
0.00304409729520896
0.0257572688598829
0.100126364417668
-0.00332657756471606
0.170369592339503
0.0918383398240618
0.256860402172465
0.0478187636457844
0.201863279359171
0.0312127986064478
0.17611084686599
0.0425123045242836
-0.100174107237828
0.10569024998724
0.110938510129981
0.22422906405167
0.253614053801416
0.227315967725013
0.0061181839813083
0.116287582226643
0.239109794298781
0.135956783139976
0.125497711588761
0.133328769761482
0.0940544917575742
0.147437629878425
0.152576837713162
0.049190905959015
0.129863896326963
0.186262413679912
0.0761358938437447
0.315044098596946
0.0360294151750973
0.212535325629736
0.196846131792691
0.159698154694357
0.119605658068294
0.217104832813224
0.131290284213235
0.154738745307757
0.30489950883717
0.307418527830245
0.270734593777388
0.120953450818649
0.0860026947005469
0.135305061401541
0.201350101433277
0.123554841273434
0.20849883413409
0.145121862819609
0.320487471978519
0.0921429999330176
0.0716896221084488
0.183352690789185
0.1668860360654
0.372991455427958
0.317385386712648
0.198934478020518
0.338150161852391
0.242429371585671
0.232036565050829
0.263303472581205
0.234532389484915
0.193845994071138
0.133698070067233
0.269316147244005
0.297600128469814
0.273492330229888
0.22376043002138
0.333824943253396
0.240247871287426
0.360362510959669
0.208475799535486
0.148193858863848
0.24438214780669
0.289236438994816
0.283054414677715
0.170343959279475
0.338825677061585
0.239887906952094
0.308033280920642
0.296148327519695
0.117902666831932
0.0884319025454951
0.182019914355643
0.383030555778228
0.274664336276723
0.255802866777808
0.314302471235056
0.354259608446185
0.227999670291146
0.0906412719377732
0.372829987317191
0.296140837233349
0.22662279212497
0.359597576001291
0.0496086282015562
0.342729488610139
0.19232978113414
0.249286283544188
0.279392469204215
0.277515246867709
0.24961058505756
0.373600915319839
0.328418709606358
0.425982243215531
0.390302268387241
0.43849927547192
0.23267678176319
0.394068753021135
0.282522934350573
0.328306089213688
0.211446229485378
0.375878591544251
0.210017146875585
0.523048554941373
0.47260643144634
0.257751547536852
0.325596478686494
0.387951431939436
0.347806852101703
0.253627013871567
0.27343981567272
0.31413669562211
0.340245425038098
0.40425612248405
0.394633977581226
0.279922396201045
0.466881372352039
0.45504285465925
0.412894422433295
0.490245848683947
0.487923073933898
0.356964643868586
0.388664028352959
0.561297090500722
0.155268060025693
0.366345360136366
0.423381384310223
0.271505760089938
0.291140255919527
0.230881419744485
0.533229107447655
0.393765876821782
0.302664566255156
0.488146155399099
0.408159625019579
0.406383482186922
0.392444290371133
0.432941673879567
0.353769208499594
0.481077943664658
0.411560883385045
0.44851646874991
0.403253484914301
0.443615816253718
0.356169178714603
0.37153354190336
0.445726857068221
0.396872118555891
0.376419002270699
0.413351369535076
0.281526743091604
0.389040369655732
0.384395183988011
0.482019185588059
0.395518732717631
0.455272968800935
0.358353736287696
0.447450703699496
0.446731397411431
0.272134796071188
0.393382075413123
0.548573491351874
0.463508941387474
0.550056745621796
0.606021585888016
0.459332439703007
0.463137341320801
0.335239798708418
0.534312224903275
0.480114193642637
0.348676593365362
0.570610602208763
0.484683335177399
0.465276538946217
0.592540882679727
0.413347596966141
0.534851840547791
0.529963748765428
0.563923824601433
0.473309128209827
0.568616019284122
0.411657366559652
0.548460079599403
0.413603521372007
0.405621764925289
0.453720605438847
0.709473916442757
0.525627322018755
0.483135990320477
0.420455873107613
0.504863339342465
0.580762839880796
0.558284423734471
0.404948066569988
0.598047189894819
0.67444274334752
0.439273913402756
0.453788140962792
0.434214142119739
0.379476960548912
0.522283101842731
0.546789671729642
0.474550744815114
0.532358717707984
0.508708811731705
0.442390110352523
0.428576763279309
0.542660878645925
0.517814754338999
0.611620555899628
0.623216994369531
0.631803210087096
0.377380446806904
0.50974036717443
0.565413440690062
0.579793754471256
0.566156470356598
0.438428250758281
0.543894798025293
0.627402955100003
0.618016206987825
0.560153601465168
0.645109516609854
0.558219433589779
0.54974511513979
0.632254547053539
0.573163511853684
0.656214162355573
0.55456821149872
0.610388255303601
0.388421034281353
0.461502474279499
0.600823537011485
0.543672466196955
0.616795155177117
0.541920652028039
0.576518414200454
0.522510962704536
0.564932182055794
0.634940458214039
0.566450880521859
0.448740850756707
0.83055200295881
0.673541631086907
0.588078957772128
0.597215423698908
0.703953995425985
0.476501771168244
0.701736792235193
0.604480749730065
0.607422751359792
0.599951921911879
0.643903799472179
0.596511184836879
0.652980872115244
0.743766268036675
0.567281109250387
0.719692307382724
0.54845294031055
0.609752986351904
0.704069481720765
0.611791395900783
0.586860530577918
0.766605418558646
0.76027509777546
0.620644268594117
0.659322394595348
0.666076381107408
0.725917414405259
0.715638234853667
0.65579014954229
0.750612380232664
0.756238370502234
0.735291977260416
0.572280351281954
0.60638415374835
0.71334385715535
0.746220509789357
0.725497538054314
0.665441349820796
0.535154063886545
0.635338657592084
0.762647430085893
0.619681318848934
0.738804891817997
0.698310863507484
0.827772081812907
0.658332439657407
0.615359310995178
0.572725822953283
0.763224739712633
0.749339541390059
0.635918696671697
0.652445888199153
0.676752773814361
0.706876689880467
0.718835171313311
0.652218088801972
0.723609130099071
0.5826247018654
0.868664871322659
0.636221720443254
0.54806146918353
0.789949531052862
0.74880727132711
0.787868321929487
0.691742324457237
0.847613211764903
0.685311862984472
0.745454175112942
0.717475147110136
0.720198790743454
0.698599849075386
0.832573601306438
0.8796959638688
0.90705583137803
0.736503743820458
0.691964606191332
0.584938466706836
0.726213888552636
0.74086828018163
0.815667594811705
0.766414968118318
0.678168120508198
0.893161992519788
0.705173116349991
0.840448140008457
0.751742630418816
0.669525332637024
0.847154833820839
0.713803194188564
0.948310016640074
0.753246646441666
0.667596100300874
0.828330031407802
0.827481786953029
0.696702870338747
0.776764885076861
0.748819662420213
0.848567582963632
0.781389559157993
0.817308666197361
0.65315232555048
0.638818379585998
0.871650125630303
0.824350700431986
0.780293384713217
0.854925678093172
0.838436063654453
0.914489663647859
0.832528235163118
0.773222503798028
0.909072943609138
0.969657938510146
0.768405320904106
0.915106484314115
0.680955118305246
0.757947158264102
0.822903917997424
1.03567548231679
0.764205621340919
0.888877267921349
0.810505711126615
0.688761295729333
0.850256465879556
0.898615962472792
0.780655519945344
0.779321209982965
0.86374060606326
0.871784773390813
1.03880862325464
0.88780044357109
0.893226103336765
0.914908708648611
0.997575711915815
0.812399469212127
0.849422935979851
0.95125920263777
0.770300972454786
0.941141519168954
0.952763969188185
0.667559853800775
0.883379945545107
1.03925828587711
0.923806532451261
0.747612525159781
0.951244997715869
0.787714044330172
0.915587911289032
0.875462907776677
0.761566795709106
0.859740733764058
1.07117460888936
0.834195956706979
0.823409605066138
0.977723080083615
0.942380115856111
0.861918502517275
0.958441185798515
0.877286726878484
0.896274399601843
0.917327904796371
1.03815337716741
1.03640069812798
0.839459651878516
0.930068257694705
1.10403147102259
1.07632180782356
0.999878360378519
0.995120183371527
0.936248959093878
0.825172212008579
1.027080808445
0.987860199483308
0.889795620974632
0.800574010037953
1.03932641644548
0.978128961686145
0.796825188495584
0.767448922799142
0.820994823282998
0.962576769287071
0.845585579347181
0.962107168026501
0.828328155853162
0.962846185079534
1.02296717250723
1.08066037108856
1.00805843742874
0.983180175641663
1.01120990136972
0.970838507123077
1.0479518541288
1.04833512264089
0.973459038225893
1.05317091875766
1.26959271926704
1.13563653425944
1.01457096931152
