"x"
-1.16239201675652
-1.06885680590296
-1.1114882873621
-0.887300192621191
-0.94267414438148
-0.952192657272976
-0.997049653248125
-0.923272319774364
-1.12510011970492
-1.03026232046348
-0.995945699801155
-0.992563498483022
-0.906913133037888
-0.852140867854388
-0.91073016048776
-0.995878829160985
-1.00890289469396
-0.977631087678505
-0.939845925017238
-0.893200966558584
-0.931094611467869
-0.968218298545497
-0.836344991655798
-0.902793231385059
-0.965051365948319
-0.823643970970893
-0.928708781441437
-0.888626584928267
-0.944581991172895
-0.95824605058617
-0.981409875139917
-1.02203482351435
-0.924064237715209
-0.920086281020224
-1.03586708586057
-0.931088162805677
-0.936987671399894
-0.929093717206683
-0.809463157615091
-0.841507002874147
-0.907242626266801
-0.785101231609527
-0.79369561265486
-0.78342966646481
-1.00513172223723
-0.892505504334359
-0.895174646967344
-0.954166726340717
-0.905863588448144
-0.85608888813905
-0.781387169310295
-0.999805811881317
-0.862232699783886
-0.880389207981213
-0.903313311057716
-1.04221871183522
-0.913477420537037
-0.907889228080287
-0.965836542017933
-0.905851605760654
-0.700038024116894
-0.957346831970881
-0.883064406165443
-0.76425100256603
-0.823223391966564
-0.695686170393879
-0.880172371428585
-0.835793343823171
-0.810603340727075
-0.829353936785045
-0.855293563951223
-0.836852767628198
-1.07698225132702
-0.943664035662518
-0.946164673759933
-0.930554831146579
-0.865320140597424
-0.723195594901996
-0.754405099080535
-0.829177723732871
-0.83111968794751
-0.831191107874108
-0.867501433499565
-0.83989409959878
-0.783245850191736
-0.739193386074919
-0.800591396755305
-0.885789147190011
-0.880974377763378
-0.79579359690756
-0.720024954299813
-0.715516814347002
-0.766766226834655
-0.648883243942927
-0.827541069546984
-0.903510473652756
-0.857544000383465
-0.726656347285944
-0.796163727597585
-0.732783504918858
-0.876851065356606
-0.785516348016777
-0.819996774717838
-0.871678025778744
-0.813320014811416
-0.866751235915199
-0.790154362888673
-0.815256779229086
-0.807794040916983
-0.790642833235016
-0.816861801848833
-0.798111915513207
-0.791712964260906
-0.60366603267782
-0.800622254961113
-0.889347098283514
-0.64556578108363
-0.721204921309694
-0.631720682982439
-0.649679669398816
-0.657421947946781
-0.784513054152557
-0.717315028823458
-0.780588202999598
-0.710035060595991
-0.681086361345696
-0.721115024937925
-0.582469821646825
-0.662662728776134
-0.783104185740689
-0.682264380051138
-0.871673167002548
-0.637913538338692
-0.622225610341455
-0.726581039654304
-0.802188735697751
-0.733271382444292
-0.735506157843545
-0.648286619666094
-0.76151462893909
-0.674874593708846
-0.772202499257488
-0.787750823718644
-0.836274282575425
-0.635335483365777
-0.776765603764735
-0.629143980600187
-0.760117358386593
-0.758064269686671
-0.727366954080638
-0.559332472954031
-0.65703326339262
-0.767419503305514
-0.622976138645341
-0.751672729072542
-0.730011907082966
-0.588330502266704
-0.711653502390899
-0.765496332300043
-0.770014623249736
-0.697643969214731
-0.785728888082135
-0.610407025992475
-0.611425850229834
-0.691946152119301
-0.555058938943025
-0.569730707070575
-0.727223505902267
-0.540226003136234
-0.773246899272144
-0.71012523754645
-0.636567343565471
-0.738837667186237
-0.570335398701546
-0.715781923070433
-0.666668118309
-0.691830210158649
-0.620429613168708
-0.699107623718947
-0.647119691305964
-0.692009861535501
-0.616357070179733
-0.6101307433176
-0.598387348617292
-0.674793506254306
-0.618667325568222
-0.601319298690286
-0.686780209344834
-0.657194450089327
-0.831946568520165
-0.5185445528583
-0.657218059486706
-0.642716986643122
-0.637428037376728
-0.643069965261139
-0.661410449783892
-0.554528277382387
-0.725722199201025
-0.563438291639784
-0.58403101320456
-0.600448615959188
-0.699719203165888
-0.647109053472237
-0.641214345682076
-0.614460128582253
-0.651529330074759
-0.41518565899798
-0.507710490687512
-0.750961600055979
-0.645564916521785
-0.551429602121258
-0.469849373750483
-0.516723921056677
-0.516388311208654
-0.7109253592625
-0.411513757511584
-0.440802574649911
-0.727079821349939
-0.593958460755033
-0.544666979169391
-0.523314365116195
-0.515046884443418
-0.648710957595062
-0.416655127924715
-0.486834868117476
-0.652378908930643
-0.679457321460924
-0.484572737678806
-0.390440343492221
-0.454291010002806
-0.631149934665133
-0.558801869907134
-0.374164504542563
-0.574034759080379
-0.505698715120616
-0.556504832447596
-0.589178479184358
-0.410604046688557
-0.56917050030441
-0.525640109670351
-0.553581669452905
-0.41887148383827
-0.582657732063485
-0.459476610519484
-0.392743834659133
-0.523987731470648
-0.586523617649776
-0.582968764030066
-0.449726030944926
-0.476148276449698
-0.571043006527682
-0.529424657779091
-0.521669784946863
-0.523717654988474
-0.655457916924756
-0.485595384977046
-0.417565629170497
-0.368542903610344
-0.478853515771477
-0.554914995309587
-0.456503375699528
-0.413103649832569
-0.533033909402199
-0.389426729320699
-0.476639706872075
-0.435757061193566
-0.471049626989901
-0.481200417605971
-0.367644226976194
-0.360015522979669
-0.483746725889264
-0.539201803812606
-0.466453007553939
-0.315284996708333
-0.458236421525467
-0.405079396725423
-0.373401145418125
-0.503292312768388
-0.549886395658704
-0.4470626773237
-0.317457521692842
-0.388931615031932
-0.530331613677461
-0.410736232902054
-0.377518646001346
-0.33382690500498
-0.457222384483166
-0.477703042299869
-0.313972475855728
-0.338101068882872
-0.413737254690942
-0.578528531965919
-0.37046157951808
-0.412952749908344
-0.432264864962217
-0.307350130050356
-0.539255192781662
-0.3876985812535
-0.472615784453687
-0.479015338243088
-0.34545609608451
-0.403255644127626
-0.34128667464241
-0.387143495736585
-0.236133812411004
-0.225046254716901
-0.374476036769341
-0.432658216929733
-0.316572379411698
-0.456184131635385
-0.318004602858645
-0.566237693032774
-0.483534515385093
-0.26117149391364
-0.397874158711292
-0.27979705098999
-0.373607591953739
-0.50979296393014
-0.286549164038215
-0.306778397771519
-0.282271658865847
-0.36405696399734
-0.22861712231066
-0.221988051147141
-0.328790320274564
-0.319133922630237
-0.352431320492941
-0.29472866291712
-0.458380484230777
-0.338958910145192
-0.343308578471744
-0.326796928652501
-0.120167364886802
-0.407254751408706
-0.455405469461886
-0.424037225252175
-0.334248580393427
-0.374678478055128
-0.282035050212132
-0.415532014562572
-0.303505363293543
-0.42113957906853
-0.33036019193972
-0.259516363368296
-0.334852975593289
-0.272767012476228
-0.414611693371857
-0.281085286227589
-0.256595273142062
-0.272273217755838
-0.503932666843538
-0.34193925713022
-0.248009253117521
-0.205712137073136
-0.288900432571242
-0.332295930539898
-0.284668198710052
-0.352848825815448
-0.183599069646305
-0.307909404878667
-0.25717210108648
-0.381608298005008
-0.346879507608767
-0.328599276419898
-0.290047148490022
-0.400722547499482
-0.286988933603365
-0.251402953782491
-0.12524081094007
-0.124483476111415
-0.136436230147223
-0.311409627536622
-0.329492911635707
-0.221724103285277
-0.309107657944633
-0.175121261733304
-0.26519221334799
-0.0574806722760988
-0.285617006629316
-0.431922913952083
-0.341437415582618
-0.235432992945388
-0.17770495393402
-0.387917704062161
-0.36903996695421
-0.268281945364311
-0.174449152048717
-0.146749962182145
-0.235449143103349
-0.18062692469685
-0.279612525337961
-0.14033170375141
-0.123462344428859
-0.374134739115376
-0.170125326918061
-0.304475317657213
-0.211175099721434
-0.175915533125879
-0.183508101974886
-0.21125671198413
-0.0913829568947679
-0.194470166972993
-0.347174152849256
-0.238108942393797
-0.0889301699029512
-0.339834210331901
-0.178654764594121
-0.208805578219435
-0.0196166012604695
-0.200242361995733
-0.147226601950826
-0.0892070664442304
-0.241446840857257
-0.190835293738383
-0.17214292539914
-0.363645342249427
-0.095588835651939
-0.316788854520973
-0.147481828119262
-0.0751297915496276
-0.236821193844824
-0.136616079101018
-0.223973299633905
-0.272464517897305
-0.271067361691549
-0.120335865750503
-0.114688057823363
-0.00443992862571314
-0.187792600040129
-0.0620722632965398
-0.221884733443212
-0.277511122843345
-0.235622929273098
-0.163189233271894
-0.236063548730194
-0.0685081126294479
-0.168902349062343
-0.0299580520238215
-0.0625895063574716
0.0305001037734936
-0.00386849782660202
-0.11553370237514
0.0116056486715662
-0.16680974881247
-0.175512980415535
-0.111127727875626
-0.10789094530264
-0.0295818509205777
-0.196101255690145
-0.0805686664810432
-0.108578141607744
-0.0120899802769261
-0.195748572240297
-0.189045087325142
-0.150489611539071
-0.0683950838584204
-0.0720620984426735
-0.0121895270161394
-0.20548767337049
-0.193653310652744
-0.119709172146835
-0.0385377748494934
-0.185694527247996
-0.197727282004019
-0.158569870224681
0.0419926430656241
-0.0747916560669048
-0.059705606416856
-0.17632633614321
-0.161943669239464
-0.166302805007871
-0.134063953761688
-0.197341697094221
-0.130663052457031
-0.0686394397197236
-0.108612048470777
0.100295824694095
0.0129975271012437
-0.141401731996134
-0.0907309714928454
-0.136562076181375
-0.00367164362073857
-0.109108847389905
-0.188805048738131
0.0951526209052562
0.0885923146808787
0.0720365162760835
0.0578580992795492
-0.185948951250349
-0.0608108269104177
-0.0363660317192706
-0.0224641022841274
-0.015742706690833
0.0472883319878777
0.0277692896761211
-0.143213024660916
-0.183963655753916
0.114096004039264
-0.0886324672850241
-0.0232138920420726
0.0427000711123181
-0.103014309831201
0.0495101780775009
0.057224362208236
0.0179856908781511
0.0491093317381551
-0.0912759292936189
-0.186769058638402
0.106100721577313
-0.0924806280131009
-0.0174692779618876
-0.0201145531810138
0.0533190174323386
-0.109798847364936
0.013484027901525
0.192479667920073
-0.031043789889635
0.0432739251370368
0.122898947207863
0.0975976075904424
-0.00102582030568265
0.117346347395775
-0.0095074179519749
0.0300103391017134
-0.0136033633919853
0.194693535518077
0.136181798796388
0.144758334930479
0.0459507653160698
0.0857581646965579
0.109445934509851
0.0547650342168108
0.0415804235762925
0.112666203221317
0.0467255637144181
0.125486781757611
0.0299453332973366
0.00532378717979099
0.0896419422879854
0.0119043659565533
-0.0264173888433622
0.150365363046515
0.088441241192213
0.029500532198977
-0.054963543111187
-0.00619343655153215
0.194971549300189
-0.00372934703779037
0.149169961220471
0.0251672023079158
0.0463391671942211
0.0776376681720527
0.013091312856301
0.153436793131489
0.0820670092764618
0.241414703990043
0.0326128986713307
0.189874911281997
0.0244646079642261
0.167877089279796
0.036499229367341
-0.113109480667459
0.117591670308631
0.0955513326949801
0.226679702136553
0.2426501815112
0.244088053462693
0.013460515335545
0.126194038520678
0.233535097361018
0.1351303940058
0.113583109951869
0.120627885011507
0.102397628801629
0.151793419363127
0.146132052497669
0.0323973989079756
0.131096350804657
0.20402053451257
0.0758957929542028
0.327635960911905
0.019729877102788
0.203901953793715
0.199918700143351
0.181057272894167
0.13022490934117
0.220933023836113
0.107664257880458
0.14677266691896
0.310040366871943
0.297226900052528
0.281659538746665
0.0959788503821743
0.0828898869017445
0.135522868581863
0.169678213157682
0.111265988178722
0.209446485555915
0.150093554975139
0.304283059975861
0.108769780124091
0.092029192496126
0.199592015307641
0.182007063999144
0.384976916861827
0.32316057314145
0.201845848834768
0.340009628095869
0.214663099182265
0.232202140768474
0.250375120894402
0.247165969874254
0.202582247763616
0.13000800631292
0.261274110975642
0.318679324342122
0.262871343016242
0.221928499356311
0.345753999003459
0.259967397234506
0.358241261718621
0.210672065973267
0.144204918547936
0.235344601465614
0.289846614982678
0.286702888221469
0.171304119186243
0.361055829547848
0.224738880169884
0.294016859630788
0.283224681552305
0.120164546679799
0.0768435759309258
0.174569420625792
0.40040450549997
0.262781688021546
0.274548367060026
0.317883110176668
0.338730749826788
0.214657773806962
0.0870321573781043
0.371587345566399
0.301479669937093
0.21901273245086
0.375169165038121
0.0666749691431933
0.33660863904693
0.19820498683284
0.239404842078172
0.279041469112467
0.261710281478021
0.26051841641756
0.364142683669735
0.307779882853824
0.410423275415409
0.391979493112065
0.43032345235267
0.212302271221571
0.390297982986276
0.275763553152676
0.328912163375875
0.229827874514431
0.381336433271679
0.225113108546499
0.525915329086171
0.460929321625863
0.27369508534192
0.34680595149097
0.376956193235645
0.365499401298399
0.246093355490038
0.263761665931078
0.316708868157323
0.345033719218243
0.413868416119815
0.385819995724601
0.260845318015684
0.468486243198665
0.440229238247737
0.405753738915618
0.474228889914438
0.489349911156002
0.337826932141821
0.402781098619287
0.549522683397377
0.163370061878328
0.359551669034559
0.432492429395513
0.254860826530071
0.303971183784317
0.253711688679446
0.531042342658529
0.396472853905463
0.296101828944617
0.508476522387312
0.411702258024195
0.395053242557478
0.358302479613347
0.441354421438941
0.320477826114716
0.502133955972348
0.424346339065556
0.448048573836473
0.386669108940049
0.440373909506773
0.366122998216304
0.383568881887428
0.446930855031479
0.373693161194829
0.408257612853953
0.425720524372176
0.295963722662435
0.386937815323586
0.417607967170379
0.486653137141352
0.383089336879305
0.450829259058833
0.355257145430416
0.431319092269318
0.451270654590672
0.280280859359676
0.390054450071392
0.54000831456164
0.497267896907472
0.55309503566201
0.641644340651593
0.435363831550101
0.46031332407801
0.325589138055127
0.544001091118166
0.490389340988012
0.353206813682908
0.568500062296712
0.499235678004745
0.468760075244009
0.591232648370838
0.431675251100964
0.546037046886239
0.547071916596024
0.574041826647553
0.436495308523528
0.548878763663061
0.423053254784433
0.55854295519403
0.416145398104164
0.388500740150104
0.43503297198646
0.745366930084158
0.513065926852215
0.510557510291883
0.424296560005619
0.514764419718769
0.570706516461216
0.546265335588624
0.384719134208461
0.579220082988527
0.677665353458495
0.449931788967803
0.466332255103156
0.439232070271252
0.378639361472769
0.525640319425908
0.553034248698807
0.485883537255707
0.537497318623942
0.509940357115819
0.44726667981025
0.434199344915427
0.552043504830252
0.532069243304593
0.602938770864448
0.663166339329076
0.63496513527685
0.370079389667207
0.499657901690382
0.570997050286197
0.600105272180383
0.59354989522298
0.436498524490034
0.550831509653314
0.634230822202258
0.610633217342489
0.566239670317843
0.652845165491697
0.557831448659848
0.550597387709285
0.615164766038371
0.559517562688577
0.649707902425983
0.578087033792513
0.598326154463291
0.371389892682492
0.460001363214829
0.586958565551218
0.550691166067566
0.608855008997236
0.545979666998888
0.554943792043218
0.536676216816098
0.568536579611461
0.624803563925118
0.57521730805761
0.451841165061292
0.837164870318548
0.653414179826495
0.597399835642933
0.596994881657991
0.706096854273412
0.526386917511852
0.714425627309758
0.605507812443856
0.591007144897378
0.591207346196327
0.62535604257912
0.599790116941224
0.64364535248179
0.724038970931709
0.57658028809159
0.729208454538508
0.572916307349598
0.601493079416606
0.681011720942072
0.586181556803844
0.594327890514291
0.765267615914479
0.761053364858906
0.615786836764287
0.68303701951783
0.675454564413723
0.732509829837852
0.714679349549574
0.666594658543847
0.759658251570257
0.774297532032939
0.739189506492557
0.56988244094111
0.601442541366073
0.718037114487427
0.740410368426477
0.727251937138754
0.663473949584564
0.528102960288836
0.639053055614208
0.783630193879639
0.623398266263603
0.723176587977744
0.699068957086611
0.804924982619948
0.663115972263218
0.627766524368112
0.574892648052162
0.772992173103335
0.764793539357316
0.611436024868366
0.656224085914467
0.692681803274966
0.683996586663442
0.70061774980793
0.667610092659896
0.72057742975901
0.584849112336212
0.887089426977064
0.642624293114843
0.550717005926036
0.781002404374367
0.730217858518105
0.755653891753618
0.667546305680446
0.811637452752101
0.700290690531093
0.758373230222524
0.714678037835483
0.727781239494002
0.727863169243733
0.84975553106155
0.889096902374947
0.876913029679996
0.741555053473524
0.680167318211987
0.565184958322388
0.719232341551121
0.74248485266644
0.828052978962143
0.748552260831444
0.695053533874745
0.896055653106052
0.711049077261463
0.856232060716742
0.779206967404022
0.666160537640403
0.848112195452915
0.714778523433497
0.969841695745178
0.745195823304152
0.644852329662452
0.841159361205706
0.839286334583546
0.682841206877282
0.766462711807442
0.726858038621548
0.862452103467564
0.765863983408473
0.809644402435023
0.678703740281886
0.645553737841495
0.860758590737126
0.835706519618907
0.8155419064794
0.84295769174357
0.853263014343754
0.929858294491719
0.836147861453435
0.792616941663796
0.904275756865939
0.975554124223699
0.771523870482939
0.912642421334735
0.694314246056942
0.737663821463297
0.818107104503458
1.02589280127729
0.745061180144306
0.893621189633395
0.839763670537391
0.666109748549189
0.861290326454974
0.923959255038005
0.788777717648322
0.761639550793056
0.891800624274629
0.881035303455747
1.01285843500138
0.87941669451508
0.90864499594304
0.900720754039962
0.991675653894725
0.811136417306126
0.851749742526135
0.957695796366893
0.75582953891686
0.971161906862762
0.951585744624398
0.690061620916881
0.883028051839986
1.04072323870788
0.915058905015569
0.730616727714409
0.952504436233118
0.805912306966069
0.906465402552415
0.868446366995165
0.762332158182124
0.862944904030511
1.06553641543488
0.829182704638236
0.830126922068726
0.993847834404485
0.942944062251734
0.879204662373902
0.938421132715014
0.876152928430049
0.902334871709353
0.928053763698571
1.03346440171538
1.05186936744203
0.846167153768847
0.916223675011077
1.06954823030674
1.06328666353833
1.0197596079616
0.983335614527609
0.928808998377687
0.816491110160718
1.01661100836156
0.982336190149801
0.916994836502246
0.808969491448698
1.02072349343503
1.00850060829834
0.781631911885278
0.751811048586317
0.824098291141624
0.966992176881784
0.854939516766233
0.945786722174925
0.827755193750672
0.969974854844856
1.012858892987
1.07139348186338
0.996531027219078
1.0002853911058
0.99471094621343
0.979016729006765
1.02236403678855
1.02980153916247
0.982938299298834
1.04959219649122
1.26122099439931
1.13424801172312
1.02177593750122
