"x"
-0.940086972579397
-0.860631920314541
-1.08387253546452
-0.854018141573478
-0.890109364155566
-1.02641213693932
-1.11783208372322
-0.934753733594768
-0.921195530415758
-0.900383472822042
-0.994979116248796
-0.985340949853637
-0.949548488383202
-1.18716413038001
-1.00388071597147
-1.00448609104565
-0.984140820554023
-1.04588485364835
-1.06577491178563
-1.03383082222938
-0.991148807464354
-0.862548334704053
-0.99991211267408
-0.862532909415613
-1.00906185650793
-0.925021133716916
-1.07232472710752
-1.03727042736034
-0.98157007457178
-0.893720677308277
-0.953377489436416
-0.826302276511008
-0.857320925039039
-0.882889936402555
-0.794995041853401
-0.884896303983908
-0.748662743132813
-0.974519515012371
-0.844546192018503
-0.895055530558651
-0.896285745426317
-0.852018403062738
-0.891915871682036
-0.887673253058212
-0.848569051687533
-0.844174647139892
-0.904006574735373
-0.950362834956
-1.01279123386308
-0.80939276579962
-0.880710700170502
-0.86902773833262
-0.736710134005671
-0.846454115316967
-0.825603903841559
-0.985642145853305
-0.869090353534779
-0.982223686885285
-0.816390384802562
-0.879910297246782
-0.795517791129667
-0.919605367544354
-0.818398600709166
-0.936364823484224
-0.947326787006297
-0.913898804590878
-0.835580188588639
-0.909682109658141
-0.89469215643894
-0.889565070838713
-0.77732411871437
-0.831521116213964
-0.970004929271927
-0.819627299664126
-0.753014380918011
-0.84259654484462
-0.806525282090365
-0.761435119852555
-0.698282068322273
-0.875020617678541
-0.822082388389173
-0.718558234877732
-0.925778914947815
-0.777350721327358
-0.830437841826593
-0.873267917124452
-0.877340687657859
-0.827933858094835
-0.824248547421922
-0.849040416398811
-0.713196722271155
-0.895790179251269
-0.891647289599324
-0.708181469719689
-0.871386052673129
-0.768894806080981
-0.751866709168908
-0.668853677445067
-0.746794000958127
-0.892179763758456
-0.830132798591716
-1.05741181037545
-0.73195443922089
-0.773432351462241
-0.553732678373173
-0.757967509532313
-0.844908054406255
-0.850359092013704
-0.748178531594784
-0.782500108809192
-0.718568005719913
-0.792292499547652
-0.781689134952392
-0.694028663483548
-0.806087266802651
-0.820672732014451
-0.738244922716485
-0.779540028240231
-0.635676568329113
-0.852362657665408
-0.619382750654599
-0.835706262127489
-0.871764005218477
-0.673042206352107
-0.883147583654438
-0.746118595213846
-0.797969167835592
-0.618319961051404
-0.858507738812904
-0.66850709327036
-0.698476170401662
-0.685525126960336
-0.686596240669436
-0.683411328301331
-0.714752615539644
-0.705450543322602
-0.709983518049336
-0.788154490772954
-0.700317351233568
-0.883574178987137
-0.771147842154871
-0.771537781498396
-0.686315804457217
-0.796009575323129
-0.718443532990357
-0.426610643802501
-0.683104398343719
-0.741723950659737
-0.795980283692234
-0.684463482878351
-0.746706216090284
-0.62415015461922
-0.770954748484238
-0.686916310567321
-0.750931512373879
-0.679855793832524
-0.741564354353343
-0.705251608439353
-0.784442249587506
-0.766378920744065
-0.761544063363987
-0.716879382010679
-0.609466399624292
-0.63972430960065
-0.565256341544724
-0.762923436907961
-0.612015136593247
-0.681382185547164
-0.657156183499614
-0.63608936658248
-0.638366249157178
-0.716988422284845
-0.667618973914211
-0.723030254219847
-0.74218392548415
-0.623642846625886
-0.682381097540902
-0.590705793462723
-0.75060557630071
-0.690659951462453
-0.777029323097786
-0.640798134634951
-0.682340335693926
-0.547915904649158
-0.689579766284149
-0.675603595416986
-0.608606679758555
-0.502719257338398
-0.65619470505864
-0.58115576847983
-0.595141873836317
-0.49188910740496
-0.607543230279859
-0.462579282121295
-0.691409259288448
-0.546324482411744
-0.627022989448477
-0.727805126715293
-0.528769080588162
-0.530054477620242
-0.58356195310395
-0.538802011205595
-0.681992249069601
-0.611975704850524
-0.623974247442992
-0.689817913432779
-0.529819236953986
-0.69636306374796
-0.71073998822019
-0.556941978475932
-0.536998642237762
-0.563761566624001
-0.445432295346623
-0.526102285682002
-0.567682636254321
-0.461287371241248
-0.618328949822656
-0.508574310584342
-0.605402802100051
-0.501334091244318
-0.688112963941664
-0.569026371992578
-0.673065035302361
-0.470942540598381
-0.512075118630815
-0.568569265975203
-0.591731439447614
-0.502562913049172
-0.614441092031619
-0.557253014720742
-0.57372599628161
-0.480509977427214
-0.392549492199338
-0.534778745094965
-0.505598477346237
-0.528979846506783
-0.428363851951567
-0.503248457372832
-0.519696020935188
-0.459018590054484
-0.484560651819943
-0.567259873027854
-0.504008107986617
-0.645175071222822
-0.538649082127677
-0.476222135127406
-0.557600130810524
-0.481093746501462
-0.558325505749668
-0.418190132457963
-0.543811074329988
-0.445354955947711
-0.423611834169316
-0.3327394163885
-0.593889190482394
-0.379435363020717
-0.510032839969829
-0.559344500516196
-0.469614854647555
-0.450944622704843
-0.488638772875662
-0.501743149833876
-0.328988238941189
-0.651330734989201
-0.547036558729026
-0.470346053570129
-0.536565880797108
-0.402401021711568
-0.504197217182125
-0.384193130726242
-0.396511025000591
-0.534867594052706
-0.560085924398093
-0.343562500358458
-0.420168867678701
-0.532071922808575
-0.457226455461927
-0.416211832563113
-0.333686754507353
-0.477233715050139
-0.42967746143046
-0.279100480825309
-0.411719398887344
-0.411813552018231
-0.438307589424274
-0.426391315210377
-0.485728790108899
-0.494422264725804
-0.482488158797338
-0.406674968959358
-0.560305219954799
-0.432456835431427
-0.271320457761307
-0.525155242557002
-0.440501514185529
-0.383021911373544
-0.505416079790213
-0.284495069917153
-0.475492381575848
-0.4059007808567
-0.429911338505101
-0.479182466038884
-0.484544647525988
-0.339938576783551
-0.437831093399782
-0.39351408771266
-0.468352222270734
-0.422041230775574
-0.385977604250057
-0.536494863310716
-0.427739161601414
-0.373370571776781
-0.463833582540307
-0.400953916672069
-0.581104712211164
-0.336822959505517
-0.264851194544702
-0.300252903968356
-0.348590744078913
-0.467937655476829
-0.347835135195602
-0.31797024746009
-0.438758456871326
-0.251759115192894
-0.428710278925123
-0.354837677201187
-0.450347050398898
-0.355466637734465
-0.218334847385359
-0.285492105220678
-0.338716768772101
-0.354516119841749
-0.351837321619788
-0.415945142195328
-0.265597526893112
-0.364879233907019
-0.318506286836852
-0.265129464658046
-0.348032952830387
-0.312309088865686
-0.278015372248009
-0.37396818826782
-0.237806774688889
-0.206093357678563
-0.274886884353412
-0.37406601155135
-0.187513213291821
-0.271045716073882
-0.409774374190638
-0.342565706494368
-0.257986330945383
-0.336389624974417
-0.381282326314731
-0.328134110293361
-0.165041162969233
-0.199866018984988
-0.154352731984936
-0.13842132455013
-0.236009171298271
-0.456992210267082
-0.332452677761498
-0.19443002120139
-0.268576067896228
-0.292293044645796
-0.297599374932045
-0.278288458913615
-0.292989111892046
-0.107886720790873
-0.167870176319554
-0.219587368981143
-0.413941456911043
-0.251577277907302
-0.115561215220732
-0.254279427301819
-0.384716297869183
-0.253938797096887
-0.415010736654111
-0.195176835124373
-0.254051316857089
-0.085724782627157
-0.118181748382481
-0.176142893861422
-0.23015750051823
-0.20700991676052
-0.24014085221618
-0.330478116052783
-0.223579343538195
-0.134492675685661
-0.104916009432563
-0.27871871993779
-0.168166799353024
-0.200306171223934
-0.00170621367798265
-0.330161104962816
-0.13543755682669
-0.252896799540577
-0.0826352905716005
-0.107721756556172
-0.225971254001998
-0.0573293787424809
-0.259576858945784
-0.302071465573802
-0.274522282860631
-0.103896759716718
-0.159791024277631
-0.11214902734891
-0.121191620739532
-0.118465175527715
-0.336704576039337
-0.223451499405479
-0.264730153114195
-0.24907811071997
-0.0351649267337158
-0.111509188704528
-0.235219846891678
-0.072561158582516
-0.130855059739935
-0.0996749359463018
-0.21253810947276
-0.161856050035811
-0.214262509658538
-0.309252588061059
-0.234888322736214
-0.180374222047221
-0.315101488752279
-0.130350395946951
-0.084542314534918
-0.117650149224646
-0.0288266704732146
-0.129931982821859
-0.19593417438267
-0.108506152783119
-0.170610062360816
-0.0634438884750683
-0.182455738436935
-0.116438320987331
-0.0417225914973962
-0.19091094308315
-0.146836077722016
-0.0608662870089173
-0.150571486777255
-0.116758429887074
-0.129039421665201
-0.0455649257223576
-0.0538353074951215
-0.0878011235389953
-0.221035632437343
-0.0345262004260932
-0.0379007415960482
0.00261803084990955
-0.132796113822615
-0.0367801871358922
-0.0734930508538626
-0.0902651429475831
-0.124750818704542
-0.0965572705222003
-0.225840463722209
0.0919386653222935
-0.0430140182481078
-0.0146992303720985
-0.138113255283789
-0.00493178453804942
0.0669064512035225
-0.011767192064978
-0.0625384439497449
0.0356716553913552
0.0549813603242289
-0.106503227120535
-0.1463202786096
-0.0606179505467352
-0.189036403087839
-0.00163747823294948
-0.102106216771839
-0.0206854259255866
0.00491826363105955
-0.0495391922067575
-0.0186569479407535
0.122016981509996
0.0470840980173293
-0.0764982708919774
-0.0487433954379945
-0.0278551156175442
-0.115951955121196
-0.00179020190818833
-0.0852401437963412
-0.076157587094236
-0.0265546124489496
-0.127533624403178
-0.0610657124488319
-0.175043216643345
0.0206201280758637
-0.0672194621806552
-0.0323668177603677
0.00366312368869498
0.0709385288673184
-0.0705643592541615
-0.00159943443328615
0.00365204446541861
-0.0225169888854342
0.0433679031112846
-0.0984710990841454
-0.066581300288332
0.0341113920559881
-0.0206301050546804
0.0235243579382572
0.0291475329902547
-0.040379395702945
0.0166613683722986
0.243664740744436
0.0424985120389197
0.0137143238886303
0.0687858422832585
0.0325991324278429
0.046229431049557
-0.0853105603767437
0.118961263356288
-0.0346221485992018
0.0551954218242285
-0.0694771855853791
-0.067037508096554
-0.0333018341116326
0.0987249119166272
0.292433979730954
0.0176397435693075
0.0987124642418105
0.0265804491721468
0.0498743473406531
0.152629894274153
0.0948912150038429
0.0575767953524847
0.00198817217715626
0.19622752201491
0.00201581826461335
0.206677724319264
0.0769798967959592
0.211240282159335
0.221081756066539
0.0844070892431472
0.0619024283704044
0.0957663434702949
0.0790925802422371
0.0180860345645621
0.153943581976324
0.136891632688732
0.161771086847826
0.0599909524015025
0.126459497683393
0.0290548414423953
-0.0701722534794441
0.0934915545967585
0.166465093048871
0.0596868661748863
0.100499827104424
0.215725429595217
0.160657481653612
0.0891860885556379
0.129920315623692
0.0978666514772271
-0.0169762680810956
0.162452257168918
0.141209897120533
0.184113113938685
0.017048853196103
0.160946203996095
0.313474283104474
0.0783724297381831
0.124649552474853
-0.00137858913680225
0.0922725362547262
0.147136402727178
0.147130343309451
0.120427897925423
0.285465457549165
0.077407216548617
0.148882289719134
0.189552389561564
0.223920397454721
0.148761963323897
0.114737507998867
0.292963156146723
0.0601060215726296
0.235218769669143
0.224688962603769
0.112601466040299
0.159330975303081
0.300646782901038
0.248823395629567
0.201291795267623
0.115155039498025
0.152095602754147
0.0755966567036928
0.156952109639449
0.12012322157107
0.19777076518367
0.260386995640446
0.205320560782154
0.159110371019445
0.261411983603086
0.251951060205501
0.224179572152091
0.279423325718036
0.199144293655788
0.196885405122684
0.144804950620469
0.212712937240405
0.192288255352516
0.207029403694879
0.287128611300458
0.203801619912128
0.124487500104124
0.203077422381446
0.169632543174618
0.207872946693606
0.218781730525774
0.266989242825756
0.154092469219488
0.217241173034181
0.145118483957144
0.168988952159444
0.248014603152687
0.19991284970579
0.243349321190428
0.278250638817659
0.393183099303254
0.485450739901674
0.271825977358748
0.213528151672723
0.206905557577707
0.241656984089553
0.22860977716522
0.200925787373129
0.161347988228664
0.313372659476887
0.125575255773074
0.364124417089414
0.419592670110779
0.181016813434289
0.255841239461321
0.170328707620175
0.410714724304812
0.251831309192259
0.213224311740243
0.291319749590355
0.299624819406163
0.144771533021875
0.292528919780712
0.318448433277662
0.405160703414118
0.179709652418014
0.325929718324246
0.424000827036601
0.263063490677557
0.23300699058544
0.365078053490871
0.155815966043857
0.435814669979401
0.386084549917381
0.336776638500829
0.49288841218439
0.436032872025092
0.286643250366155
0.292617583478731
0.348432703632504
0.181078329369551
0.39643201488327
0.223280435440036
0.260326505420806
0.368467266602994
0.300221117773212
0.262058496184592
0.401534927190067
0.578722260932218
0.470019413841564
0.282879978816603
0.22371480591934
0.442499199520441
0.379060659988057
0.362265567050258
0.319754718911964
0.399173480567522
0.382056805020885
0.420211525511562
0.341739939881057
0.25102332722906
0.361652142941223
0.398479500294529
0.347061497234734
0.306991869301039
0.431859055893711
0.368707466799426
0.422405385206698
0.332087591529392
0.465396683731279
0.293013144965056
0.339688913850194
0.245060195285856
0.21226106243089
0.440630217250936
0.452323039054975
0.409874603547115
0.326072704138718
0.409879426410128
0.464256385742478
0.513715371728152
0.42420756784168
0.351153332931413
0.42297994298624
0.418003471490783
0.482705797875784
0.433297623715063
0.367061157563913
0.597429811453996
0.444428568888142
0.564547999705893
0.513203245159749
0.498395867775288
0.508390554336477
0.427953854659989
0.451218203118923
0.530890769869851
0.503978701095799
0.410644968810105
0.507799334530907
0.487770169920297
0.467474837214314
0.415940708418775
0.407741500658177
0.305864240210358
0.319964694001349
0.414865687244373
0.404560013031571
0.441194332906636
0.431949458690718
0.50177420621888
0.428580794915291
0.4664889500666
0.46865811303681
0.503723615296527
0.507210401726714
0.532618375732341
0.362320762651512
0.560645062659468
0.520562642715687
0.386056066511306
0.405476557905885
0.407352065284735
0.513188408227355
0.357999252205077
0.590755517915057
0.530779480682733
0.407930998827378
0.511795454881809
0.603790694186548
0.549784089429767
0.56322736696056
0.588944275572435
0.418068787666657
0.417524354363212
0.546989707585041
0.550530131330739
0.434393834969967
0.368069897759417
0.629391115510547
0.552449862086656
0.544955508950624
0.574531144071582
0.556606262603876
0.519807799129933
0.52320072088837
0.583153237778669
0.453836984399355
0.575498273556721
0.55903046789145
0.428767575689829
0.654842662019351
0.57598893995693
0.653477281361129
0.487124044426278
0.484092386013785
0.480758489940785
0.655793758165024
0.501410088315777
0.602705691765842
0.624741657101079
0.519517688755426
0.636890290282982
0.643612736569746
0.610611086610493
0.6911670002264
0.578025233355304
0.695433145843698
0.526935146005902
0.599250267685633
0.329732981074226
0.521594292740795
0.527140462255848
0.529949849899723
0.645694946312792
0.594928610514569
0.662694768678757
0.499409883400945
0.483390518127781
0.621557765712839
0.762042444958478
0.66109516370235
0.650320701696735
0.469511308463151
0.603637903680969
0.636957010092103
0.607889998039088
0.699162905291135
0.617616174097649
0.487497174311798
0.613341254592933
0.659182399425916
0.573091806978629
0.702739375351632
0.762715623679644
0.446646225908711
0.767499287852752
0.568523389385956
0.723307797009345
0.450584439518484
0.591933860925989
0.709845406625496
0.657557038984617
0.51644559015117
0.653928102480643
0.550468953858532
0.723235889873907
0.71332828852885
0.683440108390892
0.550859031324381
0.803834091084391
0.705712928321775
0.509160679325049
0.664852028653644
0.807682729275263
0.789170098395027
0.623494328381335
0.814995369415424
0.560496163615903
0.664985106698096
0.749208094686914
0.603265906952776
0.655524489065706
0.748853371869933
0.690709296600542
0.753460672899791
0.655243575296829
0.655164689745586
0.740263873260909
0.615826922564165
0.74739341097845
0.645492301480935
0.781001055124108
0.679850223214174
0.776037872304019
0.531511743866956
0.84754154891125
0.741991157231674
0.743471268643788
0.718268077929416
0.759131759394843
0.657769912499232
0.701158200248394
0.809605951011768
0.785600713748274
0.739408151048537
0.678327475097152
0.561988609762416
0.558811937283536
0.799960563217454
0.763228985404802
0.684876413143047
0.792517296121011
0.705538728218717
0.674600850218305
0.840625799124575
0.904045591101844
0.699084006582348
0.765017350429876
0.773718187309044
0.681605028913498
0.798718866108982
0.811194170601845
0.858042178872083
0.855964754468914
0.805464674648655
0.753232674927722
0.600336164806565
0.845195486183781
0.543276553326686
0.872445888092236
0.817159969523577
0.865830098251745
0.799956748164884
0.695864212485399
0.798073276937086
0.785742918773255
0.743242263047147
0.769617543079145
0.85304332472369
0.799408118363044
0.748765390851675
0.64038182183566
0.983876714851282
0.713869125626887
0.801362910783552
0.71902379134976
0.820027145608052
0.826949140213066
0.961112455240606
0.871400134823125
0.732343391379768
0.875759969378333
0.730609327938134
0.760182471980048
0.840575713899846
0.821281201757507
0.76783503260292
0.867726294849451
0.802112547149492
0.943846792812117
0.774047377280863
0.94327288166345
0.892897730988893
0.721266045425459
1.01240414615266
0.808617381846418
0.882511393684997
0.778492679083404
0.835587919729026
0.934155835743468
0.825892453243343
0.840333445430093
0.882661938257795
0.870227957326841
0.912629406397457
0.902389166390326
0.917873854823071
0.921132165557251
0.855199924560549
0.870396865822363
0.845841721383162
0.883955273333419
0.81653761494122
0.747263749410117
0.89928376035222
0.894610475314558
0.980262528589288
0.719794801611633
0.861663684314878
0.910086168429243
0.823999663672791
0.740672713909921
0.759200210769129
0.795868474797273
0.86454660017418
0.791941600189014
0.875954454433715
0.901069062567778
0.976384103152502
1.00538362606772
1.00032461688992
0.782695266659685
1.03009428228844
1.0268503467906
0.97182699177073
0.912851117215337
1.07051878710511
0.964548163894333
0.884744868708398
0.980063022996387
0.935452454895498
1.10016422264398
1.00833119598349
0.999845621867688
0.799086158702663
0.927398697677659
0.990965531095132
1.05795279774247
0.9742741525582
0.9754787988935
0.904588611817371
0.941790311273985
1.05084119604773
1.05748470129104
0.983339125916013
1.00728715063468
1.02833385893733
1.11795636051051
1.0614612604225
1.06480912815018
0.946826815523995
1.01723516552286
1.04862716183726
0.999002388570795
0.910283544556765
1.00485401591878
