"x"
-1.11019484824049
-1.01781979386554
-1.0520986146764
-1.00132806488883
-0.919413631361679
-1.01284883511558
-0.887174859726463
-0.964578123657959
-1.09158265572489
-1.08284960187368
-1.00822403320551
-0.963913597108156
-0.910398817194494
-1.04083624399595
-0.876812455196373
-0.972267777319484
-0.905459230201919
-1.00701634609264
-1.00386938567199
-0.901741276334505
-1.09964546804126
-0.98793542728446
-0.901452726195906
-0.85921780812544
-1.02729600040267
-0.913322281126828
-0.901794122761321
-1.01624468223842
-0.968601621024406
-0.914657505335219
-1.05818683144088
-0.848323944008924
-0.890745113902141
-0.801635168374125
-0.834580822021783
-0.890010201597486
-0.803993267212051
-0.907713839102184
-0.874492681387526
-0.944115442815428
-0.895126446036822
-1.05613093893384
-1.08206598118216
-0.960559940145985
-0.843594000952578
-0.935415845502553
-0.998191468893635
-0.851330895478045
-0.798403861896761
-0.902730276183339
-0.891499163864447
-0.880974592392394
-0.833127525386882
-0.862931633614627
-0.855548026769093
-0.838443325338116
-0.915563268589682
-0.834059107663306
-0.958197092458569
-0.966307509572861
-0.829840746172228
-0.885774914063441
-0.907811862856135
-0.842036573705739
-0.896429572863595
-0.953658243611647
-0.926352302166527
-0.826031113420855
-0.906975052630802
-1.04133723714755
-0.965582268883078
-0.8740017549409
-0.974840649437289
-0.821546822523938
-0.86429611640334
-0.891725601780735
-0.888362809045802
-0.887793278945313
-0.88423327550126
-0.66714723277923
-0.875953738857942
-0.83146947161112
-0.814962347423555
-0.858448308351354
-0.914112836062374
-0.840412768847154
-0.791909220167279
-0.869704606238842
-0.792909747434598
-0.933973747371645
-0.78436542775096
-0.739633886811019
-0.870380935843504
-0.842821270986194
-0.786005926200721
-0.84676660826088
-0.844130428047584
-0.719382403123894
-0.786568461375746
-0.687835231383315
-0.847210542916413
-0.761209347197198
-0.73895065970045
-0.703707632324259
-0.728037599019637
-0.888618442748959
-0.635070057659496
-0.714079862365904
-0.757488185584295
-0.788942511116613
-0.82490737396872
-0.867184529870287
-0.778503838766077
-0.821923331985418
-0.859983981340061
-0.845383722356967
-0.884132827726232
-0.592549358752168
-0.77627176309236
-0.748449043800066
-0.767561135109042
-0.882546900273321
-0.814241653036601
-0.585494134105381
-0.47446938408329
-0.665203949573224
-0.693191551315398
-0.751326832805465
-0.746947423075549
-0.805558340970859
-0.751852445349645
-0.738057196019175
-0.752027848064738
-0.7168399301448
-0.636152779690707
-0.786731664456973
-0.814366980057259
-0.838654290986271
-0.575981808966427
-0.685825104125557
-0.654738372616124
-0.736860646066051
-0.703600551201828
-0.698506988068132
-0.632526355120599
-0.749837390693451
-0.793096468745708
-0.762375663788627
-0.639193567479858
-0.575051966549892
-0.56585551241559
-0.676304695656503
-0.65616644061168
-0.608330404693047
-0.721049894873796
-0.688151735333365
-0.839605688498956
-0.777400700601526
-0.579457542057391
-0.650119724457677
-0.702941177005237
-0.697779447894642
-0.796022341858679
-0.799159527953728
-0.68944293908093
-0.812825715198421
-0.607443338911238
-0.566615351723491
-0.670033002005081
-0.516097266815323
-0.627601444754761
-0.633546213956651
-0.653861597688956
-0.595320535829001
-0.631238529544409
-0.653730366131091
-0.51857326854649
-0.592822233908853
-0.531988045605165
-0.747913747544764
-0.693868000146896
-0.683628376551217
-0.640170193006874
-0.597739022385672
-0.558083613106678
-0.616321941306134
-0.662503941379202
-0.652610837076194
-0.556698900626261
-0.70043679129305
-0.602019825712883
-0.599805451865752
-0.627706680039146
-0.464714268772427
-0.583912404531631
-0.636761663953845
-0.607507791695817
-0.640298684425004
-0.667830253131979
-0.553221722672745
-0.577463748795232
-0.590962320419293
-0.649497067621866
-0.608340618673167
-0.479920294227155
-0.643510694198087
-0.555343194013957
-0.571815853865027
-0.438488760691992
-0.533769686281193
-0.601441578861942
-0.515689529324642
-0.432849464741902
-0.493911572169492
-0.563432281845302
-0.487888545260579
-0.358424150241283
-0.559207148727058
-0.555516075275757
-0.492737727330562
-0.588392929518383
-0.537704523898464
-0.711384132678923
-0.558289172430834
-0.561055455916737
-0.417236040612174
-0.459879525087117
-0.687419400297381
-0.456639329542481
-0.540250734628705
-0.536530624194145
-0.595716638813023
-0.452525266288261
-0.566798441503716
-0.549461840288002
-0.513002619423138
-0.388661869385578
-0.437628666626801
-0.512358414308432
-0.523872444478847
-0.490237440376936
-0.551188449849306
-0.673144018834204
-0.550282878909191
-0.439441655718363
-0.685574050708401
-0.295324229134682
-0.583722533981556
-0.50675046999975
-0.541767622229915
-0.392052861897246
-0.635709426573155
-0.324437506535656
-0.700362850993168
-0.614827058762213
-0.457123747243953
-0.485070076383376
-0.528741162225727
-0.483775793786772
-0.510066405204373
-0.418976258366786
-0.493523025449536
-0.486232631470189
-0.282428637871782
-0.520406459807127
-0.615092289472741
-0.44752078624942
-0.41785477450884
-0.488645963732191
-0.505466914027769
-0.341672807751249
-0.379397984562187
-0.549266777584834
-0.567892416951559
-0.342731748911882
-0.367162329991489
-0.37579451334255
-0.410143110896881
-0.587094562763706
-0.486854638945395
-0.545627500588878
-0.309098293896377
-0.54943406130661
-0.376099243126256
-0.367170387347398
-0.318665995347116
-0.311149736746663
-0.62141410628008
-0.378283895708589
-0.518382588536192
-0.664785479985942
-0.33072101156196
-0.559026173495709
-0.447877099709752
-0.430483130794349
-0.423831673469143
-0.400813994273353
-0.460432455146514
-0.411273453560255
-0.297540191738018
-0.344137140248607
-0.543714397475024
-0.418245637044432
-0.500150634798421
-0.498272559997992
-0.393089990549872
-0.368299534397989
-0.292085626086715
-0.443331236757938
-0.296261575320249
-0.45450530495813
-0.393366671886679
-0.371806767656802
-0.420847303745727
-0.313653433319561
-0.467586235257729
-0.199035406173778
-0.23691127863414
-0.327086249619889
-0.465763445888473
-0.352415092388844
-0.45306961169364
-0.407757843820669
-0.349565686060174
-0.466111418646516
-0.31582960427083
-0.226426453739072
-0.299479341815618
-0.41303861846279
-0.290919507426877
-0.356779275376383
-0.337488872436673
-0.302977040471063
-0.125835532626858
-0.406387401911104
-0.275918769627602
-0.32559740789411
-0.393302024399707
-0.547170981694888
-0.350477124538701
-0.439466722609269
-0.180051539560776
-0.305924255160838
-0.353244692606693
-0.215917261499867
-0.140201341770841
-0.336179756503626
-0.166841198196426
-0.394930506577724
-0.311033322656666
-0.286011099870267
-0.399206125499464
-0.0982949661626998
-0.197641564490698
-0.31979785551536
-0.314624156236144
-0.319208905318794
-0.363968485446698
-0.304517804577535
-0.343181087435268
-0.270235398904111
-0.403064526781631
0.0209610220490579
-0.425948057211987
-0.18779006048071
-0.318470157520404
-0.300039881423084
-0.102017936056376
-0.358641556682022
-0.31077469928274
-0.291720764953305
-0.119246039617596
-0.193261590510121
-0.150723717559444
-0.182608661986866
-0.207776700419112
-0.204386345455844
-0.249853823034607
-0.244274257240919
-0.447931267417969
-0.228717264335003
-0.306498897850016
-0.195787789485796
-0.0734285625182766
-0.335294113848187
-0.199910695625972
-0.341422660699266
-0.258325936975073
-0.301338531526294
-0.295151982379506
-0.264474069485081
-0.0881302002819308
-0.0926258521205216
-0.192895598009652
-0.265717398641968
-0.173867883490097
-0.257243248038558
-0.319360854386904
-0.196811488945667
-0.275058548643015
-0.193099887328652
-0.28452165823384
-0.133053603519633
-0.345425163740247
-0.195993822873468
-0.200777278261622
-0.272714387962493
-0.158463922380776
-0.213396723531313
-0.124803471197337
-0.16527188761988
-0.0796305723299379
-0.0100328678895252
-0.18291617226187
-0.129831382250216
-0.0199088523011281
-0.215445192190405
-0.228223769529898
-0.189227851047861
-0.197797147264907
-0.0857216512645636
-0.251408057321757
-0.137687119550518
-0.0752723899654729
-0.247678578632873
-0.205252950949908
-0.0643935313475361
-0.0580777354398806
-0.144719234507868
-0.126923423343133
-0.13255746425074
-0.174560823598279
-0.286571260812613
-0.113650551607876
-0.0805995031557361
-0.173444103251412
-0.214652802287076
0.0217961705228314
-0.175766572685393
-0.171661125459493
-0.077618563819681
-0.0713937612320255
-0.0162850450824773
-0.0351101075663489
-0.130206937343655
-0.159175097778533
0.1645521259581
-0.00731236965129575
-0.0569753019711771
-0.277357223621417
-0.202862004141061
-0.230105754997852
-0.133327192520978
-0.19429259323715
-0.0811930811450702
-0.15564334206622
-0.0600184959259894
-0.0889914691822918
-0.130557199458677
-0.109863060287237
-0.0375568813057594
-0.0273100588278474
-0.132451155513679
-0.146123727826103
-0.135362071762773
-0.0204526427985843
-0.00352718799914714
-0.0784142023201665
-0.0178327370891569
-0.0979744768129363
-0.0249928274274267
-0.0642625984633264
-0.15752251574527
0.0516715320775492
-0.0564297265918989
-0.121085790416116
-0.0519254080169845
-0.0133515460266581
0.0191779582348116
-0.13576106798824
0.0648494213887451
0.137083750444736
-0.115342293398286
0.0949907201124612
-0.0547673878422084
-0.00686659892405344
-0.0777121564699624
-0.0164077108902934
-0.055618339032738
-0.151103487414767
0.00430519743297291
-0.0706578603407856
-0.0546102502448175
-0.020933116911898
0.122904710743504
0.0685472854064394
-0.00831175584805871
-0.0796249539887931
-0.0294459673645035
-0.114954223037548
0.0201400374586502
0.110187315483704
0.00582353746082623
0.0045807511020427
-0.125631617746428
0.209721975548091
-0.0956253532714868
-0.176670413056564
0.0864956583035217
0.00166958657510292
0.0582547097818337
0.0939440017007181
0.0482063239580599
-0.015308869443946
0.0338005700901996
0.0368360999712974
0.0887828630799469
0.114564956517777
0.0714267214552646
0.0410146561687481
0.0779509498616845
0.0933929491066884
-0.111291341127039
0.178628129605628
0.0414456792686863
0.0313683695181088
0.151785593976813
0.118754674161481
0.040882840665616
0.00253623106539939
0.117317291750214
0.112947061452446
0.0900972492148743
0.0783428789197
0.167740354289935
0.0385327995998566
0.0578991514542797
0.0125504365709904
0.123288952170456
0.168114183125523
0.112338078386377
0.23581933123482
0.113034878007351
0.012848585498676
0.101792059446613
0.139354338862394
0.0848915765204836
0.030513774509388
0.0130114866888142
0.0582738204562555
0.134190200164605
-0.0204500626914771
0.0802685866413404
-0.00196552466939011
0.205688288789867
-0.0433942691115449
0.171461609332491
0.145680905194052
0.087646713711523
0.263116995408179
0.296463767760572
0.236610098651756
0.162566242242031
0.11893618047035
0.0577519235576766
0.201953451039286
0.0722881882608638
0.0540719686561321
0.205243921250853
0.0269147055866508
0.182001001541518
0.147172499324861
0.0735864321266962
0.120874120595367
0.168740936880905
0.060915425683965
0.257067902624753
0.269240346936057
0.119351223371161
0.108369767810986
0.101956681750069
0.0970944007127547
0.213637415630059
0.187633271849189
0.158214504824992
0.242967320125561
0.0627308802684926
0.346282654568123
0.237119971529605
0.172551440906448
0.210240046777686
0.122125963827993
0.198538143481195
0.265960005305312
0.0416612159485465
0.229870296407115
0.203596535712217
0.0213029006069748
0.166444063368098
0.111849383586691
0.238251168553082
0.148082345076073
0.28438990277659
0.268166480295942
0.135170878148354
0.400965443797408
0.298137861478259
0.0776921824164424
0.157008565400985
0.114579418501447
0.224543149828543
0.276825452233211
0.251827245905685
0.300465147263599
0.302084773930775
0.258138134964794
0.283635523091019
0.312130132269462
0.274450763341228
0.138391810366489
0.199239999469438
0.255623270890926
0.184707737320118
0.295405170436624
0.299493528281671
0.348625137990751
0.267118187609828
0.266701826505895
0.261902722776177
0.31504471779051
0.288711839298001
0.312577732594955
0.285826272153734
0.31085531557335
0.283393250770159
0.236022443296678
0.307549307019305
0.338899674529597
0.274726399827696
0.222469916141692
0.270851630671032
0.325809976131773
0.374194848158427
0.455348731289163
0.273505241590551
0.267469249902455
0.297189636616399
0.373026872932932
0.318539991893049
0.151895726826376
0.339345321900654
0.170154860445349
0.288764562453154
0.282920000722309
0.245579424540316
0.372139937886858
0.372896479342703
0.452425053545541
0.222380536460749
0.348616437567821
0.283011443108042
0.303026368296904
0.273149284368632
0.259564086617327
0.231349899773754
0.407483968063556
0.418078791929213
0.21337125036982
0.330453332874701
0.224725626940571
0.241141507621163
0.194063925850502
0.262128121509911
0.418528816359727
0.39068367744177
0.357962554276349
0.30673493734919
0.272065462597606
0.477587215290232
0.439643107239843
0.539000794600051
0.525400837812671
0.29906466670438
0.372685111993467
0.470076067572103
0.364491759843643
0.414021379645884
0.542107190037146
0.278042403292891
0.358146160351963
0.420692192364182
0.357051236666041
0.33055955814385
0.518356400396071
0.386876154698614
0.284055075881897
0.237969247467366
0.4339101871046
0.288980782765579
0.297727033321726
0.358296442499531
0.328605853604838
0.434165516788466
0.439633004996354
0.328894267105395
0.388786418993111
0.258497491639925
0.402456348895755
0.330338573587931
0.526370230655434
0.454533949649595
0.519039941860839
0.400397284831934
0.377956743017451
0.268752630139965
0.436730154183888
0.546473896175478
0.386831664624445
0.356345114181596
0.46110099708429
0.487133807763047
0.448055177595555
0.366262642779457
0.490936190640158
0.503315594933769
0.479803873704266
0.287870838546371
0.441378802672688
0.413335946788521
0.564432720514734
0.534739814260673
0.397863754951763
0.399681383966636
0.462518928808474
0.437878102519113
0.49183388255174
0.378968009053709
0.442918816476808
0.446145625356639
0.597547494021358
0.548397300659389
0.601790652999336
0.428188975903365
0.560365385997368
0.530329857568192
0.552922521620665
0.474742279428183
0.611699007858359
0.559676786820448
0.525170696829227
0.387814305991337
0.349962794514474
0.47040796380383
0.415819515693712
0.580973879213187
0.456173139408874
0.605268644785097
0.527261095603452
0.507300742777867
0.711491284412607
0.639082712494323
0.61979290384647
0.483970392156657
0.541096167351237
0.42244527921723
0.579835117595194
0.524844263400592
0.511203006995305
0.619621362841321
0.593018781270728
0.542363417305441
0.511166327068667
0.653241493280631
0.605936491097553
0.527860852532405
0.506098432841032
0.636862578986487
0.614518361543104
0.644367122794531
0.355763027011116
0.507136197961623
0.687849645291339
0.558679167007356
0.656672790086571
0.574642257388762
0.644762522618583
0.60225652451055
0.711515470057834
0.606290804159358
0.650143556963954
0.698445699665801
0.548069264354366
0.54705229742548
0.576767586500474
0.496032820398503
0.533806874301034
0.546110445966691
0.621663733924101
0.639722661173957
0.499025586848199
0.622398590508258
0.482858234143315
0.688344340125872
0.650447048234644
0.539492386601544
0.581367143660838
0.49219475335522
0.528421492061095
0.62377834819689
0.627744583137342
0.576145361102734
0.62756204125788
0.551091643616716
0.686650564104907
0.783166778163087
0.42465043598552
0.519649352063269
0.537379401108232
0.644764140155251
0.603217757957123
0.572412136465482
0.573665234595475
0.613560979416128
0.656816578644489
0.66823026275094
0.747112197115343
0.605265274773212
0.741324155042898
0.511259466254079
0.613981251800012
0.728312941828149
0.706704308264785
0.612074567708983
0.554318598580221
0.74033071680708
0.833755143359572
0.575297652384194
0.825631721076671
0.768894760017182
0.630741725116882
0.68629642322386
0.838791023804508
0.766678725724927
0.609966223012512
0.637194048200302
0.672298614687587
0.661275729777385
0.661420572945027
0.606265691588257
0.734141252989236
0.520713808355168
0.802584557440091
0.848553510534825
0.670628969710947
0.607950203061529
0.663293163093906
0.724403617378302
0.653101109136846
0.647210360367911
0.642835078897726
0.700070416992134
0.602911059030236
0.789851484882933
0.713495801632997
0.685437647630755
0.704969014597699
0.623785959606916
0.549800702897776
0.72825247783057
0.840933893374071
0.778597648675551
0.766528393955306
0.605810332887252
0.780025639624598
0.507933740475172
0.8531063408064
0.755843735999605
0.781305998802866
0.628107926482782
0.621699489135446
0.613505458816008
0.842837137734393
0.6646407855532
0.88398210381753
0.778136632854015
0.728162521368903
0.783454838501164
0.649556641940912
0.749575678117134
0.783666096194243
0.719375495701071
0.700206035652837
0.780062230863492
0.770282823875065
0.742467709130094
0.807767477587476
0.831464956781964
0.791683460278544
0.897220053407478
0.83575863515714
0.851135061904562
0.858523125641884
0.836735196053798
0.801878742604354
0.753765970623218
0.609925557020589
0.92332109064435
0.865296337992781
0.900839661302203
1.0655478151126
0.910874380340568
0.855615608612662
0.787144277372061
0.816603527399736
0.925955145041136
0.759510000157163
0.804538635985552
0.869606663650491
0.983783197988323
0.85378692304367
0.837179436013645
0.74838853869575
0.856108911588953
0.882943722242909
0.863643881845474
0.902561309272344
0.742230697359704
0.721849847122349
0.867060877472537
0.879910412170829
0.962047472609051
0.821864807666992
0.941281663921008
0.871780603127415
0.92685431987444
0.781664087571179
0.992006661485121
0.857194501963365
1.05395005478133
0.75743920298516
0.812710630060919
1.01190236528107
0.839527095080428
0.985265547173311
0.922501312392457
0.834274084872645
0.776972733925676
0.953816704699325
1.05387314998314
0.783394021938641
0.937264527817195
0.881656759104894
0.821238868062225
0.973491731677898
1.00000100866647
0.921300192136009
0.878957307335263
0.877797153697433
1.00320396281909
0.871005838166031
0.823417195816174
0.935559185597408
0.94771316452238
0.825894060245822
0.931281882377073
1.0408514467357
0.931532303705271
1.02571195650228
0.892865883964697
0.828143288908428
0.865136034882277
1.02607871167397
0.997257771786477
0.838757392118593
0.930482183215744
0.917523182682662
0.902494512200255
0.932038327691485
0.931535459122894
0.917911117131009
1.06290016151838
1.06766767815874
0.870795490943416
0.983166105322751
1.03885939428889
0.912694279261495
1.10874492264891
1.01434069928176
1.08048442584294
0.998498298179304
1.05642815570228
1.05650187059859
0.92060564083202
0.954787300056692
1.03556824475111
1.01115290494902
0.957774033274531
1.06146621204405
0.949756209298914
0.910945413405136
