"x"
-0.931451446100157
-0.858422283149539
-1.06930648741694
-0.859523552243009
-0.905175599476772
-1.05417115094606
-1.10657164759746
-0.936536242258996
-0.935569431635375
-0.901921012974331
-0.989725861839692
-0.987436174552112
-0.947712639335102
-1.18557413121679
-1.00317700172126
-1.00976036961163
-1.02002102995413
-0.999476618351277
-1.04442683883209
-1.03681240862555
-0.95240261891477
-0.828288640427254
-0.984853945784282
-0.863078482480655
-0.990279798136666
-0.936485838486493
-1.03898466964024
-1.02291912972949
-0.977388245988891
-0.907114545751025
-0.960013085277094
-0.824301332486055
-0.853674394127613
-0.886387762917122
-0.774250071650176
-0.857505894145222
-0.735021242813495
-1.00064596091199
-0.869210006891192
-0.896024775034967
-0.899606650566996
-0.88965477656386
-0.872584059207206
-0.881120082675362
-0.85319125231909
-0.82130549428404
-0.937401621256827
-0.961846633857945
-1.0189041490773
-0.798031416586017
-0.877162846030765
-0.888576331323036
-0.729070236080198
-0.855057760292969
-0.842742454808806
-0.992269373497867
-0.875835368896173
-1.00372125979409
-0.832919575725399
-0.89307316299893
-0.79108731528668
-0.92065571207615
-0.801466800586906
-0.929913283218312
-0.96594276153686
-0.907501623559614
-0.811497098946192
-0.914848337126109
-0.903970905989768
-0.889055782357824
-0.77049193552385
-0.844313504797431
-0.956266811218422
-0.819903222867956
-0.732076033961214
-0.855123135844321
-0.809334283691202
-0.758520454918847
-0.696329097140863
-0.872507352477382
-0.803856623246167
-0.710256058290828
-0.936988203647546
-0.767838618166991
-0.824020257652876
-0.893169288291593
-0.862358757778842
-0.838236946904784
-0.812985338092256
-0.834833129267316
-0.706744454701927
-0.88806634707318
-0.89311015146837
-0.720981978298247
-0.864012450358779
-0.747314800261379
-0.748371891968077
-0.684013557220686
-0.730398861994669
-0.883858264601656
-0.83866565599119
-1.08247495764879
-0.747760177174774
-0.806290306146224
-0.545864749359828
-0.757913579904747
-0.857162483275858
-0.821649287791738
-0.745835000054286
-0.815179798447351
-0.726963785467542
-0.803658330687805
-0.776529828871241
-0.685375298119908
-0.802484235810639
-0.811356564604048
-0.744892273716005
-0.769505210902237
-0.637105913123051
-0.852258141785585
-0.618180299231411
-0.847196128545191
-0.882380128352121
-0.667257153582234
-0.863525823101586
-0.74181541245673
-0.775241598719459
-0.606398415625741
-0.873345718077122
-0.6582057075243
-0.712204236953502
-0.70246681811214
-0.694153352576235
-0.648985208634078
-0.724484578257101
-0.688611842240443
-0.71885637535415
-0.793032089904635
-0.706495744280985
-0.853844081240366
-0.788334820811109
-0.7451359929376
-0.690754023631752
-0.798181480578411
-0.690690444134204
-0.428186693919582
-0.676085949903964
-0.730992709846242
-0.766473081941002
-0.684547314745332
-0.754348395111839
-0.626389850385265
-0.780524282699035
-0.684995279428174
-0.734907364630521
-0.667354482769935
-0.746441597242664
-0.704716205295744
-0.790376365576696
-0.758718553792394
-0.776338176126243
-0.726347609684604
-0.607609540131299
-0.639299082801702
-0.534919547448909
-0.769597866026009
-0.608960300538093
-0.664121783042053
-0.645472555441495
-0.615557075369249
-0.635659944125679
-0.709098499623711
-0.695433816538369
-0.721062166865896
-0.73915364534472
-0.644582995798043
-0.679590922805581
-0.590252341179803
-0.74367523944834
-0.67402166711469
-0.785198556582851
-0.649703618877797
-0.685957709423793
-0.576302379198783
-0.695465886566417
-0.668010840058484
-0.595490307075129
-0.525526774592768
-0.65039882816994
-0.578695745075243
-0.577447538355593
-0.485866045704878
-0.618450607475125
-0.46194633620509
-0.691751823656304
-0.550362597623019
-0.607762618739912
-0.692820384725237
-0.525155742267734
-0.541979680408276
-0.57054256317943
-0.546026419650352
-0.694823110304267
-0.613145328774231
-0.611359239633928
-0.682222154962797
-0.519087905237591
-0.687033613919373
-0.707020368641992
-0.559145018412002
-0.552029582283683
-0.557139766702022
-0.457826842087029
-0.524931119172773
-0.56462048917095
-0.446140614626696
-0.624088463465678
-0.523410767480162
-0.60136639911322
-0.494876624430584
-0.6861997396649
-0.58360381864971
-0.660189450656138
-0.488613852199661
-0.51248209251705
-0.599271776281323
-0.60601348197499
-0.488267648518539
-0.621296472455947
-0.573552975432897
-0.569542300004498
-0.485558591083737
-0.389989396718671
-0.527658464250762
-0.522173724393284
-0.504610759135949
-0.415090512005474
-0.486203189132616
-0.517003730556302
-0.469956376335447
-0.493065003870457
-0.534710607253692
-0.514824352336401
-0.633587188577949
-0.561345421187561
-0.468338790586526
-0.558571966647041
-0.480612876066304
-0.562268020623468
-0.430191217597885
-0.552078479949212
-0.439428196503728
-0.41138170288862
-0.33528452768735
-0.590805235482481
-0.402331629174945
-0.486172134598702
-0.556406871018667
-0.465095811358066
-0.443690050525202
-0.513228233084784
-0.508850474039033
-0.34988517403978
-0.653532189970637
-0.550255553111038
-0.491775938384462
-0.531652946863452
-0.386363504858125
-0.490994640767165
-0.391171252079734
-0.403238577444514
-0.547147045454661
-0.57212189309593
-0.35379577589775
-0.384025467116007
-0.513167499307306
-0.45348704174542
-0.423417921015007
-0.346090982951087
-0.488784122346028
-0.436504399986216
-0.300900537326098
-0.432125803119574
-0.409820643431182
-0.434804055369138
-0.442156465074715
-0.468088003074281
-0.489971379650376
-0.481406017288659
-0.405511594728826
-0.533903635622201
-0.401108242644018
-0.294666119453032
-0.538494954485873
-0.423407045556373
-0.427576299703042
-0.516908563044977
-0.295936783442984
-0.488209442966187
-0.392277478048357
-0.422476758458504
-0.473418267211156
-0.482216702001536
-0.330316833719094
-0.444907026038318
-0.420040568283115
-0.480252067955785
-0.445696237938975
-0.386356711376299
-0.539760887268603
-0.413618705905173
-0.365614503226868
-0.48462429329644
-0.397401046253195
-0.591164224286336
-0.338161783293401
-0.26526749865272
-0.294605909459493
-0.354265356962222
-0.477338564885231
-0.321255867977961
-0.325537542295401
-0.427601378418973
-0.262409025439366
-0.418576474234498
-0.370558283362518
-0.468116594309664
-0.371521198216966
-0.20486484089255
-0.276665701108759
-0.329270913940501
-0.374669827204548
-0.33982328712113
-0.413771954611467
-0.255491467931984
-0.372545889734235
-0.321861672947749
-0.274136318517184
-0.330401661482605
-0.315682627053872
-0.292334859059132
-0.358264875732094
-0.240261821959204
-0.200324779270915
-0.270049834100579
-0.357058133716639
-0.177571565751813
-0.261867611276842
-0.414710133644599
-0.331513151737233
-0.262662136192874
-0.31105850468672
-0.376708122975772
-0.351606190776278
-0.184064375459651
-0.217373747359947
-0.192454424617364
-0.14454096524537
-0.226013938433168
-0.484323353631512
-0.341051166536576
-0.185859202059829
-0.264711915521974
-0.286676143627798
-0.311482794279821
-0.289424482675545
-0.281837773473121
-0.123333944747106
-0.182289028252826
-0.216078037596063
-0.414389353016967
-0.259433415465489
-0.126299006710902
-0.233703184958989
-0.359793708378258
-0.235944605917688
-0.435362380445544
-0.168383109321998
-0.238847150801933
-0.0885921848293333
-0.12744334974398
-0.185975003899
-0.228859686071313
-0.212845508428985
-0.257341672435731
-0.343316849141891
-0.216200941920707
-0.147139778773411
-0.111060192389227
-0.291794555231057
-0.149773809168762
-0.218718065784722
0.00102072064935432
-0.308959310810286
-0.129756277494862
-0.252786845928082
-0.0809678196999791
-0.10733485798004
-0.197117337463952
-0.0482128182152547
-0.224791193796229
-0.306009338406091
-0.280088315758786
-0.0998579510612581
-0.15136216328652
-0.121154689081674
-0.120421026191627
-0.116796260284214
-0.326627965055834
-0.230293707397311
-0.243982244232949
-0.233986832149224
-0.0628027629566948
-0.1245704469483
-0.223093762898399
-0.0853212273255543
-0.124902546029745
-0.0990539151363787
-0.205383990850272
-0.164644902644074
-0.194735659768679
-0.305380045278507
-0.224554376688039
-0.176916395457434
-0.284827733894122
-0.109478049526869
-0.0887000474848695
-0.119391041963148
-0.0524011676463354
-0.113603613671148
-0.180942447191497
-0.0790101886031128
-0.141609282586331
-0.0570791156878286
-0.191934193094602
-0.128750860291695
-0.0429461995710014
-0.184648836677202
-0.143545894723548
-0.0493873256698455
-0.123519081367118
-0.107418055116501
-0.135813199580319
-0.0524090221597108
-0.0425919117316142
-0.101856559939709
-0.209090091011062
-0.035513722614051
-0.0735031122977742
0.000991648205499989
-0.106220378976409
-0.0363685976447028
-0.0852349771897337
-0.0842472270687934
-0.120208607632967
-0.118256446708359
-0.201371921700289
0.0667988498357922
-0.036710088357466
-0.0228562436466211
-0.152999847883112
0.0124302428654275
0.0976074887896423
-0.00381961992887941
-0.0435179862028733
0.0190598893253644
0.0627215960634265
-0.113805243125765
-0.156498617658977
-0.0451091878655662
-0.205276761717688
-0.0231955849314999
-0.122199957566159
-0.0340026937774308
-0.00883123595429509
-0.05411830766764
-0.0303819118436693
0.112827375726094
0.0341813589467151
-0.0916195090548078
-0.0388466262386056
-0.0296366746077295
-0.101597567972473
-0.000100780521341068
-0.0950400160966302
-0.0890501702989347
-0.0192892554365624
-0.11157548896402
-0.0670314977794277
-0.178047249574372
0.0147897264711445
-0.0701889513177069
-0.0276157248972097
0.00187829303422591
0.0948755887514967
-0.0686311753929907
-0.00790467442640282
0.0197565325210383
-0.0201451552408653
0.0486817912315945
-0.0930771658968158
-0.0537116912466279
0.0125349768648313
-0.00823969613117351
0.0344208768631554
0.0428457336442316
-0.0486865347488706
0.0462648784932344
0.243633775101077
0.0481128671246629
0.00883269060209373
0.0790308569435086
0.0502558257016711
0.0494494992019671
-0.0843510672455765
0.0931155991147216
-0.031749575165202
0.0319950488258053
-0.0666911361030873
-0.0663449882641634
-0.0248064933004601
0.0998295934966459
0.293757196744136
0.0270672121057283
0.104344894891546
0.0273886054561582
0.0444119448688558
0.158629231719062
0.0991171572760905
0.0511430167001533
-0.0215624090613719
0.168754578263231
0.00791663584395722
0.189784642688127
0.0697173716148824
0.195750196747381
0.218431646881535
0.0469618909737522
0.0454253123283119
0.0872516496036075
0.0608649191158431
-0.00694697463887259
0.144919870111377
0.167117151526799
0.149916856616017
0.0558831242981722
0.114171604596555
0.0105010071845001
-0.0859637239436052
0.08195292347478
0.156871909833519
0.069780551221842
0.122331564879629
0.192269186025325
0.160295671057941
0.10048210952748
0.137644171756079
0.0922162738975738
-0.0282892823611251
0.143558799908536
0.138014371902835
0.197174658357963
0.00583328013211107
0.159280384614068
0.309889402787599
0.0585935099032956
0.123064061003978
-0.010028180944414
0.10291257156032
0.152233839620728
0.140369563527064
0.131361846269179
0.259121050448366
0.0654217341993759
0.158605071080211
0.197573100630595
0.233494798050301
0.142237524126826
0.104059560370115
0.282441721770835
0.0641108762320089
0.231178283571106
0.223982338713023
0.121601504103724
0.177723383070763
0.330318614710748
0.239241576698041
0.200893778282103
0.117489377959218
0.155362444805116
0.0625681471386338
0.161401515956215
0.137825564054814
0.211447274223582
0.236112288831871
0.205856648269497
0.152691084493552
0.239443893962605
0.270541039260657
0.221180822181327
0.254905127052481
0.205058271886905
0.204889635670446
0.153339559922375
0.20751587357917
0.193948579006254
0.235794341866963
0.288768626866665
0.196839144508437
0.115963208367119
0.211245593166569
0.170870760181763
0.216256066217717
0.208655695598455
0.262990761494464
0.16131702996234
0.208237360942576
0.155546704579255
0.157790185903791
0.258621500572657
0.204942041890387
0.230977080737642
0.290535205400804
0.380204426285482
0.479939281811484
0.260878642498669
0.196815252595721
0.222814277461156
0.220942888025876
0.226391467819873
0.219716794959192
0.165339639734759
0.329419772714669
0.127295913993506
0.351657952065543
0.407342376717549
0.184665587917909
0.251858661184132
0.171383729485474
0.384687769707123
0.247104245658784
0.19507025623102
0.30604073902084
0.314900946095853
0.150535729402714
0.279073860097739
0.327428030954552
0.410562096501902
0.158328899299807
0.322558011874039
0.409842013068618
0.290247105685202
0.242858050744002
0.364456383632828
0.178912341522949
0.420225881099149
0.383303327508223
0.345724137446608
0.484527551862192
0.419301340894021
0.285173697339493
0.310341193387213
0.322532909498518
0.204604138061616
0.391919525836462
0.226168951129414
0.255738880334126
0.363103867198236
0.313844537168149
0.243258794375101
0.421320042624986
0.569139855143735
0.46886109790979
0.276928523109807
0.233042068744712
0.444551523555649
0.369511951866992
0.345484673605068
0.33292057729459
0.414608936177998
0.383585319762701
0.408939901411693
0.330250366805766
0.253611475644254
0.392275866952603
0.380736784922907
0.339143085288261
0.323505038152404
0.437659920087964
0.37181801637248
0.413068604313957
0.346756176249312
0.455823618691631
0.300747987117435
0.355972029940302
0.267078978744997
0.224129993528266
0.444632234669137
0.438353885563895
0.415284959719019
0.321092822166989
0.436118314770869
0.46188228290233
0.51722569224681
0.426118524421432
0.356305687346136
0.424952872627036
0.413919977593331
0.49939927902376
0.457174841232548
0.344979669464116
0.605094897500597
0.448614282578611
0.574033549520618
0.494626276104356
0.501257913550445
0.5200329017435
0.408447919650431
0.464838847454128
0.534799432855582
0.492542007565762
0.418781617257735
0.535801667183564
0.471275674907452
0.500253322643034
0.43992549971407
0.411728600691399
0.31189205913075
0.324311397960511
0.405331469056035
0.418106363566718
0.414845718466813
0.400841288868544
0.499071515909857
0.433308167149109
0.480004128826263
0.466892864768457
0.493710181145323
0.51423911443474
0.524981492259806
0.374488466329171
0.565053384386327
0.512737588647207
0.384178499322113
0.405767056329073
0.399516765014322
0.511348412113285
0.354300999186658
0.580573602955121
0.551602850288727
0.431277355916707
0.50850302780513
0.582285318892926
0.544552589425403
0.561881008040518
0.579814382257317
0.408156319593709
0.408639736343332
0.526802683062978
0.572041305535834
0.415507895947456
0.372695516881017
0.636790134459898
0.563416178881654
0.539861067181209
0.571579315574014
0.550457168724157
0.527538036112513
0.517357766241597
0.590523913009706
0.452801110877337
0.585848692364142
0.551217291456897
0.435560140827681
0.673891458788511
0.571447269022976
0.644082734743841
0.462289705441767
0.483163983608843
0.478899514197986
0.66117577184769
0.528497060675655
0.594188381393776
0.609137318999474
0.525873766708366
0.623102408780485
0.614985593669968
0.605048638975983
0.678968471627948
0.608622481935205
0.694805908961424
0.529569757387544
0.572935831473416
0.361587410209841
0.530597774400308
0.50031991185375
0.529001641933889
0.65260848358168
0.584488979368991
0.694071682462303
0.507633319060634
0.471168396580264
0.60677777629346
0.770727808516729
0.658405374200771
0.64814950798766
0.456465591525371
0.598871255873505
0.619621870344985
0.59859549553775
0.700648410423585
0.64203277493923
0.490746909732196
0.615213301283657
0.662986378684057
0.564454770065269
0.71258386346479
0.781308513558015
0.43897390589959
0.756377657145179
0.561143622909177
0.759163555785453
0.442333067263875
0.586780382221502
0.700972032138199
0.634542245803969
0.499332173844115
0.651833192407161
0.557895650054001
0.718169520689556
0.72347031185037
0.69186134097541
0.564761485931951
0.795777902831059
0.742536687962835
0.529528373349798
0.662796579455136
0.799093142252405
0.779088242671527
0.626289883344692
0.81892036060862
0.563750058015341
0.64574853520505
0.717288274208053
0.621716286776349
0.666593444443379
0.745223958360371
0.683218234620478
0.745746281874787
0.661280605591705
0.644996660675775
0.741534747170739
0.6080286333486
0.731043705644132
0.625278292039078
0.782653396851793
0.688828427186212
0.768824065857039
0.538894721743165
0.847134368942541
0.735172830699526
0.741339629369615
0.709672834628737
0.74859157417564
0.623211925231916
0.690484552117422
0.81854182414702
0.786396485296512
0.748239172187418
0.673962296824886
0.556999471354226
0.582623322509047
0.806568754765766
0.782068589034828
0.698080332751091
0.782207158108622
0.722464286344004
0.668152086090341
0.8263537528893
0.871504366931299
0.720311378466216
0.783302858654466
0.774428410413557
0.696201232299228
0.77437869988859
0.818057007650027
0.846362006762161
0.846127821422086
0.813004328410535
0.758334344550394
0.627959584357524
0.826509095903358
0.532308350178066
0.89247290028295
0.836170673647186
0.867696565449112
0.799676318388823
0.704763335650838
0.789079702707025
0.77906005825943
0.736849169339636
0.792719792987537
0.857628205992864
0.783409857279838
0.720611558733098
0.634641133504247
0.986005483055685
0.736987114521581
0.825799034775077
0.706735893141721
0.807168531080771
0.843280402634101
0.952179409489698
0.885401521880965
0.764057277141308
0.894714056913657
0.726740332604112
0.746217852127241
0.834531225105233
0.829244122398885
0.77203304372079
0.874956229817284
0.798571707488653
0.932852856198382
0.78564987013635
0.953761777460061
0.91378490552177
0.726480091415537
1.0150685122907
0.795849233702081
0.879008781604333
0.777766223298359
0.832765483914483
0.929729694609009
0.807242327744232
0.837861751951225
0.892396009597146
0.866778233623504
0.914647377466117
0.909650008721667
0.897933475289669
0.926634608239529
0.848806166721148
0.861777385522328
0.844051178158028
0.90505824833999
0.848071842837224
0.744292491255722
0.897329843241532
0.915685779175748
0.981840914379391
0.713430374416843
0.858859840059771
0.912182856386737
0.822997536910603
0.736005945364899
0.744046113370539
0.809814257296398
0.848618036590133
0.810108461853788
0.885928907691736
0.90846523419981
0.980090840804862
0.99794572519945
1.0116323772694
0.780098490995169
1.01632843430768
1.01482677182069
0.966169495042249
0.915330527293837
1.06061480143562
0.941400696756314
0.895212782822763
0.986391720757092
0.93129408504745
1.09960886853791
1.01325723012135
1.01124495238976
0.790968816689178
0.919488783071833
0.993366451632463
1.07825249489025
0.989794340126957
0.995699535068777
0.898117533748866
0.93379280866517
1.04668155733286
1.04365174070633
0.980198268650026
1.00406287956174
1.03236873482912
1.12143869830218
1.06058424560489
1.03523127781115
0.947193295715864
1.02824950197337
1.0420336423432
1.00802700358006
0.905943875628742
1.01866381007104
