"x"
-1.05276025799093
-1.14158816343705
-1.03739734309321
-0.92900874102786
-1.03434101156273
-0.984836266764522
-1.0900489081443
-0.951115276454819
-1.14245568138388
-1.02617273654422
-0.965719635570264
-1.01322977993513
-1.03114574542451
-1.1400165177989
-1.11535327649577
-0.980425550448593
-1.0418095833364
-1.09437160584661
-0.82711320474981
-1.01393846334204
-1.00680763940906
-0.898499422229568
-0.926096747923774
-0.96927144919793
-0.900972663519076
-0.846741760335836
-0.993876228385582
-0.87524728030488
-0.923059322173509
-0.883357200558001
-0.932467445851855
-0.916939537714671
-0.996958504205614
-0.832659992445401
-0.874135161049431
-1.04758748606291
-1.03373822901714
-0.941210818380396
-0.885095815299184
-0.977191545344573
-1.0606088979097
-0.795998234225423
-0.978821346437781
-0.982477774570305
-0.943852542571371
-0.937464250047449
-0.987782798195046
-0.933325999133673
-0.839611906980186
-0.974715092114486
-0.903019193047808
-0.964930898725757
-0.896399791560981
-1.06608762184555
-0.866414107891408
-1.0230678379956
-0.938727998155476
-0.735137238141926
-0.762467427386634
-0.894429600171918
-0.878637676446015
-0.892836883599989
-0.718356544607692
-0.876402205323967
-0.948228931290722
-0.863407943491836
-0.930084473252814
-0.965380364334558
-0.978671048268933
-0.827816644726213
-0.784105292143869
-0.872108922037078
-0.819761974117066
-0.810630994575237
-0.955886001475771
-0.858188279167165
-0.896469677725657
-0.65768994376441
-0.845520017752213
-0.739461919153028
-0.70429566103597
-0.762076381877737
-0.864793552093197
-0.891690536806044
-1.01225270726101
-0.804912717064481
-0.786957266034953
-0.905196485996992
-0.784890143974628
-0.891212812954146
-0.783740602131828
-0.84514058778427
-0.933415577687972
-0.786226223179588
-0.800338435326338
-0.728771484759266
-0.701225090912827
-0.717904044649855
-0.710409891990221
-0.728020213389702
-0.854913468360538
-0.716754497876455
-0.609425455742327
-0.86957034070528
-0.807570179787878
-0.790180773952499
-0.871114962936268
-0.813640582903843
-0.778525994297887
-0.689780138740096
-0.705185375799771
-0.80543333691633
-0.72953824631039
-0.870895008686556
-0.714083257591115
-0.905848009091863
-0.733661705223711
-0.895349434316016
-0.663147050655428
-0.877443834447536
-0.714849967972205
-0.802639832915692
-0.795566193161027
-0.97304124608755
-0.737187935822663
-0.852299679436253
-0.742548217163863
-0.611980963348325
-0.702726993973894
-0.689469232709198
-0.708654448805699
-0.7889030635193
-0.832699340079698
-0.893151482834638
-0.907427109758967
-0.799012053409951
-0.633302274846396
-0.618819411707556
-0.737884171641319
-0.663358030512609
-0.798598288160844
-0.459363630678892
-0.703670209908252
-0.756666532532353
-0.638886153652913
-0.504185794761531
-0.894643419392873
-0.556676076911326
-0.667724283478489
-0.610178891534595
-0.806971822268979
-0.679007848932089
-0.824555030335914
-0.71917707508893
-0.594877188258353
-0.649075895000952
-0.594399018491807
-0.614156916075093
-0.592769437191132
-0.670778278750576
-0.621743799596255
-0.721890170244759
-0.630597936587096
-0.529272129302889
-0.625999721905399
-0.632749702218114
-0.710760895411302
-0.59372437255234
-0.575324204472521
-0.680056801373837
-0.768493253430931
-0.6215782015203
-0.659459396737875
-0.646719641990032
-0.58398018594074
-0.504887552171994
-0.564476733719248
-0.569962010742579
-0.655209418972914
-0.678172824425331
-0.7518499764434
-0.690858420660874
-0.42761117724981
-0.591868791517231
-0.629020197756635
-0.693768686088383
-0.585982095208994
-0.567877218794251
-0.732014007860562
-0.59865695182896
-0.696443585482315
-0.622508144622019
-0.750452827880093
-0.685420240103491
-0.512419171541825
-0.645033859608204
-0.639038824408859
-0.667499182350125
-0.725130150195296
-0.497612764190379
-0.672558304096764
-0.627259814181953
-0.62751254608238
-0.626883667715763
-0.592489676221158
-0.500062034896694
-0.651153829222593
-0.571939405027311
-0.632270912945813
-0.49377450076693
-0.49655238203128
-0.488273554381642
-0.583833364278966
-0.501410891874907
-0.512066897846172
-0.536877110659424
-0.487679259341745
-0.504555747882364
-0.604184288102945
-0.570972046864267
-0.556678031096025
-0.600202826289576
-0.621722088881954
-0.526270909224516
-0.402769341109239
-0.570106849336531
-0.504908057663617
-0.587416398429024
-0.528507422228574
-0.477036905529703
-0.42511958912546
-0.59667683962506
-0.504574230847045
-0.517176245906559
-0.544081805692526
-0.488713854375251
-0.539092100036016
-0.553317849954256
-0.580359912008541
-0.53061279153866
-0.581121050567376
-0.579681482059031
-0.457675465228817
-0.60954098417624
-0.52376224651572
-0.543839147016608
-0.512338508201307
-0.555024905868599
-0.489799368673586
-0.531654863269353
-0.532360337827036
-0.585885499223057
-0.397324579221832
-0.618602338568151
-0.480856174056265
-0.56228805197772
-0.503010781359724
-0.517164557759323
-0.46617452501396
-0.499924118180607
-0.616850751268191
-0.637145838388992
-0.365929356794773
-0.555059538481185
-0.438289320947019
-0.498587019422436
-0.430663412581229
-0.528300367786642
-0.424021641829548
-0.395464917731164
-0.314812525608221
-0.469932807019777
-0.574009991614907
-0.45145755895485
-0.430900406225249
-0.32408153598539
-0.442860203953004
-0.476312356133252
-0.520882200175312
-0.434763744604268
-0.487229576122196
-0.528569778688942
-0.333168136179595
-0.425200820113567
-0.418593369389621
-0.365347478589262
-0.382265267376439
-0.314057374652551
-0.326937259627675
-0.347059588178966
-0.451702567277824
-0.29013697396954
-0.31213622080978
-0.525745294503064
-0.380970028035492
-0.403470782297436
-0.462460755622586
-0.239898006505755
-0.437022936374677
-0.42156586511642
-0.430779072007833
-0.373844526444805
-0.364909929839051
-0.474017714341131
-0.327477946721072
-0.369504262791072
-0.380938856838856
-0.470408791871712
-0.471856076969711
-0.352328819537442
-0.431739372011099
-0.312514793369305
-0.289413111312299
-0.41375589727362
-0.338908330596329
-0.306288472605656
-0.438544632166234
-0.184544486620246
-0.431923828475798
-0.271040462756626
-0.355051357508509
-0.404201177200193
-0.391289297840048
-0.411754951430731
-0.350218680963922
-0.468671576488266
-0.146005955302151
-0.334091799299705
-0.341135046766375
-0.16033585233243
-0.340982993855699
-0.267139660441613
-0.348998200179219
-0.322741499505552
-0.331896656321713
-0.428786510609047
-0.31375731236301
-0.411666100013375
-0.399755157658141
-0.226800801000826
-0.314843203465451
-0.365201587729389
-0.250872460412551
-0.421747170164674
-0.383007171764636
-0.232364983141293
-0.352924180957306
-0.477529052669464
-0.426254510839783
-0.207070295487664
-0.317922627441271
-0.291113303548507
-0.214466721741786
-0.28210351759978
-0.215966578185011
-0.248506320593313
-0.325234167363692
-0.298715201386448
-0.403070341552539
-0.217097760270717
-0.376895083545243
-0.392980787863942
-0.286559278845606
-0.280683543833622
-0.16446383548594
-0.430580114952543
-0.298234995275188
-0.324596388426879
-0.154050935682583
-0.21234430157034
-0.239172751469123
-0.307573694767347
-0.269036697308927
-0.387302636186786
-0.253393584301536
-0.224403480754745
-0.322429652650358
-0.273316027679282
-0.324954844965589
-0.368165361651443
-0.28541770684374
-0.240350074300752
-0.375140730369381
-0.244551638866329
-0.337397752118782
-0.320983030753041
-0.372772175228605
-0.18241605055261
-0.216922504761705
-0.216281100419872
-0.191911986786322
-0.175622223149142
-0.279072704596064
-0.0651566761716891
-0.363564291210281
-0.225851821848075
-0.22662685322662
-0.145927805901426
-0.269869428094524
-0.318636893166912
-0.24122300884794
-0.12339671384365
-0.209102999736353
-0.275610599479688
-0.336710499825623
-0.0357065458644042
-0.0758538653868163
-0.367835686334688
-0.216252262142569
-0.241068010326965
-0.280734353084241
-0.03076442789678
-0.181378772147664
-0.234617026972743
-0.238055505690356
-0.160438452472311
-0.211653808390044
-0.18023322361899
-0.0735535030696973
-0.163778323875734
-0.100264601964331
-0.189225771506043
-0.138306016148671
-0.203763985206394
-0.211831432175769
-0.0567823701327396
-0.0649258238848307
-0.186019572697163
-0.0997636110022583
-0.025906275350633
-0.0824183333507049
-0.0727236824113123
-0.265085803191394
-0.143363160774566
-0.0685287872689077
-0.0424366941419502
-0.0702795039897047
-0.0567065328382581
0.0745263624673175
0.0103748686729909
-0.212814730184325
-0.12652991066166
-0.0470700453133625
0.0829129880489024
-0.138203206098461
-0.0785777594539019
-0.173413800793961
-0.0558745986540569
-0.0752881753761603
-0.256384123303666
-0.122856158956026
-0.0992659517389013
-0.12736710601392
-0.236907880340839
-0.0161581971398038
-0.119971332259386
-0.0415050657362763
-0.0397033328477163
-0.0649244697386256
-0.110411226634852
-0.0878529282011504
-0.0330393185476616
-0.0283590658289271
-0.0408373520378662
-0.193557381493762
-0.109311745465744
-0.0334786259553933
-0.141042669505379
-0.138559836462245
-0.128747300818506
-0.0780603224989267
0.150775768395831
0.0897712179390208
-0.114703519038386
-0.00695943612501479
-0.030111362468757
0.0509361944745624
0.118082069016067
-0.0333615740103191
-0.0623564552948142
0.00344465397450658
0.0916973198615677
-0.0217389267173256
-0.00104693583478523
-0.0275372085624337
0.0124041489731095
0.0470192680892138
-0.0934158009761084
-0.0699310311232897
-0.0244693408377354
-0.0254621229496403
0.0181043462068109
-0.139905661822566
0.112984016836892
-0.0380369388483819
0.0608605286731082
-0.0102446758850661
0.043252812222342
-0.0795678400469375
-0.0348027306232593
0.0137130977326479
0.133911261110495
0.042886064625222
-0.0422832245253916
-0.0959634584998555
0.201583116014651
-0.0286792560910617
-0.0390118448269422
0.0746270013862981
0.138693588003296
-0.00808495511838957
-0.026663760423231
-0.0884001883827766
-0.00765998406337001
0.137678239158463
0.0551049284909255
0.136342224389452
0.0540380526046334
-0.0303538062782855
0.235273088665524
0.116373415226308
-0.0714920126418305
-0.0982880571972451
-0.0488953195308003
-0.0792019309241766
0.0375843786332275
0.0909788834058763
0.197264736511625
0.125644988937694
0.0469552223550263
0.0588694061900879
0.0543073279479953
0.0489730194612327
0.120031485026772
0.347300600406196
0.105662835183795
0.0658522109357872
-0.0232327358032091
0.0736396779745769
0.0888776577167788
0.118864113287066
0.157771087562694
-0.0313214822224383
0.07307963017721
0.201075838501483
0.0899762262413285
-0.0168931325353228
0.125811481764117
0.0100923569502984
0.0857404432396999
0.101554620005989
0.101806957271025
0.164408002216882
0.0747354181500914
0.0725315822683075
0.0879316127248405
0.0284031419633181
0.119260426093207
0.13829684339176
0.135571925875712
0.202879906665512
-0.0589101101711268
0.0638440645830808
0.171644414696449
0.260835378591345
0.0332385020488032
0.0459382379846373
0.158483381169855
0.000756553413712895
0.201971466196648
0.00131221241868607
0.235088145169047
0.174529934713894
0.139868575909908
0.126135798009759
0.103257028185919
0.249837241892085
0.05868411043272
0.23561235410851
0.0161152115230035
0.25869354668268
0.209571170777379
0.106890852703255
0.0889394333715001
0.361602620803476
0.213823268034799
0.239482528137834
0.197721574183117
0.0872203093443824
0.0715931495625447
0.0991307969396802
0.0205801389793396
0.253318455125504
0.287181389757683
-0.0464122172611904
0.254479509219277
0.302879516395744
0.244099720483237
0.228884990925215
0.18911453455571
0.14099818608317
0.16520191133185
0.284569629139261
0.0863115569815415
0.330803056807127
0.29319344698131
0.170342725907451
0.229162596668346
0.228111805149758
0.245235325210297
0.296861067956427
0.0905917857304753
0.190856735072935
0.26757336590613
0.267869989264675
0.389999797352056
0.261321302367022
0.230875198933186
0.277656719966359
0.23317321142665
0.145528057433978
0.264196948348601
0.335776584802477
0.0516359427184339
0.205311690044997
0.235821062882097
0.383699491763167
0.150447428516541
0.371014034496473
0.368008054435239
0.268430306947583
0.151219717077355
0.282833079204586
0.256418188873221
0.327308231751803
0.198497299457057
0.38252625317859
0.426886165265174
0.270792277632734
0.243946529439246
0.267272920815434
0.248962002982665
0.40800991875763
0.465641390825791
0.306289696466279
0.205885603691003
0.109177772199015
0.453739370585588
0.273621102522541
0.22947946729872
0.307810718874903
0.256134448598706
0.393211286881277
0.265212407231922
0.282392604338814
0.251080749846517
0.254554867770309
0.396312113100813
0.295436755228989
0.468225008843273
0.304408962387108
0.371031853990542
0.374255916084447
0.387600219105949
0.294613513756857
0.25429400160988
0.413561705722636
0.338962883983509
0.452560297070546
0.342612867701501
0.439253451990363
0.338555135789557
0.30397297181821
0.360265173597859
0.466138737392385
0.459929225168019
0.394359023148597
0.377873379844478
0.342397703367025
0.288780999060909
0.180352966895129
0.431865405393915
0.190263382209165
0.226523899115063
0.426911422995211
0.432590092849854
0.414891383674852
0.356774304280014
0.339700906090827
0.362719704453906
0.362470269895754
0.364657503822794
0.345106400396908
0.365408292145306
0.392506281244215
0.326831175407443
0.284695004924375
0.368176697700825
0.463467955436398
0.357772585788705
0.419240037742958
0.342818728239556
0.376958418506918
0.301413676668921
0.21944456427453
0.556595843047984
0.462005383513193
0.337941272446044
0.420024187632792
0.515310923262315
0.414062654907715
0.457986482354695
0.330433752987559
0.349643409065023
0.409104118090128
0.338722282604261
0.308079533683469
0.406946107167133
0.294728000080824
0.434171734280693
0.529326050917327
0.492597525882929
0.46092509378225
0.480903851223079
0.543303626344614
0.464125682449738
0.514864743395904
0.401518175174422
0.644739938855495
0.367723635770784
0.544152884336462
0.432234935995417
0.409291511679564
0.504985165723842
0.414377137793255
0.552100811617752
0.495531825779496
0.325402771854076
0.387732536819388
0.412080475864972
0.383758889033436
0.599159319245491
0.610967158453352
0.661220195252177
0.48041497827164
0.487485786382828
0.588601931041468
0.504128788584345
0.423361860153103
0.490321734691533
0.464401207847985
0.541565841232399
0.497581615027038
0.632074277997586
0.347759282988274
0.613649828904784
0.580241457335766
0.441063752971212
0.635732588562572
0.560968979865412
0.586252726670937
0.653182885448893
0.531760224492374
0.453000178283388
0.488425912157385
0.58673093329631
0.480369662434548
0.473708567234063
0.60113642081435
0.577025402162184
0.530656128260262
0.573051952996137
0.496845652951251
0.740363172539023
0.69255337881652
0.395949684709682
0.459700821759386
0.574360232402227
0.569745328423384
0.505062481895955
0.369479797619034
0.471706995100909
0.545465987351542
0.583510917896203
0.58347252576474
0.441353460804596
0.707187689488732
0.650429659107279
0.562214028566541
0.589134999425137
0.667132802930346
0.44576404954193
0.340650912568964
0.543388053372037
0.524874876345723
0.526503076316416
0.475397022780597
0.434241255779946
0.571236068793293
0.588144732135712
0.842418775108671
0.689714853599233
0.552594623256176
0.613026301935294
0.71954576199729
0.63091032576392
0.67505637979377
0.653854850968392
0.580983836424802
0.561476998877091
0.575769631418005
0.666571535380196
0.533542373373102
0.695014779592296
0.674185257842175
0.674652939627819
0.747938467801329
0.565434234043492
0.70755170222259
0.639407282433921
0.659394143088018
0.593750002549588
0.725371681038332
0.826905381110351
0.815932563373651
0.642084086925025
0.635535649909353
0.662332091901186
0.774943869783662
0.642003484733754
0.723051741017668
0.6892886760767
0.647390475393498
0.572048491643187
0.604775084361562
0.647433746039079
0.565903296482126
0.805784417059551
0.609956974519015
0.611403117462497
0.499624723570556
0.611896989270559
0.640360477908348
0.511630344624717
0.658937203062421
0.638469578927192
0.736979622229425
0.616289140698607
0.738218274671323
0.657376729891116
0.54165159366672
0.612995612627584
0.750729692611753
0.775115952653122
0.818393668781092
0.719922850503639
0.739677571412686
0.780165058444682
0.630498624513771
0.593465217309501
0.75136657522804
0.720990699247858
0.728797037896807
0.752919423838273
0.7967316903968
0.676210706656
0.808777095166744
0.798617329652125
0.679879196911311
0.640585599261409
0.657688818708312
0.702691877789056
0.84316518814113
0.841469777321433
0.574213950795467
0.698399902109603
0.879234840593351
0.792582755247604
0.811335768809848
0.642452512645794
0.862792952951514
0.78373412472224
0.805082352249969
0.761129627440292
0.791238302965842
0.913090255920126
0.659065931809016
0.857190731092846
0.806841919487429
0.770792323611657
0.722626499569958
0.77474853701021
0.89480308599727
0.814343967314945
0.826805854609386
0.794109357003478
0.779487163659395
0.762309765525869
0.764328482196692
0.847972247484262
0.717092294465679
0.595986841359344
0.957694700226604
0.719971405599089
0.880769695273458
0.874110704404589
0.87029721684401
0.70092371920116
0.831835215132317
0.898804439847927
0.746284383171193
0.797287932862037
0.826845099710085
0.885746484255532
1.02055778297768
0.854687972900267
0.657779624095843
0.775182255721442
0.795110806878653
0.905785281135223
0.794412846127465
0.837685093693723
0.860378137742075
0.820073614612954
0.713024239369256
0.889112027006799
0.838830117069897
0.957316819202383
0.89901666692989
0.731624450730762
0.952520763642571
0.861941223083238
0.803814563676111
0.732723064683851
0.842584872091753
0.809243998438429
0.868885930823791
0.950031888223792
0.848050251373932
1.04472130922497
0.857019387169092
0.894962577358308
0.702562839793779
0.95986820424898
0.955392635905368
0.961719367346499
0.839510382402305
0.917010914824722
0.856194157915267
0.815362162362788
0.830306225534292
1.03034263016963
0.969660849195734
0.860494017606338
0.907525300195882
0.876476729951756
0.902096700933198
0.951569456886653
0.952236628318102
1.03353053088865
1.01421094232023
0.8986410793851
0.800439494060568
0.824596689571842
0.906727582675006
1.0197916579989
0.930093300823095
1.02898612141381
1.03477151410471
1.02232112516853
0.901337827225055
0.841474072707472
0.878084211918986
1.00983958398685
0.865341370550298
0.93331355454437
0.962621226067591
0.914976549480471
0.8487840313992
1.07191170415249
0.889982683772262
0.772720867909468
0.87809678997274
0.875021720248304
1.00734339439296
1.02730495391125
1.06597376564194
0.943392325459099
1.05154644998355
1.10210571513313
0.959333076580138
1.04214012139649
0.982369145081932
1.09571125840537
0.965348606553453
1.02986898865792
0.994858504554986
0.929851846003533
0.966558267254303
1.12501404685895
