"x"
-1.04742061833275
-1.14246611232094
-1.02344003934603
-0.919038541176493
-1.03718720448326
-0.997618447412391
-1.10098794344437
-0.967294622352442
-1.15760817836368
-1.02678013046353
-0.965547758616541
-1.03184134357431
-1.00701218201512
-1.15479565404245
-1.11738058807715
-0.987547960385748
-1.05543619072041
-1.13271011468022
-0.854349165386028
-1.029107084619
-1.00810088590776
-0.903530253781898
-0.905248435468892
-0.958654936383688
-0.89447822853411
-0.853232242835674
-1.00603830886624
-0.866855760332453
-0.916279401256523
-0.877352546552815
-0.913967709685465
-0.925237202716944
-1.01050722283998
-0.839966271234485
-0.864978227960353
-1.0600596923672
-1.06067094663555
-0.947675837990748
-0.878014500293214
-0.969937242149114
-1.03214163084395
-0.795336582799351
-0.989116405309438
-0.98784670504023
-0.945908929093676
-0.927536611346365
-0.986406943357908
-0.935532409407294
-0.878743094261134
-0.978119069342449
-0.921064376236772
-0.956635723524976
-0.878318434476908
-1.08537046979916
-0.8727765902385
-1.01035699240793
-0.929986912225009
-0.717369756536018
-0.801152114805754
-0.884068505308092
-0.885909766540053
-0.884936268830083
-0.750108277459503
-0.87586309497024
-0.938948848742682
-0.882896305337446
-0.940412774974409
-0.978796902801014
-0.974083877707946
-0.848374931913215
-0.755950939403721
-0.872691827118966
-0.824775157959864
-0.849600909710529
-0.955156019027987
-0.848393892047322
-0.914580248348898
-0.66305615850693
-0.844126642611791
-0.731306100831873
-0.697265583741216
-0.746089762319784
-0.871958788676321
-0.884356330635688
-1.01812562822665
-0.810779737187638
-0.779324590583029
-0.89451126643292
-0.806822099038387
-0.884310714706669
-0.778121925045889
-0.859212428149026
-0.93547482079181
-0.794665571733022
-0.787045897086402
-0.739277244088809
-0.728298348357946
-0.739874675040445
-0.707803309066727
-0.736878357254144
-0.848441474108729
-0.760883464126614
-0.604589406342354
-0.850223046243027
-0.811999920364558
-0.78855830165762
-0.877257841560211
-0.793022377402693
-0.767537472561091
-0.714577820659264
-0.701864286863702
-0.806436757029309
-0.725069677859352
-0.874433557473384
-0.703237361290306
-0.907232818531422
-0.734778944232831
-0.879639330034818
-0.650998238599232
-0.874727779322123
-0.738329841589091
-0.796035579572081
-0.835960350574806
-0.980133659629917
-0.760296242744275
-0.832303968117531
-0.744634519774803
-0.619736045361369
-0.725904120142125
-0.698339884006042
-0.678669413305176
-0.800675256642678
-0.803312710792426
-0.898028237107028
-0.892926774060702
-0.815149241936737
-0.632781684869139
-0.616644788405605
-0.752092709110299
-0.689295075899718
-0.788747712542819
-0.466974817189062
-0.693417254643715
-0.752767008713586
-0.620408457070116
-0.529132602722093
-0.872386135517988
-0.543928298118108
-0.710132090932829
-0.630528964725773
-0.80632968024344
-0.69865107189933
-0.807994505661271
-0.728897467710747
-0.611960695452208
-0.667139633371317
-0.564010377974045
-0.637008971238295
-0.616711955275264
-0.67138520851908
-0.612931705195805
-0.717384236124017
-0.609920611477587
-0.52346062297313
-0.67519208622547
-0.633546859232995
-0.68927401845823
-0.610682748466507
-0.585650195240003
-0.690160955801194
-0.768851533593008
-0.604420216765252
-0.66076954592409
-0.647385872021887
-0.573618330761287
-0.51563507915783
-0.59593398502774
-0.587257946158985
-0.660657925449002
-0.654866726743784
-0.730603296633476
-0.696588722055925
-0.4392036008902
-0.598329502163133
-0.617261458838544
-0.68448467013215
-0.592818429054337
-0.578367257393845
-0.729364216005166
-0.613312390846568
-0.723551048306973
-0.625946949024476
-0.743799027570796
-0.692339418867486
-0.510603226384117
-0.647257481335621
-0.648910592440936
-0.66574816661728
-0.712830819762489
-0.499710318399967
-0.669982243179959
-0.637288702066822
-0.638551645580754
-0.621740295991082
-0.576344726580911
-0.525923972844415
-0.653127589972539
-0.587120007183625
-0.633215804228166
-0.50159025287264
-0.489439563680071
-0.49407080389435
-0.577170981277426
-0.480472102329615
-0.503173382172296
-0.525646566353584
-0.474365786063312
-0.504007708394704
-0.585668261784237
-0.594554256702167
-0.550680531622507
-0.602718099747493
-0.623774962025213
-0.513645865938975
-0.394041106322784
-0.596294120142936
-0.485403645446498
-0.598603487769274
-0.533042348434563
-0.471345482393275
-0.416551257806571
-0.589193312702765
-0.508947536601017
-0.516924817133362
-0.529463484794058
-0.482607982824148
-0.524551525905023
-0.528356101237162
-0.571341262271825
-0.533840301128378
-0.576302536945696
-0.555619687254206
-0.494480407539391
-0.623843892063687
-0.536842176026202
-0.510362970566045
-0.507840720860797
-0.572290680720506
-0.487181064164066
-0.531027595480075
-0.511371794322793
-0.579477420040783
-0.383416208760231
-0.624320642197908
-0.471469747433083
-0.575520109138613
-0.516863834185781
-0.535133016198346
-0.46583887378535
-0.495139412829915
-0.622550139781998
-0.62845137814856
-0.354391473302296
-0.562555880809113
-0.41503703215337
-0.493242183544194
-0.423172062370563
-0.512538201412788
-0.42296822357977
-0.396164009746821
-0.338100395818425
-0.448529666743851
-0.556532615762095
-0.448852958276699
-0.42356731122859
-0.337761702250151
-0.479999022213568
-0.497020188332968
-0.518454785719213
-0.442838816482457
-0.464954462929341
-0.527971105160192
-0.326888761061294
-0.408107324683148
-0.424963170313189
-0.363840209122846
-0.378928883881461
-0.334691710118484
-0.32784996036506
-0.33172889472083
-0.445999843653583
-0.269081731540728
-0.294921900894274
-0.53293674103806
-0.353478864414725
-0.389434997829986
-0.440202735824188
-0.238933085105614
-0.423857936472875
-0.411758736706505
-0.42208124829802
-0.372408858017989
-0.355392574376119
-0.497094731608184
-0.314290066037401
-0.379606900554402
-0.385983081027611
-0.469188229239295
-0.474057580235788
-0.346042353359172
-0.442922685497382
-0.31666014863804
-0.302437652065195
-0.415871504177332
-0.319783324099239
-0.328062342628315
-0.418045735053403
-0.173522266406817
-0.450342521545657
-0.243298268530715
-0.386065289594838
-0.410857163046223
-0.396400845469854
-0.407296631510263
-0.363850264003723
-0.461695734431801
-0.127098599456125
-0.339826671882923
-0.339632105881387
-0.169613315951096
-0.333926170142517
-0.260132533594822
-0.352465881568866
-0.320070847297388
-0.358272129369079
-0.441871389830529
-0.334558064643491
-0.395855226063111
-0.401027166678392
-0.242563381419508
-0.327330931405683
-0.360455690134913
-0.226241940900569
-0.435394798865521
-0.350281489542809
-0.245624540951814
-0.359416805565964
-0.475768434172457
-0.440845408828608
-0.202308426094815
-0.309221722377612
-0.275447274394624
-0.197344598127614
-0.280021399954783
-0.198526071784023
-0.257553256866601
-0.338418073187833
-0.282447979666278
-0.397638782519767
-0.203747604688265
-0.362494924163721
-0.381937975185316
-0.306494721216307
-0.26320732827834
-0.186258422916068
-0.410689689125863
-0.299850255846053
-0.333571819401724
-0.171806575058888
-0.203958161929669
-0.235727714470015
-0.321388340947937
-0.281652791171277
-0.394838134422152
-0.24857845179031
-0.224687866057821
-0.305212741722299
-0.281569357294402
-0.3205697304037
-0.382241571296229
-0.275473666917691
-0.245613075965188
-0.359013756617723
-0.215019738567547
-0.35915859748927
-0.319214990907502
-0.385389427812515
-0.179631376741769
-0.203968452088748
-0.206616391598998
-0.193757140305507
-0.15524483577143
-0.279972198464619
-0.0584376008774731
-0.374520074501507
-0.231809895387989
-0.207620490399808
-0.136656382069916
-0.305957451166812
-0.326570758109577
-0.232510878542313
-0.115768498318902
-0.194380664361317
-0.283873639645553
-0.343567201277666
-0.0357996619644368
-0.0744148834714958
-0.35785727739968
-0.22058857072175
-0.229419023342585
-0.279396028815934
-0.0395902870969491
-0.173957947961004
-0.240167593218842
-0.204577876100093
-0.152404649627647
-0.220181366618114
-0.184474431199171
-0.0744696129709453
-0.168360476816629
-0.105854688188575
-0.194806278530685
-0.141666720965604
-0.177894751991159
-0.237201333147472
-0.0551555415734027
-0.0810954907211514
-0.174451470672841
-0.0878972758610747
0.0111732402990668
-0.0981769320192735
-0.0577673173857989
-0.249247500247124
-0.15297373570304
-0.0712544276583696
-0.0512358901032631
-0.0912042858893715
-0.0570146649026487
0.0638765574771014
0.0126366760891879
-0.226479539360487
-0.141419886051076
-0.0704183120485585
0.0692759246776866
-0.154109620346744
-0.0556908619246532
-0.156720983380281
-0.0554214559410449
-0.069095271288682
-0.277240925330064
-0.133646043980769
-0.114524286327505
-0.122408679271426
-0.216212922448475
-0.018119682058308
-0.0989574833451688
-0.0343747842963164
-0.0357510090457335
-0.0385153491115556
-0.110163492828523
-0.093792235237329
-0.0197851374565566
-0.0524591275950081
-0.066564845625889
-0.178188791342689
-0.109659664179879
-0.0397377516278722
-0.143484818205286
-0.148806888747111
-0.140281272342473
-0.101311467455744
0.16470727296613
0.0931938176069771
-0.100098921462153
-0.0158465937211622
-0.0292547582644642
0.0638690844234625
0.116653216284218
-0.00937350989958199
-0.0618707896926103
0.0238575077878815
0.0956500246438008
-0.0118748705868787
-0.00220909302156704
-0.0333565816967322
0.015848508022869
0.0382467057952212
-0.0965489435516608
-0.0635433950640773
-0.0053379876755005
-0.0137326452696576
0.0208247912433279
-0.13529737653377
0.122332395382936
-0.0361801171008809
0.0520577325267105
-0.0106581634394596
0.0167072442349508
-0.0874858103044807
-0.03599883564275
0.00535695512986361
0.122342352499718
0.0567471019421765
-0.0411275309993813
-0.116673057225543
0.191601063080359
0.000492691459010226
-0.0345138947821954
0.0781095805700637
0.129622787783577
-0.0403757048060968
-0.0305593520110601
-0.0980578272030203
-0.0168494477168838
0.147354749248855
0.0459618493471948
0.158188292285753
0.0543137506260175
-0.0237959489115955
0.2286785420976
0.109664018337411
-0.0545738779964582
-0.0715127373689857
-0.0423783528031747
-0.0810285082056816
0.0539050593060632
0.0968025279441988
0.175173682725414
0.142151792140085
0.0629569801926762
0.0537295072922171
0.0617721062165162
0.0529581883385867
0.117775262332376
0.347439483410861
0.105050795957948
0.0781743754550818
-0.0159149081257262
0.0848082884621177
0.0818410509658941
0.133460675881147
0.17991009871663
-0.017590481344592
0.0791590713359617
0.212863581547238
0.0882183224542085
-0.00263953992106412
0.100496075389077
0.0205233425652293
0.100830709217587
0.0898225410760658
0.111592888681134
0.157733275083761
0.063195975856579
0.0608466867893493
0.0959319459216494
0.0443617280679176
0.125476063288584
0.142902190387909
0.116842572953482
0.192962526106698
-0.0492441576593402
0.0961576611770987
0.155017313872808
0.253922406222855
0.0298981436952952
0.0423937084965178
0.197746861918787
-0.022665749629615
0.211227402324739
0.014199628263192
0.238791938500509
0.176252907875056
0.130532494479994
0.130340966307212
0.0878308948377564
0.262135450301286
0.0593070519501061
0.24678141505424
0.0190860893926143
0.24457971095293
0.207899352703264
0.135755493426345
0.0901387826181189
0.338363856667637
0.235519269055043
0.246455456093561
0.188196157218376
0.0801538288522698
0.0582789030225651
0.133845902385434
0.0328256537375041
0.272193731221813
0.290749742161116
-0.043116556419988
0.258052746107465
0.302914487457851
0.240619822254329
0.22581687084237
0.190492601575173
0.140328528621381
0.171758526444435
0.266763948543324
0.100070835769715
0.324622578734351
0.285980554736754
0.183568533762587
0.228178111241767
0.23381881134658
0.265536651432721
0.299151305026501
0.0943090107277155
0.19503686294762
0.25651085199922
0.271341243140084
0.37821862633254
0.271895696545777
0.234126688344905
0.280725520705111
0.235368118205724
0.128793300766772
0.245970054318777
0.296670228626448
0.0566630271233434
0.189957839594584
0.234751813071696
0.370355405481984
0.164826967124803
0.383299817093061
0.358474196674351
0.255065191522701
0.140433411989324
0.288256751950953
0.258606148797277
0.341669808389165
0.183040559472381
0.387820261394605
0.435674670688221
0.277756199488365
0.271770022608155
0.247566754563266
0.197216383955243
0.389022195295391
0.460858825683676
0.31699388576756
0.183703669369073
0.132676464143952
0.457846971548017
0.311540815501791
0.237978394760144
0.320458129204598
0.251437936642043
0.382220809139154
0.289030690712107
0.284325295568641
0.244785472173179
0.233428892242406
0.397457989567711
0.296464462428782
0.469039331181807
0.288294038613197
0.354665262158846
0.367316236115223
0.386487480029712
0.303006663001871
0.261582030652749
0.403423381532759
0.326184779895083
0.437877926004284
0.333894039689327
0.430506702072516
0.343223959614726
0.296596886338465
0.366234585904006
0.466345131923823
0.428047931540797
0.388889768967027
0.362368909739694
0.337290905806904
0.312340230474702
0.173001819141739
0.449840366883957
0.206809732075848
0.217171522460881
0.431592058827062
0.444962708180942
0.422277816113833
0.339514020273067
0.347566098189674
0.347730377945273
0.357182325400799
0.372268734464898
0.33083531937511
0.340749246501988
0.3769025652947
0.326376875524985
0.286890267713684
0.373221202434112
0.445526931269969
0.365380891823804
0.404894543374448
0.300795184883095
0.375339265357282
0.314869873837558
0.264305924996337
0.570573030660822
0.462421120659965
0.336957914585611
0.419387835823671
0.508741095229936
0.442388285376486
0.459599398976808
0.335252653623001
0.335286212146435
0.397765837199249
0.350127833771783
0.299780206543186
0.40990636517534
0.304066356277735
0.412621613773863
0.518728007482388
0.49345784896885
0.479579288620987
0.483355742834817
0.524717328874501
0.442572571415335
0.498469656873177
0.402228946236528
0.631284874187177
0.349553260239005
0.530747127801007
0.428052298980594
0.410743244558328
0.520814017307148
0.417192076555551
0.539850435253473
0.503573316026798
0.334434680263111
0.388466068503001
0.424825117859868
0.380892383272282
0.586517380489587
0.622249563160006
0.66697961461251
0.463788943400636
0.487089228007952
0.609599935662647
0.491747601679034
0.426069154294683
0.470031233016688
0.452629030431405
0.518651722276494
0.490990249912485
0.638548065648471
0.350231535949147
0.607788849181883
0.581737093576735
0.460254551028925
0.649587878063508
0.565516626630029
0.582411472955879
0.65293780509418
0.52321093633128
0.44992214182558
0.47352013114051
0.602143039042513
0.493222950361153
0.490084750874812
0.605068067904225
0.574370709051156
0.527332667922469
0.572780685574637
0.498945431241555
0.734168340756489
0.699196427396635
0.401222798890576
0.44306985590608
0.556087801060249
0.569377866371116
0.491482637116847
0.367565404511011
0.469377286594525
0.553576471563832
0.576847862693918
0.584917625886799
0.452599320289265
0.690132041862757
0.641061461884016
0.582889708480591
0.555426929588063
0.693511242741936
0.428339374666149
0.352234409223864
0.536856891822459
0.516246512875267
0.538804992603646
0.470080360803206
0.43830275195649
0.568210437447546
0.572016659805242
0.819395743279001
0.685071315199719
0.582492320187997
0.622426506444571
0.707542583826807
0.635793243058998
0.657160226067995
0.638077398602455
0.56780333429844
0.573725448881395
0.556973779474591
0.670406763835215
0.504987630522589
0.692263770756774
0.674503103520233
0.673125034394587
0.737886409154446
0.59430362515877
0.696444641975543
0.622679739307948
0.674761854502772
0.577730980087247
0.723716974270371
0.832969383251507
0.82242038377973
0.62848131337007
0.622741055962387
0.675514942580396
0.814778370993406
0.642083513736714
0.71900683417253
0.716850781574993
0.646284669167983
0.556506202683995
0.596316686211642
0.647718458259715
0.571528884840838
0.799066309806588
0.594268932296528
0.631505733722738
0.466834081963725
0.592087552150429
0.645795357796394
0.518842505072227
0.673808437084761
0.641907029746386
0.741550613506371
0.614452034282407
0.722680870421394
0.651808618052943
0.545497077029715
0.602742448452772
0.737016651218523
0.788310928281009
0.822461317827203
0.714351995944876
0.742396633106786
0.768511359592638
0.649768369195958
0.604109212542185
0.766266694982814
0.732515209028692
0.729918895197916
0.751866564221804
0.792364959754006
0.675842446520989
0.800822278271899
0.8310993288342
0.661396351508511
0.653258123216637
0.671045231017901
0.722191428022324
0.850151796601592
0.861110596578092
0.594665834272613
0.696665356030153
0.871716101705778
0.785940956337953
0.822127336190436
0.649002541990367
0.875688755029304
0.784685727430441
0.819740942320261
0.762262363199229
0.794415945905169
0.920327350149775
0.649357613410784
0.853617665797026
0.806069071002543
0.774957994628053
0.723799876432764
0.771388473646737
0.877841794442763
0.770154446699168
0.82160689738172
0.795304528558247
0.762933907864414
0.755913930948879
0.767162796904432
0.83961962633712
0.700349916111061
0.596962851788086
0.949629600090703
0.69196854270789
0.885839615784765
0.873328757338528
0.874279829652428
0.704609851997989
0.819943551651516
0.905508818927756
0.738600831114128
0.803614329037334
0.822709124616319
0.904616218912619
0.996636283872844
0.863895160283225
0.642615083777865
0.775228157240279
0.798851448111491
0.89696891074131
0.777577640342993
0.863344931211099
0.856729343043
0.836551471611408
0.704601507346888
0.876133794146921
0.840722795951233
0.951743959749565
0.885706469826195
0.719135158254016
0.961185769586505
0.842915398950965
0.810018688325962
0.732140453449802
0.832646890181153
0.782992078755714
0.849107693913884
0.930371798852345
0.871990456361393
1.05505648680823
0.844490771491821
0.869520011832368
0.679302522679008
0.970215989139977
0.964216479449781
0.944982586384642
0.824729113518889
0.939347909162095
0.834907739555099
0.820431349042262
0.830374427517705
1.03052748550747
0.950922661709226
0.859095597585068
0.903458209015947
0.87299417242604
0.900146229008444
0.931738560062409
0.944852709418051
1.03453195599232
1.00740553995923
0.884609851325868
0.810409771152284
0.845284417424216
0.888247333127957
1.02391373564402
0.920990021505819
1.01110976457273
1.03000853513426
1.01152426316874
0.888042797613073
0.837619722500314
0.886042469493
1.00918992116002
0.849573974465538
0.915861385090572
0.956664939631673
0.919122970807509
0.848600570316596
1.0745527083054
0.907417760980599
0.772755062297291
0.887433061292223
0.864598669224144
1.03380822731462
1.01958521053739
1.05275764532281
0.936667861327373
1.0730361982256
1.07986444545167
0.979463453115804
1.05690734702978
0.977514663742571
1.07084400763573
0.959764889529716
1.01952209750817
1.01430417923088
0.933053856789397
0.946826112686911
1.12099187804427
