"x"
-0.944063178472572
-1.01216179383254
-1.1529824798941
-1.09571230286261
-1.05250622580705
-1.01468002345367
-0.921580487216939
-0.89759217794945
-1.03344884663059
-0.960500239233826
-0.934596169086349
-1.11850731878721
-0.937289660738373
-0.866581798392177
-0.797248236747957
-1.04258331821969
-1.09213137173681
-0.918238447869579
-1.00902984063696
-0.811297929667252
-0.822500136613046
-0.893562372021163
-0.973100000071054
-0.959308598414713
-0.83974106740449
-1.1064782557155
-0.980025273283956
-1.12846627462034
-0.967262537743668
-1.03308056268244
-0.920799574997453
-0.887210972842877
-0.949996300089151
-1.00970341810107
-0.87722173410706
-0.982944847292645
-0.892631522858819
-1.0815344507468
-0.855705695256564
-0.908723259031549
-0.965820502302773
-1.04817918739762
-0.960731568634691
-0.971189831268632
-0.912003559179969
-0.927189458096667
-0.907613332222718
-0.669761311385799
-0.875518330046907
-0.962162040781694
-1.01040099411258
-0.910130935834791
-0.813237114602158
-0.810495688316658
-0.901523189870475
-0.895953085184244
-0.834072940898477
-0.892000564536029
-0.895498523325922
-0.789661674685423
-0.868987372973273
-1.01189777844751
-0.892776473948113
-0.834765842422726
-0.883794674838249
-0.8651651304421
-0.798298680861812
-0.881037572611342
-0.838030850112448
-0.945776241101393
-0.700256645019221
-0.724961148080575
-0.993367990561214
-0.90899587896552
-0.779476390774989
-0.864826376167431
-0.96554502736048
-0.731745374149548
-0.882652084559024
-0.778645313188064
-0.828014481741593
-0.755577318641306
-0.960863932012445
-0.771436430679012
-1.04215099436146
-0.816288914510781
-0.998098546432152
-0.827236821069067
-0.750173006011602
-0.757342294699995
-0.784056517599881
-0.826129880566434
-0.826914616117052
-0.792196571431573
-0.765061412144241
-0.783484027648504
-0.756806519053955
-0.681554042719189
-0.906830520386006
-0.718724980500717
-0.746352809235682
-0.820021271496853
-0.584956737524027
-0.679853817842431
-0.772075019246849
-0.78938608722351
-0.729355055870501
-0.680102790467094
-0.836730284714572
-0.749570604176194
-0.592745224573771
-0.825946428816294
-0.854438564402922
-0.767443293246945
-0.850003426876786
-0.855817554378126
-0.744402932866575
-0.769925500890965
-0.60170782782485
-0.770955892746163
-0.64521134137
-0.875529828687355
-0.834092331924002
-0.845248127079001
-0.850013250100126
-0.695572431209619
-0.847670937478172
-0.741591440536186
-0.804373638668116
-0.691231061505904
-0.691265238412445
-0.73264167450411
-0.65808941186275
-0.834662927678928
-0.723273490945517
-0.751449368886078
-0.656006894599718
-0.799472358917591
-0.668547535596011
-0.657045352188005
-0.6296008962372
-0.576010083711493
-0.886027915038403
-0.562151967130815
-0.671688145309181
-0.763367797951897
-0.770872700434382
-0.704506402625417
-0.666078669491891
-0.629526357187945
-0.562539441129159
-0.579409071031202
-0.644690902107991
-0.781145189921917
-0.730082184408189
-0.64946157049344
-0.690487187098535
-0.615673231711625
-0.692379916596652
-0.630436565265021
-0.778068890610854
-0.621029232849555
-0.678283218222094
-0.548701736938577
-0.587326144573164
-0.758002804567103
-0.729358017002066
-0.617221059309286
-0.744591209620527
-0.730547299504113
-0.580594559272563
-0.634582539692035
-0.523728280373464
-0.67840155732934
-0.696987360904384
-0.640442486973473
-0.727239111363608
-0.621335703631039
-0.812376677980266
-0.661809211606433
-0.746339007325442
-0.620900707775784
-0.63305187645604
-0.664082406261928
-0.675090430626587
-0.606061733987875
-0.621781678940519
-0.584367057384328
-0.634837688884965
-0.756682472248539
-0.631029990816368
-0.750283019455103
-0.5093496656968
-0.63569943061898
-0.668030863290473
-0.604385936644176
-0.680364244199003
-0.58770932745824
-0.636748886231904
-0.698101890343008
-0.703431152211686
-0.524442503922287
-0.557436151374768
-0.503981234632695
-0.662999464729837
-0.63124712795381
-0.392334109663394
-0.598385547867628
-0.459552736191943
-0.314546869914707
-0.49292079215461
-0.547484644668462
-0.624101051144899
-0.532569095940062
-0.626410923343547
-0.523787251440873
-0.351126248207912
-0.508660210554117
-0.727550929869457
-0.721986922090348
-0.609179786852986
-0.596406763346748
-0.396140042256569
-0.801413430622939
-0.678829570802755
-0.605118917391657
-0.438708035679042
-0.49694423976879
-0.391061072880691
-0.577293550139346
-0.66021889859518
-0.666405778120473
-0.598805144311095
-0.597705394080745
-0.556815283630122
-0.455333793561638
-0.701502961700999
-0.45407296699676
-0.529010334654891
-0.474611763084064
-0.535293268133027
-0.583604923756641
-0.51678854641255
-0.599283247561428
-0.573396412131236
-0.355514679172111
-0.518502391602215
-0.425374380826107
-0.43799071138161
-0.655802705614038
-0.396589282424351
-0.485355020712384
-0.426043592903938
-0.393821474299279
-0.639412804439818
-0.477875592310926
-0.481791085757438
-0.499586317752346
-0.464795153583162
-0.380072960819999
-0.605286624019454
-0.523924001990532
-0.244592280062292
-0.537828583246043
-0.59250532843555
-0.567543079418803
-0.421306667177423
-0.536487305585779
-0.563885709617469
-0.474148538274926
-0.46320882595996
-0.346897353489453
-0.415854300749675
-0.396283149690868
-0.431103790459436
-0.66144776522466
-0.448579397266289
-0.478406521949951
-0.429440106379317
-0.462268883539323
-0.440031256481416
-0.450058663391607
-0.48815725728969
-0.449063144941941
-0.458543332402136
-0.496218536889929
-0.36681835707506
-0.416422141913703
-0.34711305898461
-0.64102073674662
-0.451463131030509
-0.388675247329956
-0.60159678995832
-0.427280391805944
-0.356636339176752
-0.439963225836416
-0.441567154075648
-0.456329303482534
-0.314015315643148
-0.529092935512059
-0.484863841009131
-0.451681101441816
-0.337482929786232
-0.406945620073774
-0.236527227763234
-0.369179487323486
-0.541373034640435
-0.191833921149924
-0.323162882229283
-0.318067828391014
-0.337877466147894
-0.317967059821725
-0.399696625719214
-0.224743467491446
-0.399778981385199
-0.336266540997629
-0.346732274439503
-0.163173898025244
-0.469645737068384
-0.399416116277872
-0.306797216380646
-0.365111356385917
-0.313833651654651
-0.421227958253077
-0.418827715896217
-0.431542047545649
-0.176585920343541
-0.296071581698179
-0.386789131328692
-0.463141485183774
-0.197141825847539
-0.225625045099219
-0.295003186274281
-0.299283270033056
-0.291162127005282
-0.357066713455969
-0.274288246464248
-0.272469563034867
-0.335275763195338
-0.237666003986796
-0.294455739258067
-0.242672521209264
-0.356786950448776
-0.231445352338945
-0.346735734626959
-0.364747890156313
-0.295898331441044
-0.366968001413621
-0.281923859420355
-0.406770118555016
-0.196656495619813
-0.304334942075192
-0.290793196137632
-0.16616429714652
-0.411141218031071
-0.298133436095756
-0.259686331508948
-0.319635092663151
-0.249165487893153
-0.267573102173345
-0.261146030013404
-0.353141248265697
-0.275303424848022
-0.138514974250345
-0.17848261745467
-0.28309643290993
-0.302172841363027
-0.224261457192392
-0.201272311614702
-0.29844992087087
-0.211813517926688
-0.28114295861309
-0.149245488149265
-0.144511376719405
-0.261630092893554
-0.274764490989299
-0.162608947422546
-0.328178155182544
-0.170726507403722
-0.247465280378425
-0.228839206099747
-0.317025334287753
-0.160168576025191
-0.198135641995649
-0.185461457352609
-0.272031786395862
-0.293090071703058
-0.2526577247991
-0.255239380461168
-0.172755185066883
-0.280471413251863
-0.154141887622631
-0.228124630180369
-0.265250942299876
-0.26958037763154
-0.243429880255887
-0.0428463152571147
-0.324099610274373
-0.249109460005743
-0.0134162003198011
-0.144574328985912
-0.3227636501062
-0.0717269085795363
-0.161514773629143
-0.278228291366964
-0.247977409050842
-0.000516855256647262
-0.332247628585834
-0.233784373452684
-0.104118925067291
-0.178118600139592
-0.0801748755711608
-0.192445202865341
-0.17702059845247
-0.131616653847284
-0.108559286526791
0.117124139737131
-0.0364099731211099
-0.0994271668043768
-0.178636657915222
-0.144391857316751
-0.132498857614318
-0.132806193172227
-0.115040251198863
-0.124182539192647
-0.213138669030479
-0.0362575342682976
-0.0422369280203882
-0.0515011967551397
-0.211346842160907
-0.246478365599785
-0.181665310138001
-0.0932589271907671
-0.0655516764134567
-0.129310734690322
-0.125352977631901
0.035872105080229
-0.0528364163278168
-0.117002746315883
-0.106702808811074
-0.112836105302268
-0.206502580343217
-0.259099794137671
-0.20799897693011
-0.169484412419624
-0.221948345613883
-0.172161825364066
-0.288821831539175
-0.223820592928142
-0.120207500342182
0.0827009902465483
-0.0795663838131111
-0.0301262634298648
-0.120324938888814
-0.0229697749235907
-0.135011008037249
0.0043233339211917
-0.106104394044122
-0.152436693871536
-0.156118961608876
-0.090842053396158
-0.0260234406627378
-0.0682495309539153
-0.0744359399118605
-0.148435600079441
-0.192335094311935
-0.133215621440403
-0.0127429143348944
-0.0353476187553282
0.00278099564426904
-0.0874059223046472
-0.114550840945718
-0.014731385808294
0.00560577681203721
-0.309681469497943
-0.112257863671834
-0.235188641237465
0.0165670913210995
-0.066469080130256
-0.0352924842302655
0.00675371043275545
-0.0985339694975817
0.050325693803107
0.035102454341002
-0.0556482958409751
-0.013270273326481
-0.175377685062455
-0.0346337839533689
-0.111421233384589
-0.183963409778318
0.00566435135087941
0.103272867052097
-0.00104192300329433
-0.13866345644418
0.0552242728862861
-0.13191816200441
-0.190820586396934
0.0428325961533124
0.0215608955974014
0.0210494336241058
-0.0506999597133789
-0.0334534011816139
0.0448389027541406
-0.04670852645025
-0.0633168669384187
0.234253230679286
-0.159293714200854
-0.0353624012872502
-0.0512982551768784
0.0443395572028127
0.0463937928473137
-0.071835820634195
0.00774948267508137
-0.123550717532979
-0.0303346603201963
-0.0191651950349539
0.0632931170447021
-0.00252478029136863
0.00265741374740918
0.175841531616362
-0.0555067410349524
-0.023465348212756
0.0278845143698675
-0.0783814058621248
0.00467577129991706
-0.0282488984770488
0.183578608999763
0.0887080493565863
0.071344854527728
0.189052615952163
0.052928647314766
0.0173976550953111
0.156749261320088
0.146681044580205
0.097559449087821
0.200801312720773
0.0943275580621443
0.0569038417408907
0.174468232427147
0.135904802065333
-0.0495316266071762
0.116113987986404
0.102050962948815
0.0467181973962671
-0.00959135176520721
0.0868592763419228
0.0923084210363302
0.130064099566295
0.00115627387913476
0.0780106005891564
-0.0231788674670712
0.208485117741811
0.107665526553976
0.119291546855743
0.192437457861972
0.0372431307700975
0.135172862895026
0.149110350714646
0.135365648190564
0.208486694430948
-0.000295175025222711
0.016761165724681
0.0463528146395104
0.0488451321678242
0.37540252707517
0.23839369255308
0.234599039370409
0.0212997405007346
0.175717036996376
0.0137894632915471
0.137456099271447
0.277468041440815
-0.0098683368345917
-0.00999656653505886
0.101217572060788
0.200027713765492
0.143114838715836
0.12617960021964
0.198799278281151
0.255148432107775
0.17029332883023
0.217910044516441
0.0956261079643909
0.165107975420012
0.0662487918893619
-0.0134293023308218
0.123219296913914
0.093913425992809
0.192968512492089
0.272777910701376
0.219811908213227
0.171622705087355
0.265403810528792
0.205938378451889
0.178105262201802
0.200538761157646
0.231085128423882
0.20518402400888
0.14639462432002
0.0997391249057115
0.202984284198951
0.226053590746099
0.210182144313799
0.361144737135761
0.246579117631093
0.0408529259196497
0.236147569129409
0.22542666897384
0.378853588228391
0.16492993358445
0.230054240697063
0.284635870044269
0.147947131848237
0.39010537180208
0.288738796060264
0.219783807660486
0.234264829235658
0.143168684659185
0.312394445956804
0.450774281339094
0.359306013740497
0.156823942406141
0.259793663820614
0.209949564543849
0.320509484125345
0.290501947242302
0.38322726002306
0.168334113553496
0.315406274459558
0.310613814412831
0.188920708366778
0.191352774518713
0.259879895212377
0.340541125642787
0.241354431106865
0.404920495759905
0.300838264956456
0.440224788029603
0.243206186379482
0.275866665686662
0.286129604227317
0.283199818002453
0.217792415809899
0.250519390475896
0.208743289893857
0.379640496159497
0.408134182445786
0.347142907216096
0.243069152501708
0.442457631905589
0.5267300110898
0.406082084079726
0.369056450686786
0.364445870635621
0.0789686838511155
0.353196017325125
0.380617979899865
0.187665449329891
0.440929898541152
0.332288834498581
0.352607124250541
0.385639311361198
0.316732355811984
0.413357826184495
0.27521523196048
0.351994622884835
0.299076766894269
0.299627917017826
0.394033662914786
0.31172226343665
0.371769114980137
0.353033260137195
0.265660241105794
0.423583675342788
0.333777839657849
0.273128661892787
0.323657626827246
0.365891462033928
0.38186558509818
0.457884145886057
0.321423772636109
0.377762932900533
0.388907213530225
0.475790363875223
0.421284288533853
0.392474685349393
0.369596847523234
0.422498867947905
0.346899172053338
0.387710708569781
0.470809985914595
0.268620978118349
0.475018256833797
0.380644068011016
0.379861783390995
0.370333253343037
0.368893738953767
0.450264493902143
0.433357567346195
0.49407483048375
0.336435582246095
0.276496221193233
0.383670367536155
0.614314446990969
0.369580817707944
0.576195536863169
0.360778023319498
0.293405698412898
0.33836323459669
0.440264228239685
0.386208334077141
0.396952827416847
0.350706598342663
0.475905883936025
0.454033132187106
0.636680672075262
0.439283600465326
0.474005572484256
0.461945529354082
0.381240124382954
0.484360707536358
0.439191258166392
0.370168449815443
0.547244422120741
0.614767068687535
0.270669758365275
0.515333512762327
0.463435495168257
0.611175799591814
0.333510022615806
0.429007788434612
0.538517982377694
0.440009460004402
0.510152257254365
0.532058380601581
0.372772371794208
0.55684812113101
0.531849624635142
0.523865932510246
0.282954303102224
0.448359353304465
0.426771747971401
0.330740215521958
0.57007749891873
0.405070047690677
0.476070948223114
0.564459882829945
0.429779318400654
0.346432422301517
0.586182699518261
0.46465933116033
0.388879353705172
0.546227271272233
0.46386398434892
0.484969357964899
0.337540037228432
0.485308444311979
0.557976283281504
0.468767960685542
0.557912868164682
0.523473819626565
0.461131889216916
0.448497052476104
0.569302970626171
0.427342826969188
0.536029706699357
0.567548862322463
0.560479036951039
0.50866664223187
0.473287736798815
0.486932093090089
0.403570569749739
0.542273301029009
0.538676423755697
0.64930668234732
0.637574932346449
0.60700193244971
0.364167374939171
0.557365412250507
0.495502153274761
0.597971845477046
0.497383913420633
0.502145484110635
0.606537899423128
0.585221801138339
0.446183967929509
0.553538255285241
0.524332655555337
0.612145493452835
0.547272345282915
0.474055961358039
0.702537126421862
0.60405112495655
0.6115319568419
0.561527134752379
0.635843072259613
0.529960154119889
0.597168735221843
0.44358443282066
0.674188685459105
0.558244253275061
0.563349055779952
0.643649776727697
0.788417639995914
0.61793892817167
0.708767105641675
0.563441059596571
0.556063244615605
0.686784919591397
0.655039899577145
0.766584510079413
0.731373460880192
0.5883953449981
0.65627621410452
0.724155237625596
0.523420649698706
0.653966888130581
0.558269076801241
0.594103933547727
0.53127709395695
0.536956848433227
0.620448118111689
0.506458999940146
0.648049749136745
0.782474903704855
0.577701990765549
0.743012642344998
0.759761958012937
0.681219991192537
0.670950516057779
0.613685721367495
0.615124318430905
0.659958145635911
0.815016171482104
0.656716000130889
0.569095628938301
0.707331799009104
0.581073669353045
0.503499955479896
0.641995854911351
0.600238796417889
0.746205057358446
0.690658753122337
0.626984091090182
0.546950313552692
0.619120469410374
0.713411026754136
0.689540572994148
0.746735760377398
0.676824642474385
0.732374770702056
0.873319929827397
0.836524921205552
0.55949335853083
0.801305534926074
0.727149697313199
0.793067604264284
0.641911930212172
0.71809631002859
0.786254809069734
0.731548054972987
0.760123147830578
0.738682413750357
0.680961139351449
0.709344270634771
0.780844759666468
0.691308781559247
0.69772327412511
0.736993684367502
0.642079038792552
0.735654055988894
0.740777885387222
0.701907708383783
0.688630995728769
0.658204580266269
0.841060259000175
0.679077169853296
0.6649062735617
0.733982148198258
0.597576840006371
0.664462384036982
0.740252179485114
0.718718867639975
0.782796279776541
0.630502192277393
0.657436347828154
0.645513054956536
0.772410886003037
0.723618121843074
0.86994875598756
0.786866565947625
0.766154170342252
0.911008929203921
0.675967021673785
0.741732809291009
0.781887400973852
0.787378003707951
0.788722940688437
0.897692972236216
0.767284968638235
0.810307908622003
0.74897644522934
0.818964724892794
0.973363455872334
0.91924641127608
0.847445195461433
0.83136309172027
0.947945486402547
0.797282641057333
0.794745903768261
0.808125037221698
0.82277294719232
0.938773167516792
0.790448018543038
0.785376061885046
0.818925028180137
1.00875822714431
0.634003888511739
0.82257049936018
0.786273597299369
0.863132939043966
0.8241689314662
0.852466893129579
0.791657848934713
0.922416672763227
0.619739211389269
0.924318376911581
0.857633277479926
0.678120021122249
0.907553714438291
0.933733002413499
0.938371294953874
0.854940860962424
0.954445602770859
0.762757671066867
0.788549248961797
0.870163404685153
0.978415496352663
0.905222535618045
0.851325741493026
0.983705749602622
0.832665948150474
0.781966493792995
0.961405732161301
0.945508954508771
0.802531090181664
0.845894956451436
0.888623919672903
0.960096278158443
0.944452432622585
0.998726196190489
0.992084159407033
1.02361513871407
0.930235955280012
0.828000496957978
0.905932976161162
0.967251665029164
1.04762422700651
0.926412819710438
0.939035268185662
0.962882636291019
0.927414470392806
1.00902780082945
1.06363054552901
0.943187234899448
0.906627566071432
0.827930369593469
1.01878403191436
0.94875506835169
0.93941932596348
0.899135101133124
1.08075987955896
0.960834209750213
0.949284056918248
0.924395218787962
0.933800552800816
0.858867058880827
0.910960561667125
1.04319358444055
1.04115189782219
0.842428179041779
1.04083087840244
0.984279217667666
0.803159863079017
0.916362812692885
0.910474002056309
1.10974045203181
0.972699331881524
1.08140118973017
1.00694263520743
0.896588993412523
0.781829046323561
0.994017998354706
1.11882885810361
1.13331428113213
1.07253384350668
0.948818248215546
1.08021914165031
1.04343528128534
0.985036991632156
