"x"
-1.05329134252305
-1.1088777669076
-1.02009300154778
-0.947360775821401
-1.05915011189461
-0.98306782439597
-1.05671990011965
-0.96165122084973
-1.13586054474672
-1.02522030687267
-0.976736800715073
-1.01750853585125
-1.00117194738043
-1.13641052115897
-1.12134617821956
-1.00421115065762
-1.05246352448148
-1.11724609792767
-0.838464145388455
-1.02400549164078
-0.982304307673557
-0.887653858411162
-0.911501956813207
-0.968654161908444
-0.905960133174685
-0.861094813818067
-0.983564396810511
-0.86937029465
-0.922690131489863
-0.901792609960278
-0.921238155893515
-0.923343403323486
-1.00926434915284
-0.852449350821579
-0.866146463750722
-1.04213722850546
-1.03186194354416
-0.929855357650992
-0.89354090429924
-0.970060357143291
-1.06715297059191
-0.800105869241995
-0.957931382671968
-0.979410409206616
-0.934085520278647
-0.934529423591077
-0.992936420212453
-0.924716720871973
-0.870268010253516
-0.971970031257814
-0.900678855850304
-0.954670415318861
-0.912627932245692
-1.07193283195485
-0.891989082505371
-0.995893953068365
-0.926976934407858
-0.733982373496511
-0.784380695164194
-0.90216034786787
-0.872962011716187
-0.893062564609717
-0.709262505101876
-0.895192495838557
-0.933587706550657
-0.867825675774404
-0.935328379696336
-0.976493094305515
-0.970591218119936
-0.841066094507207
-0.785788499897176
-0.874434388023484
-0.809793679444548
-0.838501453460161
-0.97176424100432
-0.861371625997493
-0.895795958762067
-0.653610135852888
-0.846625088500001
-0.755505688677503
-0.721410161369241
-0.768851414207668
-0.870914140362237
-0.894008704844697
-1.00121343214468
-0.805230473337756
-0.80294362026824
-0.885658024647068
-0.777063866784364
-0.884772792583979
-0.763027822068342
-0.846314171772531
-0.926926349491489
-0.788178896664895
-0.777883321625347
-0.719233678177723
-0.734980582911775
-0.72285436803638
-0.698100796838371
-0.712913825130513
-0.862618421302263
-0.749883195498357
-0.606009265594891
-0.863986239629949
-0.805684680266097
-0.797378569441927
-0.869803906043347
-0.810143320196495
-0.761733715811691
-0.71758931836489
-0.712305520234992
-0.801578230105538
-0.732610925854571
-0.863287986874633
-0.71965366703198
-0.91143939459761
-0.715732161966746
-0.903270207792642
-0.662245488485012
-0.874240526389413
-0.721938520189464
-0.817217426104775
-0.823270835710125
-0.965099389122021
-0.759671528390646
-0.834319425091722
-0.739750532770208
-0.632527684305402
-0.720182867060511
-0.696344672408496
-0.699071958458549
-0.785830276931723
-0.795432762987826
-0.88126258592315
-0.912573928709585
-0.784484561482174
-0.653219776846695
-0.621356099375154
-0.74815059207426
-0.682161576637403
-0.799548125086919
-0.465017448774843
-0.69343104226112
-0.766425116292623
-0.632694575082055
-0.504815297131694
-0.890978068481293
-0.548051032976975
-0.704705329402174
-0.634785798406333
-0.812385457152926
-0.682784571220697
-0.784191900265458
-0.754893282634239
-0.610319077441815
-0.638714762511682
-0.602537463641135
-0.628867662342308
-0.595948742216868
-0.692739046121847
-0.612409436460894
-0.715333525498983
-0.621044655973517
-0.54316800001116
-0.64998541240067
-0.617332028120748
-0.707591324829669
-0.60984139031085
-0.577944478158452
-0.683474306352849
-0.770362554164698
-0.617876641593837
-0.638813081029146
-0.644100223802282
-0.573344019451814
-0.499142205928435
-0.576116986480569
-0.614795726375698
-0.6545300253469
-0.677583644933028
-0.747725778713716
-0.693890741715989
-0.427056259781652
-0.589180851850011
-0.637576496137487
-0.677559468079883
-0.600355808373029
-0.579214883641729
-0.728329501311128
-0.608214099189053
-0.696134810695584
-0.614129959223834
-0.746094115561471
-0.703339155928114
-0.518211246937495
-0.647404786634464
-0.640568541152401
-0.664611826283263
-0.728160186630099
-0.501542023934942
-0.680801680028769
-0.630827514377269
-0.653835698636939
-0.615151777619374
-0.589637489658418
-0.52028639787504
-0.633309514440447
-0.587386866523036
-0.631141110793866
-0.49188200413777
-0.498867812701389
-0.492513807828571
-0.587671836262233
-0.49653320526457
-0.522161801488527
-0.539032079608588
-0.478340878285692
-0.507272455757796
-0.595766585524694
-0.577106490055366
-0.558929548019677
-0.598024231082299
-0.618314601459165
-0.532366882428205
-0.408435365287892
-0.588649677793841
-0.490412877059009
-0.594992850336396
-0.542405642433709
-0.463159680635146
-0.435046870747071
-0.593967604293027
-0.494755985591687
-0.526239835553095
-0.545711037505861
-0.488809933589911
-0.556761252535436
-0.533246101213486
-0.574923094568397
-0.52227961636986
-0.569240424206446
-0.576589380794769
-0.470388437191193
-0.627387415595761
-0.5295210613794
-0.531978517146182
-0.496888919647391
-0.563913017599273
-0.488209847944676
-0.537728135653853
-0.528133417934507
-0.606483652529727
-0.378736738468031
-0.633234389092379
-0.474610817102657
-0.562150097214128
-0.504569332783825
-0.539004523226922
-0.45604584241648
-0.505685017668054
-0.628284364956025
-0.63430625980839
-0.363830869447745
-0.559023921856334
-0.413306791147555
-0.488960472464801
-0.408250560785997
-0.556435235326226
-0.430890919913189
-0.422477314315033
-0.319000934494094
-0.433577860183713
-0.568740297857379
-0.442510008113404
-0.433663885023945
-0.334912999793261
-0.446539463178847
-0.483251733037815
-0.520960095753054
-0.445428107823207
-0.465112335471679
-0.53169062220949
-0.306763591180323
-0.416383130454672
-0.436228507837313
-0.39054473053964
-0.376163319711808
-0.325243565199847
-0.339931494625358
-0.334839616979581
-0.433971461914947
-0.29177315852901
-0.321850264119142
-0.524743497744923
-0.35416374375587
-0.388129921208618
-0.457754335868404
-0.223559428470326
-0.429174869607234
-0.424979502296853
-0.419851153892582
-0.364017353495586
-0.38602874342119
-0.490801210675866
-0.322222758195648
-0.383756085225599
-0.38293505970947
-0.460600512485688
-0.462005998921051
-0.348022193358857
-0.424225609344375
-0.296926781591673
-0.315190787817988
-0.432669614140219
-0.335395137282271
-0.320362797613263
-0.442917388299733
-0.174643443757706
-0.44346795267546
-0.250738961881954
-0.389675964786795
-0.41999301623838
-0.391945545514842
-0.406179761893958
-0.365358228095364
-0.466214328721127
-0.133518166352015
-0.327034445126837
-0.337474828866411
-0.161992366331448
-0.328997741777682
-0.266439341781502
-0.368568143260536
-0.310324352744256
-0.34328640693954
-0.43845194497896
-0.322637753401576
-0.39608514168449
-0.396955066683953
-0.221608466989311
-0.334463215354566
-0.380706582645203
-0.225528314476652
-0.406017080027849
-0.370283743557829
-0.228533844362889
-0.364578783649141
-0.493723971475292
-0.420485198659511
-0.215748429487477
-0.315494990547668
-0.290408031955203
-0.202737177066095
-0.277014207326722
-0.177084678440103
-0.265960913177782
-0.310297661732097
-0.286877855468423
-0.430988369378147
-0.22240738024384
-0.382347852756009
-0.395388479335561
-0.292202628153515
-0.264897718305267
-0.192773040707989
-0.413146330907066
-0.305632068394175
-0.314062832326975
-0.174534855169212
-0.196489260166429
-0.243576648605754
-0.304128427538177
-0.271356277814793
-0.414608163990073
-0.250795683631614
-0.214171210620619
-0.301497801195499
-0.262878974531275
-0.314891783946441
-0.387474226478977
-0.274236299245
-0.22807838223477
-0.361985082141767
-0.227681110478127
-0.344790191068055
-0.347317271416272
-0.373758565037547
-0.196119231349384
-0.220158786627784
-0.21700966995543
-0.176442836215295
-0.160036270207564
-0.283225492749704
-0.0789868419231751
-0.349766066728921
-0.230368253636642
-0.207002975418086
-0.1496528626556
-0.285553932009413
-0.318691180419146
-0.261813246592817
-0.0976202149801313
-0.195469189391252
-0.275921921772123
-0.378899813382704
-0.02769672397057
-0.0653165676993038
-0.362293879063978
-0.221320116794623
-0.224040672202566
-0.272702579244555
-0.04001434596943
-0.165848519899717
-0.244999364788239
-0.207101917344106
-0.157101055734567
-0.230731683519129
-0.175678029980064
-0.0844632677859534
-0.162827553885777
-0.0829612641893411
-0.196949130962471
-0.131025031459777
-0.182998115790202
-0.21362511126367
-0.0631360881954826
-0.0851807357015835
-0.192447251046451
-0.0818646294143969
-0.0318577383477828
-0.075197957340916
-0.0937919375786783
-0.255872495423684
-0.167778133041643
-0.0632507065879221
-0.0302612685688183
-0.096537530602036
-0.0638834587816427
0.0718416042148234
0.0098651141962355
-0.221374203362663
-0.124146637516384
-0.0549200038137346
0.0818956080716114
-0.140748259014042
-0.0659971630863045
-0.153828696742006
-0.0636126369225003
-0.0806614179904171
-0.272245395948036
-0.142318756873578
-0.114359163654212
-0.137384982375274
-0.21282119041601
-0.0241692647110207
-0.134120812389993
-0.0625516186123078
-0.0314750966292768
-0.0245723717666244
-0.118311218501722
-0.079489583953677
-0.0283266958043337
-0.0528351000561912
-0.0578495733172858
-0.176965038601552
-0.107010575529898
-0.0452163222006019
-0.141585811141335
-0.14639274049106
-0.15025580041412
-0.0779503934923079
0.169463480789536
0.0986377271832533
-0.116786248035821
-0.00232143288850532
-0.0437011241691088
0.0355575929651116
0.121419710476193
-0.0194824380771161
-0.0560697621076715
0.0317251652385383
0.0881774094871966
-0.00495295636562663
-0.00868087525036483
-0.0343158152923967
0.0109630853230925
0.0435482755225375
-0.122656043574412
-0.0687340651529868
-0.0233309498702387
-0.000806459430490876
0.0125467763925282
-0.139480161988978
0.114582536318437
-0.0413185801655743
0.0575262476471246
-0.0294345101191914
0.0340785634774189
-0.096225467458157
-0.0402670643305069
-0.00882009905250836
0.126623874403262
0.0359570957876307
-0.0521059577324383
-0.107661906076687
0.202882342630871
-0.0193064940315103
-0.0472188074046843
0.0877373719359038
0.131663950933384
-0.024095861151882
-0.0179039284781479
-0.0979316422741766
-0.0231749961494762
0.131748012895192
0.054284625617756
0.156308949533595
0.054209387400433
-0.022213055011247
0.240155338635094
0.119271707960143
-0.0322785873269275
-0.0984115064950433
-0.0429967703961515
-0.0839587317951332
0.0618367600694968
0.0869559856028081
0.180465378268403
0.126220070276428
0.0574672137827638
0.0573806390783334
0.0614703061576424
0.0387877496938004
0.119098331321312
0.360048744186243
0.112609250319772
0.0776687785984695
-0.0310528839967595
0.0743291577813167
0.0827973253573209
0.122661137153507
0.153099746490825
0.00169597082358402
0.066845825676709
0.214862253503908
0.0776954936081376
-0.001959750107245
0.125761557722204
0.00793330309479878
0.101795834271744
0.0987686811323709
0.0853885959947297
0.164552315865189
0.0853081591372757
0.064918146997878
0.0924248536331095
0.0369701796878956
0.121537958512931
0.139374666276252
0.129237116796493
0.188074891382858
-0.0507020211304621
0.0991886126925479
0.160594331889957
0.239663077340677
0.033625395301643
0.0547597901154786
0.197237571846978
-0.013567693167008
0.208901541607963
0.0277480998271052
0.265909139601709
0.176565039473013
0.139576756457918
0.121096664466163
0.0860617066042641
0.251275418636861
0.0616337049361094
0.234735815451101
0.0137722018676118
0.261074054601866
0.217838437979422
0.112113650355515
0.0877072893899134
0.347736129543548
0.226504251380506
0.231099725521171
0.185316968435554
0.0781674328660279
0.0458124431562825
0.108900076855492
0.0316400713360276
0.263887775649494
0.292520992987458
-0.0303044347212354
0.255669670302859
0.293275421091547
0.257712414578013
0.22302247640582
0.188857348318978
0.144979629073874
0.180385934329173
0.287648286839269
0.0976796831584868
0.294649173949805
0.297524073749466
0.162492665814855
0.21774652243974
0.249486620020596
0.268432313494689
0.286429010411852
0.0987327369335203
0.215622156482481
0.2713884826588
0.260682126555355
0.376034547282694
0.253600372018143
0.221019785428747
0.270784878243869
0.232590979706238
0.129890815763184
0.259555776409571
0.312561392520068
0.0644964811735961
0.199144154349847
0.238495677019393
0.38956725327109
0.157405276844849
0.383603433059209
0.376615189395297
0.265933593751152
0.13978665478154
0.285114173763409
0.256096817707119
0.333052056126697
0.181390202674376
0.395167913619665
0.431052533690466
0.282523940211433
0.263627014184041
0.267234364728349
0.22597876471111
0.39300363386945
0.432382636489903
0.324181381813353
0.201841106150849
0.140102155290448
0.451739642325388
0.314153224554665
0.22225065014669
0.324974242047609
0.251788125509943
0.397553751851947
0.261890529065693
0.281226597158877
0.262465430733548
0.253758248567373
0.384779869446067
0.312027853746055
0.479229730171636
0.298930851818315
0.359584193247919
0.377087841996312
0.388574099703473
0.293222817256704
0.265237140542936
0.414659386994684
0.321673671111645
0.44591533782229
0.319593732098255
0.439311136184129
0.343778256622412
0.288218024274769
0.357346874196045
0.474307548333221
0.440850374174026
0.416106275831008
0.356975614724855
0.331153379798147
0.297785667435945
0.174459099892761
0.431560700113108
0.201032529880106
0.207801408263047
0.414076590911248
0.424578236084673
0.410272874279092
0.344703591781296
0.331690161557807
0.351376249103843
0.38062266821996
0.373029589011637
0.337619180169263
0.359160252799379
0.369290498548941
0.331022651674931
0.283101986327988
0.382291376236776
0.432221342457684
0.38545725155358
0.399398793978975
0.342381240069318
0.347122725826925
0.310623730328708
0.234341857566948
0.554120136127795
0.467134924506418
0.346867125623022
0.42327398584653
0.523602311275883
0.426982500815447
0.467344633849182
0.331276436836586
0.348333978220461
0.404407114246934
0.332940626871077
0.295015085837303
0.417440535677002
0.321092303513506
0.436261331847117
0.506923589160015
0.493945590057868
0.478403443853735
0.472525426943798
0.526661439718903
0.450175528089676
0.517101045100463
0.4040807819217
0.63030425783072
0.37656437117601
0.525909790533282
0.435051036831466
0.421822766813377
0.503269036462899
0.425436523641013
0.560027996941841
0.51143641331591
0.316719370414202
0.390409381159337
0.395867597168512
0.379539313872212
0.60320265982826
0.639703988031748
0.672373639609015
0.46883502314407
0.476370679678628
0.593635798852287
0.505532946491316
0.403091297760956
0.455737311991381
0.454806901479744
0.54624431045499
0.474088654010971
0.641316724935154
0.360896134453096
0.619232796822188
0.577069165187779
0.4699280620227
0.638391208612421
0.567433319730965
0.597975285239011
0.642859165443977
0.516882416360968
0.465641363392743
0.492029531048844
0.615837858157108
0.473917806265437
0.472590374947788
0.592784588908953
0.565542758546416
0.517337214018167
0.551586385970736
0.508006069062605
0.745239050022643
0.711241335221545
0.392212088612486
0.453569443915924
0.569140208041599
0.538124662208175
0.469921688061044
0.372371084057872
0.473263927152158
0.539869091729376
0.601456497792496
0.605548478793628
0.4333883219976
0.707729405675054
0.642688330360921
0.58929868707827
0.580892583198511
0.711429104646893
0.446382445812353
0.348201603874802
0.546596302536509
0.529588949658033
0.539068367919714
0.489902994082536
0.439093483574979
0.569918901668815
0.578907772903825
0.826470941534612
0.67209704737987
0.554674317760818
0.637451685299083
0.708920314536398
0.643146426807015
0.681050325998243
0.674055942921776
0.60030674341854
0.579509832436193
0.572511662164958
0.683716546376604
0.512834318036394
0.682761943300921
0.698443924393394
0.695680512820445
0.76425612602683
0.597152641068811
0.692021083155992
0.65301780222925
0.69743447781205
0.596327560120908
0.734120146639085
0.852196278643547
0.798915564249836
0.644950238586184
0.615844687827747
0.668180728195222
0.813391514720581
0.667017994626048
0.724424343652576
0.694298574112378
0.681493580538134
0.561785407256275
0.606773495641868
0.643625912346941
0.56387943222135
0.789558111191321
0.577621793049741
0.60682854012786
0.477443983678634
0.602951864728713
0.651800031566392
0.527506336509733
0.6718475759985
0.62068573279642
0.730345814110234
0.623670885044808
0.731127685635681
0.666696597947059
0.547240267286373
0.597352352962858
0.737389115993968
0.799576647692263
0.828808028590318
0.729601319340128
0.736443380956295
0.774812545996043
0.641778883836985
0.607915710243779
0.771350230619063
0.744786673637092
0.723524850180242
0.775976816872797
0.799217962032614
0.670334930405975
0.798185793449469
0.809120149173793
0.654121954674271
0.648250459468991
0.669868776903549
0.70158262652436
0.843928705666977
0.857158074565727
0.580638538938645
0.714568761449307
0.876473060723522
0.803459289479991
0.803528351230814
0.643933959826455
0.864955610944052
0.77612903331365
0.813267664811721
0.769612892227472
0.794273930747606
0.910109690086512
0.665339880448827
0.817067975201486
0.793953451704607
0.769090487063038
0.735928808752832
0.764239807586559
0.859493197057419
0.79945279957002
0.814235166180166
0.795991919100561
0.780745054536345
0.755162341897818
0.77068996975212
0.834548106590445
0.715843173248167
0.575679386136111
0.963954532382648
0.677429036033459
0.877763787042117
0.875344399554965
0.865084132117139
0.72118735002546
0.855629897817679
0.914180106928988
0.740099853757062
0.816873120755761
0.81318432717795
0.889540973807029
1.0144118064513
0.853490155607953
0.638031196894616
0.765219627768594
0.828024613577751
0.901227543992168
0.78468280845161
0.844882050880261
0.858104434033148
0.821927171043211
0.710071168850322
0.886082331658744
0.82444937602635
0.961083936604769
0.884606040769217
0.737487474722959
0.949587943101234
0.835534686375655
0.79956495858887
0.731261107794749
0.837877875920348
0.783841684229239
0.860536007367169
0.940181294014096
0.880782023521073
1.05071306631543
0.84921078742766
0.876761038705266
0.685925822827239
0.95226544324754
0.943551393978122
0.94157759994096
0.84993057868741
0.927743752305455
0.86629726396467
0.813076676263965
0.83926621850278
1.01912309571511
0.964947378291398
0.859146154246293
0.898903927108959
0.883409269171761
0.906069315096235
0.952051845281176
0.92434261343289
1.01724177761813
1.00751898061393
0.915018534801937
0.812087840010484
0.825036001952774
0.891016751811165
1.03691209041817
0.934420734626551
1.01735302459633
1.01632063349431
1.01788431343651
0.898508100490337
0.821750670995065
0.877372188664579
0.996494951128765
0.864082765112005
0.916615009618637
0.96593405564403
0.906588725294615
0.843276325556494
1.073423989345
0.909390933816335
0.782329374333053
0.895438309014187
0.893827317722942
1.00779399625834
1.02144702501135
1.05971875370512
0.943094978842937
1.05250656053002
1.10393120723989
0.985060281022261
1.0541495250236
0.970869494892604
1.09249837154955
0.974592017736311
1.0236269507547
1.00515252687729
0.939531784842588
0.964344167558766
1.14216067051168
