"x"
-0.938581182151162
-0.815430901728887
-1.07708539213898
-0.858865522844782
-0.899850951272847
-1.04908971099316
-1.11700649475409
-0.933425225459067
-0.939553174811724
-0.895934848228909
-0.990052814867856
-0.993007806593557
-0.968488728672767
-1.18798956715573
-1.00561942053749
-0.997644793637649
-0.96863021908884
-1.01939274737793
-1.04764262846853
-1.02781476760981
-0.97152306717665
-0.853406479838718
-0.983134958876138
-0.855917155203243
-1.00466340673769
-0.940156919177988
-1.05779640198626
-1.03738660492058
-0.983401360502148
-0.890939364541594
-0.969440539334658
-0.82663516766069
-0.860360174863104
-0.894509307718199
-0.790588101537976
-0.869167040427764
-0.720131442664526
-1.01167794322629
-0.859441128276523
-0.887082064321509
-0.896822642057192
-0.87072753536082
-0.885478804845237
-0.879480741164808
-0.856007696381377
-0.830478255305203
-0.929404192406171
-0.960772023679901
-1.00315855411482
-0.798793356864464
-0.879643453907606
-0.892138984783875
-0.726417775302857
-0.839412007305116
-0.823020148778172
-0.995939650477941
-0.871045533433165
-0.996638983657868
-0.810262988869196
-0.892724106776128
-0.797261375674256
-0.896812990214371
-0.7989406785503
-0.93833860237374
-0.946712973742394
-0.910224613620234
-0.841373865916679
-0.913256405589754
-0.891064016035061
-0.8804007515761
-0.795597362979263
-0.817073441328095
-0.95057358775041
-0.802365837425438
-0.749650547604506
-0.841423453308112
-0.798506257614355
-0.781751918559258
-0.70792732501428
-0.87300812238301
-0.832690038511313
-0.700661333063042
-0.911100266398333
-0.771332613081484
-0.832031343356405
-0.880258962540414
-0.873743793059502
-0.855133262250889
-0.807562311362022
-0.853714036280806
-0.718045964973574
-0.889199618313776
-0.892176884944897
-0.71405469876222
-0.878102141601955
-0.764050733403003
-0.763851392298053
-0.683504727097066
-0.746643494504913
-0.860779447197626
-0.815631503330739
-1.06633249854523
-0.744419550691958
-0.789452864732919
-0.529123064879105
-0.765634572691339
-0.81644303386539
-0.817140287022217
-0.731872483273218
-0.811783134105821
-0.724768577994232
-0.790452697183077
-0.788024873456126
-0.672269574363499
-0.811588714363013
-0.812316955989697
-0.731328831904005
-0.797716481687598
-0.646146962162842
-0.819943688231769
-0.62774925231177
-0.851381581323575
-0.864450250777014
-0.679155695654459
-0.869100265458958
-0.738400143135778
-0.798701753788138
-0.608967880361715
-0.866259543972935
-0.646445601559984
-0.701161665337707
-0.705959510709816
-0.690842291861602
-0.663225246915418
-0.714232411428416
-0.705576145142741
-0.719313458996075
-0.775561758157755
-0.698546783312806
-0.851442027777642
-0.785799989895407
-0.759277021000878
-0.696792917170447
-0.803311014244597
-0.689083135309359
-0.421935512086792
-0.676957279308001
-0.772463929058435
-0.78208164738187
-0.664284409228581
-0.737771540771028
-0.612540021990697
-0.775692389771157
-0.680902836353907
-0.739858866858439
-0.681745369138264
-0.737334600553372
-0.7124462854542
-0.791688706655705
-0.755921876442823
-0.754656939201787
-0.738632103429934
-0.582815750144374
-0.639922305637289
-0.559164740001389
-0.768536755422406
-0.594911962985001
-0.676607751128878
-0.6379091877829
-0.651085828336079
-0.644051152829571
-0.692464046013498
-0.668743880900464
-0.742600831828117
-0.748229958951257
-0.621901721871934
-0.685023372655535
-0.588092981076549
-0.723374203980049
-0.674322636917326
-0.797883155836838
-0.643820223548638
-0.696572889477791
-0.561950897178741
-0.706283622155028
-0.659082794757632
-0.600423465504252
-0.514279862141055
-0.661574700082837
-0.572715338172372
-0.588209333524273
-0.492702335346196
-0.642274716387019
-0.455259625466839
-0.68478772099788
-0.548280112943684
-0.614376496980631
-0.689170486252871
-0.540861660940518
-0.544242379804309
-0.57553954520731
-0.534044472518696
-0.680220760891298
-0.628313867034851
-0.60976703536689
-0.652159708454024
-0.528167416324416
-0.679946284632346
-0.707319269849424
-0.559318313451114
-0.573214942236196
-0.577549100819804
-0.449546084184222
-0.524722762077003
-0.582845972692277
-0.450502031413686
-0.612783703178273
-0.519937712652902
-0.598495756315766
-0.49219129275204
-0.669104046897041
-0.571403801311325
-0.64112497679887
-0.473556928895227
-0.517655725223619
-0.595942569631314
-0.613189595195022
-0.517644101022433
-0.621904206835719
-0.549191824943117
-0.567852933913903
-0.495324797253609
-0.388261292681096
-0.517198067160179
-0.522034660814068
-0.503308102310234
-0.42237366367959
-0.489591433910727
-0.503389595932359
-0.469544123607908
-0.488670393768763
-0.565788021435135
-0.495871649816808
-0.632219606499849
-0.551720854923449
-0.476056646119724
-0.550071812035893
-0.476266669188427
-0.56526752678185
-0.440351200580625
-0.553993989468736
-0.461242233147519
-0.425703654311765
-0.3328514508181
-0.564679930023149
-0.40930762784221
-0.528286745301395
-0.555556375924331
-0.47788770820094
-0.440460732430054
-0.496476578458294
-0.491004176437958
-0.327116382656735
-0.625473461076613
-0.540905465905457
-0.485359080783721
-0.528647708799853
-0.405225199487249
-0.497994664156587
-0.370458978150331
-0.410027259300248
-0.556470925821715
-0.542472227957374
-0.364351471990615
-0.385869753903649
-0.533952942968815
-0.451496946713918
-0.395740007329182
-0.33479179371191
-0.500973215578308
-0.422313212288838
-0.287001608819273
-0.413640255855629
-0.400381685363273
-0.420762729614238
-0.421552540662352
-0.48753005398709
-0.490006510353528
-0.500597976026563
-0.398970877077601
-0.553046228161615
-0.418921991954249
-0.288148787468366
-0.529047833881369
-0.433645876318753
-0.410340044665469
-0.496173265689426
-0.297341595753393
-0.464914579820246
-0.416992758565852
-0.427719512448523
-0.467146089418221
-0.483739917203523
-0.348712634257176
-0.436842809950689
-0.422593604476414
-0.49305203694291
-0.44236428333323
-0.405382803571623
-0.532243647528955
-0.413079538129775
-0.364149920207179
-0.479631317822872
-0.405999402305591
-0.613006050691284
-0.335814207363764
-0.261637705604229
-0.311519801896912
-0.344123622286375
-0.465567696459351
-0.321803478298509
-0.332407065389581
-0.440579534980883
-0.243403026801536
-0.420108805227571
-0.37328877319455
-0.445604367246051
-0.351981141572058
-0.208132110865029
-0.27504884885703
-0.314875093371919
-0.359887110213344
-0.350134886357542
-0.412608396570617
-0.263411951084087
-0.383936718857087
-0.323578251476837
-0.278524373736581
-0.354234149231501
-0.319468647922029
-0.294913619094949
-0.359278051937925
-0.234876828926239
-0.169611297523212
-0.271829912464466
-0.375068957265977
-0.168772919749632
-0.256201165422621
-0.430992916870031
-0.337512419636557
-0.281166283853567
-0.340964862002635
-0.36728675043604
-0.317758336934937
-0.169743190246676
-0.209551417965796
-0.170078340233729
-0.149782280865524
-0.228345048387093
-0.472323992825175
-0.330607670680826
-0.201943129404477
-0.275668087017618
-0.267603003297157
-0.295769862281905
-0.268808327473177
-0.284156744042506
-0.12175640004173
-0.18896395777448
-0.214761896256654
-0.395016385206505
-0.25097765029957
-0.104734943444851
-0.25430055384446
-0.364079692372878
-0.23378939146844
-0.42339808976843
-0.174991438999755
-0.258600256585099
-0.0880049695529916
-0.131437224739635
-0.171118775140132
-0.227615895822396
-0.212603327047812
-0.24036754737577
-0.325171269396429
-0.202414243500976
-0.126745453814197
-0.100508238691601
-0.268822804609094
-0.167515722452017
-0.197003006329208
-0.00136110154867975
-0.330878755222658
-0.134597910365049
-0.237423830884671
-0.071106039101549
-0.0975691470263125
-0.191225117623906
-0.0507849815542844
-0.232235893598296
-0.297664099814276
-0.280541924802336
-0.104841201907302
-0.159413746438552
-0.102376085255153
-0.146669120091009
-0.116232120207496
-0.333884269855736
-0.201978313231585
-0.255083570222091
-0.234110010666356
-0.0505533580792063
-0.112170266426149
-0.248267071102668
-0.080860565170686
-0.128782837200279
-0.0968646464311951
-0.199421175496122
-0.166127384427044
-0.207657925081635
-0.335486360310013
-0.242100636081505
-0.177071610017354
-0.286106003973223
-0.128060448432544
-0.0800425910306009
-0.121601749576179
-0.0337657578352856
-0.121938381654529
-0.19411202646049
-0.105865010800536
-0.150115826029324
-0.048111064345238
-0.173031916547987
-0.111229034638488
-0.0432428508527823
-0.182143203920876
-0.149800023619826
-0.0510988842454589
-0.148325397941861
-0.117420258540081
-0.13053232697023
-0.0463662776851318
-0.026061319704377
-0.0815737137126781
-0.224629965790661
-0.0342410051565916
-0.0443849974900712
0.0118001262115138
-0.127715353728464
-0.0343512393931518
-0.0704917751635686
-0.0795630375644094
-0.14339694357293
-0.136806539659794
-0.201622053403165
0.0821894664660478
-0.0248645018194478
-0.0235068965929299
-0.123836783319358
0.00611681871423332
0.0674836155527432
-0.0308318609114303
-0.0841834347895629
-0.0016831791237448
0.0549490219130471
-0.130775261617707
-0.147417096710847
-0.0430626359684514
-0.196101799103615
0.00202350180967973
-0.10384769468293
-0.0326954477182986
-0.0167288155942969
-0.0232775480086767
-0.0206460994324224
0.130985810287016
0.0481602670910124
-0.0815271095381119
-0.0495452140773344
-0.0274917321085507
-0.102119974362506
-0.00154404664167589
-0.0881596662937388
-0.105634370030521
-0.0243391866633064
-0.124603735126583
-0.0620558202759494
-0.192352123680592
0.0109631928517784
-0.0715497407645485
-0.0356273293118982
0.00371625598887146
0.0864205961049921
-0.0600998488110914
0.00808363579738344
0.00360370088797159
-0.0452773700079694
0.0288651768917004
-0.0791913282648899
-0.0916299931884042
0.0303223698780683
-0.025444267179551
-0.00418629294698471
0.0321560269831979
-0.0306467534391026
0.0300642934259042
0.225074418080301
0.0443554105248881
0.0235329643083722
0.0816438010350613
0.0234749754833579
0.0423624624362214
-0.068250873284307
0.112310752890286
-0.0511634822881218
0.0524234990773166
-0.066464322556284
-0.0726126413790496
-0.0191434983747108
0.0871507075120585
0.280153613597518
0.00964278573906742
0.0892358873809801
0.0274240175724382
0.0441847006128249
0.167931159111169
0.107683976645541
0.0419763525050066
0.00700298347748922
0.159859846732096
0.0170193547518368
0.17716361377095
0.0621398177540135
0.195971520463726
0.209641119545855
0.0643771969257029
0.0441460389785987
0.11049317698222
0.068468028055227
0.0416234032960514
0.171044003554554
0.15479500364577
0.157319025211482
0.0564068291132766
0.117710433891581
0.00923486504451035
-0.0831230152285777
0.0865016241781733
0.152010186316055
0.0792853430358262
0.0984211535692237
0.219810644592726
0.156941010748954
0.0754253187624637
0.116527176775151
0.0911195536489895
-0.00626134243374418
0.162109602003997
0.141067464031065
0.184714991470174
0.018148768426969
0.157849293751831
0.333104081937184
0.0718225430966633
0.145034439166715
0.00175166947974875
0.0785110780389708
0.144799940986559
0.138362099778325
0.139355128199701
0.28170760051278
0.0790244865766041
0.157957326824021
0.176921918716211
0.215564633325385
0.132457061909685
0.106438328581116
0.303656780720504
0.0463456715411397
0.223119831699055
0.20565263200829
0.114775254945496
0.162043126591939
0.30951859681023
0.242765667950154
0.196631389533657
0.132426774313214
0.157645019833424
0.094754800525707
0.165525120214075
0.117541801650538
0.199289962993686
0.228376219713474
0.217720081618351
0.149347274470935
0.247711236357026
0.2613827070081
0.229476210358371
0.258591630448748
0.201854070654096
0.201916731197606
0.166400552561593
0.22786012766802
0.185596352636428
0.228205268598788
0.285621344492718
0.188691373754656
0.139966367972273
0.22710374129194
0.162355087859259
0.229617496659205
0.23167581815247
0.257268573521603
0.160424071499329
0.213971150729015
0.147440520037964
0.159978635337555
0.246969387930228
0.190081425988862
0.219409042201854
0.25663739207354
0.366858328192712
0.482393012423266
0.263226420698841
0.223566272689362
0.202672267953068
0.232948605828603
0.213427059060232
0.212710587645883
0.167226340469922
0.312801951708876
0.137383466559064
0.357930402720818
0.426271790394911
0.188105388128071
0.258617116119152
0.181006791116275
0.394178975670693
0.249314556857391
0.185898996879982
0.290808306299991
0.322058228934189
0.151591685024581
0.2969185291557
0.316731499995635
0.411688158906894
0.159332979654681
0.333542719853339
0.426903247161486
0.273744215891816
0.263771411044777
0.354829078520667
0.148133823103612
0.418682049016461
0.380253043827866
0.339494698751756
0.487869506290553
0.425894449639467
0.285888568906031
0.317397821539767
0.359139119977518
0.202970844774697
0.389252015603804
0.210061196581211
0.256980774383245
0.367572024860979
0.296245411999343
0.251968152561819
0.402084113657651
0.558975424225205
0.468867199382168
0.265793774722184
0.223985184241435
0.445425634274998
0.379159759421593
0.355755310591067
0.330793433427108
0.390570425775378
0.394839480409015
0.402684198747021
0.348227320673696
0.25546970944733
0.383846564753355
0.391151960042864
0.369093924663084
0.305081370761833
0.418321095284151
0.374280644054781
0.412755914468344
0.343542186785082
0.466863910229162
0.268363538918889
0.367007334657713
0.254085632454286
0.224796824095925
0.457009215953631
0.436600956399621
0.381170104629923
0.308761681353904
0.412754051546588
0.454782969179903
0.52251974414199
0.401063724009529
0.360075879166627
0.437004218155725
0.413712693098931
0.466171373420779
0.458647884403235
0.335425358182439
0.617205995870741
0.446835116521146
0.573246633675303
0.519888434502635
0.50134428457943
0.531737268202614
0.433705986302433
0.442059692877451
0.541951038856122
0.52328318430827
0.417526265617339
0.493439103461927
0.474037763219229
0.484754746152571
0.435640524491133
0.406134573464275
0.318696946189737
0.323220074076848
0.406865764777082
0.408038339291744
0.437810001814203
0.415802998644562
0.499687368785414
0.419763516908243
0.467592587486208
0.457830952641908
0.470535384372699
0.527979023487135
0.520407825310487
0.360585138233482
0.569030694389308
0.519095299051375
0.376811776443387
0.408016562833261
0.386288412467298
0.516937291676797
0.36375751786494
0.592651545153476
0.545805916198446
0.439566214390813
0.51005520874457
0.623832404139916
0.553245191486575
0.547359943886928
0.573064448537286
0.440868221569035
0.399290152672874
0.535593220498782
0.568506467993368
0.409852026379531
0.390467323317661
0.636719416917557
0.562472595990679
0.551882546630429
0.587233845084257
0.557455395686314
0.548132859997229
0.493224579554727
0.571167947311189
0.45845830161999
0.602609705085327
0.547859451983504
0.428165299312478
0.674525734808487
0.606486163960488
0.636688256593663
0.45018593046819
0.488004859444078
0.475957347210982
0.655041209709915
0.501069574636548
0.599143900272234
0.608969289897913
0.522863853922942
0.628522347372053
0.63440446328563
0.587693406605674
0.687296881695095
0.606701451676676
0.714378301163198
0.513443542672316
0.591640982651743
0.360607214598959
0.526375480367213
0.521183373777244
0.517133354246308
0.653062780508092
0.555538300449635
0.66571687082375
0.511172568641358
0.481802857306165
0.625064389326461
0.747187903074778
0.669956579055166
0.621845699668718
0.454544458075424
0.606709064310234
0.626778021386489
0.586516939343516
0.700722529502271
0.637939067256117
0.504393099394085
0.614642052207335
0.677681725677189
0.560973537779444
0.712944398560503
0.759807729107653
0.447183524968599
0.747544714577098
0.564217469158246
0.752400920663107
0.454688786927286
0.572393853620153
0.709942718132551
0.63016111081234
0.514714113702619
0.642033427649815
0.56214230873699
0.694537246705226
0.699555989375235
0.693648713387665
0.570714238829821
0.813694213866766
0.760977193462189
0.541796665248733
0.651200548286647
0.803166410475469
0.791209501314975
0.631075103347111
0.823450387970513
0.5658792900895
0.670027364793586
0.747070066536513
0.597234745175103
0.676850160232153
0.74801578279784
0.689333975606482
0.75651791666239
0.671928522816648
0.665558669842365
0.761232330256743
0.603140153594598
0.754224141247332
0.633926943482124
0.802455707989098
0.68273455917938
0.783393459462697
0.510537910268685
0.83877155726975
0.757724571313365
0.752758671467654
0.708760518992589
0.755774861032552
0.649204007062134
0.70013080221442
0.813057482538624
0.791961585690882
0.752155537693137
0.674481193600184
0.551934990131662
0.560806422157753
0.80835078125788
0.759376675807996
0.682171167102417
0.76943695335474
0.709917485854456
0.67455072332603
0.855013392284382
0.874546874846069
0.715553541982067
0.760371018893417
0.755655172567447
0.698790820422964
0.78824249278144
0.816704795087432
0.855982876528647
0.842529225994175
0.802436901191976
0.770332322850603
0.599923382823251
0.820300166756611
0.543468081927811
0.868295941923434
0.820823889256809
0.877861967729264
0.818697363772482
0.705712779659378
0.782048945428772
0.784442342944218
0.740765099689935
0.796339281695313
0.860433564761048
0.790348376706613
0.744024098123197
0.632749827583126
0.984680893515534
0.737366374498134
0.842884873254221
0.728865235461978
0.790084496427963
0.858212313705128
0.971621196917713
0.868481642053434
0.741155211928633
0.866184128491263
0.732081525440747
0.747672536744564
0.832977169939654
0.829213722633004
0.776274076977095
0.871687349627737
0.818198131545413
0.954654393576307
0.770971796735051
0.951740906315768
0.910163765930955
0.727657514367293
1.00678971477553
0.79506956484795
0.884495080596122
0.779238015989062
0.834094384306009
0.9263047582252
0.825541303623605
0.831672894650457
0.887867653602119
0.85212323678374
0.918592649267648
0.933544011779215
0.925341588900647
0.929165040212076
0.873281568873341
0.85653107952768
0.861573207334534
0.907529163329691
0.82836720415933
0.742472120670776
0.891172500201775
0.90910906683013
0.984238559514863
0.710772883940701
0.866930119673801
0.913411892978762
0.822251588288018
0.738570797836397
0.770296603652414
0.798149422546435
0.843270549696019
0.799858260851934
0.878298702851514
0.893310771988123
0.952892820957448
0.990791668391555
0.989914123714762
0.796009970891781
1.03311691968374
1.02150716389725
0.971105320929358
0.928040453141951
1.06326968773556
0.962789619151851
0.901867173303738
0.976931203510956
0.92673286057571
1.10341032528645
1.0284835505274
1.00386878389466
0.816339651826723
0.929787651202179
1.01148732103834
1.0787094201938
0.96820099920285
0.970593469968435
0.91282046426213
0.941802362238143
1.0602553599523
1.05649067813987
0.977603251476759
1.00449484760648
1.02679077089883
1.1113009996918
1.05283362078003
1.03995657040442
0.956212007157823
1.00958395427684
1.05074150484876
1.00000299673599
0.890850652453122
1.00612571174071
