"x"
-0.947912687431897
-0.849011134823118
-1.08833383213005
-0.855706639969723
-0.890767460017623
-1.04343025365321
-1.10684430362234
-0.927059480333391
-0.943790166321328
-0.913051765680927
-0.966892310210269
-0.979054339382625
-0.940191032057674
-1.18237524092954
-1.01541635713663
-1.01790536184569
-0.993474493628994
-1.02416258659395
-1.04103389996248
-1.03680909221399
-0.981435409085675
-0.850374544399018
-0.983342018699064
-0.868388348303458
-1.02037856407441
-0.944691415933625
-1.07719533335458
-1.02494992344932
-0.982849274852405
-0.901589013958258
-0.958667661958649
-0.819296351707625
-0.85828638377066
-0.878980283242191
-0.805320073782612
-0.860209264044144
-0.709884186983215
-1.01231155664335
-0.871780070235989
-0.889504669964865
-0.889146515149518
-0.858677171162854
-0.884481069367029
-0.875059366030536
-0.833610914966999
-0.834690437601128
-0.906797333285875
-0.959136935534117
-0.998292336455457
-0.77407797937471
-0.884426331396171
-0.887612988329906
-0.727627340568925
-0.8378110150743
-0.830174376932736
-0.995772849869758
-0.881381824926271
-0.989623134769184
-0.830523604615777
-0.886264809572594
-0.766626222946791
-0.919670191762184
-0.810339823587843
-0.92428006083246
-0.95890347423864
-0.920843439659457
-0.836848252849866
-0.908407978971635
-0.895034526184815
-0.899972378754663
-0.787947652090595
-0.826417894599038
-0.975090851382613
-0.79861071529295
-0.72217351082552
-0.8271437400388
-0.821385991656674
-0.756191932093104
-0.715142181198255
-0.875134695353392
-0.8247148010202
-0.69064649825119
-0.918302280229793
-0.789257171198682
-0.835283696854705
-0.867565782697041
-0.868335663478444
-0.841320078023534
-0.822689387875387
-0.854598665060583
-0.73213437641578
-0.899051626398005
-0.905723311445697
-0.721862203784126
-0.879117013578722
-0.753917258926212
-0.75387816876477
-0.66646514129864
-0.743226654135975
-0.857507931500378
-0.827103330324663
-1.07348207881818
-0.730480230580724
-0.767925418183954
-0.54782946535216
-0.75253499078579
-0.835478620887243
-0.820215483539165
-0.736592937898865
-0.80194305082324
-0.730311576132965
-0.801577658602511
-0.780752636942075
-0.686355283288452
-0.811713748670763
-0.785717092767229
-0.739476202374771
-0.781684669108432
-0.633311912907084
-0.843479806879612
-0.624121291627745
-0.852168159239946
-0.863569414829058
-0.671356453818904
-0.878259113135289
-0.750056344719669
-0.791929963493823
-0.596065277737591
-0.85985460431097
-0.651299708355205
-0.698917058449653
-0.693116352209742
-0.690905593415631
-0.676049807617258
-0.719204167438781
-0.694204333663758
-0.70380601233719
-0.777802028986382
-0.68579371333137
-0.86243498529614
-0.772810691711345
-0.747484887837965
-0.703733305702369
-0.802267049022171
-0.71619986255617
-0.426227537545233
-0.678513164727806
-0.75767424909335
-0.774029319420752
-0.682964355542006
-0.75514230308874
-0.626365290217587
-0.753786344736849
-0.675392555138093
-0.722902225275628
-0.670859148804314
-0.735357836513213
-0.716544779563024
-0.7818494166181
-0.772921226158069
-0.7604265932504
-0.721907649888426
-0.603226206446315
-0.643749289811112
-0.564030207305928
-0.769011851455921
-0.604620263885829
-0.668349357432064
-0.63003307145222
-0.641631173639013
-0.654371034950382
-0.699045242615321
-0.659758974846416
-0.741642916027105
-0.723704003459216
-0.632593504065458
-0.682256236274631
-0.57332439649949
-0.747188646703415
-0.64667251536777
-0.787406857135135
-0.639561989575016
-0.710713395322608
-0.565435191286411
-0.68527789052353
-0.659176549571526
-0.601379982428162
-0.521176558539964
-0.659935557444579
-0.584840965857189
-0.577158324147939
-0.498050329154936
-0.617912007671639
-0.466046720317613
-0.699522250394259
-0.535325115325373
-0.609150215804784
-0.713949486395864
-0.523629508610314
-0.547621785553675
-0.564406492308089
-0.5600206153486
-0.697224353565287
-0.615367765775465
-0.608638220665758
-0.681569749522755
-0.511184246882575
-0.684794339391243
-0.691257419846914
-0.55537922112378
-0.553139064708168
-0.563655584311317
-0.468113128561702
-0.537295306834206
-0.585840891463486
-0.452279921956287
-0.62868869922872
-0.519315973489036
-0.604127873213473
-0.488817083376759
-0.68229523488236
-0.551553431470269
-0.661733669711376
-0.465973486120952
-0.508174272519181
-0.59591166559089
-0.595533748934422
-0.511429191199817
-0.619111341114592
-0.566504307042514
-0.572431762205954
-0.505904612601733
-0.386035192967913
-0.506421860831528
-0.530526407703561
-0.522417878089307
-0.423008392617199
-0.487390785006486
-0.504750423445514
-0.47133453064496
-0.466555083550562
-0.538712902009865
-0.508207661635598
-0.647451085049286
-0.537178125371816
-0.475007670604492
-0.563876301759798
-0.4610732493582
-0.572405673289531
-0.425906444268331
-0.547217702214643
-0.461217715726944
-0.418869256152947
-0.309932517973888
-0.583631478047027
-0.396929026969853
-0.495220515020768
-0.575643943702724
-0.449306954687218
-0.432352892949537
-0.502057723842772
-0.508553152934739
-0.325521191107828
-0.662136451136002
-0.554422726453011
-0.487647649914117
-0.524134800446894
-0.401906268094884
-0.487475552521001
-0.38323060774844
-0.392107224926752
-0.544156115354509
-0.541046367544957
-0.357560463246456
-0.382539441948211
-0.531918991874616
-0.467741337624676
-0.446042046030863
-0.330497636832398
-0.505629758312538
-0.43192602761109
-0.29224317835237
-0.411879435121489
-0.413496269450716
-0.413167472870981
-0.43704748362543
-0.4794385740938
-0.49333366091695
-0.484685664220037
-0.386006062653981
-0.558389480591758
-0.415319277489453
-0.279480975606472
-0.52459662741861
-0.442412604632902
-0.427728482103652
-0.50487660450324
-0.272724199411125
-0.476863506928087
-0.404164786401694
-0.42028093339645
-0.46395191009709
-0.487688643789332
-0.333732321876997
-0.436730738532913
-0.411790093224478
-0.479368365933341
-0.462875439634504
-0.389832981552861
-0.536893525494501
-0.424294320081801
-0.368335577550132
-0.502889550650119
-0.403401126649151
-0.618567429956428
-0.328459902429184
-0.264052449627528
-0.297791346501822
-0.333504440773363
-0.471399006994152
-0.320940877310023
-0.319686656317707
-0.445590637284496
-0.235338347463273
-0.443961710986585
-0.364982031554537
-0.441134078067226
-0.346599535623873
-0.224980168654811
-0.273971385753652
-0.317974158500749
-0.367408621409316
-0.347417177373416
-0.392097090405498
-0.259917336702986
-0.390489971546407
-0.301211668218805
-0.270973931810494
-0.356940131613379
-0.316855909616037
-0.290326550045701
-0.368156203110091
-0.244162763688419
-0.212683254520091
-0.260664353847348
-0.36748173554873
-0.173948661207589
-0.267315663004279
-0.407648125179496
-0.321633369740265
-0.269401524915715
-0.331621626877709
-0.366034501495567
-0.333386817168368
-0.166203257701249
-0.214548254823792
-0.176815981612827
-0.139163903733533
-0.22497914124503
-0.480576963854905
-0.323378354513508
-0.191281467990014
-0.302798676222802
-0.283565085611126
-0.312544931382981
-0.276556732528058
-0.286168009938741
-0.116308786405074
-0.18318409128547
-0.218699001528512
-0.436504325214434
-0.243394172004514
-0.125041678776073
-0.232703276992474
-0.380055707759059
-0.253582693114401
-0.420872490196753
-0.189588453234035
-0.264563489254589
-0.0742113484053389
-0.112605661244432
-0.179688236917233
-0.237478081848806
-0.218890440881354
-0.2532533860962
-0.312173270105195
-0.205992487883106
-0.137839181328004
-0.0984939821230011
-0.271301040406475
-0.168688484447578
-0.195086827417306
-0.000380099926229633
-0.315168420832096
-0.113010935348027
-0.264306862476373
-0.0969878795561551
-0.107784330316036
-0.1672663067915
-0.0653364761618622
-0.228046676423372
-0.283076437376606
-0.260493824548459
-0.112746204421154
-0.142083157975748
-0.112537977906549
-0.124041240615425
-0.0988393479908768
-0.327755247819127
-0.232702782321948
-0.233401833472229
-0.2551479624472
-0.0625881017244255
-0.121763185414649
-0.241450022533674
-0.0804383520219551
-0.127972814652799
-0.0881049046263231
-0.206284498210592
-0.17690252511401
-0.187357790143749
-0.304372888885884
-0.252930764662428
-0.177866605923686
-0.293557457642025
-0.116118366322065
-0.0893809047202562
-0.12423746382773
-0.0387602713339742
-0.124767093551073
-0.175076611853437
-0.091690270885317
-0.167467001682735
-0.0538437905168152
-0.185843880416182
-0.109413778210776
-0.0332510630529914
-0.208396107521658
-0.156893381249089
-0.0705941192769231
-0.144845801968214
-0.127853962821761
-0.119392485645987
-0.0515956788586229
-0.0294014136073726
-0.0782725555450392
-0.219173741432952
-0.0494946923923965
-0.0526339213849248
0.00700968757188536
-0.134058412921557
-0.0399342964958378
-0.076953062389303
-0.093321879152471
-0.122435489542983
-0.120235087083939
-0.219441584636099
0.0794698390621366
-0.0315540158362424
-0.0230836152381642
-0.123112161417253
0.00936630985030713
0.0797987273700516
-0.00843703799761742
-0.0552148267557356
0.0110765371935046
0.0543322220935645
-0.116196789222399
-0.17053009131705
-0.0410441867880295
-0.186624377927252
-0.0228628270089793
-0.10945290575134
-0.0190019107573527
-0.0228803912935933
-0.0465842599777154
-0.0157804706565599
0.0998700490962705
0.0441510836908542
-0.0848761964432001
-0.0449433389990792
-0.0259642386937017
-0.122289107327546
0.00571331520537474
-0.103393931912509
-0.0829334826858225
-0.0238949303597081
-0.131257835851598
-0.0634135085185428
-0.179361976179598
0.0142788899826192
-0.050533520512149
-0.0401476409767936
0.0127316600919009
0.0779619123252313
-0.0664068042675507
-0.00215645761244877
0.00798919830812733
-0.0145893026813864
0.046834223620698
-0.115938445384353
-0.0592576261209563
0.0359099983230927
-0.0110091354237953
0.00976131504041336
0.0194340618920778
-0.040160301104324
0.0159629464362225
0.235389028698887
0.0363267832208939
0.00165642068085648
0.058342584813982
0.0328941785217252
0.0632785030985557
-0.0691480129744228
0.104225116757413
-0.0391359024973038
0.0604629781404335
-0.0591727953763813
-0.0714850048214792
-0.0282308285220842
0.0981251416474856
0.268718235611845
0.0114412193957051
0.110000076030921
0.0265369118002042
0.0338458065104138
0.162473249375137
0.0918471966424631
0.0457689178502507
-0.00640880376774742
0.170478176130421
-0.00535671482651886
0.185885548460293
0.0647881016324067
0.222972705892125
0.194378353219838
0.0643189731713277
0.0454838019329766
0.11010989464372
0.0851312260025874
0.0237035098493129
0.146986406260701
0.166242133579713
0.14729427650005
0.049053966485594
0.121291041816972
0.00739840637532314
-0.0665815629329896
0.0932323095330995
0.136320322435057
0.0862991511342519
0.0966434933731788
0.212308583148958
0.161497253761376
0.0898582211623291
0.0970442061395916
0.0742543586153383
-0.0137628286479995
0.17311474398829
0.150037991365368
0.192739049533051
0.0263197542373791
0.147409748599349
0.326534953410486
0.0572990536735512
0.120536211461247
-0.00616165522752255
0.0811783547241398
0.165897206840109
0.12626082855696
0.14490971854581
0.26621702279396
0.0494175774955699
0.144951308471161
0.190486342298496
0.22767755536216
0.152210244395486
0.108963212627196
0.295883137991448
0.053696372882571
0.220983116946132
0.202282821145228
0.0990339516433385
0.1696679757561
0.294195300443332
0.248707286969239
0.221138835750607
0.116621267255158
0.148905801712975
0.0684288857483624
0.15407763493684
0.114259884648866
0.205899017473536
0.238305016963039
0.240278821626068
0.15897476402207
0.245033826590822
0.245172294229636
0.214963038421754
0.2667260106113
0.228213410258736
0.196009946054504
0.157359057715763
0.215774334897002
0.184288807486928
0.236931057101545
0.306833096153904
0.193894513759966
0.137555808537711
0.204929637814519
0.176137714490693
0.201418133185471
0.214220020298889
0.271303363482722
0.160333322395021
0.203479071411293
0.148149005249794
0.167305258980264
0.263322993025286
0.192247080458977
0.208725551243555
0.276587291501149
0.390024019748758
0.468261728976506
0.256404830458151
0.205066190291116
0.223133964097234
0.224272886666937
0.215529576973655
0.20425499480795
0.160901324673548
0.320950727767534
0.121625814378564
0.36953647235599
0.427112971142455
0.184039107036539
0.231613897345311
0.16017957909108
0.391928629817021
0.253477625055912
0.197893825730186
0.29336816332403
0.290080361774512
0.156044838377702
0.293470291086259
0.334061748743976
0.399158140586737
0.160257684195776
0.335440466387622
0.423111385757109
0.279167467699337
0.247293218456503
0.362067080223127
0.170724899965243
0.416185357475293
0.374611898184151
0.356963718402253
0.459499077243239
0.425894049234556
0.279715382190205
0.308566205003511
0.345092379972134
0.208479008192909
0.351280870626627
0.228063577017828
0.268159930460731
0.354196973890856
0.316531966932979
0.270973988786373
0.426469507059395
0.581256571595404
0.465057850012575
0.274351670909909
0.231019161714713
0.448220864803819
0.373863504541524
0.364846007434416
0.333346602251611
0.403424858340354
0.399019105318213
0.405196611090067
0.330501963152811
0.263071280490113
0.387591731493913
0.383227795617133
0.365734890252718
0.325786428220414
0.422366769987244
0.360951608133424
0.413864449434694
0.327160282646847
0.458138651872047
0.294567532060421
0.342886176790869
0.269162971954842
0.208246386636928
0.447769185739281
0.423810068107866
0.411950496938422
0.339430140103599
0.429136268391916
0.456447196081074
0.493554539581537
0.408503585819019
0.356155758440257
0.426899303507535
0.430503480971655
0.494532890868897
0.464108505335775
0.348139301874309
0.60538987292627
0.437895117122248
0.571162178689131
0.516094882923581
0.488236999216533
0.505949846353308
0.439031336099625
0.449899244579412
0.546858600183545
0.517435714441616
0.410109307355037
0.515029029491212
0.474918787292255
0.475142500536634
0.423170831470012
0.403329264655906
0.306944707832576
0.301501866990594
0.420077216827924
0.411624505032949
0.434864994692519
0.417631903785849
0.499860935751068
0.435402058969464
0.463871980400199
0.441898945039084
0.498577106971938
0.497974123097123
0.5308205349739
0.378213135062299
0.578728525838707
0.532865931691333
0.384396956620621
0.416091858850337
0.391972667241783
0.500233639013656
0.353796034055122
0.595066760462456
0.568489708182333
0.414734741401197
0.520087232009349
0.599900452853057
0.529416676052004
0.54433075810704
0.566159749897159
0.403524037226986
0.414967823987694
0.53901241747966
0.544248171617009
0.432167214393408
0.390264910193928
0.629938294244141
0.543828625741954
0.546595026185916
0.608492181345011
0.571776282401862
0.549990581371468
0.509378570793361
0.605056954866147
0.455998027605951
0.572439918715369
0.559031544824424
0.438276536665597
0.662195616889552
0.575312295762766
0.637860356655118
0.452300445023035
0.480783826331143
0.474202070632006
0.659040418604383
0.504075652321976
0.590039647500885
0.634538160913797
0.525531790645609
0.638212609760187
0.607356943637689
0.607823756682297
0.699002264659566
0.587374895280137
0.704365994169825
0.537195200660599
0.574771241586986
0.354314236474701
0.530443810969357
0.512120062643539
0.514150476047017
0.65621424732752
0.576018172165518
0.682716117095187
0.523832683247925
0.47256533193394
0.61572923256301
0.770798257533274
0.675511328517504
0.642131259879394
0.465224023302297
0.59019598691064
0.611321702167371
0.601709559016006
0.703213882876008
0.647172963496901
0.495920422121656
0.629358687258418
0.650340613214223
0.568794524140623
0.708472147348406
0.752200388196442
0.46434031880714
0.772028728583174
0.569086148564585
0.745281435456611
0.454630779331744
0.594715758448015
0.695626930279322
0.648917287163663
0.487432959559699
0.652497535456317
0.542782195204706
0.728590468274747
0.723275042295439
0.67548926826399
0.566114411291448
0.807403276174603
0.739603223941494
0.52068561717293
0.664152979566249
0.8035445467523
0.785820961825428
0.622291782295484
0.821345284665677
0.562312304978451
0.666220385669317
0.741142061152922
0.595857571026459
0.648290787738835
0.74715350688791
0.684476679217155
0.751887572104997
0.657589081033405
0.659270960492659
0.735226877409444
0.611850624311727
0.7469230174355
0.652830840011347
0.790132868458006
0.676334620269771
0.768268758532223
0.525915606708275
0.841228452062752
0.738102636761404
0.752624408620971
0.714817428100348
0.733979971812334
0.651569511380433
0.704596453868836
0.806837082275318
0.778298456744304
0.741240728594597
0.675604817437079
0.558104894806046
0.577518621240377
0.816744998124333
0.779231822686718
0.677014299758155
0.772976492162541
0.720879792715251
0.686512921637014
0.834045109349104
0.88916979632075
0.703053780878141
0.787775196526857
0.76010849189494
0.705973722356525
0.783154239363607
0.834655393247834
0.850618139350063
0.86671058302779
0.774566082350992
0.767224119303853
0.618621218757109
0.825011657664813
0.537767408783173
0.868147906528749
0.847381911046352
0.875997822024171
0.790712364457919
0.699742261043776
0.784432299132811
0.759574665901079
0.735554914593529
0.791790264871994
0.832100390606186
0.787254451073993
0.749777120525286
0.642767479617944
0.969540150342672
0.729467188679039
0.846574239649611
0.726883922750575
0.808332156265921
0.823482437094786
0.961598154393559
0.863993010246958
0.742927763727415
0.878723325518688
0.736842695811661
0.746838093768975
0.830671216552315
0.805106100117368
0.785874368045798
0.856881751029588
0.802852997220212
0.942619676570239
0.78235677126906
0.934769585954501
0.92815972742708
0.713257400058542
1.00602717252887
0.793080195261125
0.908370349522342
0.775923754172794
0.861866339493487
0.947026002303058
0.798792577355532
0.825847962958404
0.908970653367091
0.856941814813781
0.913206082257801
0.931848616771177
0.90927041076126
0.939121573058051
0.850326081409402
0.8728885326997
0.847700934530041
0.901417994355388
0.834286475958974
0.753943276678121
0.90989529641113
0.926557849469864
0.974016548429099
0.71506687910942
0.869111977459868
0.918426324599315
0.820047626158284
0.741086591378498
0.780496796937706
0.803923308040456
0.846277394707521
0.792504421211867
0.885642437933325
0.901875241023819
0.988030432329194
1.0056374110343
0.999796375451896
0.789263241466315
1.02893914177967
1.03471734810459
0.979164568492086
0.927516789255939
1.05531142564371
0.965456706125434
0.880829404122273
1.01029243666392
0.935890854015053
1.1101778865191
1.00669957578471
1.02075742829986
0.809091903432494
0.916236632209264
0.996650168091887
1.06769780091634
0.970366421994253
0.993496871503592
0.908528861755218
0.926523550492363
1.06113608907044
1.0626959960282
0.982814229202267
0.96981706738977
1.03871360451383
1.10188939334283
1.07366541413304
1.05956377741675
0.952195788041676
1.02761626443153
1.05373381859828
1.01237311508812
0.901031236101813
1.00716704980703
