"x"
-0.921844986975684
-0.838247881189655
-1.08358087351973
-0.869615800525653
-0.886030068124897
-1.04846177465224
-1.11656648338317
-0.952447999731292
-0.927203184145581
-0.904238754836605
-0.989552111325616
-0.967334813914974
-0.954028599796342
-1.17500179010313
-1.0034877973948
-1.00243771371967
-0.981351771989473
-1.00357378177309
-1.04145740349955
-1.03251215933594
-0.985483889715145
-0.853389134010615
-0.983355894216392
-0.85903187184026
-1.009011285754
-0.930551864672195
-1.06938407852798
-1.0191383932549
-0.99153307006043
-0.885538604477333
-0.951258629039687
-0.834477528042628
-0.8650584545374
-0.881684266102723
-0.791580143161848
-0.865475467836652
-0.738168994755378
-0.990739385122555
-0.872061945171945
-0.906649011400414
-0.875226082754433
-0.871917683214239
-0.862138858633269
-0.881359291131301
-0.839891045095607
-0.816512149092732
-0.912632864105794
-0.95845777274046
-1.00963793771282
-0.800502527064077
-0.883247909981774
-0.881753859197568
-0.730830875225864
-0.848263215588774
-0.84737449976855
-0.983259054392287
-0.878965637195833
-0.989153998053769
-0.832407857611973
-0.90541848107319
-0.775541848706374
-0.926580174448315
-0.819741600150717
-0.937040625544432
-0.952052354756322
-0.940768890753213
-0.822380904876666
-0.906564717609252
-0.90264366608067
-0.886766941170682
-0.772906823836739
-0.824247805972841
-0.953051704249414
-0.809053512692124
-0.739872599712015
-0.849836131975408
-0.803356546574366
-0.755194359605361
-0.713805999277919
-0.862477801345057
-0.835446356676425
-0.718044396646202
-0.931041587849703
-0.764379718705496
-0.821455052366891
-0.869596579508091
-0.854794009154737
-0.838829183387403
-0.838135907251869
-0.838773118817539
-0.708501505650279
-0.912348097816892
-0.894660557975972
-0.717686901246555
-0.877702833120773
-0.777580595987074
-0.75867913726425
-0.663838668782466
-0.739051154292437
-0.872373672585175
-0.817792212407556
-1.06708793162654
-0.727336120275721
-0.77913356940479
-0.525881784432842
-0.755995177255125
-0.836074965937606
-0.822684625303554
-0.730138093388937
-0.809121919601811
-0.73126317087673
-0.784846112108655
-0.791537184875249
-0.666315378244096
-0.817762133003468
-0.831903722368378
-0.737199917427297
-0.780154933138571
-0.641936443572512
-0.842893229419632
-0.629097329082827
-0.850196319333612
-0.881617905058844
-0.684212354309845
-0.87545904167356
-0.758973670160053
-0.797470308397859
-0.625335486845772
-0.861917699586036
-0.655681699554959
-0.700715762878323
-0.681805041845373
-0.679289716679401
-0.682808154308766
-0.704014659151445
-0.678155429699781
-0.721926041431132
-0.786930264621919
-0.691988368087081
-0.85526663184639
-0.770556381594473
-0.755020381998098
-0.680779148373928
-0.796965055422125
-0.699684521191089
-0.426261599585328
-0.659224847421015
-0.73505157483241
-0.781057989075324
-0.689872571985491
-0.740458526630236
-0.626562394227761
-0.754572970887312
-0.676124713362873
-0.739259063940937
-0.678825634161635
-0.733624406446356
-0.687144601593028
-0.797474868135614
-0.765745537868947
-0.751748239287049
-0.726029174219399
-0.603865318675106
-0.633284326835503
-0.562276776674608
-0.778061112102373
-0.62069105963357
-0.658758021652382
-0.650985771453955
-0.639579211066218
-0.633600530805863
-0.688851523230864
-0.683268235992715
-0.735457143103364
-0.741383204188004
-0.643139484758736
-0.675457505835033
-0.599639963568467
-0.730960552814606
-0.665741382229236
-0.786232400179723
-0.650732740266753
-0.691079767758087
-0.577158883549786
-0.693043169303609
-0.664244945899544
-0.606699460827152
-0.523442983628496
-0.632674138810891
-0.560185688269878
-0.568349896805201
-0.506720863304526
-0.613052466362986
-0.464395899406341
-0.707546579072529
-0.560319644601654
-0.631428557917416
-0.712078131648223
-0.522955920368778
-0.54563398462225
-0.579290902892566
-0.54291206739296
-0.674652495034388
-0.61645353888304
-0.617189609344586
-0.667865349941965
-0.52237510880132
-0.679159923661578
-0.689441440905133
-0.550926943572118
-0.537033157186129
-0.570906922464466
-0.437769943820168
-0.527345918598915
-0.56766588715458
-0.42980609609578
-0.62549426595263
-0.525989690343193
-0.585568205010829
-0.491171921419072
-0.682354678114578
-0.575896851627102
-0.672949049202814
-0.475279651244509
-0.514194260971659
-0.583763097910464
-0.582688901828879
-0.501541321779607
-0.619068650803987
-0.56225523617658
-0.567743510767463
-0.483531992864204
-0.365196820446866
-0.542377257968636
-0.51029662193096
-0.535316582100761
-0.442759549262826
-0.475852212925978
-0.531728323235181
-0.456159139723375
-0.487688316455524
-0.550897650550229
-0.496786186163654
-0.644702072424463
-0.537040037394849
-0.471254432692969
-0.575828699494503
-0.470083408003766
-0.567423185963309
-0.431995844738003
-0.566838285568507
-0.465611181009622
-0.414199537379137
-0.318805026458168
-0.58309080972853
-0.408621199637347
-0.490979523427719
-0.579486283695227
-0.455063742144614
-0.462577929050168
-0.489076947434271
-0.483528073922237
-0.329722158526063
-0.639498426715115
-0.555952612024886
-0.476646354592249
-0.528558886202514
-0.402165438858039
-0.492336281910985
-0.381608300259207
-0.393998637836543
-0.534313947376758
-0.566958871237296
-0.35716668725745
-0.401250516911967
-0.513704377235192
-0.455822297295927
-0.397181207034309
-0.327077893034266
-0.488063673497989
-0.427853555337826
-0.280595596195925
-0.414707447123923
-0.409692046768761
-0.440021191828466
-0.432524768861793
-0.48347983690294
-0.477403767759228
-0.50436431674683
-0.386786197096552
-0.547962969541192
-0.44123811529513
-0.280937846094239
-0.537846304297543
-0.430333146362797
-0.411137312492955
-0.497809352925162
-0.299251651360395
-0.494603391422833
-0.393561727993391
-0.419778862152986
-0.477363883610554
-0.49916678384591
-0.341095574207331
-0.44463640670329
-0.398152382153685
-0.490913283755591
-0.430890277182215
-0.386514705061445
-0.524733325003874
-0.428753161466029
-0.36156343931502
-0.448256953556011
-0.408046547998601
-0.607692712289499
-0.338715409012401
-0.253311626825121
-0.302756849308648
-0.361451752239778
-0.467880808496962
-0.338617732243438
-0.323929678670377
-0.437465149281517
-0.256847845656192
-0.428299660282313
-0.35376118710878
-0.454121796439845
-0.334259533569857
-0.213778309414788
-0.287258098896392
-0.318286107146314
-0.368560773838133
-0.345621768885523
-0.397058275894035
-0.246868321585609
-0.397877014581224
-0.317984799186207
-0.294590324373164
-0.356909229617423
-0.326397446139993
-0.283117272099495
-0.369200919378501
-0.224390044867334
-0.192911413295669
-0.287829922999329
-0.379464798976913
-0.191335720198913
-0.257063402366548
-0.419130143631865
-0.323873860048114
-0.244968931268737
-0.326285682894723
-0.36811526011734
-0.340781665324684
-0.184269581804479
-0.210025361587885
-0.168341636847425
-0.172040384342394
-0.226202706789404
-0.477537812478943
-0.345439636369229
-0.193669935433478
-0.282017360719286
-0.273748963673846
-0.28575087537066
-0.265444060546506
-0.284044529331451
-0.120973795303511
-0.185773702568046
-0.210502612264028
-0.427859546408146
-0.266757585634237
-0.123500269385215
-0.240329243591563
-0.39269058595715
-0.262119033889894
-0.413164256596085
-0.162170411679205
-0.259397195710948
-0.0883714689275142
-0.112701881480425
-0.167455420565861
-0.222292313255556
-0.193789756159273
-0.261094427861787
-0.336471351140693
-0.207592358044246
-0.162374346847342
-0.0872966218170617
-0.282658450315126
-0.167320591596945
-0.208512943122122
-0.0105074829421883
-0.32610205641125
-0.133790605648506
-0.264327398997591
-0.0884938783825149
-0.105698338212307
-0.186300574293907
-0.0667055080871121
-0.215140242526058
-0.283623825576956
-0.269184782422574
-0.105408035530982
-0.149899976779167
-0.106197263982758
-0.118610358485371
-0.129982258501288
-0.33737831583662
-0.234719018097523
-0.23085753850447
-0.248262003773522
-0.0397251958551157
-0.112925059673352
-0.223888156748603
-0.0725813243278552
-0.140539288359591
-0.10311195475586
-0.212366182174812
-0.143955771506196
-0.22107971441073
-0.313590912303138
-0.239948726945688
-0.179788038688331
-0.318418235855745
-0.146684152723961
-0.0811016190477336
-0.143555825578256
-0.0589686400958004
-0.132873844260446
-0.175838776360545
-0.0777545637051426
-0.155767182097911
-0.0628527937238541
-0.182662071377845
-0.11536734827735
-0.0523481117500878
-0.205979488049417
-0.148837351177576
-0.0594536760786383
-0.129510976281068
-0.106153203880569
-0.114363995163086
-0.0336755922391907
-0.0428375342404027
-0.10967889115724
-0.223191770893631
-0.0379945213521564
-0.055138759550998
0.0082738692090011
-0.117739497032412
-0.0309262598986485
-0.0584888690055868
-0.0885531487298497
-0.121037003433841
-0.123967909368099
-0.204798351543935
0.0814453910342405
-0.0441144464915074
-0.0395825316378367
-0.12706565568382
0.00295760155650892
0.0964316774608957
-0.0353279857519218
-0.0601630584574231
0.0235216915280432
0.0552181906310877
-0.122982136717187
-0.154202714615881
-0.0483564978205341
-0.211125818527374
-0.0192326777878169
-0.10887651326468
-0.0315030201635085
-0.0213638897962975
-0.0496088799756023
-0.0138221153366808
0.119625931260292
0.0563903762054893
-0.0817185431883328
-0.0539451725168222
-0.0275347039399682
-0.117214459775667
-0.00119570353489151
-0.115021875702391
-0.0848729305996501
-0.0173889264179875
-0.130574194092368
-0.0800410163605059
-0.193460265908926
0.0323705370122216
-0.066549245610847
-0.0349024773663071
-0.00273842761415662
0.0716567302487651
-0.0595296991861301
-0.00808223414638922
-0.00417042697956789
-0.026205850012891
0.0506842366058418
-0.09787120205508
-0.055613641600738
0.0184773057804657
-0.017096775315149
0.0229285809250644
0.0484350693539132
-0.0575463995553725
0.0339441252476786
0.230681285126093
0.0294029687607846
0.0161309574087799
0.0873245051180032
0.0317446978603161
0.0542738965904314
-0.0783946924647958
0.0952394418803435
-0.0350269288799614
0.0629580082930047
-0.063889073609088
-0.058481768597434
-0.0331378003285971
0.0949883909110333
0.268083651923055
0.00975624378059444
0.102887795104215
0.0321067454222352
0.0375477054501342
0.178610863587373
0.0688868278574994
0.051939475614688
0.00786157000741953
0.16924243264104
-0.00160380231514614
0.192459449594484
0.0717618814505129
0.183498533296891
0.210403313006426
0.0423877160366265
0.0469047048266156
0.0971409911126429
0.0753109497812622
0.0125092409629523
0.130885897969685
0.168672461088918
0.165061821347893
0.0692800585979308
0.120829363358905
0.0195555617201569
-0.0783775004785511
0.0843966697822831
0.145758586702679
0.069291542516739
0.103743585993626
0.216635971855327
0.143501035029152
0.0852526588615337
0.0954645848780042
0.0997517948481961
-0.0172137366584796
0.15811972881021
0.109333574522818
0.193098286083348
0.0236858123705377
0.158907249283947
0.324558412402435
0.0655949772021741
0.135436208955335
-0.0141455643712187
0.0891790556988051
0.149454304093788
0.113896499848703
0.132449303282745
0.273326337599894
0.0629054610912594
0.163358726224663
0.195985899624857
0.21803704614568
0.157937600753611
0.11034414932878
0.299980735906316
0.056655476598605
0.227249435653575
0.220425764568268
0.1103606119236
0.16788118032769
0.303799221033766
0.249174332709631
0.229048370910125
0.113729037752303
0.176601522328569
0.0847808656071748
0.150404368293523
0.135561839931667
0.208327622428604
0.235264069389602
0.220004548237832
0.150603887123418
0.269624858988902
0.240924562536441
0.205293810359785
0.274619371608643
0.194994744422566
0.176204137082481
0.136832852567188
0.221279428308254
0.200174591288268
0.240160180995408
0.300591101819127
0.183440782561524
0.131770664788818
0.206297953015491
0.163702820588728
0.218421851648697
0.203635514696472
0.277173969571127
0.154867038414573
0.225406218181485
0.134489169183521
0.161938281808913
0.274580529529419
0.198639264542248
0.226352824121055
0.284336070764939
0.400988787946535
0.48332895908966
0.257552673697116
0.185817097672215
0.197540138165158
0.221641770576699
0.227971915446918
0.188896469598056
0.168526170920834
0.311850928350174
0.139981773750654
0.368480498722508
0.432512066277003
0.186510235634749
0.247063420694149
0.155801353954479
0.375789679004111
0.250070284194271
0.187213438313
0.303453022861163
0.330303021350105
0.147245460209037
0.299415116939874
0.34164137990829
0.389388819997891
0.172896979053007
0.340080826344612
0.430704319476547
0.261906823042754
0.26995397763915
0.352335252931852
0.176398869964827
0.41535033560869
0.366500792883677
0.345119009364647
0.473878024953787
0.408445209848772
0.296926804813101
0.289177690311794
0.332194083649036
0.200826171946776
0.383123684048059
0.239694780565821
0.262543409965053
0.364544913989591
0.328233036710029
0.239955779377141
0.402599884264741
0.56790713778178
0.465792057992181
0.277443539666762
0.246135945812482
0.437345097216926
0.369704278504829
0.349165420863799
0.322129331990436
0.383324486034388
0.387723072584742
0.415672127794546
0.342365489131364
0.254533446747046
0.385304009287939
0.375464851781404
0.343261012051827
0.333698898165704
0.441440482668945
0.364324274628897
0.408406711747909
0.33333216954271
0.454510831945063
0.288196207400091
0.351036507810832
0.262243394211821
0.212333629593467
0.451060487628576
0.404124665964868
0.410582325318348
0.35647321297763
0.429597015847957
0.452168674741038
0.518906480238076
0.408245335946072
0.348979790767873
0.449129873172227
0.433036730415778
0.468816257789315
0.421673093130541
0.333694093544725
0.608555949965309
0.436686398938143
0.570057594632628
0.5087045919521
0.490075826610633
0.508155522227089
0.434755786817791
0.454199299356729
0.542353552827733
0.506958885470886
0.430327747028869
0.510903986374932
0.46623009867428
0.488759568425556
0.433132788531014
0.397975919094964
0.3204419372029
0.319092820582044
0.410342880161114
0.39249812845913
0.410148252551136
0.418674908383957
0.505488517564501
0.426081281711916
0.475728062388346
0.465432435662061
0.484893132599862
0.520547964310188
0.522028334056937
0.379393067076207
0.572739096593701
0.518009381833064
0.368508483983119
0.405955654874273
0.400084929698802
0.521316540781352
0.343307699290831
0.586822936395653
0.549470438687844
0.436836618638824
0.516002126738077
0.631650254582157
0.526415438267857
0.565555036246914
0.572920850782376
0.417199667463354
0.423041702861244
0.522029715617463
0.571823140398575
0.429689984466177
0.385410543517564
0.610952282307481
0.562681078175047
0.531457064655428
0.578840193981889
0.564337067810853
0.544360460181687
0.496390062426956
0.573276810469951
0.474066126430552
0.588942439830093
0.535950666738529
0.42376481042196
0.657146837204986
0.578136702223171
0.643401190270649
0.453188428443717
0.494911996600677
0.472423192793936
0.669735663755757
0.501468844722412
0.605135544585126
0.627131397236457
0.539614156093112
0.638642106362761
0.624363743928855
0.590579149030782
0.683026631425523
0.614096121376615
0.704792519872507
0.524128448608911
0.565611223109117
0.366725564299149
0.523104172529948
0.509047506606866
0.530678662511954
0.645482303107699
0.597193405029932
0.676014208083536
0.507050957859127
0.4676898246952
0.601660156985932
0.747625435432958
0.683228334538932
0.647728538398489
0.462586378423095
0.590818433256244
0.625474492999712
0.596345204068958
0.693303498899589
0.641842101632878
0.497820479013099
0.617896927061265
0.661545587379339
0.563095515465648
0.705306252645469
0.785525056015625
0.430788365558541
0.775064447497918
0.572804860591695
0.733216951236975
0.447891525810782
0.598998579376857
0.700538549244151
0.624360348497522
0.523930911615194
0.649619510018007
0.564514328939017
0.725894029302977
0.704936509582858
0.688304645193107
0.559909587412559
0.797558039324275
0.766793643109601
0.539715903095239
0.648665137205516
0.789634154198028
0.788674004941618
0.623202412553092
0.819983219650113
0.566687731727572
0.653568914634458
0.758232340777336
0.620581548652951
0.666312355451646
0.751151235153907
0.705386764151584
0.751057363026794
0.659470060945304
0.652297443056478
0.732070987305795
0.600998785605166
0.753653354041182
0.636758131100192
0.785268384419353
0.694914399507693
0.763414091561732
0.529432391139537
0.844249361040698
0.724114819931212
0.752640315772779
0.706455387114931
0.749312029841782
0.651347719849697
0.699307856470362
0.799356749295371
0.79095623079131
0.746398746000548
0.663217716205796
0.54821755235145
0.563328449044621
0.816583927485563
0.768240768251457
0.706162635875833
0.782857897327044
0.716747291602436
0.685180416588882
0.820535321803141
0.874912836304523
0.723447667261423
0.764386979947739
0.791304684987549
0.681499713628366
0.787468287295164
0.821849817939175
0.858569356911462
0.857389799929558
0.802608895352176
0.752742220463805
0.605374048844953
0.829177667809178
0.530409627626696
0.872989245226224
0.841499322726145
0.868946612984905
0.800569452539614
0.699372302732339
0.792526523684322
0.775165962966914
0.76100117965571
0.767834572661117
0.852870645817668
0.796024219008227
0.751041812023564
0.654511496418892
0.98387911015897
0.741349546269702
0.827844746378386
0.731454079459824
0.797987500879068
0.84426032454505
0.954501827748759
0.861539731170914
0.730273734096521
0.892607191597264
0.72987622438516
0.748868364255368
0.834017194905183
0.831132581625028
0.77891644224006
0.874922509755958
0.799241690005493
0.935115299536435
0.769827241859514
0.961694605252598
0.916500137523703
0.7054682768734
1.00546919718251
0.814121521609165
0.886176669440799
0.774756123713553
0.836204633658015
0.934648549956065
0.818510941341933
0.837808858340827
0.896120959355333
0.88779357607262
0.914722461622225
0.920584243564096
0.891986117737441
0.918222451461811
0.867978002693685
0.88282476974581
0.83038801674128
0.897999385127863
0.822131465606139
0.728716502035037
0.891460994060045
0.908772290764059
0.985187184578443
0.728270201648588
0.863926661809806
0.917970482940043
0.824397599462038
0.757173586273689
0.770920000515161
0.795025145405616
0.856278551627424
0.819674205697726
0.86663272818532
0.897109201188776
1.00406392641316
1.00192584943288
0.999451834545576
0.782283685282907
1.03008957436414
1.0212106749899
0.959460386424542
0.921106420116301
1.06038280919251
0.934668275013379
0.872037823537305
0.996609246576856
0.921826753018911
1.12293828022013
1.02179381739702
1.01407771167451
0.788890345876334
0.92665633203754
0.994173419224342
1.0724004750682
0.961212910683599
0.987064282097307
0.914165212166569
0.930325805409475
1.06943735237683
1.05516125387922
0.985509197312498
0.992312185338966
1.03071014247891
1.12899353931713
1.06200753621782
1.04750137018932
0.955830342627096
1.0464870069222
1.04240727810885
0.991566424344061
0.897073039750681
0.988969149243365
