"x"
-1.12140480061948
-1.02872022227008
-1.03945908883103
-1.02558557290564
-0.92557271002173
-1.01435211713684
-0.887959715063646
-0.97593025130043
-1.08139816870261
-1.07271673156708
-1.02754343144382
-0.956091912845364
-0.906006560354364
-1.03893054451114
-0.906356095174956
-0.995011605590497
-0.890851087626246
-1.00042915887775
-1.01634058641935
-0.905284261941294
-1.08990610058704
-0.998310847172365
-0.885616899339591
-0.847064758427349
-1.02210535503954
-0.9120410598089
-0.906723930221232
-1.0304655750943
-0.963713353787274
-0.912984297198934
-1.0583896698648
-0.864830018369983
-0.908624408624235
-0.814264173868865
-0.855347785276805
-0.878683502502829
-0.777597831816647
-0.915372975519313
-0.879364999125764
-0.955540136275433
-0.875449508174952
-1.06949756596051
-1.07577064014425
-0.979386251243605
-0.838434338486556
-0.928981846623733
-1.00446891530868
-0.852601760470629
-0.788753264576949
-0.900413967419243
-0.874075473767992
-0.884398683463213
-0.843183884340278
-0.850452858790326
-0.862714833397311
-0.838953082918457
-0.908214781019901
-0.826070319251682
-0.990073687429813
-0.95496911424395
-0.840751270148733
-0.861358946554324
-0.894860984473598
-0.846618960780804
-0.87758231838845
-0.924504879264224
-0.942186790007734
-0.824963229944783
-0.90447989887951
-1.04514544457745
-0.963526433312887
-0.893182209602424
-0.968259076585367
-0.792933703764388
-0.828241864018321
-0.876198807793437
-0.891753175098918
-0.890065726840565
-0.875070454881481
-0.653389062937806
-0.892876237708117
-0.824592524939192
-0.81621496900737
-0.859658820459037
-0.884582730016036
-0.835412770499187
-0.800180025587065
-0.879640095773927
-0.787727231121231
-0.915577595388819
-0.813003888628255
-0.728236600357891
-0.86330241623512
-0.838751797516734
-0.764257411553213
-0.850641785132625
-0.830227631059202
-0.722033013345802
-0.777844167527129
-0.691713386887816
-0.855332285329297
-0.749348060722922
-0.732107569757966
-0.705658228892801
-0.716564389683492
-0.899861499584467
-0.612954963692476
-0.717137001547707
-0.740222654800519
-0.796688245494428
-0.816973191139237
-0.880595989659679
-0.756769086135953
-0.816699919671449
-0.866582610060332
-0.843773604697182
-0.883618940484477
-0.57701567479636
-0.77553766779966
-0.731968227151341
-0.755296812062378
-0.874362435883217
-0.81247146650261
-0.579971914257852
-0.475834925286765
-0.646781694424781
-0.716010894360843
-0.757900030405478
-0.752420119247807
-0.827282674843911
-0.747720721428057
-0.744841666830138
-0.76068012957303
-0.691560464475081
-0.656527371740993
-0.7969447488234
-0.823531563361714
-0.817527368691846
-0.561343232738813
-0.67702657420514
-0.63926059062259
-0.740647277842704
-0.690379284869545
-0.680678432588
-0.608984473405121
-0.73714225156118
-0.788936926787967
-0.763921933790288
-0.650547348351999
-0.569212526162706
-0.570895815272139
-0.667524659147715
-0.670992452431615
-0.59809445206755
-0.718602260105719
-0.702796235846742
-0.829799880461875
-0.758966694897481
-0.558883714821281
-0.658517626483539
-0.688096661735225
-0.681507127025414
-0.792342077229432
-0.800792894880765
-0.690903947569673
-0.816302359502224
-0.606425805407314
-0.550314284470899
-0.695055686330327
-0.514241376423471
-0.65312064703339
-0.629592408884013
-0.633793997781268
-0.600455310689677
-0.639279364162389
-0.657637265900677
-0.534371664857368
-0.594578741800847
-0.542772192787689
-0.759706698586336
-0.696057417013554
-0.683823145936225
-0.656034873196011
-0.61666292627031
-0.573000892489499
-0.602037373892338
-0.649720085247503
-0.694700376331332
-0.540382251051202
-0.697795791421189
-0.604021487528007
-0.583674185035701
-0.629960893573048
-0.456462083269192
-0.581632078310992
-0.623335688415028
-0.607557416025653
-0.631633456470769
-0.688301892488553
-0.533427054954819
-0.565596514840168
-0.601558855509739
-0.661364817467485
-0.600138681257056
-0.500812434783118
-0.653328439660332
-0.564596360826086
-0.578376788678496
-0.452662420019066
-0.556646075608678
-0.616952158516958
-0.534466885660807
-0.432244346008589
-0.498651497579542
-0.566139891541075
-0.498731398181959
-0.368687370144933
-0.536102368862056
-0.561903150685358
-0.504191027848588
-0.576068726950962
-0.548861232296584
-0.70582634616384
-0.552582180913817
-0.562406697602239
-0.440320366732395
-0.460535490160361
-0.659968120474925
-0.449430673101353
-0.542119714178697
-0.544318308684699
-0.587000936272286
-0.456937009943396
-0.570727036711233
-0.544875170493323
-0.529067520054972
-0.373039956079526
-0.42797213567014
-0.514533666335996
-0.530320442621847
-0.500916520633085
-0.52986440792411
-0.693092550932861
-0.553212628274625
-0.433637336406402
-0.698180647677041
-0.316653866281707
-0.603059226563854
-0.506696780954215
-0.552102143633088
-0.420986479975564
-0.628859627855363
-0.345337731216614
-0.691731618921886
-0.601183970342867
-0.445926576036195
-0.4865837726582
-0.526055602501201
-0.475437977234024
-0.509485947769775
-0.411148991193856
-0.491366078827405
-0.478104304020472
-0.276952337449934
-0.524806448968346
-0.619919646622414
-0.449081826884453
-0.39334530283748
-0.495644190087289
-0.466343765027594
-0.306074718713784
-0.374805154012057
-0.558929986415348
-0.56461472705442
-0.345896306945504
-0.368146208963404
-0.361050592548004
-0.401111719837518
-0.594513633252302
-0.512892473515743
-0.549983248787923
-0.319491871950492
-0.544287721137838
-0.377862953211393
-0.361923807557908
-0.315651653752652
-0.336341927924053
-0.632301839491235
-0.373602810719189
-0.524036057970135
-0.65091259882409
-0.339732608125043
-0.555126643734288
-0.454186782911849
-0.442483667554676
-0.38944740110317
-0.392503757613557
-0.437996271126758
-0.416592966280727
-0.311522263276913
-0.342740884662506
-0.554280500125832
-0.427283546359856
-0.50920244470395
-0.490835844117398
-0.398694546662816
-0.352090092519915
-0.300973221983723
-0.446905561904751
-0.316540612661353
-0.44504489272377
-0.383708667698392
-0.368236495800027
-0.443966213724214
-0.30409729089733
-0.456468608049982
-0.230019736002915
-0.221243811184171
-0.333542153819148
-0.461891093543357
-0.332806956175234
-0.430993503384036
-0.423929594395274
-0.357039365706425
-0.463957534569392
-0.305757059974785
-0.231638070745393
-0.32022498129588
-0.399400236642457
-0.30860483895578
-0.354058409995465
-0.331347643644666
-0.303301385579332
-0.151356135764736
-0.421670272341784
-0.271663886437677
-0.317354195920785
-0.384676773283381
-0.535383678240411
-0.358116065307531
-0.433686109479671
-0.158098927023523
-0.316535851976741
-0.355642718112667
-0.22906684180895
-0.126607305216315
-0.352261159882915
-0.15368486589305
-0.388159163848571
-0.302410022713422
-0.300955748967076
-0.425211988369705
-0.108760443906393
-0.197480324703809
-0.349425782829859
-0.315382410344039
-0.33641181343092
-0.374248939165268
-0.292983466321943
-0.332858895356826
-0.259229929806756
-0.415666197833438
-0.000459632393203522
-0.427357216141088
-0.198095789960699
-0.327669614182413
-0.302150865773597
-0.096345660646155
-0.363697984426164
-0.318072682166621
-0.297150174236651
-0.129709475231064
-0.206862487990143
-0.13464822181752
-0.201112968415348
-0.197297723717957
-0.204082122790848
-0.243267973508832
-0.254909464978008
-0.453795806343368
-0.224878216227217
-0.306595983567778
-0.186757995327367
-0.063154608707837
-0.327211018386374
-0.20159103818235
-0.332795075288371
-0.237800443593818
-0.271666589030034
-0.304844478176184
-0.253461047826853
-0.0787770845997424
-0.106293938101929
-0.207120068587736
-0.255624464375212
-0.180349628033793
-0.248648413415176
-0.337086742018128
-0.21501149388765
-0.259448809306759
-0.180207391606882
-0.298703768169514
-0.135408362179802
-0.361360206552523
-0.17289328675661
-0.214243446371145
-0.286619672738751
-0.164252243282795
-0.201523324714007
-0.117672525474709
-0.170726867836646
-0.0907744545991699
-0.0267230590135038
-0.18399382317865
-0.125415808255951
-0.0154800603999243
-0.219940164754386
-0.232119749221056
-0.200580822814983
-0.184718603323575
-0.0683159432350161
-0.239061718165709
-0.135581269882604
-0.0656129237668107
-0.248933783106939
-0.187336184910655
-0.079413185399138
-0.0400577369404228
-0.137400981045177
-0.133256869957875
-0.13825532309125
-0.181926624799868
-0.277455867843245
-0.0916120071258544
-0.0775942354203626
-0.176932087245068
-0.224071250889395
0.0259433112081543
-0.165125179100765
-0.169737425116494
-0.0948437063614184
-0.0832137305387253
-0.0150743489683643
-0.00770513999127622
-0.15551122419089
-0.172049931755246
0.200514430924549
0.00399642587927518
-0.0802558334139499
-0.283424290036894
-0.209193205688455
-0.231242392504538
-0.14108935807049
-0.169861703003044
-0.0850980063463146
-0.144010725856495
-0.0584608416019501
-0.0952110328919743
-0.138009147269381
-0.11786507485678
-0.0672482058891172
-0.0372898239630302
-0.132962803656486
-0.156424023282185
-0.117129084236058
0.00411468717952999
-0.0188530384593635
-0.0890433389284025
0.001988013177727
-0.0989692039450686
-0.0243646970383674
-0.041862967653429
-0.156588255212113
0.0316590413828968
-0.0797643686105408
-0.130308997256352
-0.057990939661888
-0.0283977696593002
0.0228550977314083
-0.11740886724443
0.103990130732558
0.134760227104286
-0.100773627094915
0.0895512752475684
-0.0731971913164753
-0.0123912262477304
-0.088073257775299
0.00219970110543244
-0.0617926256539147
-0.154635773438919
-0.00269040976986346
-0.0641268731673247
-0.0272637772141829
-0.0067909754151802
0.100299595204934
0.0885876258907234
-0.0119078302806499
-0.0790451793983727
-0.0191103179766526
-0.10865823621437
0.0165272663421007
0.104793859815922
-0.00207345998108103
0.00175706169406407
-0.115686909241078
0.195109839672277
-0.109677801556134
-0.181751943289033
0.0975299719036369
0.000957391356182309
0.0400347314363178
0.11191342490827
0.0429812433652112
-0.0190090651309262
0.0372873568556159
0.043610890288683
0.100284197471486
0.130277220571957
0.0719293419129102
0.031577429107979
0.0779397472983588
0.0823289589938113
-0.11178783344188
0.208445848614273
0.0658133233826678
0.0317737096752339
0.146104568834478
0.114094274992259
0.0498785716224737
0.00971362282300352
0.115422730134946
0.112988213775194
0.103754659824394
0.0894909651175065
0.198825781829237
0.0238937645989326
0.0349990245941917
0.00594246910008238
0.139894088401957
0.165315942553606
0.0914229230028366
0.240177441030178
0.13374901855746
0.0306935006981554
0.0712895838015458
0.150661831115936
0.0947690055524366
0.037082359920874
0.00988116549449898
0.0391199506775878
0.129419590498326
-0.00541865554884635
0.0816299588281829
0.0151868782668
0.179549612242917
-0.0408278076559669
0.146833435390356
0.179623742646892
0.0970558460215913
0.290805644205778
0.307236488550379
0.206662033322623
0.166688153437628
0.141545643010299
0.0220402197387346
0.187053454116587
0.0569311873444751
0.0589825407410833
0.203606279110571
0.026819503503027
0.180480735130181
0.149321897084234
0.0606508405804459
0.132599061920705
0.16212488338496
0.0864533206749619
0.252059408630391
0.252580054204005
0.132760793056915
0.104733474065458
0.100073105639062
0.0897081816362154
0.226503291096955
0.202910370044625
0.138016451213729
0.251425707672142
0.0653882564483982
0.34719517166845
0.240026644017255
0.147779528946557
0.174276701073345
0.12578613471509
0.204918214843356
0.278029168390485
0.0719958284306416
0.258664703641275
0.169962336355395
0.0442385085113601
0.16039535970723
0.10107236225981
0.24273889598135
0.148740043813665
0.280458438730547
0.264614433741823
0.133713318495406
0.412302580926968
0.286756856651388
0.0729445217871216
0.168024038244467
0.118343680756782
0.220338750718744
0.282731894876732
0.250122637536519
0.310833344187976
0.341687111007472
0.244939555715187
0.256665239083241
0.292445239833378
0.26493328795556
0.146074477509874
0.190217170438376
0.241180481946353
0.192093131498787
0.322030901028221
0.271542586037043
0.335491859333586
0.275851910667686
0.265693291888113
0.255091927953435
0.309645756249961
0.303696394554668
0.317206559917114
0.289755360611007
0.307243366311792
0.297142928128692
0.231937465813086
0.326309412877887
0.341450955133449
0.262829020345386
0.195352946385781
0.275110677866244
0.320704466148201
0.373688160391449
0.452563458461482
0.286455379204357
0.270991593275712
0.307623737656984
0.382163952584763
0.323868463449329
0.144573806249288
0.36644555264513
0.187232967844836
0.289594085471669
0.286734612825005
0.259654490799807
0.348418651239296
0.359666191024306
0.457325130584196
0.209502970548022
0.33236749280826
0.279040963790828
0.301535683512924
0.259775462915014
0.263593937474243
0.231788638971769
0.400254583843009
0.399316175100437
0.234220835854841
0.331256856181433
0.217829553327685
0.244617330922294
0.1985847452596
0.269686544657875
0.414374796403364
0.366796778935468
0.332859670576166
0.292422661195031
0.256761926791333
0.460516547330877
0.447079451217542
0.55533603310714
0.509506250352805
0.303602318934104
0.400958883322222
0.469181499336019
0.372023615853919
0.415010037872656
0.53626680981432
0.298925825805805
0.352250379400599
0.473229010485016
0.357576352564276
0.355087894093478
0.521315300201069
0.407567306721892
0.276189546929502
0.23191258715139
0.455766568829973
0.284538476906162
0.289261682418338
0.361173024615942
0.320017788233346
0.44576111851547
0.438286854394194
0.327324716299998
0.409108964708039
0.244064960405817
0.410857356111581
0.338550228215444
0.516297721235949
0.441927741257142
0.511114362014161
0.404097687788988
0.398828825315719
0.278502744936768
0.435103627648094
0.538560367285125
0.389198301497573
0.364124143907809
0.462814627496975
0.487264474255694
0.476900457954358
0.368931992279081
0.474290436506452
0.520584131268334
0.495705399455213
0.287868862370645
0.433941623102059
0.415866165705224
0.562770648935356
0.52864978422934
0.393538798941822
0.431978852538895
0.465556335264135
0.423561237370238
0.498185487333656
0.378223183887288
0.443956746071495
0.485385617710331
0.593432619541672
0.518201732300757
0.571762363097111
0.417367364706651
0.569853719843667
0.513513822136026
0.523210075344018
0.487205392788317
0.612404930653453
0.568619802740345
0.504300926761569
0.379967348073597
0.351469722739857
0.470572058971859
0.392344629814475
0.568309057281055
0.444558244069943
0.605776251379703
0.519209456878699
0.471075751729197
0.703686132423505
0.616886936616604
0.643183237035482
0.480911641379066
0.531820054346696
0.421141642609545
0.550376043667095
0.52029027825649
0.510764833768581
0.621101969801142
0.585654927697906
0.522998382787151
0.502588110464676
0.668978424961732
0.582050266277228
0.541476387121005
0.508925323056984
0.631031321377247
0.583885508145096
0.65264015556385
0.369424619992272
0.505210033255337
0.706951719979787
0.540008382063588
0.652293530688922
0.572399138507101
0.612586202542499
0.610108380469006
0.694111353685211
0.610413837554849
0.62674430235743
0.711406847643544
0.530830161830837
0.530536145247939
0.567976421207286
0.504120140640678
0.51946733899543
0.549695432778322
0.614977175270856
0.635632145983641
0.495322180981333
0.613683953274158
0.489760541872782
0.686120267424917
0.644661547937449
0.516348689131776
0.573098330496205
0.493371224253651
0.535117535340476
0.629017923782711
0.644107871487949
0.581591773181194
0.64536907777649
0.542688558704085
0.678655619476516
0.770361743653379
0.418584688218119
0.516159040360761
0.5422909763193
0.624174024362656
0.625125603407617
0.575122635048561
0.599968249784863
0.609234462463176
0.64529288963613
0.686916364096262
0.73584145800553
0.615745833266434
0.757570901634361
0.510209919565053
0.614447399720507
0.711232842123956
0.707206759301622
0.617044663381883
0.526324303567126
0.738240020676052
0.822201685429179
0.588523018652223
0.837891341779151
0.758162934881396
0.630048844077968
0.693699156327589
0.847230374084843
0.766642318038334
0.62425189142445
0.662080989207882
0.672156081141211
0.654852589248557
0.657668297418169
0.579441573881743
0.697548817364638
0.534208311818341
0.781801530616852
0.840382926118599
0.668121244428005
0.604870638677175
0.669507888181681
0.713909074969061
0.646481662112332
0.640977168804069
0.631583586336296
0.669920559196193
0.62116727545295
0.808397254970793
0.720059025725241
0.672921496776222
0.723069680474624
0.608760269283983
0.570165190477832
0.735011709110628
0.854360078292797
0.785670472188854
0.764543443740552
0.620863942225834
0.784005325128594
0.515486615763929
0.88222926818122
0.747676778852812
0.797312073950792
0.644469503361878
0.644485209080529
0.614392187948113
0.859735434097608
0.651300141307397
0.883740861410897
0.766088580772806
0.716537771678584
0.794276508064901
0.64759814964859
0.760763492108254
0.78275866232377
0.710083941378255
0.698481839722645
0.790289842274674
0.756451995209684
0.738858674813743
0.789653141501307
0.819329292017767
0.812180072942876
0.913202203382082
0.809957257078466
0.855939896952564
0.86165799635376
0.836825399643675
0.784450292492761
0.748947350014217
0.638557469022264
0.910037348173589
0.856421138224173
0.89871927173663
1.03968247149614
0.89859373684585
0.845472024327826
0.781327371879015
0.816667931670156
0.92939408983586
0.765391248797292
0.780360780630188
0.862688668660176
0.971681867360885
0.837084231357816
0.819129426945041
0.753905794135952
0.848975269966824
0.897083875981124
0.857022726186842
0.887667587416812
0.734821437373538
0.73366486061263
0.869556822990936
0.878232247446264
0.952429449436062
0.823999179542893
0.953450141546606
0.863308439813274
0.90468489378206
0.795703526449688
0.980277096606308
0.846711206689105
1.03455083355437
0.766103905999024
0.825510197667824
1.05250290069818
0.858732185567895
1.00445839709244
0.91887793015265
0.835585317437918
0.773170970807549
0.984714718171304
1.07190395117672
0.778065563605261
0.943359908298548
0.86687754048709
0.823512404265623
0.976835575588993
1.00282750492254
0.911024781211815
0.865636918815568
0.902581770982172
0.991101375734332
0.851192109903848
0.83859553463372
0.924868056613525
0.927787638881853
0.831039459329187
0.941436928199841
1.04104603006709
0.936907772440102
1.04314413431056
0.878789473742426
0.829115284909911
0.825398525270414
1.01517223951263
0.999607243415028
0.840265464673245
0.910512675675389
0.92956601914243
0.908224816132767
0.921152624867786
0.930161615863076
0.904687755337663
1.09542257863232
1.070489333246
0.900321694879895
1.00764643426616
1.01536172834347
0.905715290162685
1.09068466502553
1.0007444039732
1.07124867327773
0.983587528270455
1.05812251569339
1.04612815917476
0.896267285847568
0.959511232133551
1.04118379344599
1.00244263046239
0.940912407959221
1.06179351983664
0.952740064589404
0.906622901105377
