"x"
-1.18608591411369
-1.0768046460224
-1.11847062205526
-0.875505020377294
-0.934229041190324
-0.94827358272402
-1.0136988475454
-0.925947069443504
-1.15226551063866
-1.00326639383377
-1.00667990723241
-0.988977125307011
-0.916472516706194
-0.843767994030272
-0.929360936907509
-0.982692872953644
-0.999918182765941
-0.982442381679335
-0.934972500734574
-0.896307617415811
-0.911976505439581
-0.97241436870733
-0.863645212763138
-0.906214069226622
-0.983491785675997
-0.817984377693389
-0.940114539134448
-0.885220518817927
-0.927361100803839
-0.981950212867766
-0.984817227861002
-1.02050049802231
-0.909227687745768
-0.934779969402807
-1.05326186553783
-0.933969532844301
-0.903997393904708
-0.938229872992291
-0.837467517798668
-0.835464342840283
-0.889864273683846
-0.797853354567238
-0.777652950061019
-0.811805502657628
-0.999396661438214
-0.872368211620693
-0.899367296411667
-0.958823244720361
-0.892708950555196
-0.878176811117139
-0.787805260402842
-0.981380007212744
-0.855460340609196
-0.876354046617447
-0.900364095683757
-1.03576364410837
-0.930704778167964
-0.90583692514345
-0.967156199487362
-0.899908782093917
-0.693412947242686
-0.942411290262537
-0.899233150382965
-0.761201466722706
-0.794233096429724
-0.701109820824526
-0.908997546240514
-0.830392222503775
-0.816119130462899
-0.812815636800053
-0.851901996063253
-0.836409821894549
-1.06650272787229
-0.952705530983314
-0.956280861744376
-0.933114277216848
-0.847959638320853
-0.724852385131343
-0.786877632404981
-0.824735487808088
-0.842552971372173
-0.85712670496877
-0.886651486298383
-0.823925364209714
-0.780321521296108
-0.736851069381031
-0.799265552892032
-0.879729513242672
-0.867819318220777
-0.811974069939168
-0.73694346433988
-0.729642484001895
-0.762519296650604
-0.634323407345842
-0.817124687727598
-0.912615285452998
-0.860032262862449
-0.720501842806456
-0.809633520562831
-0.711549118481974
-0.870796472181144
-0.784574797738013
-0.834043093765418
-0.873051029496613
-0.826728233733777
-0.873500109143209
-0.776943188156787
-0.794792765136682
-0.81043916132935
-0.795226487382141
-0.802755953989617
-0.8180570548494
-0.753880499246199
-0.608014044447152
-0.78173951059808
-0.888204796775131
-0.654853498441459
-0.713165068513575
-0.653596549911718
-0.667662886860875
-0.673713509972466
-0.772036343816856
-0.69915451918376
-0.805967150555808
-0.713364739931028
-0.668838693419996
-0.718400971209688
-0.583623333470323
-0.680878366751637
-0.797461817841379
-0.680027040310877
-0.869132242027347
-0.587112929256727
-0.627659883540689
-0.721972861851071
-0.789044757446433
-0.760676878587334
-0.714536313925288
-0.65413915256626
-0.785067815220993
-0.668176733683297
-0.75862016418611
-0.773730066616309
-0.864873026536732
-0.622890220036755
-0.759200130177897
-0.6328526600428
-0.772746500606672
-0.75644378916604
-0.741202267106493
-0.547203976233243
-0.65626950426748
-0.780163813594833
-0.59281076353389
-0.749992443477298
-0.737523216644695
-0.600652298888878
-0.724200260404357
-0.753393593137732
-0.757032006979817
-0.681483033725592
-0.779502940254439
-0.602176337062022
-0.598248843602327
-0.688388181120053
-0.560241366975516
-0.56818141265306
-0.721838217463725
-0.550720426848848
-0.777743424492353
-0.726144204223085
-0.659645929629187
-0.723396994012065
-0.551398727884794
-0.71411441154223
-0.678797255994479
-0.681630384151631
-0.60370541331769
-0.684536640875611
-0.665107370594481
-0.692485995937167
-0.610944443692952
-0.61142066541868
-0.564912313762252
-0.680715717444865
-0.620723526052481
-0.586008068201361
-0.658318209569926
-0.667641406657426
-0.829706992995574
-0.510420657425349
-0.653368544142026
-0.667028783447501
-0.633955065463162
-0.638343530471858
-0.672835091917467
-0.54973041143597
-0.70346645798244
-0.548497203267946
-0.573777367886926
-0.615062933924028
-0.691089037447788
-0.627662566468368
-0.641051220961126
-0.623787940647623
-0.665423796833067
-0.413645961841291
-0.52958100160832
-0.732227832403407
-0.670756574925183
-0.555160288976225
-0.478495277941014
-0.512197724695838
-0.511402442464776
-0.680623188829521
-0.410227658844881
-0.413993693559757
-0.692199867559116
-0.602680056820806
-0.539056996102259
-0.51170196784558
-0.479619498501377
-0.659242618259615
-0.398924237160165
-0.493053891956443
-0.64139305411831
-0.690313600963155
-0.472988045411615
-0.409954968765858
-0.439762144146017
-0.609865510583065
-0.556322775033241
-0.377505591826637
-0.569599733936089
-0.51392648268707
-0.557029378156369
-0.587032509665195
-0.422244660331094
-0.576845064844102
-0.521042046404331
-0.556975870080451
-0.403158406582462
-0.591106234603152
-0.481752705248208
-0.390964583946439
-0.518098011397193
-0.589402795865643
-0.584226787809953
-0.445303567173677
-0.476535128205392
-0.576188840910374
-0.516372653247555
-0.525472896294687
-0.542773658689302
-0.665441762360615
-0.458097219002112
-0.406859008918014
-0.367248492406173
-0.476037369698562
-0.551697391362849
-0.485290007688428
-0.429542997068278
-0.550354099244048
-0.378057282998317
-0.496445899638253
-0.436504593068398
-0.478957508226542
-0.497526046407411
-0.343652727231303
-0.33794556815472
-0.48547573760682
-0.537901772253142
-0.482199871822185
-0.307099285855361
-0.442548153647221
-0.413259664152627
-0.37511599185188
-0.507770044852894
-0.550476770972139
-0.455979890040361
-0.31007486343619
-0.382869532091197
-0.52864903670381
-0.421545652235932
-0.402066461936064
-0.360492114554944
-0.464011958355538
-0.470010734892553
-0.299183859696279
-0.36457946653565
-0.401055730878305
-0.578927666244715
-0.386505026720184
-0.418150238268826
-0.442105163256453
-0.314039210810554
-0.546717420861551
-0.370624135320607
-0.475714220585811
-0.470747532534933
-0.328729951951594
-0.391313195729578
-0.367911647214985
-0.381183741970215
-0.221063528417453
-0.22713849395949
-0.364992113097929
-0.430138910085159
-0.30787176697669
-0.460070587853962
-0.320268151329954
-0.572195301901346
-0.475917684064168
-0.247364972348445
-0.404479967126444
-0.274858268941012
-0.386690931338936
-0.552338948648927
-0.263971720793173
-0.289512859124961
-0.294049369201664
-0.356089482575452
-0.233622671791499
-0.20305459254312
-0.325350915886416
-0.335058899581641
-0.354772552099846
-0.291312172736194
-0.47156644159896
-0.357085731247844
-0.333847087853966
-0.34485912604467
-0.130605073296458
-0.402836279192119
-0.450662537814777
-0.433439204236096
-0.325635870028765
-0.38409692020242
-0.311067509457795
-0.423890339243382
-0.282488258388231
-0.403086120066907
-0.317841312402327
-0.258167365068896
-0.34542668141625
-0.275723806489819
-0.435819514098462
-0.296295404829895
-0.247291567166971
-0.257615097803616
-0.484383958973509
-0.342787322705436
-0.263599970417858
-0.208418067374488
-0.299672886982108
-0.337818571287728
-0.287683157277346
-0.375787752643388
-0.202639338232659
-0.306923644849282
-0.255148102971341
-0.408051624324885
-0.361758069974265
-0.347834710183098
-0.282913613874516
-0.379816447420046
-0.28522424914682
-0.251674409494543
-0.130421281656749
-0.130764691617049
-0.153197921074933
-0.301605111699656
-0.307518885824288
-0.210699229679432
-0.306098981280343
-0.166610124988528
-0.272159738523187
-0.0546890424207506
-0.280130101201535
-0.454108944752348
-0.31728815924729
-0.244788226298819
-0.173354226023979
-0.391096402753977
-0.36058748557602
-0.254552085623242
-0.165565695006516
-0.152530910325465
-0.263335167571036
-0.177196306639501
-0.273783169266584
-0.144192363845646
-0.130449707526821
-0.356468632029538
-0.174205747503394
-0.308344155185832
-0.196188632766957
-0.154773868791164
-0.172125762496578
-0.198383486761316
-0.12053160528619
-0.195355068154413
-0.326864809207479
-0.220522385362124
-0.0545563695561859
-0.307311939872543
-0.183011190485353
-0.187501486836328
-0.00681870863626524
-0.187877986979285
-0.168399710964363
-0.0812825881622418
-0.246381034801924
-0.21322491223245
-0.142537383933927
-0.348324699244482
-0.0856784053044584
-0.304395575865573
-0.156778972340396
-0.0977356344102571
-0.252176062339123
-0.132136809903077
-0.210659440865903
-0.258566659526155
-0.256558055778209
-0.0959894277917782
-0.13404713161219
-0.0177203038979859
-0.179354626533768
-0.0473055675564188
-0.231370513568394
-0.289927434382106
-0.222475111954322
-0.18189895037273
-0.242257390631777
-0.0603011740292426
-0.181733366554873
-0.0157793906937823
-0.0847778188278331
0.0442508037826157
-0.0280516399309514
-0.101276472569526
0.0287866837698238
-0.169171635888623
-0.179986759674421
-0.131823619384314
-0.102155167743051
-0.008144378678147
-0.168525396915458
-0.0821569112054559
-0.123651808685242
-0.0166492444858311
-0.191084224377521
-0.172787172534536
-0.163634702556038
-0.0603901428669048
-0.0760733886582874
-0.00771348005416745
-0.197810807207581
-0.198033987176414
-0.115620394143616
-0.0357197788172043
-0.179217266894514
-0.156945303888013
-0.15204710018579
0.0501184726787863
-0.0642786522496061
-0.0352722036597462
-0.143669169720198
-0.157120757471036
-0.156458843845635
-0.145990725345657
-0.210982058720271
-0.131944997394113
-0.0917544919711085
-0.121348540763113
0.0947582845828508
0.035445194732715
-0.14182697981683
-0.0868134343132852
-0.141185234446627
-0.0294991003113854
-0.0813609974899928
-0.198121654128853
0.0733084471250803
0.133716669665344
0.0777078245571513
0.034399865463343
-0.16454327120645
-0.0500111131391935
-0.0413452351384417
-0.0193334379539481
-0.0267258855631948
0.0364680360705016
0.0505942110802755
-0.147745871691408
-0.186684748330619
0.118568277997851
-0.0846154148881507
0.00105907160888852
0.0506955449516446
-0.0943529400220826
0.0497028193813935
0.048748356563313
0.0148562018084492
0.03643774285943
-0.0978238765861857
-0.181599107278931
0.120728273697618
-0.111525433617757
-0.030985514229356
-0.0178746499210277
0.0521344488749548
-0.108520377748887
0.00988812483534377
0.191471839663754
-0.0413771358138156
0.0476470282483976
0.133254524428771
0.0708273439822108
-0.0221937308217083
0.116591941218191
-0.00305168795497585
0.038037513563137
-0.0238297606197261
0.192393979790954
0.14613498460497
0.139322404463772
0.0288371961326163
0.0741102594852157
0.106394895985902
0.0568538403482797
0.0220817289297384
0.120957424761095
0.0578326883540494
0.127299274800706
0.0529770702825952
0.021604929881592
0.110966998389022
-0.0144316379845834
-0.0275669972175527
0.131260374104594
0.0964149796133927
0.0280134997279416
-0.0645690637448136
-0.0061846959661747
0.218993403674887
-0.0113385306312245
0.15035844781885
0.00930886169396257
0.022304956950387
0.0849744139441169
0.0147765512690052
0.176959374501411
0.0896539064061474
0.230463020496276
0.0449134196094815
0.176203292850267
0.035980722635214
0.141978457607372
0.0485589483739316
-0.0987835366597652
0.123706022349252
0.0786486725893422
0.212739500514311
0.245523213470788
0.256050670465208
0.0312052235023044
0.13496376435523
0.224616293664149
0.133094932990557
0.141154799040239
0.126603224812122
0.1033429678092
0.138100705419692
0.146695890223903
0.0290004724950783
0.127238103632484
0.194729412557322
0.0842175377019252
0.335415996819229
0.0350173239030199
0.206305597110813
0.195807999299342
0.173240677495063
0.10864498176844
0.229362037283728
0.13293988358861
0.169546074120086
0.31571665249251
0.306966049642665
0.262066785920987
0.123967050951197
0.088430127324863
0.134185311368553
0.196274392130138
0.139812539478836
0.213691866401341
0.163508618151561
0.309334608508146
0.119670717611738
0.0796108773650727
0.197032230132092
0.184986090485181
0.372748318631766
0.335740106744866
0.182754996997919
0.339726516773317
0.232779759590386
0.236967572301565
0.260110532099443
0.250449784313392
0.190953003275972
0.147861948444855
0.261604636610526
0.307530836625026
0.271486677696964
0.232937262856351
0.373516070347977
0.259322126891842
0.360137348966441
0.208327462553342
0.141852892883883
0.235580115867888
0.28676518199271
0.301444405534406
0.164740331023104
0.335134968054315
0.229517986882964
0.304992116706455
0.279009509339315
0.127054640200872
0.0967584809862566
0.186059874873681
0.401311401161881
0.282322885508225
0.256871115124797
0.317086303237237
0.35658992304919
0.213626273580979
0.107275803874583
0.365438613999044
0.289845847538056
0.230779502521395
0.335815825823852
0.0763407837936715
0.327503836691037
0.17986087958935
0.227886709457626
0.279052637391435
0.270801990582525
0.279522495788697
0.385719700431321
0.319842980395187
0.386442619131315
0.401492132258942
0.442840205081297
0.209491055977049
0.395762738962424
0.276274673210276
0.354564241730986
0.193560362188066
0.395057963735879
0.216891228412815
0.523260721121988
0.447590563673482
0.27687589036
0.320958973851167
0.379846161493988
0.375516025166518
0.254453940135545
0.246049444338261
0.303428050607032
0.345390541576128
0.415541668548079
0.3927717558197
0.280227477374055
0.473190150517539
0.468053639169513
0.392822785523902
0.476119781152233
0.475185894663604
0.323233711916538
0.396670742898536
0.54113617276856
0.161450059352433
0.343740721308634
0.405788009837464
0.263352199720241
0.294247354818268
0.260584790873757
0.545876573208715
0.394294195808765
0.336259070411831
0.475999464140516
0.380205638829267
0.397887122308845
0.386846737300641
0.434369887962412
0.347088380159472
0.492371521300931
0.421074431326569
0.453640384602459
0.374714066613053
0.438891516249412
0.360923558056596
0.387257334774895
0.448100631151254
0.387041503305411
0.403499189855301
0.41623548541796
0.278454898264989
0.400315328065232
0.390042254226008
0.481793224586318
0.382335531399907
0.47110592424972
0.374027036402014
0.435068689560493
0.431643246490538
0.301066549750941
0.395571963089472
0.546252204077911
0.495648779850593
0.547937574063695
0.611720409313326
0.455400438538362
0.460161052067407
0.331506348819598
0.550821323778302
0.482770695898025
0.355590192331909
0.57555931682964
0.479207662457527
0.478511497336909
0.579899354984176
0.428902548845008
0.551058020266935
0.539752422048158
0.544021471865601
0.450039413627265
0.574657449956404
0.432072489745186
0.554377884873732
0.406096259421778
0.374900359182671
0.461515616573162
0.734171173020832
0.516813506424586
0.509388658059663
0.429852780583942
0.50735625165912
0.573507000488908
0.560966036192851
0.402793595302722
0.579941725958646
0.677020976718492
0.449432275350919
0.459836482275831
0.447577510817847
0.384312835376578
0.531259573762906
0.571056829827993
0.481798570819244
0.533159695668169
0.525175145614196
0.464457413982727
0.431296927462061
0.533438619024204
0.547280533078606
0.607070296230755
0.628281187955396
0.622790296681364
0.359789054935518
0.521299800221595
0.578999423421038
0.592538734879966
0.592599161270672
0.437056499908669
0.580498616631828
0.617867453509989
0.622839518325817
0.561282748920906
0.643106469239525
0.56182139065163
0.543238194664524
0.600988877735128
0.568735250200669
0.649858556785926
0.554453926665209
0.608246806578239
0.371607404583654
0.468503994596384
0.582941693668554
0.543186782362039
0.598299898253986
0.525876506126267
0.567977487290978
0.54255109682571
0.567713541425085
0.609217451838176
0.562847049317521
0.444491276680077
0.830777944462927
0.65798544537013
0.579624082783281
0.599151244030909
0.692339680742455
0.512978373205874
0.714091399114262
0.589340509304092
0.601947681705403
0.600139738227396
0.633611138343836
0.616356608996217
0.637425307986918
0.721722894253845
0.561160553100322
0.737440042635951
0.570579655455955
0.604385489181987
0.680210120300598
0.583064569638543
0.57627198345488
0.793385868687778
0.743758327672406
0.600759019715907
0.658330821568888
0.649460498592863
0.706066228570402
0.717904102892168
0.651468390012247
0.742474728100618
0.789118730717459
0.729660838063485
0.584977321428312
0.58323464003266
0.723774283953597
0.743515815404638
0.733195922440969
0.666061999863412
0.505243524946951
0.623310553744585
0.773877284716135
0.607299682870554
0.706035581919334
0.704797435872664
0.821300765965704
0.667509143181929
0.626028965423302
0.574820332340386
0.769029535042733
0.75603555395427
0.61800944442355
0.66220613979423
0.696568177608168
0.694615618444828
0.707032846833594
0.664502883843341
0.737655341677325
0.594204024583532
0.862921135238065
0.633715768714124
0.550764743256609
0.769357677064236
0.729196263047407
0.755563584692395
0.681062878012048
0.871067715252663
0.682487498160388
0.73759671268422
0.701728859306158
0.7364390104318
0.700962885525373
0.825670362863108
0.884764056292425
0.881827845592619
0.748878052879402
0.653919492629968
0.572868405855205
0.736885430614838
0.720989968852765
0.839640077136335
0.764114093739238
0.693445739164466
0.869655785398185
0.690441927560442
0.867382754794602
0.79576630706622
0.665736416563175
0.82080588901456
0.715428030784615
0.932433829445736
0.764797736585259
0.667675050932189
0.823872271923077
0.839340268562338
0.694692610876131
0.762358361983852
0.723798464027523
0.876558886885101
0.755687826025017
0.833869627507509
0.674530490742692
0.667833050183768
0.857218995204669
0.831062347207347
0.802860437650785
0.850132896845297
0.851186025012532
0.923153880243195
0.843097715744318
0.801636164938819
0.912342491430787
0.960583327317373
0.792505576953037
0.917824927123657
0.687228130624425
0.747841566267929
0.836292714813951
1.02511064546421
0.76356530507987
0.870630154835087
0.830564239158055
0.696994836493581
0.835321525496261
0.904234535192351
0.786983453034749
0.773844268509734
0.873152262960817
0.886921317085451
1.01523248490824
0.88842560344799
0.902861203509521
0.887541404717116
0.998328858069114
0.83729298813325
0.85397199475214
0.938269938759957
0.779202730425425
0.962741653551301
0.953519242194154
0.684061844546918
0.887381364715933
1.03003237129411
0.907501795131239
0.752501436062062
0.957545704144978
0.799828229424215
0.905715735357971
0.869066600146221
0.762281966978248
0.866839481748152
1.06582627301316
0.834734726540553
0.812708944537448
0.993028518021292
0.93246103774189
0.893904411169703
0.963273378337156
0.87282612849578
0.900992809155531
0.926144642293561
1.02647706287376
1.04143660971123
0.852528643082009
0.905537249960443
1.06541235809377
1.06741012283269
1.01563403828306
0.987043667208044
0.939261449413603
0.806022330066594
1.02952735419481
0.984494644758281
0.898578431980284
0.801186799809437
1.01785031228542
1.01149071842909
0.794547132565575
0.773483229232186
0.836274190259689
0.963617272052982
0.834346193876383
0.956085840858386
0.815498195575409
0.987580224550639
1.02778473763787
1.07489259257283
0.980963670582057
0.995173828990935
1.01325141752643
0.979335434801583
1.01564294019947
1.04496029116422
0.969921319628581
1.04444456445955
1.2568844820406
1.13953542613003
1.02510591248605
