"x"
-1.04642494287094
-1.11477836664074
-1.02501215026329
-0.933383425139034
-1.05182416326649
-0.973195272683452
-1.09776364657546
-0.945429031770775
-1.14830949271026
-1.01820865620149
-0.949666098727439
-1.00648748942313
-1.00256198119431
-1.13288881581592
-1.11843687847392
-0.989850754643654
-1.04779174446008
-1.11420716379939
-0.852175933994877
-1.02633833226258
-0.988284472682113
-0.882704610300641
-0.931429116509619
-0.96030155540103
-0.894927085574045
-0.861333008712651
-1.01930755834054
-0.85359641443063
-0.928656837696618
-0.880678206389748
-0.934329770959123
-0.93922510639094
-0.982153995749391
-0.834303649073644
-0.881289270090502
-1.05001742646125
-1.04174333352773
-0.924397406656796
-0.881857596577186
-0.970171707632895
-1.03847759585783
-0.780450886827885
-0.987338846467501
-0.992292363521615
-0.926105583077827
-0.929176934310785
-0.995857164324572
-0.94739372031173
-0.856136973504614
-0.96878067047508
-0.922725931374014
-0.955930078584634
-0.874101009199905
-1.07146145942526
-0.882688489572165
-1.0144190441987
-0.916592730387389
-0.710452000421559
-0.791209307739468
-0.902518168642298
-0.876444754892135
-0.864919693058478
-0.724387596345803
-0.85556064702452
-0.939305772047448
-0.855719058352474
-0.922827987872068
-0.972315617889603
-0.966549198232093
-0.82505857531355
-0.770249983458712
-0.870499370322394
-0.791505164799201
-0.827731593808183
-0.950754307021312
-0.859078283910925
-0.890138434187493
-0.639409852015133
-0.854513584966618
-0.737880450150339
-0.707684370892818
-0.735001008040942
-0.873739015934347
-0.892478222854581
-0.989195528693665
-0.824718461382152
-0.787046041161797
-0.88126762242972
-0.785503307915957
-0.874876434681198
-0.771474348028839
-0.854772885349207
-0.923946454663986
-0.798110601026072
-0.785826815281795
-0.713226893649515
-0.73153019642099
-0.725219651685567
-0.709633047976604
-0.730326170134633
-0.868976766054175
-0.750817198221173
-0.622763405484539
-0.860920100429152
-0.827605631649439
-0.802148778143159
-0.863133133688619
-0.798571938763132
-0.746023704597215
-0.700802188757469
-0.688272803681466
-0.789921625841606
-0.718293569224057
-0.87546259374666
-0.719511135961606
-0.911564579249818
-0.724758118956809
-0.897265403694927
-0.675699493476272
-0.900008999605957
-0.727468961666818
-0.803804644010274
-0.815449518607006
-0.965232513119431
-0.750879119122281
-0.832150250373769
-0.740685829568581
-0.621988391060164
-0.709596896558812
-0.671307720886282
-0.698876167216395
-0.790956299440865
-0.813554667822792
-0.902031839650804
-0.887734796082108
-0.803398363243651
-0.63462895164978
-0.60736415730609
-0.750604157537313
-0.697344688478759
-0.808592492260107
-0.4608625416512
-0.687616697722667
-0.759183072629372
-0.632943217371516
-0.516605707348157
-0.862306510138067
-0.55869697040043
-0.684701574073666
-0.5975262814351
-0.789423837970777
-0.692064917247968
-0.815816967925671
-0.732079310749445
-0.602982562234667
-0.646707732711847
-0.603360594567367
-0.634214610524213
-0.610272634516049
-0.664832986256348
-0.620466344485819
-0.706658348418681
-0.608563145856059
-0.52798734305309
-0.636079501650795
-0.62044535891193
-0.684327117099983
-0.592271514945828
-0.565406070403326
-0.686287264896367
-0.75428886341941
-0.604553190374174
-0.659636271084543
-0.626615153081401
-0.593697462426347
-0.51361807167435
-0.590270457958145
-0.589610227681982
-0.644221337396972
-0.667610839302368
-0.718273056781856
-0.696236131399765
-0.428077515953252
-0.588064606221454
-0.635599892277924
-0.701212384594041
-0.591974366466475
-0.587140322962143
-0.743148735271367
-0.609702067392299
-0.70670154659948
-0.604131504952901
-0.737216072054669
-0.689271094520702
-0.503474244022082
-0.632928742605495
-0.646792098266068
-0.662072356562703
-0.729237942365619
-0.49783277123366
-0.671492529987362
-0.615994403325371
-0.637094027322341
-0.614329963084111
-0.597875204504646
-0.498640393666041
-0.632684020903281
-0.586707113839583
-0.632833673878829
-0.497020037353672
-0.485101452341449
-0.49129295867478
-0.576366726470807
-0.500890650499149
-0.512916054914779
-0.538237581942044
-0.461803040480477
-0.478776754603845
-0.601717398337518
-0.58193587069175
-0.557022968724128
-0.594911611879609
-0.609433052546939
-0.534329303657427
-0.426947583635529
-0.587443392254796
-0.499148096150343
-0.605087907649149
-0.533418114262888
-0.477787904514293
-0.418165894309042
-0.597591450793827
-0.505557854781449
-0.516048106824739
-0.539106201613341
-0.488960107886958
-0.529300070289498
-0.535974460355212
-0.581604479536514
-0.524831489596816
-0.560403432018434
-0.571450014947623
-0.498712850352913
-0.625899364236942
-0.528719251847652
-0.531617757789949
-0.490459172469815
-0.572066934075521
-0.472458083108877
-0.537915715437716
-0.514315020918647
-0.584395254549995
-0.385631620669288
-0.620867941797825
-0.486271431126568
-0.577082389037142
-0.499779531341717
-0.519271574300303
-0.472818762215006
-0.501108443987164
-0.619181379961481
-0.609827181098031
-0.356176487271471
-0.551270872487057
-0.415850109533865
-0.490935096772496
-0.431387369709443
-0.534184594336361
-0.427821553144013
-0.399189836543717
-0.326646159819352
-0.440957123112736
-0.562143849590939
-0.438845605672955
-0.418971134117074
-0.348557973061099
-0.456449896771223
-0.467638076760933
-0.520903241279434
-0.429620193535641
-0.45128451074558
-0.52478926173613
-0.323377804758181
-0.415667033769209
-0.431889342901358
-0.387397403729141
-0.359200055977938
-0.340696398061476
-0.335877519539794
-0.333756713471192
-0.434487630923216
-0.27483692439133
-0.294058665129391
-0.520721308548974
-0.364099011642021
-0.407269773950886
-0.447254782819523
-0.23749135343195
-0.447631208163718
-0.443194585075388
-0.42415198424218
-0.367502993195751
-0.351365492537091
-0.474127572949401
-0.331332539624042
-0.386395439581087
-0.390327747649188
-0.465844941563123
-0.460449793434491
-0.365266736955626
-0.433484730126096
-0.309007084425385
-0.309267443388929
-0.414897578902737
-0.339999068278622
-0.335106369883959
-0.421138282589302
-0.182016664927987
-0.43289582262123
-0.240659180833275
-0.380713267669715
-0.403808680697834
-0.391202253648917
-0.422498163272283
-0.339474176386063
-0.458462335986639
-0.118926062946573
-0.344224938661831
-0.329840668291645
-0.182784972074774
-0.34126572671848
-0.268356418142407
-0.370930460526693
-0.324281993025785
-0.349374940666761
-0.4389123292549
-0.329834179778529
-0.398655597923449
-0.416660792388493
-0.223072032636734
-0.31779560661062
-0.377827193368101
-0.257995018489917
-0.44386403605446
-0.373969339113068
-0.248242909377951
-0.346713475212275
-0.481644090033417
-0.430473300372044
-0.190406242355931
-0.293397283178333
-0.300462467201394
-0.185419200862316
-0.277399218283472
-0.219309197548132
-0.260179718755672
-0.313210869663387
-0.292209343144571
-0.408756021333321
-0.209728198596445
-0.383880551301313
-0.385487182303819
-0.295012094658491
-0.268662268311635
-0.19040890855185
-0.405462052759034
-0.295952546852085
-0.31639436613071
-0.16574102272025
-0.194131167777499
-0.257939424067558
-0.306750729731265
-0.265141036929647
-0.404781984574747
-0.254558716995828
-0.205195657270233
-0.295242335597362
-0.272457718480764
-0.322144543016181
-0.389066505846978
-0.281803882092671
-0.252943866972495
-0.367496956669263
-0.236926618063848
-0.358291285718051
-0.305709735627698
-0.367360380804872
-0.158039637835357
-0.214025641531737
-0.20624777905198
-0.180508675713794
-0.150775513880207
-0.280756474817968
-0.055832720617816
-0.372731634402007
-0.243477968023378
-0.232100684106361
-0.13304155544259
-0.286001534520521
-0.297168121668259
-0.250971384915228
-0.112085099010602
-0.210524343605149
-0.282179678114751
-0.338699342646007
-0.034884077974993
-0.0587370736122904
-0.362939530881299
-0.228798265245872
-0.2244525318653
-0.280965003820168
-0.0397107881968179
-0.16191367900975
-0.233148097025541
-0.217260605181208
-0.15912289142797
-0.216434022008766
-0.191862825796311
-0.0741085467719367
-0.164411116557673
-0.0911329275302713
-0.192938083546489
-0.146451679357924
-0.185836381570734
-0.219117208799503
-0.0433820864639902
-0.0960598142424527
-0.174121017311725
-0.0882828113702316
-0.0282029014240688
-0.106953889686647
-0.075116200721941
-0.255377187193738
-0.164578639536514
-0.0690292214498448
-0.0515779388200166
-0.0923758237830805
-0.0532362638866663
0.0636375914264852
0.0205668923595358
-0.222160130067899
-0.115954951290489
-0.0627322760870522
0.0944760323224418
-0.147168508176749
-0.049916381910549
-0.156033332012559
-0.0535186502770734
-0.0814369004411485
-0.272333871892995
-0.123286560690447
-0.124932590567676
-0.124992867300693
-0.219063081347452
-0.0180855433918133
-0.097445780673965
-0.0435422636914209
-0.0472428125299136
-0.0435976481156644
-0.126974479371706
-0.0890818575446198
-0.015514320386747
-0.0339760803719007
-0.0720429029638457
-0.185678589297706
-0.12298313432339
-0.0373639719580246
-0.1359944727396
-0.146127883972195
-0.147910351031196
-0.10673996197971
0.17359451237733
0.077504246044673
-0.0979031340887972
-0.00320064296867079
-0.0316185327563409
0.042723642007568
0.117215119092856
-0.0291611923243658
-0.0626782393502385
0.0345324140325895
0.0839032459876978
0.00396540082289475
0.00434556306729092
-0.0392397050726111
0.0243074800824528
0.0367785688197152
-0.0933966416306083
-0.0693524061632361
0.00459375259875914
-0.00926982482453302
0.0345139531495977
-0.124298454188556
0.0946621317963784
-0.0168600909587895
0.0696530254649388
-0.000207159501293687
0.0215721951445432
-0.0870778248525916
-0.0277402161823741
0.00680321410752675
0.116362887403231
0.0523511870578605
-0.0534937839400928
-0.112528220525601
0.206066531866986
-0.0138132909766943
-0.0225770333450629
0.0687446065782212
0.147817891378499
-0.0349311922363224
-0.0502610276064018
-0.0788163104222823
0.00118810217653399
0.144017935407422
0.0568900590801861
0.132311202676449
0.0685829518078439
-0.0239109107867533
0.216680801890069
0.138955583238327
-0.0335219118481447
-0.0654016838563578
-0.0424052502567447
-0.0698117174944397
0.0586272017011178
0.101402712388915
0.198729382071486
0.13256757217535
0.0430592262735133
0.0782604918418758
0.0813251483944081
0.0543738645870752
0.0994050392655898
0.338874593494916
0.113210923047558
0.077884091438356
-0.0404340058366559
0.0888063198616618
0.0880620956282604
0.138958432195492
0.159731878548497
-0.0567264714496679
0.0762068585850027
0.194285835141633
0.089501685217349
-0.0126322738695303
0.128893233958448
0.0382875180294736
0.0826613405245178
0.101460733716366
0.108195796996486
0.185850193231404
0.0706901321669838
0.0598821814813272
0.1074776921868
0.0412080655048359
0.139059794101748
0.14203417350014
0.132208388693095
0.221526618530563
-0.0563384971207369
0.0620847816137965
0.176189947371515
0.254318298316367
0.0459210496968023
0.0489229415608506
0.16977154086808
-0.0214923212473704
0.195865605243883
0.0267905106177429
0.250943649254909
0.178267738123981
0.13791805920333
0.120128573274651
0.0987216612701222
0.249316156866019
0.0751968748163431
0.210294975850695
0.0005828864807916
0.257056564547191
0.209852554488359
0.119445182930488
0.0880002411531452
0.333595855152742
0.220123711506566
0.23320359185702
0.180068187915317
0.0888969850706619
0.0553267957646354
0.125289921388999
0.00887479106848836
0.269503941953933
0.290839655520588
-0.0442445396196789
0.255156047006921
0.298671013253356
0.230003478657732
0.244471074567792
0.187571820044992
0.153318928748156
0.17340739002301
0.273662313760886
0.0785803589257325
0.331032111216878
0.277573864549285
0.165743621951128
0.224015947585384
0.228911107751084
0.25022313323798
0.287331443805981
0.108053189795693
0.198378790299768
0.278838878713824
0.251657491706168
0.383842459860688
0.262474107897117
0.228472228089496
0.268487216880727
0.251884913777773
0.141666048707375
0.247689849615151
0.298059459338621
0.0674546112611043
0.184852463562052
0.232448890136267
0.369700291751841
0.170847458578157
0.391212681642214
0.376505412219029
0.280099316919279
0.159011218815441
0.322621220647635
0.26737270407022
0.339983542815886
0.189925293549931
0.405555016405105
0.41912682406921
0.285001323361216
0.270100885034023
0.244365200222977
0.226033464776573
0.409646305918398
0.436536316462321
0.331855600708078
0.19787405750403
0.139447683494248
0.458499557823892
0.306547193018089
0.217722541517535
0.336528258078689
0.265160982582916
0.389933742625458
0.27890374913561
0.295801208572774
0.251252856803254
0.241985942083982
0.38546465649572
0.299296416786308
0.474270618771886
0.281854717216949
0.361517801144107
0.342284109247619
0.379552433061606
0.306616389167518
0.258764866182819
0.395481677045603
0.320800506900047
0.456094872644993
0.330134226229347
0.443843278990402
0.339912383042414
0.29749929983013
0.36175286808401
0.462288300515376
0.418187996015253
0.415234217924678
0.35360183708115
0.352946848355492
0.32885497379919
0.179565407180277
0.434563421106942
0.190249973476472
0.216564850409026
0.410638441991266
0.443555816977793
0.409957081681203
0.342549246981856
0.329689295883801
0.343328560241431
0.383086771076554
0.364678575122829
0.330863342722766
0.360721255991104
0.389870186025654
0.325741224535393
0.278936490901072
0.363312573940791
0.444211260595857
0.355241352585391
0.424246442306767
0.323302216367942
0.36265290472925
0.30538589389959
0.218845086022241
0.541229785390383
0.473334612098539
0.336285101078358
0.434470763701031
0.517357018080411
0.422756836234964
0.480341479342124
0.329398111573768
0.346877366114573
0.401687776452182
0.353854723622464
0.304557114895465
0.408738085948
0.29636092120796
0.425733491389081
0.508126423036991
0.484601240560327
0.461911836943761
0.466257320875504
0.541633964484344
0.440124483144845
0.502624445411287
0.414016481863463
0.63213004004637
0.345912515975867
0.535107523370129
0.411919107827025
0.426594518433308
0.52026148915194
0.397598332882996
0.548789974150995
0.497854549040565
0.327491643634472
0.39684099230089
0.406205604939185
0.380003373766342
0.587363679786998
0.618166866112505
0.661029357346249
0.453253643358667
0.468714777077734
0.606021346927678
0.506347908046575
0.398036836367918
0.476709198871923
0.458490787575085
0.540996089801618
0.492456729303424
0.647567595405957
0.344454125514659
0.616372239988463
0.569351599379142
0.470125209602358
0.624105033920712
0.562176018204114
0.598632249133776
0.642906034395637
0.511073478934292
0.451563324209401
0.460744879954334
0.608225384576004
0.478787674786629
0.489289772536945
0.601607925367603
0.565413142030292
0.525127536068841
0.58984759749788
0.504876151027551
0.730690425531149
0.710014178701981
0.403258075000791
0.427643844116777
0.582865543366554
0.584451448257015
0.492454267432266
0.357081266230137
0.473646499299831
0.544678801317941
0.578893508539377
0.591526480081188
0.444983919647541
0.698219614043787
0.639136811843696
0.599614322224505
0.553190563680934
0.679759132722915
0.420240154711891
0.362027949565735
0.527985340941366
0.54345406857235
0.527954456020203
0.48220763280563
0.443454719201567
0.576518867385131
0.551438366658381
0.824458691200211
0.670988541435809
0.572899168280256
0.616944286974899
0.707239210207259
0.613478136402076
0.674232970485879
0.635186103028682
0.581426937428596
0.576607902725602
0.579431069670802
0.665337066871506
0.510579065294498
0.672170137853317
0.688971748455924
0.690024093516745
0.764885802743052
0.574505915023184
0.681670229936401
0.631539412328754
0.676732934885386
0.585543260933637
0.740431026745102
0.830875686331429
0.803478467375433
0.644668167376386
0.643245247845464
0.656551253680338
0.793003876093079
0.655728367370589
0.706715157492284
0.700247075779813
0.659116964537498
0.558857224796136
0.600895190602731
0.628097470388153
0.575668540970899
0.79132548290529
0.581830660573273
0.624176131387182
0.462355104668544
0.604618072582467
0.622829840548623
0.524944843538115
0.683114375888583
0.633746612999165
0.736308810490795
0.626266879019261
0.727348289426468
0.665246238763894
0.541254210038331
0.60830939382697
0.73950733066922
0.803548414748068
0.813335768387771
0.735182018808859
0.719952422416021
0.778451643227488
0.642066637123816
0.589244154381517
0.758684917596661
0.764666810924622
0.740730630327379
0.761138446105896
0.822354497486136
0.707239394012875
0.815555286680252
0.799666096323151
0.664527129036001
0.650072954237573
0.653284439300783
0.720297838668161
0.846429917642545
0.864061318601154
0.587976023246522
0.710412023800822
0.877900935073338
0.789577745930277
0.80627830537753
0.650817868572755
0.870583047431193
0.774016257800462
0.815707200851121
0.772127929209438
0.790198623615586
0.880553106139509
0.663312110864004
0.863272895864462
0.804301194654069
0.799078271844998
0.726330014537947
0.757289870450476
0.872343915810553
0.794876825273089
0.826750839132153
0.789611304212856
0.782076338996335
0.753155061622281
0.768990529900178
0.819400011238531
0.706714074757348
0.600337086642315
0.957382108463306
0.693462751056215
0.896247234512315
0.866397243537556
0.853056910886467
0.703611417156173
0.831363028154411
0.917989914724599
0.747215961321344
0.801314902377489
0.834620813392501
0.876901804898127
1.00704540802474
0.860943974249538
0.64044520495182
0.749799700453498
0.811504836525046
0.900642613411861
0.758096104619275
0.835319544997049
0.835323870665528
0.835284668182754
0.697538457371068
0.885498117082888
0.84127427576607
0.958389800838274
0.901410501857213
0.736344299970364
0.960538698203429
0.844980454489923
0.805612542542068
0.742846364236928
0.846102315745387
0.78636672333522
0.857799921033529
0.930553630314813
0.865491164376262
1.06610908582599
0.868381309459378
0.868528801939138
0.693142060290404
0.976956544203705
0.968375943179935
0.961136025653589
0.841947669160186
0.931112468520364
0.867168500414288
0.815527862237529
0.83366910273293
1.03236451919348
0.958333079372558
0.859049308770676
0.908563733101702
0.8772299629542
0.889075683944186
0.959103293545249
0.946275739155921
1.01736310564248
1.00399391217291
0.908181738351856
0.808294197334456
0.828789673312963
0.907314938496842
1.04881189369928
0.926631991794149
1.01203670058454
1.02727394144805
1.01023680920263
0.909159005800698
0.853904075332374
0.893944618939592
1.01953579350604
0.854711885973203
0.911696250582378
0.953057214755897
0.912113554439041
0.855237370751072
1.08514591547391
0.90285022799625
0.760109179519987
0.899047486344149
0.890486707181135
1.01578676650861
1.01558962636377
1.03966429661063
0.936310846969632
1.05556709302346
1.09619497155283
0.989332439408057
1.05280397809635
0.975497564091524
1.08353757486239
0.982444216643585
1.02582427689113
0.999133992474401
0.940916465739424
0.946336375865168
1.11764340459986
