"x"
-0.939703764938096
-1.02010058172612
-1.14611147056276
-1.10158480323261
-1.03799989564223
-1.00283442106983
-0.918573985662438
-0.89785359293113
-1.04317887511079
-0.967534479595913
-0.925914670489425
-1.09633826346957
-0.919874102941689
-0.835152755806206
-0.807012082205292
-1.03900870048565
-1.08533534973395
-0.908537635783961
-1.00910168343102
-0.826653545774837
-0.826002295597527
-0.876860279158881
-0.94333808762588
-0.961808205415683
-0.85004383449886
-1.08512937237249
-0.979654363908333
-1.12046847251546
-0.945124758846756
-1.02855714535782
-0.888661470259886
-0.887688433598325
-0.952390555176219
-0.992142870579092
-0.903942921680164
-0.999611348483702
-0.869290413994165
-1.0807009960624
-0.849048819451398
-0.913225606302592
-0.973071839590964
-1.03740652732329
-0.94457525711794
-0.965930179872376
-0.887408841771783
-0.945858815091394
-0.886639725008555
-0.684815484821531
-0.888788563463365
-0.96317314071576
-0.994119819751289
-0.891942252859762
-0.839460953975655
-0.807012285868032
-0.900595402722231
-0.901168841341731
-0.834431251710102
-0.896628069044812
-0.879832057822546
-0.787935514021226
-0.86029072663027
-1.01971363166852
-0.873934530844181
-0.824993621343359
-0.892890256877798
-0.877640345604969
-0.820501398237597
-0.881466776596588
-0.850309788784781
-0.95520636891243
-0.701684760068772
-0.730796676273146
-1.00385914737916
-0.892040140113422
-0.79729041476824
-0.868625797716677
-0.962268319037757
-0.722479023520869
-0.890902508901462
-0.786605967550988
-0.825685622458471
-0.755379626712904
-0.956231714825728
-0.763128456405402
-1.01835321971249
-0.804345216101329
-1.0103557604374
-0.822382283903524
-0.751687500750255
-0.739773019506198
-0.762601442582525
-0.84130366724157
-0.825391900736186
-0.81498557479341
-0.781059318036418
-0.785787963751135
-0.752804350164063
-0.675930883167662
-0.906963601914216
-0.729534765629654
-0.756938953695538
-0.813924051677662
-0.60824683936363
-0.67340164338754
-0.768643494987133
-0.781246082994723
-0.71582522068891
-0.676931410573657
-0.815748999896808
-0.716800238401
-0.589930949998582
-0.848158663950981
-0.853712919221783
-0.766033233219109
-0.841387561332964
-0.839210339616076
-0.784096045008903
-0.772476159748188
-0.621400223384449
-0.74239250875533
-0.64342494549484
-0.896391803448657
-0.822934920570114
-0.841276836278383
-0.839960858430042
-0.694315929837763
-0.854006876857934
-0.741804047429697
-0.803349145342165
-0.688033588735571
-0.700276531977794
-0.726442769085837
-0.665150343730123
-0.863850399247333
-0.736316095714988
-0.752010873311013
-0.657982679212998
-0.801288079260471
-0.656362534323279
-0.657008766811663
-0.633633337013872
-0.571398135365837
-0.872420271446319
-0.573928923757875
-0.675468532189747
-0.780383783553073
-0.788946463417038
-0.716519737557854
-0.653839224540674
-0.643998732433314
-0.581151425939566
-0.592452055961483
-0.644968304537913
-0.778112644738739
-0.739397532054948
-0.63836670076509
-0.708291647569568
-0.626715438667149
-0.676313508008777
-0.658135156441788
-0.802252886164348
-0.627602933001473
-0.66463543162027
-0.557058394610073
-0.587522962448125
-0.743699338115577
-0.74068708011987
-0.623732431921887
-0.754299975388638
-0.737300085670069
-0.587330238739994
-0.638647870375565
-0.546792956883738
-0.694961819320535
-0.702820050921682
-0.637915685610404
-0.715890355772849
-0.638248786201408
-0.784509557610139
-0.657665439388031
-0.741130429643609
-0.610753873410586
-0.647447237163774
-0.690402664315631
-0.689067740029694
-0.602306375796264
-0.625852213349364
-0.588472349225806
-0.620674603862213
-0.736134941844604
-0.653704912097647
-0.721729776140173
-0.509800941088377
-0.613435596751661
-0.654577804093024
-0.591904790257444
-0.683259663546813
-0.575395058247765
-0.630160491127461
-0.707768054654515
-0.694337356551416
-0.516063436156424
-0.558532519133063
-0.526331880854472
-0.665443442230935
-0.641161965802098
-0.410188503547679
-0.602713471219494
-0.471405431853954
-0.314563827259023
-0.508033778706625
-0.50912094972587
-0.645512724435087
-0.520793221358606
-0.653307724086472
-0.524558945262839
-0.352109658633033
-0.501430685444753
-0.70567127904805
-0.720796204987805
-0.611560139217599
-0.600726345553692
-0.39301948526477
-0.812098369489263
-0.70924784365967
-0.624214208671086
-0.42972716694294
-0.504341786825767
-0.409799239182717
-0.544156919680237
-0.674210570770861
-0.657647605119087
-0.606200012061638
-0.598194707218404
-0.536409207639166
-0.4219822429579
-0.72875064738081
-0.445422548122139
-0.542453324664403
-0.483793023869568
-0.522948610988955
-0.590395138176105
-0.513383870297242
-0.611974618237168
-0.599643650306329
-0.350941324124437
-0.542986931090583
-0.432735812567132
-0.436057748729848
-0.651244380231843
-0.397157526639813
-0.47951600303222
-0.424206905633567
-0.399902330434753
-0.645524817385227
-0.478717859195138
-0.491756426580026
-0.479045442813253
-0.469579455172872
-0.384972115294355
-0.590163686199224
-0.528043042714582
-0.252305896753838
-0.530837702848442
-0.630899270110586
-0.547239948130762
-0.428566716264868
-0.525992720461142
-0.550279492127702
-0.467616622075046
-0.496692633461813
-0.349483424286114
-0.429851430149622
-0.387205979470769
-0.43772029591833
-0.643520681449367
-0.441553242756433
-0.485890021233652
-0.443402495370303
-0.445954971679521
-0.447008711817445
-0.448855973372313
-0.498616650391714
-0.408411573323613
-0.471045428843875
-0.504068009612996
-0.377870403591576
-0.427647776914715
-0.346739903757363
-0.605871729895364
-0.486372209903639
-0.388137947162361
-0.588653301826482
-0.463513312578726
-0.37732466985282
-0.46285185065866
-0.444472144794319
-0.465736397415394
-0.327203749763584
-0.521442743713799
-0.458328165855635
-0.445057077451849
-0.336700161103632
-0.39453671551201
-0.251422817742629
-0.388213633688806
-0.544372204890811
-0.191310124672064
-0.331271260234749
-0.328600447630352
-0.32556760849889
-0.335056152583453
-0.390704364901102
-0.233565695858711
-0.400377412926906
-0.354970984820169
-0.321288422331632
-0.166594241658251
-0.447434333799495
-0.413588787988183
-0.301375920861422
-0.364954459874942
-0.313522527266002
-0.424924469389451
-0.42307813887349
-0.425839742581227
-0.203359112150971
-0.284431660626695
-0.372182768064229
-0.470771575200337
-0.206419214914301
-0.211652002200352
-0.294709773504597
-0.286486357293438
-0.302642392487339
-0.364329408676636
-0.278209197428339
-0.26146188051737
-0.323454542142379
-0.226570053597906
-0.305392088804724
-0.248822209760224
-0.355475635511806
-0.236031000631352
-0.359140929315086
-0.35176937387233
-0.27756354286007
-0.389867830145571
-0.265730424536701
-0.400829832864954
-0.19480094814021
-0.298429666248855
-0.299923370816907
-0.15784793071767
-0.402078062247121
-0.280983899175112
-0.275976010915426
-0.325852061473407
-0.262238423893288
-0.257560658585285
-0.257807575458981
-0.353720847202676
-0.279133024401507
-0.133811735521795
-0.193258916677128
-0.276114728714901
-0.314831663092217
-0.217402514472944
-0.19143706386444
-0.287031655612066
-0.230470023994694
-0.27319542123194
-0.14673227254188
-0.142830501911535
-0.283526061602274
-0.2987404735992
-0.159801912220395
-0.342664399183347
-0.149183078472287
-0.250850219223382
-0.245452861495687
-0.302739371127428
-0.173627692091047
-0.195417278662878
-0.191023008171532
-0.254136370486609
-0.282064632233038
-0.254088350127549
-0.265243122537456
-0.16823428125937
-0.279392081176104
-0.14564231154627
-0.219364328942406
-0.280364480236503
-0.271631928699201
-0.243813538739878
-0.061953394243475
-0.310983039137717
-0.234886185418869
-0.00744104684366334
-0.153619935964986
-0.330341669980801
-0.0522485914194301
-0.153383768745095
-0.282350247389737
-0.262857611390961
0.0173144711255248
-0.320621845567156
-0.222140024325029
-0.0963583673136599
-0.203403971434534
-0.118493388440627
-0.18537225551622
-0.187662188598601
-0.122433780126819
-0.133332988213918
0.102337527441849
-0.0411232448611699
-0.082132310216758
-0.183122780996294
-0.139512084077142
-0.179603275238043
-0.15287173064811
-0.121698540969986
-0.125173060844823
-0.198282070534596
-0.00363756537029118
-0.0417234235220998
-0.0405745414018415
-0.200617239799675
-0.234930260280749
-0.173226479159124
-0.10595541031757
-0.092745566683287
-0.113198524999858
-0.114407936037734
0.0530780359030805
-0.0672422093447765
-0.127759975062255
-0.120109140960745
-0.102783969808562
-0.215170154091205
-0.245860547949949
-0.204121143368381
-0.157742164368598
-0.222024596378544
-0.167690332614448
-0.272342179260832
-0.20830786337385
-0.107692580701234
0.0638350059972654
-0.0681591232849422
-0.0349107803006619
-0.115342120098913
-0.044337915371477
-0.113695869610812
0.040744310945923
-0.132235640235385
-0.135892516171872
-0.155000158623257
-0.0616337823627157
-0.0248199367979746
-0.0864991054314212
-0.0573752214119729
-0.172139804601305
-0.193859513498639
-0.151193888597527
-0.00488436243606552
-0.0274818113473598
0.00795317183568786
-0.0878036291356566
-0.12864738045908
-0.00813500348717693
-0.00635880198846149
-0.308663498107682
-0.135529888520969
-0.253579626803886
0.0237008189271955
-0.0584822927475224
-0.0446479398439916
-0.0060626050648511
-0.069394737523586
0.0505218605556447
0.0292937637773313
-0.0512562241503309
0.0137860820628147
-0.183521804910745
-0.0221321005061107
-0.0805524964750573
-0.166482800895027
0.00139180150017582
0.131091920391512
-0.00568429394768108
-0.146103694809387
0.0469298718505535
-0.136461728868338
-0.168779764266564
0.046403592745564
0.0184849113016722
0.0231795325441255
-0.0353763898161037
-0.0323982960916816
0.0201653119065546
-0.0208346542276798
-0.0584395004729242
0.247936796340556
-0.151520632059069
-0.0432394457020216
-0.0423094676324047
0.0451803214383865
0.0747794475453156
-0.0581119858420998
0.0224340754943606
-0.127023329128454
-0.0284324821430775
-0.0209485202114146
0.0531792715886816
-0.0318519564275129
-0.00285487909704369
0.191953895532838
-0.0739832232335053
-0.0198075161073309
0.018089592136385
-0.0925184342534804
-0.00194846403565847
-0.0502012783727438
0.195652173600857
0.0884640330652613
0.0682455403403606
0.210273948253734
0.0469959385385258
0.0156666257267852
0.156136487747711
0.165212374526611
0.097829425228583
0.188494972551122
0.119345964538537
0.0606054114893846
0.176398861282432
0.132582145021864
-0.0541427967036273
0.116381183345166
0.0930086849099309
0.0534227085604832
-0.00118105092732402
0.104742618563099
0.0838299923433213
0.154490054853085
-0.0125494943362772
0.100597153133842
-0.0116258272725609
0.195627292509551
0.110752612359431
0.12193112894251
0.180383268254674
0.0514534862790625
0.138721314107755
0.151786692608346
0.122669554562812
0.222399250618111
-0.0109567626436827
0.0147775971581884
0.0763651669003742
0.0490367112817765
0.377361081673168
0.252125044158932
0.229594598241458
0.0265743508398919
0.183873596780393
0.0191319466528088
0.130522771063125
0.27271893154248
-0.0131148498471196
-0.00913759463808324
0.111538773998542
0.200954237997801
0.153218041092015
0.140739450508942
0.195610483279496
0.243146272787913
0.175203394639636
0.22717547392639
0.0557430097410535
0.171537002582443
0.096394660258187
-0.00987553152151003
0.136284094284842
0.103251993724117
0.178886000818412
0.258398318884302
0.186493039596915
0.185107319013936
0.278023717410225
0.201851407950452
0.180663292517301
0.191022582589225
0.216501921705316
0.19669861168933
0.137970841828897
0.114328442183896
0.20778449355219
0.233364684600378
0.201989594576842
0.387162292523113
0.238809853842722
0.0271293461511595
0.222739738289236
0.19796700298106
0.378374803856935
0.146199465291256
0.225973836311909
0.272435806799278
0.155737110319198
0.389368880906262
0.308577414242585
0.23922790666025
0.253710513886815
0.145981211405496
0.28277680053721
0.454314198041551
0.355489104976094
0.156268847496233
0.277682869728297
0.236114109967477
0.307311597161509
0.29526237784752
0.380786294667297
0.185098372199908
0.31585486931899
0.326728827702795
0.19955026813048
0.184008733409523
0.2721746621752
0.328167280049083
0.237866709948518
0.408349300381368
0.301772650095969
0.474957412247606
0.253324459242962
0.27332368453165
0.279219774140507
0.288658744356933
0.208423077203564
0.242658031578949
0.223485181129732
0.356039528223761
0.412558247115297
0.351216310723803
0.235689783369413
0.452857597181997
0.515464328067867
0.418972535379321
0.368779744792047
0.347733999641035
0.0671269034191569
0.336690640672959
0.387069170488807
0.20066694438281
0.446294314736416
0.335227958990511
0.364028126947497
0.379612496003014
0.305053884075862
0.419370443544933
0.26968804512934
0.356725226264329
0.306785100666112
0.29193496749618
0.375491164838154
0.31065838397038
0.382603663264644
0.361884749305847
0.288850881985118
0.438508428588744
0.326170710160245
0.280767860691397
0.325007875970338
0.367379245726684
0.387880383805379
0.466791114293253
0.328991165130929
0.370509761426115
0.398755035942609
0.50183713781236
0.431081296275002
0.405100545277538
0.35688231269495
0.429497982516249
0.349827492781294
0.392247729205624
0.484805345851264
0.290638937635242
0.474825112077553
0.405171734159235
0.374006134263822
0.370584817950728
0.381004648288572
0.465030394026176
0.448826436950927
0.506363528008402
0.339087597152846
0.279925809534471
0.392210315070667
0.613250802367144
0.358162259972013
0.562426614520463
0.353957529981764
0.280096142657843
0.340886987691347
0.446807931266264
0.395596810781058
0.399197795545286
0.365965026026392
0.455841401568833
0.4487353307749
0.654550687526567
0.457775318491175
0.492630975609229
0.47240623279594
0.388726718853544
0.505458677482325
0.434962067128167
0.374625748576138
0.529431434032075
0.617278431701486
0.28265991316112
0.518050273429355
0.448202190548783
0.593836070320666
0.332349257274167
0.420591099120181
0.529829536326792
0.443569740022042
0.523831591652741
0.518429863391041
0.376764067105635
0.563838240449294
0.525938940091135
0.524924714985357
0.27284333939961
0.427802480128964
0.442058906622195
0.343028611146591
0.576959610180287
0.41581969343773
0.469620249756726
0.543769742408818
0.422660986105107
0.363027723340407
0.578257163855894
0.45165033403528
0.404769394554887
0.549242432949181
0.501603423544445
0.517360183666867
0.342672689531899
0.490492220504225
0.554938519597318
0.489858765156365
0.525354224858189
0.527756134621051
0.446880489279353
0.4586030961189
0.571027771269741
0.452595092342458
0.545014831101325
0.554000188452278
0.567766172525337
0.489948763325798
0.492480879595871
0.491687784967264
0.39645776397417
0.54271716205338
0.564609633912868
0.651611068825238
0.644422198286907
0.568506418619595
0.379236869498094
0.56342624555525
0.494712088624037
0.599152227617677
0.503456453667804
0.481600529486232
0.605446418929401
0.576646658612699
0.450171713153875
0.578876221309205
0.517486442942619
0.621733137350613
0.54997198708703
0.466663124741151
0.716561687028191
0.62249704024543
0.603202668471407
0.571723715246896
0.640281187515447
0.513758246040101
0.597871785421885
0.452173597409212
0.653879540523248
0.538813256116893
0.559158955968433
0.661676614907045
0.794837004387364
0.611747360257664
0.722452035816257
0.551325237258475
0.556449814306797
0.675985817732067
0.652287941104421
0.750783037254757
0.720965317647241
0.582770737637234
0.641560566253524
0.690301342522076
0.498565771005863
0.644835275143745
0.559682215969601
0.594875793680267
0.545020239320609
0.54246193992476
0.630181866666611
0.530356595530972
0.651007319222494
0.777871751006132
0.555954811910163
0.728275897584005
0.765615056896619
0.677312333093761
0.658506664273518
0.612885357107796
0.606963810236596
0.675916172446951
0.795748894424544
0.652578338371813
0.56147717362158
0.705228091887759
0.585214078197948
0.51230800229493
0.632443364633344
0.604230828735504
0.772994056954484
0.692521663165359
0.629697107542404
0.554130937953703
0.606948892188119
0.697171791166353
0.66861918831434
0.754877274936722
0.677270261558696
0.729799318479522
0.859543880922862
0.832191053865373
0.566092840449417
0.801003227716199
0.735948346179413
0.795808045527205
0.649747822514214
0.721455537752069
0.77656359782165
0.755438793552975
0.744349662037903
0.730604997016182
0.686030905441347
0.715196457226144
0.786192789590893
0.706931410039893
0.69512035797138
0.710515580073685
0.657746627620451
0.729329736306302
0.759708859032769
0.682130096485027
0.676068200800359
0.652295808740836
0.833908812469016
0.684529631148512
0.663935031389465
0.735297142240065
0.605068836063639
0.660947855017475
0.755044383104645
0.725633247029417
0.775732926204257
0.630716068641357
0.634182714142518
0.644012612840052
0.773091026548422
0.751981246533523
0.859216951771639
0.785128546408777
0.73551868110237
0.884786225929397
0.699156165682728
0.7380835171348
0.782122635581095
0.780486999874055
0.778372378179487
0.883375923135778
0.782166726474548
0.813795996810086
0.752791981690244
0.828093850350386
1.01736122558402
0.91574883386841
0.85646317409057
0.81561175438569
0.9190773654009
0.788197362789759
0.800567983614851
0.820353683194845
0.828337914622232
0.933133340988942
0.797927278461161
0.804176290738827
0.832444462689169
1.0320010541218
0.624366502331662
0.845579173826697
0.774989097064708
0.866800438708779
0.821444582833423
0.835772058919912
0.781411791193395
0.929042340396719
0.638880405498887
0.942167661963157
0.866688450996336
0.661954320771705
0.90645100606607
0.929620830760123
0.944374638138923
0.848330438582375
0.953869306292469
0.782563293093854
0.783323662756972
0.885940914941075
0.99774963005685
0.897139951400839
0.848066777985621
1.00798872555064
0.829894264355784
0.769905849191466
0.97855622058535
0.933296509115931
0.817477231356151
0.833848107913626
0.893380924692818
0.953494053112314
0.947158507284865
0.999195897624315
1.02020133315536
1.02750154053075
0.923562647015668
0.817095805433542
0.913763937131779
0.964688393113667
1.05725993503126
0.940326360209978
0.930523184853099
0.985288711096979
0.926520407627612
1.01515250680585
1.06920812350048
0.934984366300614
0.903780907032417
0.835030746726644
1.0057400424294
0.964200133287991
0.924042716461756
0.900224161810084
1.06569906729638
0.968184696461696
0.959652974303115
0.906016349282036
0.942718354560458
0.87523179430694
0.931888097503954
1.02440193389849
1.03756740947853
0.831062026920044
1.06737286595156
0.996577597886738
0.818830189179398
0.946936922445309
0.930171983315999
1.12103859289307
0.957882285765516
1.08975927785239
1.04198803569196
0.912864391956908
0.78123640872888
0.997568777897405
1.08697636269111
1.10397407347022
1.06681295917889
0.940407804342472
1.10234126851554
1.02952132011289
0.999936630709402
