"x"
-1.1131617092432
-1.01815229433688
-1.03963664549405
-1.01511308419788
-0.925968577752237
-1.02896170829719
-0.901789826919389
-0.977404703262367
-1.08701819714901
-1.0869556449969
-1.01370066202531
-0.963489578426584
-0.919738271171746
-1.05526312065635
-0.874828405471955
-0.980630817334022
-0.901991167423889
-1.00850509651227
-1.00374589057344
-0.915913631144731
-1.09318328012088
-0.98464089262645
-0.867431709902713
-0.856222870370774
-1.02599649771516
-0.903515945985148
-0.910011682354808
-1.02955722673676
-0.968097318135234
-0.927832400577095
-1.07003978283244
-0.870792116785448
-0.899900492361431
-0.815480026292111
-0.845482625423789
-0.879319801949224
-0.771626512669505
-0.922364367523749
-0.878384567305086
-0.968935658036462
-0.886125180074611
-1.075357661041
-1.07862370209399
-0.986484826919883
-0.833782837920849
-0.935441960738214
-0.992334591871899
-0.847143488828611
-0.786209904037418
-0.912242788045705
-0.870599975045766
-0.883402422440498
-0.846205499526295
-0.844062268521885
-0.851733359252893
-0.831029432111892
-0.915089238364585
-0.841130447651776
-0.982323360762103
-0.964254326734089
-0.838187911774318
-0.90003456980281
-0.895581957488336
-0.835686866944475
-0.884666204878899
-0.938831013909617
-0.909045784730319
-0.821297515699598
-0.905488099854419
-1.04226291984897
-0.952253830635467
-0.898503632241913
-0.97338103267476
-0.80307389796143
-0.84801230294806
-0.873029417095543
-0.889264599419255
-0.903773068151682
-0.869348640575702
-0.669740306097814
-0.897585901528047
-0.828844950901598
-0.83561595493855
-0.8810000526971
-0.909688975427316
-0.849554919043829
-0.787046335216779
-0.873813927400278
-0.789104533174527
-0.926521818115758
-0.805223916739184
-0.710531822130028
-0.838622504317057
-0.841111742891654
-0.753528821320381
-0.847204581142743
-0.847106145811816
-0.728376863839685
-0.772061431185534
-0.677882189275014
-0.839010898026354
-0.744155234727653
-0.730319826185865
-0.691050905093523
-0.710880154821374
-0.910185517582681
-0.631757391139089
-0.694635491080418
-0.754434670655644
-0.797395547641106
-0.842902163088683
-0.866617219700222
-0.792817712638165
-0.810420901002581
-0.873302550413449
-0.829736533504213
-0.888614348228784
-0.605578086099091
-0.784081719094381
-0.742979713001568
-0.760483459077975
-0.862123247292433
-0.806577133126885
-0.610665780425592
-0.487374991069394
-0.65813971571394
-0.723268475570881
-0.756822578612633
-0.768467064298191
-0.813981861155127
-0.744956988365458
-0.714321519907867
-0.741089379726065
-0.735576300917138
-0.640640266906903
-0.786938770327953
-0.790069431051059
-0.829297211046553
-0.567624590356207
-0.686141954447521
-0.678708924370938
-0.732076893057437
-0.691483158198809
-0.693573756495705
-0.622673504753441
-0.746851088812148
-0.79662369986667
-0.764743379619113
-0.653351083928532
-0.593309102706148
-0.544901371346199
-0.649764185909996
-0.676611235455917
-0.600505251261359
-0.732201115796187
-0.669981806875198
-0.835412382594476
-0.755988529351738
-0.573890875681707
-0.657514309662799
-0.686077687551559
-0.684600938253322
-0.798009639121323
-0.803155217188704
-0.684036375089293
-0.820478833206972
-0.605969067143099
-0.544514766610533
-0.687937363719007
-0.559677133992913
-0.640096916572273
-0.623152408255311
-0.64102562174593
-0.599236149375466
-0.628249173232906
-0.663986647021647
-0.519377177472718
-0.589940159079195
-0.544828737339514
-0.750788600287536
-0.683418698159385
-0.695193079528897
-0.661148692007666
-0.58874182360561
-0.60181367340577
-0.604572835034726
-0.641645503848312
-0.687709121550782
-0.552132392453264
-0.701987487013469
-0.604564122140337
-0.596417811519977
-0.612832317601607
-0.489040402355446
-0.597118645445078
-0.661995520531472
-0.609926500576737
-0.639419129448333
-0.68395719155948
-0.54027684206624
-0.553808197036558
-0.583555116831395
-0.652463143131738
-0.594562220891663
-0.483079263900317
-0.651456952643025
-0.564906585904398
-0.572935712595676
-0.432600985300666
-0.542559621176671
-0.590500513323146
-0.532594881301784
-0.434550125993819
-0.496878978737496
-0.558124076002882
-0.495714638926389
-0.358144041109883
-0.544217963604309
-0.560618475704347
-0.491646116081077
-0.588489309449047
-0.549788538140815
-0.713902211527559
-0.57022364945743
-0.597555067155114
-0.432811783069681
-0.474007861887094
-0.685822762482596
-0.432016921387446
-0.541337430615689
-0.54694465498715
-0.601502985051016
-0.42698195625821
-0.585985201119839
-0.541699593026785
-0.533986801553179
-0.351297397518069
-0.434236847207205
-0.513671931244407
-0.522357250906478
-0.499199365911133
-0.536912011461271
-0.690538790408617
-0.572849950767175
-0.441117572611056
-0.684859340882204
-0.310124237590934
-0.60018666029674
-0.496055042952941
-0.522696656366986
-0.397776784859883
-0.633295839538317
-0.322462098460024
-0.709535583101162
-0.584455039616886
-0.446080715781502
-0.463728814024215
-0.520495468726638
-0.484599048318406
-0.521477103291647
-0.419663984708887
-0.514357083944771
-0.477163523249598
-0.284514972245641
-0.522001588358772
-0.627344871737196
-0.450914961806333
-0.411082846537932
-0.498137906157744
-0.469500480994401
-0.319530449947438
-0.382461486579229
-0.551587345484607
-0.574947873431201
-0.35841805522471
-0.366614948438556
-0.370121416034505
-0.428411821317844
-0.587066718872265
-0.509650137810648
-0.558881327185207
-0.299298628951744
-0.552733338018426
-0.384705123011071
-0.362982374523116
-0.327609728155253
-0.315840223295641
-0.605740914150057
-0.374352611443592
-0.498790829383751
-0.669071961225655
-0.334184151918531
-0.577125479738932
-0.452556913237187
-0.440756620412469
-0.419057142882045
-0.406574974316445
-0.446546987936532
-0.423489535148466
-0.311688359012056
-0.33198803496079
-0.540640373490454
-0.420269626151965
-0.494741673164816
-0.497794185823979
-0.393497405750832
-0.373082381783794
-0.313752253418535
-0.438987489831283
-0.304220270823617
-0.463427799494206
-0.402869512609627
-0.358721122551779
-0.412667011647948
-0.306057393818313
-0.458538106631132
-0.24332258925661
-0.227574535798772
-0.324727879145486
-0.465673353465427
-0.330174072524833
-0.438137867463651
-0.421895910695953
-0.348814070053675
-0.484797571103557
-0.311882634439646
-0.225979887244154
-0.311661514222138
-0.406312087613152
-0.313442070628106
-0.351689482083343
-0.341660606671394
-0.321714888128456
-0.127142976037469
-0.413686093740161
-0.27957987602121
-0.318112833658748
-0.410570655299666
-0.540318316285422
-0.327152916406308
-0.447602923920646
-0.17865248591908
-0.304019021370781
-0.345894535121042
-0.188345269567337
-0.160891146321713
-0.340895000737426
-0.15602107711277
-0.397659348234131
-0.289069024029383
-0.285034382281893
-0.400597468427356
-0.0970163872080351
-0.210438104283492
-0.339124931036163
-0.325008968495897
-0.30440621066867
-0.331809140096509
-0.309614739983921
-0.329601814157079
-0.280614305000575
-0.42048796806957
0.0353464644017467
-0.428558649757213
-0.203832267484462
-0.332134758675326
-0.311834897364201
-0.109963226440644
-0.356942114752431
-0.310963339963763
-0.291648073645185
-0.124173080484552
-0.217366380537213
-0.151124203007853
-0.220842411878367
-0.185591537040327
-0.210894404871137
-0.260536085163141
-0.254161123916728
-0.453715517873944
-0.238152452328643
-0.2937207407701
-0.224999321412122
-0.0567997831376251
-0.318716300855933
-0.207325475677871
-0.332088904300721
-0.243163875258112
-0.299578353456321
-0.303651377210139
-0.243736417022759
-0.0869239797664151
-0.0983371172131392
-0.180147483902973
-0.245300647783315
-0.188716828530287
-0.277109183582188
-0.329609013981063
-0.202861736686501
-0.260769276011855
-0.183824246273175
-0.303109583411727
-0.122891563119278
-0.343652655281662
-0.197633988879321
-0.197148117587266
-0.262242133075833
-0.178042232105011
-0.217949669782946
-0.153546973091321
-0.164703317555766
-0.0857655434096914
-0.0347788348044752
-0.178096939352568
-0.130151286110612
-0.0348140009050243
-0.214168812930602
-0.213926101130573
-0.181715990225939
-0.195158186798319
-0.0828950178855841
-0.251322535357592
-0.136800338846055
-0.0511306216161762
-0.238700296998652
-0.219097327635727
-0.0734913512305091
-0.0626570651042854
-0.139343282549506
-0.157006324440675
-0.159614639657914
-0.17665532338965
-0.270616901607124
-0.092130841524059
-0.0874041068336487
-0.169387129825393
-0.199389811023609
0.0218927402414429
-0.191240195027585
-0.180278665498776
-0.102632868511594
-0.0859285814840377
-0.0451400152660755
-0.0117291532941265
-0.157976027043785
-0.183844898715322
0.162242630463979
0.00482848378223745
-0.0532975149156658
-0.288266348368641
-0.212034087317488
-0.231546524059778
-0.141169777716506
-0.173892902395445
-0.0913071233835358
-0.14831891632212
-0.0450683308783076
-0.106657860073706
-0.127923843354697
-0.122661443056866
-0.0667843159720746
-0.00569190201409979
-0.13904779970763
-0.164677399809269
-0.115088172646624
-0.0334420298553499
-0.0165604377854907
-0.0884552199700536
0.00577138341424682
-0.0974307599929035
-0.0102273017889053
-0.0581162455249978
-0.14631795919074
0.0433407421644876
-0.0722778944425104
-0.105516175228308
-0.0412865102579796
-0.0412476564186904
0.0416598746338136
-0.138846374304526
0.0847473336313486
0.137789927690347
-0.103190416695125
0.102557200558103
-0.0542727048067511
-0.0183373028183043
-0.0754515609893166
-0.0116092250496773
-0.0467420535534178
-0.140714521065659
-0.011976134842252
-0.051312430200478
-0.0463147175444607
-0.0163105338243574
0.107036754632725
0.0733843504630208
0.011730081988168
-0.0659349235764248
-0.0412198523887278
-0.0875947508842342
0.00178141015314056
0.107627938236202
0.00849536577811879
-0.00161284057025009
-0.121532489327313
0.199062542835077
-0.104750762142863
-0.167861949089835
0.0816919064754234
-0.0212642243549078
0.0525566779732574
0.104830576459864
0.0370696950352708
-0.0181286651783252
0.0467593223869996
0.0472329055892201
0.0994009934557006
0.120230880854763
0.0811679901894411
0.0274620742884054
0.0773751950267859
0.0687694605930798
-0.12310316457952
0.191893238504845
0.0730271867455714
0.0269106904536722
0.156662129795494
0.0963342218411306
0.0286325187333709
0.00500196267040083
0.106827430075609
0.106584956917585
0.0974757656011327
0.108084798815247
0.186582389978991
0.028711255850381
0.043807345408203
0.0325516747055098
0.126646565549419
0.154692753927496
0.103727204680017
0.231381512047031
0.124193560368186
0.0191853667686796
0.0715474426565482
0.144534236551787
0.0910672057731067
0.0473204637254498
0.0233809158018831
0.0363021288750726
0.122001425840144
-0.0317994242681422
0.108831434002981
0.0068051183140565
0.196943790177922
-0.0409283257486474
0.144883611690509
0.15780784142205
0.118767747587644
0.26869196237886
0.312367696493579
0.224346702209867
0.151038440975014
0.138179152620666
0.0420344787220034
0.207900725182865
0.0648309946889346
0.0541994698732255
0.167987002140723
0.0147325856324319
0.183942719068914
0.162535254014402
0.0595145032310272
0.11423161462709
0.178673355088882
0.0699670877984701
0.273774059759435
0.2673255818087
0.115756276841302
0.113722425853186
0.111573024544266
0.100209602040063
0.224169159949782
0.168775825521929
0.168042053136195
0.248342016025367
0.0647642243579877
0.33431865260566
0.233489369865532
0.161855538028673
0.19964474740971
0.109533762470664
0.183338816477087
0.294608448611037
0.0577054026860252
0.258852041185596
0.181605742069835
0.0410453218497987
0.163351962203588
0.117097413708597
0.227703393054408
0.156300745972875
0.283431354193743
0.272859530373485
0.123445613701385
0.402956116502599
0.293003039020613
0.101110112391805
0.176001847433925
0.114689864566416
0.243201494385079
0.275698282458899
0.239773005275057
0.317002401556219
0.317683068192745
0.258177354371322
0.262374174725836
0.320851679008061
0.265349102226873
0.137395772190218
0.173578005806892
0.260294564328094
0.201473916445159
0.31901013121981
0.271382856161342
0.353323205653308
0.277104498235308
0.273940943429247
0.258150340381278
0.334663350712233
0.300937702561316
0.33126581139204
0.283195401449469
0.327627046356121
0.297825530767322
0.227610142973628
0.325867145934688
0.348407791636959
0.256483161036153
0.201458451203206
0.278962822249199
0.326592829635754
0.3803284871468
0.479462441032273
0.261951985496075
0.278200268024907
0.284544348221903
0.379325087804807
0.307840774039507
0.172249656510572
0.352528070020926
0.173164797228556
0.26773389239872
0.280609209545047
0.257271804201528
0.374688576311814
0.363914866600083
0.455498888351906
0.217277740427205
0.336238428628323
0.28838839663127
0.281996806520716
0.261819099107312
0.255257228116716
0.211605132597365
0.427120386446958
0.412976602431937
0.216696276155238
0.337944262708656
0.228769726185341
0.242655188358889
0.197815863096044
0.256647326988455
0.412829984554844
0.359348717637389
0.363763707415398
0.319826254843258
0.252705622582597
0.476802676608412
0.448100183575903
0.577915589158045
0.526026029824356
0.308043061701721
0.411831050334029
0.465904582154259
0.361539706528319
0.436208410395787
0.511292144931157
0.289972240232111
0.359583592425724
0.461811057785596
0.379955806971935
0.339471370200496
0.526536847380804
0.390609962272538
0.284029315264424
0.239839252536763
0.437321248908767
0.290536757399138
0.28899497732817
0.371398290261388
0.321933377590816
0.43460619726803
0.45054983375413
0.324261858240072
0.415924162087652
0.256290562494538
0.386340963783786
0.324227816394035
0.543040213585549
0.444913756584805
0.501408909495606
0.417946997682645
0.371948631492386
0.26205541340329
0.424424783323495
0.527617606759475
0.401126203506767
0.375576192614029
0.456367367679148
0.464804247077951
0.476003205434374
0.384280149756721
0.463550577180957
0.514925067527012
0.480799047009547
0.283521451304324
0.431604233735046
0.422247103598803
0.595194723975185
0.524843648599056
0.401585861718129
0.417223816466896
0.476912764818388
0.4348587076991
0.494828729225282
0.371477291218511
0.454941745557733
0.481343251277773
0.581113503297118
0.545173526311355
0.589070998407247
0.419075446177207
0.557651105938965
0.521831132767415
0.522999029698976
0.49531790115797
0.625362078426367
0.55029402136749
0.503999305753224
0.362712588961558
0.351996230601954
0.461042047074179
0.396628278695793
0.569784283736284
0.439807432727448
0.58595899907466
0.538991209332589
0.488861916746188
0.719351795521433
0.638009016884172
0.65588218631167
0.465445503074066
0.539446450989584
0.432026621096571
0.580314998591109
0.517151552792759
0.510509335555299
0.623208229139899
0.575889819005737
0.549482685938698
0.50013761214944
0.657318154016366
0.59669204458355
0.525364637031223
0.495404725226899
0.63431012519644
0.591306669581941
0.638497624245881
0.375396909087081
0.521763696448497
0.68754132960308
0.53775955547362
0.655574525358455
0.578285220843439
0.635205447578773
0.606651641753721
0.719784183724483
0.619295920282687
0.63913179465817
0.696176639009554
0.546541027341281
0.546248672380396
0.579657857860875
0.491392865302683
0.520550990972456
0.539865281797535
0.632489856527431
0.643852332926811
0.494155183403869
0.614687274541089
0.505307398110454
0.680609297873756
0.649735517467851
0.54651067274111
0.579511898000829
0.482779125203896
0.53420587299059
0.643283630535476
0.646182548862134
0.595351645095502
0.636122505312554
0.549306084560777
0.673751815503727
0.757654994752544
0.441788791079962
0.492601265884076
0.54107922078703
0.654245844889136
0.641251064083007
0.563565871775429
0.584715759661043
0.628931142615182
0.657675236954366
0.678839075139567
0.766160894558305
0.604409792733661
0.736600841812785
0.495750937710482
0.609162127222526
0.715666819879272
0.725090178171496
0.625606143874864
0.550014195629868
0.765603643794189
0.812912887630847
0.590499229086547
0.826006992240032
0.771121402699429
0.616261692691433
0.68679091960526
0.869296289888219
0.775292856300132
0.633406339919875
0.654845131061236
0.671829706875213
0.653476006631087
0.641116526735368
0.600401422812851
0.713125488579483
0.517696644778156
0.779203223207991
0.849918948318012
0.683276008321566
0.599169978376869
0.660707202707537
0.710086112402238
0.660661183937604
0.662462063382214
0.623672518629868
0.678252821825804
0.59768076770778
0.786955658921056
0.708034014768989
0.659955510119489
0.700899547853896
0.594482054913237
0.562072882810099
0.7277520900358
0.847191719417055
0.806491475864438
0.764084257769592
0.630121686109745
0.788342723565817
0.528995842278619
0.8647052649511
0.743094671341031
0.766473873799665
0.641844668089612
0.634374372426382
0.629498636531912
0.846668507816774
0.653103550450696
0.85172921426176
0.789580221972641
0.705371599794783
0.778964586194959
0.669272319436742
0.759229167619295
0.79497394001977
0.71510542524954
0.682753512093698
0.771760073144558
0.737081024652623
0.737965759263834
0.797719546862696
0.83077853055672
0.809285810435161
0.908136941927836
0.800451040426541
0.864453087050086
0.869498933420507
0.832552405480747
0.792150976555423
0.755986822801065
0.616713168452462
0.900970449329598
0.846508839866747
0.886937069398454
1.06723405110074
0.893992975859076
0.846068905465052
0.765432838311861
0.821451354704929
0.928380540088107
0.759929215429717
0.806648267523081
0.860225963204689
0.988289171491311
0.855246126733427
0.855830428202552
0.745343638095378
0.845532158985176
0.876847198091968
0.859463635235499
0.895564412261434
0.733464879492525
0.731856146174067
0.901672471154586
0.877794827358746
0.950219053181645
0.83881751523512
0.929832060877738
0.870886458896653
0.909757871073823
0.800524548152005
1.00043107986591
0.824358193338186
1.05353267123789
0.769111475672151
0.814583550969247
1.03705605398664
0.819215673417883
0.998118920991819
0.91135105693549
0.840417083126913
0.770726147657661
0.947052165116192
1.05600595435558
0.791072921177663
0.953107898844658
0.875836376187367
0.835532676481779
0.970640459042354
0.991166638513798
0.936179721946854
0.877464364264156
0.901837516857221
0.986767897369496
0.859994762029354
0.835813048619967
0.916348545264073
0.930915863500739
0.830071519363243
0.938479784832616
1.03715396414234
0.933533750772693
1.02147958148926
0.899389512867366
0.830939916406733
0.834300226860529
1.02375755522582
0.988362659450996
0.834264185378099
0.947014189858353
0.939416791719921
0.916430454480015
0.911744943630651
0.91901148540806
0.921149962090314
1.07893830003667
1.06321603806909
0.900614720663769
0.980385316937318
1.02672905334453
0.920348929334501
1.08753142186869
1.0089382172836
1.07730507511712
0.969206175636318
1.06268825420452
1.05933146615118
0.893505450146501
0.941812970546114
1.02757372078623
1.03286617934234
0.925862586101847
1.05507116119359
0.958860976965197
0.916203220214888
