"x"
-1.04299993613083
-1.12248685753075
-1.03263870847273
-0.939408337922211
-1.04222785979242
-0.997839567428343
-1.07498581480298
-0.96679407349528
-1.15608581727999
-1.03699743241013
-0.970417634698763
-1.02751102355346
-1.01570588347641
-1.13184424619066
-1.12549465093775
-0.989289953839041
-1.0542074973339
-1.10802090087448
-0.86173867289621
-1.03801530707921
-0.985247244310784
-0.903815808137778
-0.935313964949476
-0.976304305251268
-0.91367739958453
-0.864637491300697
-1.00337024802386
-0.881082369107879
-0.928237123071762
-0.862797016039096
-0.925420023743213
-0.913415585919464
-1.00170512668627
-0.82808370746938
-0.866598819773976
-1.0536615227732
-1.02606927756516
-0.93969317008687
-0.895630071850862
-0.976659791375814
-1.0478237031348
-0.794919051278881
-0.978566000202852
-0.97488655253371
-0.956620778150379
-0.934572362441579
-0.974196020496127
-0.943646213344963
-0.873484059122321
-0.973093368939467
-0.885577875148656
-0.9547494351045
-0.887854426994953
-1.07889446052737
-0.8808856061181
-1.01099397553097
-0.938185336532567
-0.732783141892236
-0.789928795338209
-0.881789100315085
-0.875372386823699
-0.877883452491698
-0.724323180599276
-0.864266973498979
-0.92248075510274
-0.856898286297513
-0.912249055268965
-0.979048701946824
-1.00630433651441
-0.833685294760218
-0.776006637080539
-0.883896456255965
-0.820639858293204
-0.815319012491376
-0.964553065198566
-0.840130713969391
-0.8912060108817
-0.647921965212171
-0.852479062630674
-0.756952903087497
-0.714017327315456
-0.739603133525221
-0.868852267413735
-0.888846159461628
-0.992873305440004
-0.800000184408857
-0.812601231088791
-0.889865392399044
-0.793866708638627
-0.87170227177194
-0.756806178869767
-0.851403148500843
-0.937619440835163
-0.780493735203695
-0.794441309547462
-0.723694670990922
-0.735153237722739
-0.737212866017463
-0.729520336620226
-0.713809219156242
-0.865236719231993
-0.737841502547892
-0.621492494185936
-0.889569691191035
-0.842062673227399
-0.786382675692815
-0.864621440126846
-0.794495901547773
-0.756507991299992
-0.715451547218351
-0.701610544879912
-0.793978011845857
-0.703807033871038
-0.86362672999037
-0.692907022594762
-0.909888114808149
-0.739055086916605
-0.899840404606829
-0.676776864257678
-0.899062383512742
-0.722664171235136
-0.79387790230054
-0.829676912439828
-0.980062463540654
-0.756267972338773
-0.824201262510168
-0.739899232829679
-0.633641040731663
-0.711253176505988
-0.682007659174408
-0.675331281937195
-0.778788681129875
-0.802827367526809
-0.886174754963825
-0.897814434841337
-0.806949734319695
-0.648403482591891
-0.6049281621977
-0.73953706445119
-0.672240061915418
-0.795659314775122
-0.476472483094201
-0.683153553751046
-0.744443101754602
-0.633837399704771
-0.520769817361608
-0.865985521936129
-0.553462206326521
-0.69996663666837
-0.631259599989396
-0.804271406020181
-0.686099502676605
-0.790455949227141
-0.712160924843519
-0.593229612050475
-0.653674958058765
-0.587989486672529
-0.648174692675248
-0.612893260037362
-0.690512053158379
-0.625511889590314
-0.714273325570764
-0.614473909126945
-0.547193054804276
-0.643498704538879
-0.616877136936709
-0.704182427832865
-0.600639157251645
-0.581507696604006
-0.687273996608692
-0.744632170154792
-0.613006941589322
-0.666024168132957
-0.648296674974581
-0.59465764229909
-0.51439088683742
-0.560383200577215
-0.573963670692302
-0.668241773185678
-0.677404331073639
-0.733291538137881
-0.679173456193226
-0.448440087212518
-0.592296215341809
-0.634197137066563
-0.705396120851508
-0.583736476436443
-0.576563480225644
-0.73129223238762
-0.603509625847079
-0.716603015609289
-0.605263146795754
-0.742343978225208
-0.690025806212394
-0.50903875063119
-0.649147537154344
-0.626013799326064
-0.647706772471616
-0.725353370641037
-0.527343324985454
-0.667640201723131
-0.607160251689569
-0.645111494148535
-0.611710036865522
-0.580340850150585
-0.515069689374008
-0.618229908932601
-0.584329674049522
-0.62928734599477
-0.515241764225418
-0.496515965866664
-0.506694801481938
-0.592259496649702
-0.49689410315343
-0.505766967805445
-0.546174093981535
-0.460818166761331
-0.498015197072237
-0.604454917330977
-0.584544295779102
-0.562851005722597
-0.582486465631824
-0.60648104825175
-0.516512489487816
-0.419507051833608
-0.585025191974885
-0.506938467165887
-0.598227237243876
-0.534140595041206
-0.468850129161047
-0.424538373061313
-0.605621347894549
-0.492842132572109
-0.520138295212444
-0.523583946160685
-0.48869337471261
-0.543413185915982
-0.51975242137535
-0.578015598015695
-0.512431163297186
-0.574367720217127
-0.562570922191257
-0.469988097057792
-0.620193849513802
-0.516299627069757
-0.536912493362347
-0.524909767621537
-0.570235498652889
-0.482025088726217
-0.542302929954978
-0.527558941407152
-0.59286240175001
-0.387961846440522
-0.624658935268171
-0.487003667195962
-0.577909223753843
-0.508226271164054
-0.529396669492956
-0.442269399179229
-0.49395184189455
-0.62046647853928
-0.620120209396845
-0.363690884516282
-0.559768752105874
-0.422436623124542
-0.481048022431036
-0.440715892755638
-0.527426491909101
-0.419100418023057
-0.395872501641975
-0.299443238265973
-0.435659439399734
-0.551677831292868
-0.44501981875522
-0.414818120793295
-0.31278493557894
-0.462470986485226
-0.487532770901753
-0.530138378723234
-0.428282930880078
-0.476385690365571
-0.537340795586296
-0.309874422957452
-0.412762837875303
-0.429225566932955
-0.37116203937226
-0.379617741321621
-0.309533679246386
-0.32139547792266
-0.355350764441363
-0.440645606870398
-0.267192607959812
-0.303289770613658
-0.527410346197183
-0.376896199497611
-0.398964247224399
-0.456590500949566
-0.239273215545541
-0.429692881326404
-0.427211553737466
-0.413056722854672
-0.384317512149984
-0.369803495961777
-0.487913793305182
-0.327501530308093
-0.376110488732112
-0.387820148598705
-0.46797224161049
-0.454970128524435
-0.347350060859635
-0.431991479554978
-0.313558131070818
-0.296026166411385
-0.414171186993394
-0.331795794668975
-0.3230476998328
-0.437259163503761
-0.18013917482863
-0.444222732973089
-0.249481701763575
-0.359896050308429
-0.411106398630068
-0.401001376620947
-0.405724968007262
-0.357515973830485
-0.460745786057543
-0.147455475232621
-0.334096675765429
-0.352251403692786
-0.164183151601347
-0.341305326612854
-0.255415663779277
-0.374111394467728
-0.326673111151752
-0.345441084333244
-0.431563117373108
-0.346379605254399
-0.40454189625563
-0.389725144780168
-0.206128247225393
-0.341356036065502
-0.355460189277322
-0.238612064884715
-0.41708596816177
-0.384256198402443
-0.21635816528845
-0.362660695883368
-0.481306885616395
-0.420326394577168
-0.202527506119392
-0.303323814208563
-0.292066635026686
-0.212257018991691
-0.27747121579232
-0.198487652709515
-0.262849386395206
-0.326269005940169
-0.285294464685913
-0.408237393142027
-0.200370519759729
-0.375754295302279
-0.377009456902267
-0.28440113056485
-0.280938374023209
-0.178596980022104
-0.408751365935323
-0.300186927539914
-0.30756223992159
-0.175453189621743
-0.213405954907784
-0.235202130176924
-0.323371597026413
-0.267541950692629
-0.407337794498361
-0.253599229350604
-0.216314010903525
-0.291897803767304
-0.284939389818006
-0.324175277826626
-0.36601161333932
-0.278424667705943
-0.243142260542761
-0.38687739196419
-0.218993640315409
-0.355882282985669
-0.316797218237738
-0.372708857872066
-0.172058639961661
-0.216459405601286
-0.218986914443213
-0.200860004511325
-0.158334396577871
-0.272852974894357
-0.0674601095693598
-0.355272458082535
-0.222475131843871
-0.197190022842998
-0.149004212751287
-0.278078484874221
-0.322299723053494
-0.239354946600158
-0.118972558463843
-0.183648859770903
-0.297176382665875
-0.35206886257084
-0.0514508403844217
-0.0795788839310619
-0.360462474368798
-0.212794938584904
-0.224747961324789
-0.263956915124697
-0.0148825938741884
-0.144068510148441
-0.254894635056052
-0.213006239485822
-0.149421077133029
-0.223707749374395
-0.170700083670922
-0.0622321411179051
-0.132310834059256
-0.0955589882335659
-0.173345321272961
-0.148722841385866
-0.194291480320115
-0.213015096667745
-0.0626306946915916
-0.08429351630774
-0.163639068029667
-0.0918236227520418
-0.0018129596389536
-0.108003745344105
-0.0740661066829868
-0.237056268085326
-0.170899262283867
-0.0736434062001073
-0.0533945927458605
-0.0782011782753394
-0.0410206098525368
0.0728820929617001
0.0275265265190594
-0.217344755091066
-0.151860240155632
-0.0666573704351209
0.0769006540978293
-0.120001135176164
-0.0637413187928511
-0.172176601775909
-0.0617605206504284
-0.0670146603868313
-0.258839892325961
-0.12240482343015
-0.106820746198776
-0.129968004729635
-0.211519294014042
-0.0201594032699744
-0.0860224556621178
-0.0336395694837028
-0.0340892040733654
-0.0431301606460221
-0.0988982798869628
-0.0819400698172901
-0.0153999561824187
-0.0335399257290815
-0.0688292341423985
-0.184260067515739
-0.129008132899976
-0.0514999452126437
-0.129851242876031
-0.168552548587825
-0.137357667878138
-0.0785414902342394
0.152856067438851
0.0958125254850983
-0.100826043925982
-0.0122108497138843
-0.0578683623377681
0.0446250603374711
0.111725013219271
-0.0178451905543992
-0.06445973226451
0.018440923842962
0.0951409217038581
0.000624792713589946
-0.0141261216971979
-0.0280612538584266
0.0271676249216417
0.0452028607683586
-0.091052782323391
-0.069567589015771
-0.0194238699389651
-0.0138162591828002
0.0211372338452852
-0.12140083922925
0.104357746472963
-0.0559340060738718
0.0547963541707208
-0.00290458537366851
0.0374518363742744
-0.0776654820872365
-0.0263928378459344
-0.00574649460564399
0.125241858250936
0.0482352302225606
-0.0500699372484781
-0.110530968705391
0.211418209600319
-0.0154636098376212
-0.0268416680944861
0.0893933924060486
0.137243235088416
-0.0370666384078207
-0.0239514614597356
-0.0955357455229823
-0.0220267902192233
0.12808141674465
0.0617613243598495
0.162207284746046
0.0511977615418804
-0.0251330248948411
0.214840854617513
0.120761075231146
-0.0584116876943534
-0.0852738509007542
-0.0499535105589555
-0.0830919050633466
0.0465800243507515
0.106338531598538
0.175939649525602
0.127976121117299
0.0457755996069668
0.0518949131519793
0.0742909368460231
0.0340581669375439
0.13354558753813
0.347324779350421
0.126109370426048
0.057544864269494
-0.0364797609611013
0.0830543968471178
0.0850311138183053
0.123903918783494
0.162743898480065
-0.0122058747514676
0.0703975381727275
0.202095642212377
0.0519376325152813
-0.0160200847159497
0.12570000948109
0.0225697208267084
0.0930026685448869
0.0988296583298747
0.114274700101118
0.180127353088943
0.0893213224395272
0.0729389148537887
0.111652228502859
0.0301894530780234
0.1287432548877
0.147503880149609
0.137733716927636
0.190990448006197
-0.0554321631803009
0.094380326227677
0.18413034890886
0.246127641478168
0.0358756414578644
0.0459967043161346
0.188345475517394
0.00729068980915797
0.194926585934557
0.032094241951005
0.252404092315912
0.188691603816762
0.128211693877951
0.143462395917476
0.0982273110074016
0.26432626884221
0.0837310720934508
0.246548844709195
0.0165989155578528
0.254865643998285
0.22735985539934
0.119250209522449
0.076186430524842
0.339630146016166
0.23063448708126
0.242554453986325
0.172665791034946
0.0625704967668275
0.050243871773986
0.0998044478700885
0.0204329157981079
0.271529927797587
0.308630575470636
-0.0319612908345274
0.255800257373747
0.316612297779813
0.241374835629111
0.249971064485142
0.191812686430278
0.143260506494998
0.168986969655884
0.284325614589295
0.0876082234109054
0.317405940480988
0.286218104165226
0.172454755617788
0.214162355072233
0.230272737344252
0.261052953549294
0.308720660832903
0.0914513720649926
0.211354821561884
0.289078244762063
0.259280681746963
0.382201691808729
0.257088283160985
0.218155010377961
0.271420665046061
0.221560397903738
0.147893907501623
0.260870688950377
0.290920719110662
0.0889221043896447
0.215731303511467
0.227769589611068
0.377146386413259
0.172546126769041
0.380765921536753
0.362028531436128
0.263083300802668
0.143265800523578
0.284910234429396
0.254869705918744
0.332136127269556
0.176950734158378
0.386977944285869
0.429770022473349
0.276133996815988
0.249623119198418
0.258616762125434
0.229371991084648
0.386141465765457
0.457049019611221
0.324372871827211
0.190651942244617
0.108818723592931
0.448959055676558
0.299160705743257
0.219705593257156
0.323843861355234
0.250112289306669
0.414208047503561
0.266050286260583
0.275827063925029
0.264692242790282
0.238428192791707
0.395652104258884
0.312887546555166
0.473768245897868
0.290084169503379
0.360865082511859
0.351953838747767
0.369393689907366
0.306144640036937
0.246928682599976
0.383964991629631
0.324589220630749
0.443433342206448
0.316549391285852
0.434821947962057
0.347576644485936
0.300274739924236
0.362578425117403
0.47276360441096
0.459880171161235
0.398130010100707
0.390825440985083
0.345757716769033
0.313095309841055
0.179224787204582
0.428649444710049
0.193683026574844
0.212653957946889
0.436922946447734
0.443559304535462
0.416895564336454
0.377937745824446
0.349538045168466
0.357550278247899
0.371854808349607
0.347481373811795
0.347720579069796
0.344888593071528
0.388461316017102
0.329068924069979
0.282557955396414
0.377980194146271
0.441605309385206
0.347148107720391
0.417257694417423
0.310624625219293
0.366411843295877
0.324120642832641
0.238230845779967
0.590397831739396
0.496533073061143
0.335706206598021
0.439402109231422
0.538566486862895
0.421620422697497
0.457773993886881
0.342491792388912
0.347148692291193
0.415816444018421
0.343423365992134
0.30740815161588
0.393276693193738
0.302447518452898
0.428331104097767
0.505461149793055
0.492944773854982
0.470341263321166
0.477273933199071
0.538662433425064
0.439216466284477
0.503710087895368
0.428712366257937
0.623329493872848
0.343225254080239
0.528160120862104
0.434323389886396
0.415617063045502
0.524314940260308
0.421846314924306
0.561880485399384
0.515804325063353
0.337624960880853
0.378197516182945
0.42836793290464
0.388943870571937
0.586318290865468
0.640321615228431
0.68472383902961
0.436939043545515
0.496545820969948
0.601667494992625
0.501400604130348
0.447539596595431
0.485067170052444
0.452250841792122
0.536831746234263
0.488627776819153
0.6376398304434
0.364005780836185
0.611445945483387
0.602811585826169
0.462722119021077
0.649776304049954
0.564577544155741
0.588344345419195
0.652038739131666
0.524077373823652
0.446588974792457
0.472390570591151
0.591357466086371
0.476178287684524
0.490338420090566
0.606872698574204
0.571733573338921
0.512740453922518
0.570286877837629
0.495978577607737
0.72358873760874
0.714159261344462
0.405568602111133
0.461967733686409
0.566857287954245
0.565219465609137
0.484539521269399
0.358178108238041
0.467516250700835
0.55738226518591
0.569656336184271
0.592390200340809
0.45347448540671
0.695749119997539
0.64636299184863
0.566900230795478
0.564390217383197
0.700566139671582
0.439246231715987
0.35414951683228
0.543632592042388
0.52492668187031
0.535686105335023
0.482915852428205
0.449813980408185
0.572035331067957
0.55935278635372
0.853234427535206
0.665542981488036
0.568584761344867
0.61886898962816
0.699392598725968
0.644568414077117
0.6590507714137
0.635265892842085
0.594029922289785
0.585623112119031
0.556309029992334
0.686462217738735
0.506298246665372
0.674513281804816
0.686654636128617
0.675156953406138
0.743130786576293
0.585834985261909
0.681819957968923
0.636128491571162
0.688055844392225
0.587598317762237
0.758390731075848
0.830623411578124
0.825946875803896
0.642368500966394
0.611458926518448
0.664502260292532
0.795754416090357
0.67190959901667
0.721163739975703
0.704065169159314
0.665570919530261
0.55099631265446
0.598974215574465
0.645761731188521
0.573803134486183
0.798299227566191
0.590210572183126
0.626943998873261
0.481156142044264
0.608529671075581
0.648038547456862
0.507089385945095
0.676802859156909
0.636863576724303
0.73973298591123
0.632479340516071
0.733274613875374
0.666733493601503
0.539095690579875
0.611382863668426
0.75176797049815
0.779323748324766
0.827065625495195
0.732531858023068
0.711167411675018
0.769766982439973
0.669247897064176
0.611825990968965
0.760511006047674
0.720855679690108
0.712778019918548
0.770276879592229
0.826816262513693
0.682540439046663
0.789949207025269
0.824098891839948
0.661408816377448
0.647798813563201
0.671865246494559
0.726806442427034
0.855800617942042
0.845465245793106
0.566346396015354
0.71896000288989
0.891996806564983
0.793695515452979
0.807904898575238
0.663259138573226
0.873491953053403
0.772314418179456
0.817741306519686
0.752480011266755
0.788176058643818
0.909301132955603
0.651325417873035
0.858209036595963
0.801506654059811
0.780720157122351
0.713003474178623
0.776571484133185
0.884437554796923
0.810582359852699
0.821214675757366
0.790878083001646
0.791504609913902
0.74630674903965
0.780026453590021
0.829436384013062
0.704580680443874
0.610036176428178
0.969548204420837
0.703454983651949
0.88180569048261
0.865955999708059
0.8704091412776
0.702327502947792
0.840139603234356
0.894441671053895
0.755969470778093
0.806614644278224
0.823587142958803
0.884741571535837
1.00763543575063
0.857609272638422
0.660033572644295
0.781082368542551
0.81158507541357
0.901511260816557
0.784438238813453
0.858170249185795
0.859686853370942
0.822197748873395
0.687479748694925
0.87661044555547
0.846855175642656
0.943625498084649
0.90726028634938
0.736778028675675
0.959001647954649
0.831612971423703
0.800939813328314
0.736457452047665
0.836527315694077
0.781367271345057
0.84342991744385
0.926298338842496
0.868607432029874
1.03982014600165
0.880749602676645
0.878798149735488
0.659720682686994
0.960378041763552
0.973496135925312
0.942623057963021
0.830334633686613
0.911212396097416
0.856241147897105
0.824687517145597
0.823956822481978
1.04606127763633
0.954961909213849
0.860857719495965
0.895447082522737
0.867558608748076
0.909918139786549
0.947108055227348
0.952811452828617
1.01748583029013
0.984431998950928
0.889307003416153
0.788763611625257
0.836511332029578
0.901966145444615
1.0236736704314
0.927441869016842
1.01159653156216
1.01910842147837
1.01446124219262
0.914569416958206
0.829250328529805
0.875141615764233
1.01855171485454
0.844255742752398
0.923510270945223
0.961755351464291
0.897278416341291
0.872292826837517
1.05286944182102
0.899785255926673
0.772081240941783
0.869340659819133
0.894914073985355
1.02282698958027
1.02911401070947
1.04927132334412
0.942948665043362
1.05235903457783
1.09866295237474
0.970909031970044
1.05357689610191
0.974950018278255
1.08460315156206
0.9674526184636
1.02913004868883
1.00660163500559
0.935634883771924
0.95553053585475
1.12770323522863
