"x"
-1.04708723416433
-1.11878704586343
-1.02544809530526
-0.940155829995557
-1.03011701669917
-0.993562469023755
-1.09447003172906
-0.964404317740794
-1.13626477952809
-1.02041355776836
-0.980195211593188
-1.02973954756751
-1.02779437799278
-1.1437656260427
-1.12453623024875
-0.9895890727477
-1.03313226945573
-1.09932808309387
-0.845685120879652
-1.03159962773329
-1.00722567282885
-0.883034887557544
-0.902124399232458
-0.970137528974451
-0.895309005421806
-0.860673480848325
-0.997191954258551
-0.879207158276781
-0.934752473505613
-0.884892472795907
-0.910912730186735
-0.909947040048269
-1.00214424882394
-0.827891309600163
-0.855743942555752
-1.03419941466439
-1.04324972441867
-0.928250647452592
-0.878604447539451
-0.972740893124723
-1.01937900018001
-0.778979436754266
-0.977990771167914
-0.980662449633951
-0.949379611991669
-0.933987453154796
-0.98732349961143
-0.946144754088248
-0.86862773549992
-0.999200450507039
-0.906968095553418
-0.946417378659629
-0.893402996271939
-1.06658289674514
-0.879627266470441
-1.02028000960361
-0.939373462593818
-0.719450950734603
-0.766488813360725
-0.881261303925269
-0.893039760176495
-0.901372068896315
-0.725593335851002
-0.88118309565824
-0.947323844323011
-0.853643360300108
-0.944570946446644
-0.97934575928892
-0.982208401190872
-0.828240142091618
-0.779142789323039
-0.87880050933558
-0.818560325027273
-0.822043216070073
-0.943262062919841
-0.874912415189387
-0.886248557248272
-0.6420386395119
-0.847929022649983
-0.729427011945346
-0.722743124972422
-0.751735155303543
-0.855521069125701
-0.906314295873665
-1.00732770715654
-0.815588788245668
-0.820009349905212
-0.92026487812986
-0.792252463327529
-0.87789849769578
-0.76130746172625
-0.844916940902552
-0.92928648677517
-0.803744659729247
-0.795572319232552
-0.729275073526919
-0.730303904569188
-0.733653937100101
-0.715315176592735
-0.710975130704298
-0.859383868763634
-0.755683957824565
-0.614583651484939
-0.886236666685465
-0.798304205542036
-0.793184623899365
-0.877570250363659
-0.810135953975071
-0.748917587513122
-0.690115866061874
-0.705257193292828
-0.830861766277411
-0.718821366945302
-0.852652257307566
-0.69275718444922
-0.905353360671477
-0.714985538575971
-0.895825614022807
-0.656012271335248
-0.89422932405491
-0.726475259253197
-0.793410193977566
-0.832427675184281
-0.969462449714397
-0.745540728961298
-0.844099813517442
-0.748315282477593
-0.642804564725543
-0.692601348213462
-0.671065394629857
-0.71408272576205
-0.796694000094874
-0.809217257402065
-0.881176196872442
-0.890410882153111
-0.798309587356049
-0.632839395407525
-0.610750801203053
-0.746607345065553
-0.693730485289333
-0.804772787998006
-0.466794779564024
-0.67585257281795
-0.757492317877054
-0.631122627984337
-0.511716489710949
-0.871772687177327
-0.557361454473563
-0.690100870447443
-0.601129187457278
-0.815056457110653
-0.690818397765895
-0.806143482496869
-0.720085742285391
-0.579351754692138
-0.658902512113175
-0.585630698307369
-0.636369323536063
-0.622358732659303
-0.684329674245609
-0.609396778577413
-0.728416873841163
-0.617525759932715
-0.541714251980316
-0.64348681483493
-0.635350076952335
-0.709432123805892
-0.608449895319042
-0.565878593336819
-0.69000029898424
-0.760489027813634
-0.60590152879844
-0.647184441093243
-0.662256626787785
-0.581394492677688
-0.502870097012608
-0.58077218207847
-0.59554400502279
-0.650888512268556
-0.653894629476077
-0.729398102090752
-0.685128943382837
-0.420911630038748
-0.589881184926315
-0.620628089576047
-0.677592192148501
-0.581866207768643
-0.569096587459397
-0.730293003458507
-0.60307089546184
-0.69990554666321
-0.630241801322663
-0.745186126077291
-0.676967458983238
-0.505562084558633
-0.654058187274332
-0.654504300556249
-0.665105784279663
-0.729181937002635
-0.502193893589645
-0.662478042483216
-0.61193194394202
-0.668211735725237
-0.618267036907686
-0.593486817712237
-0.508178183053191
-0.644732651990332
-0.579678424595065
-0.633161954523444
-0.483617460863694
-0.495381146106869
-0.484353681061065
-0.572086463642457
-0.485476123149672
-0.495381563138854
-0.532634013640369
-0.479244739271962
-0.500746315780164
-0.587182240859282
-0.586718347976969
-0.542792764016573
-0.600836376582035
-0.607821709170674
-0.528448929333778
-0.415186754490574
-0.578195703715631
-0.478280767723171
-0.59610290292058
-0.526438436738978
-0.463226891793412
-0.432858742485804
-0.599088001837728
-0.491101992675382
-0.513654223203523
-0.541293912510614
-0.490702610181778
-0.541397839870286
-0.521204538909888
-0.574203260590215
-0.523169179403438
-0.58519568859733
-0.567122174065696
-0.480158515094491
-0.626501894806191
-0.514389300538632
-0.500770692442087
-0.502749441444773
-0.570306095875446
-0.472451462362939
-0.519721488270337
-0.531991839603029
-0.594044360987757
-0.387538954386534
-0.640852594614927
-0.461481083454165
-0.568448231379467
-0.503324751339441
-0.5361269768149
-0.466937840136845
-0.496967549378363
-0.626383587653963
-0.618945103957095
-0.367102776688402
-0.537121376455643
-0.432065213087622
-0.494436899019138
-0.416776366853078
-0.526736725328756
-0.414757731291767
-0.399012344402503
-0.326362703218723
-0.428219659734059
-0.576666331993693
-0.449256144164797
-0.435606906427739
-0.340485522260857
-0.453687417825336
-0.49166049605468
-0.518493911098057
-0.438504633717363
-0.473832367611072
-0.528934092164601
-0.331258705832678
-0.42926961064298
-0.424876152095109
-0.388779463465992
-0.406404141716829
-0.323612658393978
-0.305689790666201
-0.341175601233241
-0.447259845015028
-0.259843617022741
-0.300554625350349
-0.540207281938802
-0.355799369534337
-0.394295876736914
-0.449738778715089
-0.237319399409923
-0.452884009617504
-0.409162625912829
-0.427322945044841
-0.375477651942651
-0.360500129667631
-0.496328230346555
-0.333758575544978
-0.388579720408924
-0.395824906177371
-0.471840061885174
-0.466202843714948
-0.344432617760165
-0.420469084289682
-0.311911794306328
-0.287870824569631
-0.408803648662422
-0.321314154790157
-0.302200898028504
-0.422748575391979
-0.188034476609926
-0.451351385524392
-0.264803657391212
-0.366869816917094
-0.389732140054302
-0.392181020800627
-0.396891470345843
-0.362550695979585
-0.465204480193854
-0.117351483659095
-0.334554871663088
-0.34013689833447
-0.185830218213836
-0.334330916492206
-0.268638463302594
-0.379850999090971
-0.313199039259763
-0.338813026329048
-0.434644448086551
-0.346702897444202
-0.415467523833369
-0.381041299081816
-0.24664072664348
-0.312200279565651
-0.38007235728009
-0.244477307061222
-0.432279089108632
-0.368115191599948
-0.235659007817851
-0.321742899625991
-0.47265655426086
-0.427015306335882
-0.208361709136288
-0.333456538216844
-0.305108916809149
-0.217426278390232
-0.277881346358838
-0.230423812245263
-0.260839063702061
-0.325178075350349
-0.281212565479653
-0.427448381595743
-0.222375233433726
-0.379476819076899
-0.380751223976452
-0.288684949690619
-0.274671090590685
-0.189842988525918
-0.392745485499474
-0.301397008025524
-0.312775272490401
-0.160288129792265
-0.199744563799022
-0.230447645273516
-0.306720178337253
-0.275059568839177
-0.392902020130015
-0.255257469063682
-0.211735370090652
-0.30815809671012
-0.262166788053151
-0.319776660695385
-0.372880210735852
-0.278226926491405
-0.229949072077743
-0.384295079476568
-0.236769021927572
-0.35121624227943
-0.33718117319548
-0.377674871423478
-0.186695722465536
-0.198749441170343
-0.222110777635538
-0.185141223558122
-0.146485237150628
-0.277246726925298
-0.0584447395765256
-0.375199560707637
-0.221756901198643
-0.198808922739573
-0.128360851760795
-0.271570877987821
-0.310319268396751
-0.272468778698605
-0.117633076515759
-0.208758169030049
-0.290043683178871
-0.360812803510932
-0.021711216459572
-0.0695707422126705
-0.341750040604379
-0.220847581891672
-0.213782950870482
-0.284376287471762
-0.0338531739792269
-0.188606627216848
-0.241702555730364
-0.230986516211924
-0.172918580904518
-0.22583758792894
-0.192303277640935
-0.0789745626929259
-0.160676572949657
-0.106478756129337
-0.19224253739753
-0.124225339198402
-0.203915037317973
-0.214524434053601
-0.0609856579698297
-0.0907734778630591
-0.166475939096183
-0.100113580101173
0.00198790456432439
-0.0770511125916925
-0.0959655748431662
-0.257088834753082
-0.14880781393885
-0.0628365565148841
-0.0285991281673002
-0.0720772382622052
-0.0636266864560576
0.0771168869249882
0.0128533999271319
-0.222822762858401
-0.10064216475098
-0.0684875659464965
0.0819333175081533
-0.138422208704158
-0.0442677112820724
-0.151204896636105
-0.0643036995163451
-0.0573922582858844
-0.27953449787811
-0.154611453044239
-0.12021325924698
-0.135609722328711
-0.220532023949081
-0.0263832818138597
-0.0876855419439967
-0.0373762657486444
-0.0519925751481158
-0.0586831117722892
-0.109808815952886
-0.0856927200157925
-0.0224999397094613
-0.0532112171215834
-0.0592977477098993
-0.187038510303944
-0.110941428197807
-0.0441039647411656
-0.148413327908788
-0.138868295002469
-0.12396923379421
-0.0717769519953869
0.16992441471921
0.0786310628839646
-0.109626956073619
-0.00355830941888929
-0.0625354338136804
0.036683309025571
0.128267436735045
-0.0119810775078975
-0.0517409780112483
0.0143943451079568
0.0941407978061437
-0.0135999347341658
-0.00390131253677091
-0.0256931717871388
0.0156737860500264
0.029684751375535
-0.110745205014516
-0.0895978379738956
-0.0094915751176531
-0.0144971525610858
0.0258572982165006
-0.126760558710403
0.106456572690075
-0.0333531124890261
0.0592166925909036
-0.00605539575887773
0.0457275347790022
-0.0752292043875875
-0.0456442876425842
-0.000722419299856689
0.114161626349916
0.0423818379500777
-0.0428093366142135
-0.134409696192198
0.2146261270916
-0.00736669969801491
-0.0250907761579423
0.0955273531733368
0.129607197781076
-0.0230717953414953
-0.0207458957119515
-0.082720162875047
-0.00515524203989482
0.12608338112094
0.041101392706362
0.138877689159961
0.0414160704661874
-0.0387828400267573
0.219863254797267
0.135032238878489
-0.0429525372253166
-0.0874299785629189
-0.0400215500791838
-0.0839462030710227
0.035402079800812
0.0893983800675159
0.173210229141255
0.155238450921806
0.0449742917656105
0.0559048215378664
0.062506325043857
0.0359664066694407
0.127685796474718
0.353569962062178
0.118360644336238
0.0745177249191761
-0.0299931369491359
0.0726665351577629
0.0950295125630318
0.129378269509533
0.159195891501492
-0.0171963979215396
0.0694351486082951
0.203011587866316
0.0858195303613608
-0.00896689901022586
0.115704379735661
0.0307706443998199
0.0965190430331224
0.0773638323399612
0.113411546629045
0.169790805414271
0.062606716414611
0.0738736538194149
0.102687527618691
0.0442830752267488
0.131046915753983
0.135995150414648
0.126023600367277
0.198644788506035
-0.0565944585434819
0.0873877586400621
0.166324197630039
0.246548138154854
0.0404208664010889
0.0330582581332606
0.194828641125335
-0.0125597706371603
0.195771937482781
0.0128815947200795
0.252503378255521
0.171000172152315
0.142454524756053
0.131347119669577
0.0939514252499169
0.258710176848959
0.0626544286265931
0.244597982802944
0.0139972439779407
0.237460341740799
0.21073974554781
0.118276511246565
0.0658684727115433
0.352508254180122
0.22714780340884
0.23648583363981
0.187703165122115
0.100538759666609
0.0568573974891518
0.113973947439958
0.0191962447641908
0.270521219330157
0.286253123233643
-0.0297015304777227
0.249797051878481
0.300091470348937
0.241597994446565
0.216231772072711
0.198441721559953
0.161383775609991
0.175159928547404
0.262874405753027
0.100376118655664
0.323669032731968
0.285304156081042
0.164399674639709
0.225050795617613
0.229051799340716
0.280006250561059
0.302852569452939
0.10492895080919
0.197453423135408
0.267611376447373
0.25486194639829
0.380176076590448
0.257897356205656
0.225451716414071
0.279038433934046
0.24433730650423
0.140328769568284
0.251800830758839
0.304079227001172
0.0690319881482354
0.198062544275962
0.252684015580802
0.361137321698116
0.170611700594763
0.355735815555274
0.37028348421246
0.253050487878624
0.15541860838189
0.309920207999424
0.259156788293902
0.339651090237891
0.170476079514836
0.390876544939023
0.434533470145517
0.279477667366152
0.250016712730886
0.245878478935933
0.227340778311873
0.405077290048399
0.455648909741882
0.319070527619602
0.196776083675545
0.122379343919883
0.445263105824788
0.286926056783368
0.225881236263457
0.331397936905202
0.252469045429185
0.399039476485802
0.266536425496131
0.284365215035534
0.252012686210336
0.23768131831372
0.403619320809293
0.302970257922989
0.470779276716901
0.275216833332422
0.365940604022002
0.3513785524016
0.374847824628005
0.322793359618261
0.270226664916353
0.385000108356787
0.326655905748016
0.428836928196544
0.314843517994183
0.452762491457807
0.345579737291732
0.297740219676402
0.352677312315934
0.473209157225362
0.441073836879226
0.409767576051106
0.383793664703049
0.352845141675256
0.322963519639592
0.178706269989569
0.430678124158085
0.197353454148929
0.215089865190182
0.422488462132176
0.447517031006835
0.406050050054891
0.347966727010258
0.340731853992357
0.351237668173861
0.38703746620151
0.373543699811242
0.337660646665735
0.348782753267873
0.39976198496912
0.318061030924907
0.277789808763709
0.368082432243383
0.453499973267198
0.353965233677409
0.435630942050281
0.314571060617313
0.353774732458788
0.304878109047864
0.238423571099946
0.560893105764288
0.472829966382001
0.342692299305396
0.411376288503476
0.513556405747726
0.45224530196198
0.468077846431988
0.354011288717254
0.344792930546636
0.400632666750569
0.369870421191452
0.310579638478285
0.403517850322261
0.299912545806905
0.418829310902384
0.514844002473276
0.477699282509316
0.484345185552521
0.473695511819692
0.550906144392848
0.445811273846742
0.503234151137206
0.416675335700751
0.627401035779573
0.368421771934204
0.547968435999775
0.404214928884301
0.422979615127402
0.514997123438129
0.427707051047195
0.539403925500022
0.503456645666942
0.326474416245814
0.37709247370238
0.402908887973614
0.390971240425782
0.588166879360743
0.626256988756276
0.682973473110984
0.45871050785693
0.47157961680423
0.589084625822568
0.510056355228771
0.413876810133553
0.458503099793911
0.456175912442219
0.53782005747993
0.504901018633554
0.657648565931708
0.349804957903275
0.60618643347599
0.57944185610994
0.459477988364792
0.639763392469524
0.560502620941955
0.572400772379593
0.641551425906881
0.529889919477878
0.44907649665411
0.48863401097433
0.590708818180234
0.494475483815238
0.470991327511396
0.593011089911582
0.579732470174749
0.528670064991578
0.57718382911805
0.495775378574188
0.726779974567094
0.712123857039837
0.397302789095
0.443349483348809
0.57089950798323
0.563968176819728
0.478967140450304
0.367815539410935
0.477130459166619
0.545822319335913
0.584857969118454
0.584324556473549
0.429936275924299
0.699092377342835
0.657521934208255
0.57369822100441
0.576016087477599
0.699607643381731
0.418135793221723
0.369290772250524
0.541194368838592
0.532746729173416
0.530980960507056
0.482648679706755
0.432266268013767
0.575211694015413
0.55281307682167
0.854598429533298
0.681690271898913
0.578360988991893
0.642004779385213
0.710830188749509
0.639595571542094
0.66486894279302
0.638619283205179
0.59703184315635
0.581252098620087
0.578806492475015
0.676409080181738
0.51045155067659
0.680135641982797
0.664514993337352
0.703350131847308
0.738800647857373
0.581176814954629
0.700590819853583
0.627932752733639
0.693489941915172
0.581083813242763
0.742410212573893
0.823224133126468
0.812858677005619
0.643381319640365
0.629050769591015
0.664775910249039
0.803094030843092
0.648981747148953
0.70784414622815
0.704455589532817
0.671743041143356
0.551505737785856
0.59142110991376
0.640101351722503
0.571748293303608
0.791373064497094
0.590062896262094
0.624370237828035
0.497630596138318
0.618869768622486
0.663996550043319
0.519254998705757
0.681518866559998
0.641666803401267
0.753465565470051
0.60553026407193
0.719705388707323
0.67107301698528
0.542579354110658
0.614780551926079
0.771287114537305
0.803073252776531
0.830965771319395
0.712975596593683
0.718998393934341
0.761197913408154
0.620440377633435
0.615481911872556
0.763343438483472
0.734489962220153
0.744888706214527
0.759418108528211
0.816100159998877
0.672829644636242
0.809344160166318
0.800738993397702
0.664267267039971
0.654267443171661
0.663959410816613
0.711657174360813
0.842694565563877
0.860642754537131
0.59198027825208
0.717248891228168
0.871331243997607
0.806976351318213
0.813939012132844
0.645873008436012
0.869519543259185
0.78175514676358
0.813185557943678
0.766626432876962
0.782683227671176
0.907833567777213
0.658037127609814
0.84511325949397
0.794605329346739
0.770235277726843
0.723282336925901
0.763787453140778
0.882868912122561
0.80096007831284
0.807374942320845
0.80151982474907
0.7695819185435
0.742263655289394
0.784787582772631
0.842025266450557
0.716698475246276
0.60880714873502
0.954564214498018
0.695184667573648
0.899452345776887
0.861079169128117
0.856409635256273
0.704368997694076
0.836070247091033
0.905332346354345
0.732387578598842
0.80580037940485
0.811275434277867
0.904957174923556
1.02095829110854
0.839917941998648
0.643537471544519
0.771364205956164
0.809142967219189
0.881335130196646
0.778086716642762
0.860266659366845
0.860120544769807
0.842391403995562
0.705897868005271
0.882269166109631
0.823459136192561
0.967140439844963
0.876210367774495
0.746389868995415
0.966357503332303
0.857960775619525
0.839080976136321
0.74286170898338
0.840991856679625
0.78208957315827
0.861531314925848
0.956587463204691
0.881445863138355
1.05782374044199
0.852440887706306
0.866919711245117
0.677774313799312
0.959966746204496
0.967170996981501
0.944194627583048
0.842229077316985
0.924995211847283
0.883981643863105
0.819019121889778
0.813639957112362
1.01775440976658
0.952529511001771
0.856423159436509
0.913965578064665
0.88290455909277
0.891769300015116
0.941894832804618
0.947643038509535
1.01923159838924
1.01318176754366
0.897987510788907
0.814230049723176
0.839860116616703
0.893017420229947
1.01197980703575
0.941522735230479
1.02309268771415
1.02132182135936
1.025090663864
0.879234157558905
0.839040581383663
0.882093765028801
1.00739715435605
0.859276296620181
0.915657403018895
0.964882611431222
0.911066003108149
0.848299322913695
1.06644713851826
0.905714857112664
0.776390285962068
0.878149122550588
0.878039849424851
1.03155808271593
1.02041751205264
1.0785100816022
0.93215520641424
1.03982327700417
1.10813376458385
0.958230038256598
1.04117703739316
0.981282129989213
1.07432927049333
0.974436694823027
1.02137204268527
0.995929916186284
0.937314809914481
0.946655369322262
1.12408370465494
