"x"
-1.10375206599264
-1.01122097594829
-1.04616667791364
-1.021395241698
-0.937817375307306
-1.00916997234036
-0.88986933208332
-0.977789643757971
-1.11048594421261
-1.08122297162731
-1.01299610322382
-0.962710234446282
-0.930761752698128
-1.06487016542403
-0.885915744490402
-0.97940385148133
-0.917261828593738
-1.01696324503605
-1.01157229519062
-0.91437514971894
-1.07280602456881
-0.965684707035773
-0.898390587072029
-0.856899493663261
-1.03843060918713
-0.92638750202177
-0.913076000029295
-1.03465567791726
-0.969777029248567
-0.92689169523026
-1.05137117824481
-0.872974709713445
-0.902907264672246
-0.802533584926689
-0.855912926337695
-0.886041850587188
-0.798332912386149
-0.92323974815661
-0.888250442384159
-0.960581818926314
-0.892110174003265
-1.06616481363901
-1.07456450954072
-0.951732810417155
-0.852872251526858
-0.938627591834834
-1.01353592176517
-0.870752962332013
-0.777416864944383
-0.918349295381711
-0.873271195495955
-0.889319965837088
-0.843457324200452
-0.840180353072901
-0.834767823098177
-0.842891546991463
-0.906398822151013
-0.832692369331722
-0.990579525713867
-0.96000220076641
-0.839071858141336
-0.84335350385408
-0.910200854407144
-0.839747001809597
-0.875715885413403
-0.942969758075076
-0.895964970897692
-0.809242060489517
-0.930015673855271
-1.0358357069494
-0.949936847481167
-0.886650759152454
-0.957518942641693
-0.803071016113902
-0.839837315361124
-0.878035344596497
-0.880361002365506
-0.903892294128639
-0.874075547185517
-0.674307387261952
-0.885214328206973
-0.853611178166609
-0.816801687556704
-0.853063072201787
-0.908338568499694
-0.831104939100518
-0.77881214951583
-0.87876541852601
-0.797347718296881
-0.929600557668942
-0.803733079138024
-0.739735296568369
-0.844070420029221
-0.841322838382514
-0.771879799112092
-0.866755460226404
-0.844204877646485
-0.731535812722235
-0.777850558691601
-0.706886997510858
-0.844882724071654
-0.742497074282169
-0.73193775598694
-0.702458345843981
-0.739974795722007
-0.914126129092876
-0.599427894227795
-0.71367986431798
-0.736540697912629
-0.782089460691733
-0.856093986978863
-0.890391070880537
-0.771166202511971
-0.83186867696255
-0.876333356142145
-0.817893195406395
-0.895129549740813
-0.590887897203419
-0.788682709509381
-0.754905461553673
-0.752899627190175
-0.873892594735519
-0.832007796922551
-0.588200217444788
-0.478713409165051
-0.664014528587109
-0.695508266620714
-0.736917296689389
-0.756205293199165
-0.821533742487256
-0.748957046664373
-0.738448580690496
-0.743324868061256
-0.702149362995676
-0.650293176879349
-0.815676313706302
-0.793805863766562
-0.83258518680737
-0.562273016541318
-0.686530927876364
-0.662640180727589
-0.721660294915162
-0.710226369721657
-0.696287955374513
-0.637303519399905
-0.755345861992748
-0.816455568329122
-0.748171696203764
-0.644431634492638
-0.58630917576401
-0.561924861982454
-0.653040649957257
-0.660811959948535
-0.598660312524198
-0.710708263695852
-0.690701548284229
-0.840990445522616
-0.77004478575134
-0.564283385049958
-0.654706043867973
-0.702109759213461
-0.691954779893686
-0.796339728782421
-0.791482546972143
-0.695487267907269
-0.825159311879844
-0.601839267641088
-0.556007656655414
-0.660229761851224
-0.53697100145506
-0.637770788748787
-0.622751680668382
-0.649927551525534
-0.60225599102087
-0.638934839939265
-0.656021740817468
-0.532531360442041
-0.583740868330168
-0.542140945665051
-0.755606395004707
-0.667698835090451
-0.701835011279141
-0.647813544100788
-0.604167350450833
-0.58424948915688
-0.588820708787678
-0.640977820417105
-0.694599841723234
-0.543794504412864
-0.706502744997828
-0.605797349003496
-0.597137484281341
-0.611420753699708
-0.468120546720892
-0.589519403204705
-0.623745620535772
-0.627316277204744
-0.62147074954925
-0.662765399106301
-0.544084512483909
-0.572045315750106
-0.590517656542247
-0.67453686956756
-0.610481364537284
-0.506420486506118
-0.644250913604885
-0.561323849320354
-0.548591874581744
-0.432743626993377
-0.541583015522441
-0.606611697332177
-0.532828711546465
-0.451187358550767
-0.517568590433175
-0.551958362764193
-0.520873006795838
-0.363214389982284
-0.5435460409044
-0.554456324550976
-0.47400979462337
-0.581416444703434
-0.555336233408861
-0.696871721646361
-0.549756340617773
-0.570647860977453
-0.414052872333798
-0.472977693896924
-0.669937611123319
-0.45412761037888
-0.551691686212688
-0.553244710273616
-0.593680247450525
-0.445961996258297
-0.566326395313007
-0.561034726625471
-0.523953278516385
-0.375175441153373
-0.440998594152606
-0.524639747570344
-0.523143423560652
-0.508164076925073
-0.525396369109443
-0.665563525807152
-0.564841018579358
-0.443675059590254
-0.690585916984895
-0.311604341976298
-0.579718831461781
-0.511735032558934
-0.543271329120115
-0.395795714070805
-0.641363112664331
-0.333958098460657
-0.699464992944698
-0.60621723331648
-0.442358179766548
-0.481906699985901
-0.533925273080667
-0.476617338974315
-0.48736229594862
-0.412243598445676
-0.487660057259859
-0.488346494474863
-0.294049791349487
-0.522938343513115
-0.619697379431827
-0.456860328463959
-0.406270969632678
-0.49090180456088
-0.48305558658484
-0.310753411104177
-0.358039298778319
-0.56094276846088
-0.552978992293092
-0.33999432927185
-0.367498886628254
-0.365312611585539
-0.419131342935811
-0.603178095403437
-0.494982487070182
-0.55101755395945
-0.304155575197045
-0.552377040598902
-0.372147148325595
-0.343172167936826
-0.3179954410159
-0.325196039254136
-0.641747055420699
-0.386901252828472
-0.536683612968551
-0.664242079826927
-0.333662587284816
-0.560357327669178
-0.467963998184157
-0.452937467755
-0.402131950914771
-0.402359052845571
-0.447839230995614
-0.413877757348469
-0.303927066539068
-0.327292818972298
-0.542102406387002
-0.432051523532385
-0.499881027757564
-0.48290932183594
-0.378530770262364
-0.350336387177642
-0.306746758015957
-0.450604019973553
-0.292447618201891
-0.463536536912541
-0.39914204423339
-0.343711319950713
-0.424522562446867
-0.297491008882136
-0.469557902972279
-0.240944932382407
-0.218971336284011
-0.318626110305023
-0.47956031395011
-0.333289810194125
-0.448108189363582
-0.414012032791417
-0.366939530791434
-0.485468583702257
-0.31542912110323
-0.246831677328049
-0.311411664848581
-0.398728491579277
-0.30967304752432
-0.350655738569201
-0.350618721609207
-0.296449356898449
-0.130162210437366
-0.389591176875835
-0.30155592251715
-0.321105632106344
-0.400838682609401
-0.522364303671208
-0.348480799294049
-0.424942772437228
-0.182914660135745
-0.309274087080159
-0.345399556071633
-0.197780856056748
-0.137810219285505
-0.358789896410776
-0.159295658260483
-0.396264240024927
-0.298928007216201
-0.282169324604642
-0.415522684358291
-0.0961358397544604
-0.190155359566449
-0.337967219859373
-0.316488592482822
-0.313306177646926
-0.342435618614609
-0.319659617591613
-0.339027567004411
-0.27784519040953
-0.425438200961291
0.0278516826270529
-0.440344770216537
-0.182823695551229
-0.331432051643769
-0.304614350227043
-0.0961012486427501
-0.348912137964358
-0.312241122892187
-0.2815882148065
-0.117799904032544
-0.187611333002933
-0.137376343621981
-0.180269093166833
-0.187398193766276
-0.219846644909594
-0.230740672655294
-0.262229901162094
-0.447224114734419
-0.22639656579093
-0.290271655994359
-0.197594518042637
-0.0674961263138274
-0.326697968967563
-0.189513679306552
-0.327898316346103
-0.254357816068852
-0.286289325703898
-0.281703077575489
-0.287603175016145
-0.0799538781761721
-0.0826158866863173
-0.192734843173247
-0.261047456879174
-0.177626967271871
-0.25438066253027
-0.310986333965122
-0.207623882656654
-0.258907074553643
-0.178802746182228
-0.291887016076997
-0.133782396350717
-0.360883315510321
-0.193408108793906
-0.207344898953031
-0.255189979117726
-0.15428207669483
-0.218821000850647
-0.127570370492376
-0.172670280104535
-0.094323902293029
-0.018803601298382
-0.161224322618984
-0.127687061188685
-0.00567447281811138
-0.225377525503099
-0.219520082549149
-0.18694667530126
-0.183314837808533
-0.0634708893996738
-0.255024143172546
-0.161976196367226
-0.0885251981449193
-0.249921431672437
-0.181797801494066
-0.072335688418782
-0.0460141586788718
-0.142460830758608
-0.139646927513063
-0.146960663929489
-0.158325062840752
-0.268585915270466
-0.124908405142855
-0.0906764335848307
-0.182782989118823
-0.216710744798361
0.014389116000952
-0.187193074958729
-0.172647357854329
-0.0891043968183707
-0.098264643792213
-0.0172114065862828
-0.0195644712390592
-0.14960016400778
-0.163221202582598
0.191961756619009
0.00770704728095838
-0.0599205016068651
-0.306069414954497
-0.213454662741504
-0.233859081934181
-0.154342062040777
-0.180320678414849
-0.0707315329394755
-0.134715732219716
-0.0592107677468883
-0.0896491356590773
-0.136248374774361
-0.129220077620042
-0.0522933708552793
-0.0114384188143129
-0.124398526086283
-0.151055527833672
-0.122261814576726
-0.00230382535773014
-0.00933180648884613
-0.0879735194952427
0.00378288581525897
-0.110495650033757
-0.022123427846542
-0.0705158731445764
-0.138930467034767
0.0527432559916556
-0.0713353620267296
-0.126836790434175
-0.0555460114427244
-0.0302442495643087
0.0569803948545915
-0.139663417885775
0.0682682439549745
0.141608583733289
-0.106810644286273
0.104455183934926
-0.0496235832818807
-0.00300861365209967
-0.0606929765278024
-0.00846502107087073
-0.0332236709114316
-0.145649068408495
-0.0129086630436106
-0.0699092263542195
-0.0618600082537513
-0.0262443221149963
0.10875978625081
0.0677816486287946
0.0185066896570096
-0.0729881756316106
-0.0381334716999673
-0.10198228301681
0.0169808584703641
0.124854470361697
-0.0036016986473024
0.00854487957031042
-0.143345186360434
0.177121488311243
-0.116379606651414
-0.183566963340708
0.0887118520423158
0.00309843421345169
0.0604777525086747
0.0918026311186571
0.0152929507476955
-0.0169960605118689
0.0339125337699281
0.0672822050399445
0.103240199200917
0.108985641378566
0.073127065453947
0.0369133032866371
0.0584399483766186
0.06657058355635
-0.122477213093584
0.193760384436135
0.0720626628014597
0.0213104194340639
0.123842194280196
0.0949975739825815
0.0635878981675335
0.00144973903798575
0.115482001711564
0.122581013049516
0.0992800802010668
0.082057608367596
0.207849966892401
0.0151502685077792
0.0306980500098057
0.00313474117550069
0.110487598657802
0.15063453168167
0.101059550987717
0.231652151249975
0.137940816904776
0.0256454368750727
0.076853511553594
0.139866586186164
0.0892226664216626
0.0466540011526621
0.0376617880051301
0.0392679389075881
0.147667490707662
-0.0016849234368858
0.0956323988672635
0.00492867202837658
0.182421091012689
-0.0333414808487799
0.155609863266596
0.147203080420913
0.0982475712296627
0.278309299257788
0.281508976406747
0.229666251037534
0.127301862555692
0.144719445588885
0.0389434908152401
0.21082028068229
0.0802036087500214
0.0536160976127604
0.185608524806348
0.0312639626212142
0.162239426983803
0.158954075593451
0.0587771835621741
0.13947754866352
0.18796103849142
0.0812563397315524
0.258361027796349
0.257776881788737
0.107222341019408
0.114210592451511
0.0933351001153201
0.0799274627115688
0.222422040636004
0.19484732340689
0.14139692569212
0.254708918348955
0.0515699750949131
0.343177225437586
0.208512328264402
0.156200767532834
0.174378832270892
0.112028234860371
0.18637506157558
0.279530458764245
0.059355710580348
0.238245603393903
0.162641370124695
0.0437737139836465
0.150541878727488
0.124202158135605
0.234477071364616
0.131683481644418
0.28657413551594
0.251505418639823
0.145525268572052
0.409389726102203
0.306147015310144
0.0874002862202501
0.18350753013019
0.128349728408401
0.252562009300974
0.278686338225248
0.240741458943109
0.302052100975215
0.320011128235472
0.262882639381074
0.270348593773758
0.303715479614924
0.251494155117842
0.154392704280714
0.183010864353887
0.256392164059143
0.193717428809756
0.335057488149736
0.264750088860174
0.339000249646334
0.283084733184152
0.2648434064701
0.240262381264521
0.32383764660661
0.291501341621897
0.319983393291195
0.278752542925154
0.313234596639218
0.300341037637907
0.230791273133345
0.31356893701297
0.322243670192768
0.279053866302145
0.214630298210737
0.268764928108139
0.335820095082509
0.371102850606253
0.448443056528829
0.287701233717166
0.2719149509469
0.290171226295813
0.389735658534227
0.303625081261263
0.147940724914018
0.351245739035965
0.193302326368313
0.279002892359108
0.27541573481963
0.240109906973052
0.361408388422694
0.384568242712561
0.44752779410802
0.22787760246365
0.341795717123107
0.301971378966705
0.294530976802426
0.260429481920499
0.254385452812795
0.231328294069513
0.402585804555711
0.424836485553388
0.214518996821941
0.325753960346016
0.237052852814181
0.264708850972457
0.198073959901797
0.258314219548648
0.411058172214633
0.372374152279793
0.344282388262489
0.296809880329398
0.257560363980455
0.47095453936999
0.43736539838461
0.558992948745116
0.516498944465452
0.308777095153928
0.388159093539083
0.458667631847459
0.348426059292206
0.41435897566292
0.521389824672726
0.277793438696345
0.320431466226565
0.445865975229629
0.363629151623595
0.332961716815711
0.506211503766704
0.370887756303151
0.277000609545946
0.228507594773266
0.431748757253313
0.31775335849711
0.286289926156164
0.374431291541053
0.308356881935283
0.412335093005597
0.435838380859354
0.330408292474336
0.415386016838934
0.253690677380375
0.407102366601246
0.352988319298174
0.513874169335468
0.444011978283092
0.51468091980785
0.392521953866809
0.365113695933796
0.273570886547883
0.423679015968532
0.524462074270081
0.390791370433093
0.352449507474434
0.4491081284829
0.484451048533308
0.477017106768222
0.362662427521172
0.479100523556761
0.511795006948251
0.486151362088602
0.26918741715517
0.441570071011751
0.423130694024741
0.567392925866511
0.554159487694476
0.410543688462269
0.408157785136115
0.480381507770384
0.437411215702357
0.494487137004223
0.371415499224736
0.440330977118696
0.481346744541011
0.600089830114493
0.514737848091539
0.584844855364351
0.402776338955544
0.567245860562402
0.522114370964975
0.552129394189202
0.510022464449407
0.604681423673456
0.548748083999419
0.485545976650096
0.373084306173016
0.332584798670714
0.477405535777559
0.417278240940996
0.540780799766581
0.446552959179725
0.584734354918608
0.551329595081633
0.472743651545558
0.70711385993574
0.627026015268504
0.638599335935972
0.471249741534752
0.527629350086672
0.40510107696135
0.569356276372379
0.534124145229306
0.510909259778568
0.635587526943366
0.574544248236577
0.550700944489978
0.502531408561891
0.653600858564769
0.60315202444357
0.524770472663342
0.508743949909726
0.63946837498795
0.582133795864503
0.626544855737872
0.362816347872917
0.504945721060361
0.700255882491254
0.539742294837747
0.663605223267543
0.57664551453
0.62891885028349
0.61065232021946
0.675652765970507
0.575882901212976
0.62708166340227
0.712476339825108
0.536634228456742
0.554014229060422
0.576427218559323
0.505081130088263
0.526709351656529
0.530091375588226
0.612704424721118
0.628909682565162
0.481808746924789
0.615914909709878
0.498569049548077
0.670816101094267
0.641835901288479
0.530738971726012
0.576868576991873
0.493204693290894
0.532056827623079
0.649938411469338
0.641487904315901
0.587940295887601
0.648642521798471
0.554668910164014
0.678083683855313
0.768580234307892
0.4290031762854
0.507239156323937
0.535308291303691
0.647753148838289
0.640945456775545
0.561975199109865
0.586014468847615
0.620451672711779
0.652258272064315
0.675446002309258
0.759720260040642
0.609448588826836
0.747734237658019
0.488269548932196
0.603898860287696
0.722837178349689
0.704274085977873
0.634091947465677
0.559328248963916
0.742689524329065
0.820464344706888
0.61327177014018
0.812118065527292
0.77064390802824
0.612590505110471
0.689540836314287
0.827805408535436
0.770943863171496
0.63483359788948
0.656133499725701
0.671072454295167
0.653352376569655
0.66018720455802
0.610154017308836
0.712724153902199
0.527412273376828
0.760821209354268
0.834063643844917
0.675308755455942
0.605130658062919
0.675990411638704
0.691843422650687
0.645416179995158
0.637627825118861
0.63822217695776
0.684235892190899
0.60379451510852
0.787127485723028
0.697163388760647
0.672010029009112
0.702410908954976
0.613125648274822
0.561214774455813
0.729678577920895
0.842112474104576
0.774771318963652
0.762295565118075
0.630774697317514
0.788233546243608
0.513678039710379
0.869043049771148
0.751228134506171
0.773823374765362
0.652784241099686
0.63440582109336
0.614681992602837
0.866673599030581
0.644975619486799
0.865204546228766
0.79010329098835
0.721886315202126
0.787788495402839
0.654609726467341
0.749203930408657
0.796463696062643
0.710304063644476
0.698530924047111
0.781017836236942
0.76086773852323
0.728360405927487
0.801477343335255
0.819281597215893
0.791444423678463
0.918482082669135
0.847313767347292
0.853721917983166
0.869317509203569
0.85232704258436
0.812356508517093
0.723356103531622
0.621696672198729
0.904766606879687
0.866942756711217
0.878653509326757
1.0454734826353
0.898304949874678
0.848884889454279
0.792234654776542
0.808711599758066
0.921763821460455
0.755728812839346
0.811559189507268
0.856235570167405
0.970449534820834
0.828242811769078
0.833479707100721
0.725488018400977
0.844837034158617
0.886606335518764
0.881559182980672
0.894534639577171
0.720263189269328
0.734291598167423
0.873317917482312
0.880589674670508
0.943179164766319
0.824306980516169
0.930729189334136
0.862043966636115
0.909084597020128
0.796422375553578
1.00084390779879
0.838470027935754
1.03174660289661
0.776955395101373
0.815965544614166
1.02893808932038
0.833012014512301
0.98591307469235
0.912267534096487
0.843379341352183
0.784142151241935
0.956081887924742
1.04313148381148
0.776225319413699
0.937591042898412
0.886043134071839
0.854708026553503
0.983166065191098
0.990601097798826
0.909950108296084
0.876286350949424
0.908375126838319
0.986062411981353
0.839415518707399
0.838993259230754
0.932555921475907
0.92565432340978
0.823777079132986
0.938253813637281
1.01683363328292
0.928965147080177
1.02460682357148
0.897706138889532
0.839209431941189
0.84515208332522
1.002724983868
1.0028888602636
0.832809401186022
0.923426306242472
0.937141789963952
0.898171789836871
0.904167211387841
0.93228753764757
0.900490647252486
1.07312070214072
1.08282778077046
0.902996670865961
0.985851519613871
1.01812560888885
0.910450983409733
1.07871451863653
0.987405924028531
1.06395191923618
1.00985538851526
1.06151243859795
1.05927713460356
0.911545999303475
0.92540086161794
1.02943995307095
1.01468046629736
0.958162355610578
1.05733736440448
0.938159664120109
0.906006209384883
