"x"
-1.19028730378241
-1.09732532905552
-1.12313346241199
-0.880019307178441
-0.922192534689741
-0.953434688921944
-1.01354824522568
-0.917151711728698
-1.15116689269507
-1.01963492607957
-1.00879872409928
-1.00051762395667
-0.915096310680448
-0.856885020451185
-0.933138381026592
-0.980942616975593
-0.990234623448069
-0.977831632941894
-0.958900610550087
-0.869717266765862
-0.928857491006266
-0.966881678056618
-0.847147369704148
-0.898577719866239
-0.973575792202232
-0.810517770925798
-0.918830435466366
-0.887130494717105
-0.942420489534064
-0.962587737225836
-0.982247138590301
-1.00677910710404
-0.928133695174279
-0.925671913848412
-1.01567563431272
-0.946900802388753
-0.90021977047756
-0.911116696798372
-0.806365597477604
-0.853313369712778
-0.900809599396058
-0.785661295524448
-0.797073477076394
-0.794086954847376
-1.00184034991752
-0.893754509531083
-0.870928195114242
-0.94371818427324
-0.901079112007984
-0.883022739542041
-0.791355516199296
-0.996368572860377
-0.861803174698861
-0.8825211082569
-0.920061316994018
-1.03762436619354
-0.916103526241992
-0.918562365964055
-0.947096243624432
-0.917908195187955
-0.711497725292825
-0.939289450304777
-0.90149015761732
-0.776466667368513
-0.809556654051549
-0.701013960584786
-0.885910421886909
-0.837844166418511
-0.832903336334176
-0.815388356741093
-0.838549309370123
-0.836825143678471
-1.07846163219754
-0.965275605867276
-0.951554476522541
-0.926141220468685
-0.850281554327658
-0.727269810199877
-0.764565240650136
-0.82705135665862
-0.834230724533793
-0.842308854995287
-0.894383861849877
-0.839477108493078
-0.789897694902502
-0.731630582214946
-0.824369119320781
-0.883278149137751
-0.868401403523533
-0.788070072928957
-0.704926093283176
-0.692889333085213
-0.767184696437618
-0.622264257401086
-0.815874218998024
-0.908584530697701
-0.845745535579836
-0.735794509818368
-0.786834452450106
-0.70965239437965
-0.882743518131102
-0.802272926026087
-0.812909895143091
-0.879884800321839
-0.811077641671018
-0.856795815736747
-0.786684489412985
-0.787454569106989
-0.818726400915471
-0.771311633174059
-0.815862852263155
-0.803093036693163
-0.791183702718593
-0.611887909008584
-0.803353824835714
-0.89282443257296
-0.671304376972998
-0.708377691311324
-0.6388753357928
-0.669805493085107
-0.66492959429494
-0.767974306686573
-0.700901341346645
-0.792317216556389
-0.728595133756811
-0.677415266080598
-0.732578450114212
-0.585321535987731
-0.673741744473048
-0.784533664271107
-0.670712092570378
-0.873235861294418
-0.614068916956113
-0.620129588095752
-0.75688555393259
-0.789283031770522
-0.731509117123876
-0.729129674174099
-0.65099230300292
-0.784899482039344
-0.691703161242546
-0.759812158215185
-0.777899700739029
-0.855589424288675
-0.627595822104499
-0.752470352028769
-0.641326949347534
-0.766037530220126
-0.750159677373563
-0.746720025746009
-0.542132905135565
-0.65203996211294
-0.773929675548191
-0.590436250376926
-0.738364000594726
-0.73589310570337
-0.597979523859283
-0.701743541302172
-0.783589484004478
-0.746529557927984
-0.672944467536074
-0.765914294054208
-0.588888310367163
-0.617944124424432
-0.684387589559006
-0.57334983902665
-0.55200879618849
-0.7194517694042
-0.549773172556787
-0.767925941279604
-0.723752063132584
-0.642104869846519
-0.767531744793511
-0.575833977952412
-0.722521750606906
-0.653090822255937
-0.68065353482766
-0.59661382015553
-0.664382988763112
-0.668006333124415
-0.711957656621925
-0.601333758366803
-0.611650954424794
-0.56720936526025
-0.679834755378847
-0.622538643049822
-0.609757439808637
-0.690194737825958
-0.683955071848329
-0.84157604604807
-0.528229062599831
-0.66184501370315
-0.627378929943369
-0.626560393293671
-0.62914670710922
-0.668640627331412
-0.569091716848605
-0.729920099727848
-0.551129252053828
-0.587774221027912
-0.595351842834467
-0.705388713628034
-0.655643660417497
-0.650641292831031
-0.624195070748203
-0.641860756762613
-0.426737698777802
-0.514781535936634
-0.744668574410106
-0.664448427814071
-0.557247000500623
-0.459298859333302
-0.516068171107053
-0.517566623206269
-0.688564047455231
-0.432647068773712
-0.418582899344799
-0.727142425868064
-0.61798266608913
-0.553608221726265
-0.538376843487668
-0.51112764324634
-0.63790659893033
-0.434010031842624
-0.48040329690365
-0.631403460641434
-0.682832986865145
-0.480335947770058
-0.396867770176077
-0.445366977627313
-0.620156850393584
-0.563895881879108
-0.362271073970445
-0.569682783013164
-0.521039425474555
-0.550855363308918
-0.577554769448756
-0.416998329569981
-0.588305720421076
-0.515260153395688
-0.560117275972231
-0.410290716821611
-0.572478365906332
-0.497078068996737
-0.385332918655445
-0.5294777005955
-0.570649584462253
-0.576081129473035
-0.439330890892469
-0.477650610822279
-0.577675190599905
-0.55081416867201
-0.54164897771529
-0.541367507929929
-0.650896109065991
-0.454849449513546
-0.435767453424826
-0.361753305536792
-0.477523685989803
-0.53761407131727
-0.462877273699791
-0.41394902670113
-0.555789858640629
-0.393268750372722
-0.485558664438567
-0.412374368685302
-0.484320338345335
-0.494056368406333
-0.358997753049369
-0.352283639327323
-0.481669587862339
-0.538413366003976
-0.47034646825083
-0.30151412403516
-0.453901747534765
-0.407850904893689
-0.373012509069618
-0.525219157325776
-0.541338904085631
-0.448946224991809
-0.32431730256416
-0.384710857036345
-0.530080117795992
-0.433413769001727
-0.373912029960783
-0.363901417322868
-0.458655097606863
-0.467325069834173
-0.293701175699593
-0.349999601960898
-0.411051663024162
-0.57209802551101
-0.374654967734278
-0.395470885899442
-0.407133836467189
-0.299555503976679
-0.542516974197818
-0.351440936853384
-0.47446368253835
-0.480854077546815
-0.33071953316493
-0.41391895355508
-0.371353295999456
-0.387063368062594
-0.199563552266787
-0.247837213440789
-0.369443489545864
-0.445029056167584
-0.306650540688095
-0.498744799195196
-0.324414234172309
-0.578145802949499
-0.461965806273182
-0.25869663047212
-0.388182026098936
-0.274279364202199
-0.406669920457309
-0.535230023003623
-0.256616749037476
-0.299090462781432
-0.285303492204666
-0.367626289526766
-0.238579105707247
-0.194829648261327
-0.321905453863226
-0.322101132802134
-0.359475881028202
-0.316635715106757
-0.48726078876961
-0.341570584318243
-0.34733701299915
-0.329818969667797
-0.129944401246396
-0.408502725615185
-0.452818146280196
-0.447764893336278
-0.336636347993784
-0.388949914568643
-0.298431419665121
-0.415099052553124
-0.283400778003832
-0.419688177672799
-0.343767168720561
-0.257639243138368
-0.354192245227863
-0.279331679021103
-0.420675915776364
-0.299676884187967
-0.261429183236231
-0.26769525229813
-0.465372062756706
-0.349145292441375
-0.259012428943289
-0.21133009149595
-0.28720723328057
-0.346601694737145
-0.307235696531488
-0.355166635863441
-0.191908799884117
-0.296329203433154
-0.239802916938666
-0.404747991212381
-0.338163574840245
-0.336766567573031
-0.279781447632482
-0.383329654822135
-0.290960791009083
-0.261372582716588
-0.138257768845243
-0.134377689277133
-0.168520371278773
-0.30555399968217
-0.316854988533911
-0.229345990532553
-0.312618227176409
-0.174322691360495
-0.273945087893277
-0.0585665847794606
-0.280935387375605
-0.468799454202214
-0.308496610371794
-0.223928822769694
-0.167526448650654
-0.38724123228226
-0.390952991293638
-0.260696767618467
-0.150434995697118
-0.154705124034193
-0.234581802153291
-0.179059777846635
-0.271216648069612
-0.161480307857122
-0.138985457819453
-0.366137456857997
-0.189114549270914
-0.293245544354885
-0.19291139123778
-0.174955159674472
-0.169739054722676
-0.218810627298749
-0.110342222763241
-0.193796353162326
-0.342911749582221
-0.238622647403255
-0.0823515818199116
-0.341238536939285
-0.160516793420988
-0.20932132866762
-0.00248441136070546
-0.192122898404657
-0.146090671514486
-0.0916517598122599
-0.247405311533369
-0.214078324420201
-0.171345599909562
-0.348085890023757
-0.101228112078901
-0.307419536221427
-0.164269754115039
-0.104381430250329
-0.261377042555492
-0.135473088594591
-0.216570676005444
-0.259287710714831
-0.263620074443062
-0.092814551635366
-0.117426626724954
-0.0330055436312554
-0.165604823375813
-0.0492924052410156
-0.241067096945163
-0.291557991188485
-0.236651527043548
-0.172625964658127
-0.225544883091698
-0.073310165724745
-0.185181130136632
-0.0127520068167311
-0.0645793246036042
0.0442353641440744
-0.0398112291078679
-0.0974492611290929
0.0104636545001069
-0.18702509436826
-0.183856150337258
-0.118488288932418
-0.106102482260712
-0.0186118033644043
-0.193941424099291
-0.0891657750259638
-0.109661070333842
-0.031174800101155
-0.166066908069684
-0.174963008234072
-0.164281017201584
-0.0630281485163545
-0.0781390369803383
-0.0271782888287075
-0.198792198732883
-0.193547107523931
-0.120230089729541
-0.0363107808976477
-0.170675399075692
-0.179753829515111
-0.175705566109699
0.0410162147546694
-0.0858548634794539
-0.0336433029605306
-0.137184365845325
-0.154603464199125
-0.146101213426503
-0.13979002411759
-0.23111448589878
-0.108221766104852
-0.0921937963443944
-0.131604293597929
0.109338703621694
0.0287105265437569
-0.150819294080021
-0.108438665424948
-0.136049093761362
-0.0292354240719974
-0.097511635182568
-0.18728889172316
0.0789492993778756
0.124094465973612
0.0656457433976998
0.0251680495787464
-0.174707110148488
-0.0691113027889724
-0.0552786242794271
-0.0353822183090571
-0.0275989461755002
0.0556934181862263
0.0419498519510198
-0.154338985983536
-0.180121066067579
0.104240113492175
-0.0821116064328048
-0.00179701897819903
0.0396362909399146
-0.107602268630193
0.0638685670500872
0.0492208517673631
0.0247221600816019
0.0334499987468614
-0.103223186054828
-0.185328239153334
0.0989919601985621
-0.101930526098194
-0.0464697435420184
-0.00336648804787011
0.0585735560579242
-0.111210728242215
0.0292723959933053
0.181354498125095
-0.0523777839550844
0.0578897873766746
0.119144098012782
0.0821265008983658
-0.00933235482314796
0.0965196927048805
-0.00824538283741689
0.0438293665281337
-0.00620317139189155
0.196487969187134
0.14761029506301
0.13888901627512
0.0547786038010665
0.0975383333799968
0.115904047643459
0.0604987769433569
0.0278973871920391
0.0979252368801882
0.0485897343066697
0.123659676874262
0.0319242963585615
0.00201172850715101
0.117869344283585
0.00104472017946225
-0.0185956884946689
0.149245899917428
0.099614348065348
0.0410545352968369
-0.0543336151388517
-0.00484485534315738
0.184928680766969
-0.0166773727781091
0.146261699837896
0.00387370054674735
0.0214215618739147
0.100584487506466
0.0217361419003363
0.164560971006062
0.0914205344508085
0.224944346470928
0.0362147540175014
0.176082205863828
0.0240471104651033
0.161684465267123
0.0437208586473135
-0.0998842342437891
0.120959924488209
0.0817804806553765
0.208997509156227
0.237278855444139
0.22932428063322
0.0141128797856906
0.126919935104048
0.238259104665702
0.133927816412557
0.121936110310127
0.109886683818849
0.0862722713535869
0.155673158791442
0.127372807637734
0.0226560401112402
0.125725410619728
0.18220702858738
0.0838257126675316
0.333873210980201
0.0203702771331615
0.204665904040918
0.211244851025573
0.156433873250012
0.112244286991326
0.20259786398305
0.110630969947896
0.173255007233263
0.312334840895474
0.308365815254648
0.270278046582218
0.126002184984489
0.0805485014266908
0.12206373340378
0.190179129075886
0.105579228999922
0.215140932131796
0.149295664680809
0.301890795520203
0.120486420459479
0.0716960649939601
0.212774067877895
0.17554740821927
0.383441478869951
0.317523330976643
0.19993407096267
0.340852171605363
0.234355863807255
0.24050861840367
0.238696203368464
0.228146824852167
0.201202476011786
0.148505378369207
0.263255395714606
0.306283383138741
0.288245314609467
0.227124543955968
0.371549274779257
0.238827279273538
0.351526198274963
0.204683781305388
0.139517697389346
0.246857700454913
0.293408153130243
0.280258094859221
0.144422486719763
0.375933852097887
0.229632026167543
0.305987513167277
0.282923930360113
0.101899836662223
0.0883322358796367
0.181808909285274
0.402666850981769
0.280106666608258
0.268609368406845
0.303849920314883
0.351584289824406
0.229293604985029
0.0921592760164202
0.382943177326533
0.308855367053761
0.223582875576227
0.379952913758293
0.0538857882383572
0.313521017057084
0.194594569925803
0.230056905861613
0.283373939770675
0.298010324313994
0.278155478836419
0.386844946672487
0.32125710618301
0.396711894121234
0.387014818754811
0.440486975827836
0.219677770450961
0.388714684761889
0.279857910239007
0.347758706859046
0.183922846401322
0.386501676115526
0.210055403781579
0.508662907364112
0.467504284029986
0.275655866990913
0.337079412229079
0.372499628428626
0.371985412048568
0.230972436486225
0.27422295245177
0.30262826824267
0.314234934964833
0.417478984100292
0.370370554776356
0.26479126928151
0.481702365587443
0.452649667370349
0.424382058766491
0.485990504705088
0.483230434723482
0.348545502088175
0.374087602453399
0.550697160036127
0.186121766713508
0.348559187945161
0.421425619895344
0.283632800244245
0.292353377377902
0.240000078855943
0.520794254557767
0.393701580311702
0.303284596411471
0.475813458292035
0.414854066234883
0.395844562466889
0.38333237052319
0.43135820569357
0.336296594961715
0.485234553042036
0.41703502421982
0.44769914287941
0.402389954323351
0.45438023156175
0.375100695193642
0.385419253172099
0.443939031923971
0.379625400525473
0.411069417920318
0.41499875583382
0.293098256307373
0.395306338753782
0.399636862390687
0.485287601028923
0.386024711360771
0.461815501938951
0.360480998100312
0.439852641049218
0.434088399020708
0.286692672479075
0.39571425708322
0.55246583691082
0.482116431268645
0.5740778059228
0.624991520959552
0.439150583600125
0.455977189349933
0.336369821645896
0.540416043090936
0.485333628420004
0.36877635003743
0.554038895381104
0.526186896748435
0.483159409098029
0.602753872019426
0.423488710026718
0.522458694788742
0.521959669555441
0.581258139535112
0.434896747719426
0.568833239198046
0.422075576671528
0.56907657714678
0.400093333295969
0.393218399312068
0.441927757950825
0.742329342563699
0.496351979110911
0.504441754727733
0.437359193967132
0.50800073862633
0.575856389953048
0.55930222800049
0.394651185206724
0.60100439035763
0.684268071379199
0.442019364099988
0.433880020052394
0.45009762575425
0.391549069398426
0.533839043185337
0.555134062447737
0.467165560876081
0.527247922766601
0.504491141117611
0.443453390985968
0.435467813727563
0.538948082930683
0.52034839326028
0.607324701283351
0.632853560174439
0.624888706156553
0.386518999740162
0.50662543415278
0.579256324006059
0.598649560269343
0.59218405570356
0.421028758338911
0.562576442931327
0.622247914886934
0.623813016050563
0.564843900694903
0.662866439583672
0.567117598820381
0.535532959467569
0.618801477848042
0.580943471788201
0.663077029494534
0.566039551290161
0.604408312062049
0.384211269190609
0.464372483277773
0.60273755860695
0.541884178849076
0.612531393939767
0.528591650896464
0.582215979084467
0.525532077255992
0.542463762521464
0.629497944334813
0.56569483123143
0.458073546197316
0.826727909069652
0.667341374309004
0.58911792948367
0.580394061754794
0.708045929566028
0.512817136761483
0.718033348407732
0.605940685088747
0.58646745375598
0.604439124238257
0.642891218320323
0.62164931296355
0.639164439423307
0.74541030636144
0.5492901764608
0.73572639695233
0.554731001091769
0.608875031373808
0.684719284759509
0.584961585488882
0.570044214767231
0.772226425082738
0.735552129297271
0.607822593393017
0.661444422644826
0.666475723133008
0.712729645662871
0.709287018759175
0.665480159937004
0.761845724247274
0.776140231242875
0.731062192940985
0.56492074301184
0.613891450921007
0.692553157452821
0.747253067330383
0.716629449787094
0.669084921009116
0.538035313810743
0.613062351570091
0.775880667014116
0.622980605861081
0.73836735197224
0.700876200102301
0.810164725887277
0.657375708685515
0.621831828316505
0.570791777529325
0.762768347763583
0.763941730184872
0.615334810291043
0.676529126224451
0.683289971101784
0.694914296659424
0.713200586774541
0.641547408192004
0.752032991772005
0.589198196898114
0.878823927139716
0.629841221359867
0.55458644258513
0.785361679145325
0.73265845603851
0.773403992010145
0.675454944848217
0.834179191651222
0.704703469626905
0.736056351257206
0.691529937105888
0.737845974637075
0.719132388697557
0.841774059401033
0.875651227944205
0.883328976280787
0.740352204800328
0.668464942858872
0.570765287945559
0.738159626442961
0.713457707270057
0.821272551881683
0.74917826265968
0.691570307733663
0.883119498220449
0.688990535662622
0.866226677151749
0.755564751481308
0.678562125710345
0.830215091160335
0.714788142471806
0.952431416285342
0.759582506484365
0.650391362243692
0.810350970102204
0.834625468851037
0.712942210059379
0.788975216146849
0.764373786608347
0.849985252522222
0.738458398464051
0.802580096967934
0.65639966710454
0.63371826661363
0.853919251492105
0.83877891479611
0.822867023149272
0.868824636915376
0.872269957534154
0.912563969959657
0.849914163865102
0.787782623003624
0.912773258757393
0.959857276532939
0.780301441894835
0.895504946843684
0.678725643686553
0.759913938081301
0.84514729492519
1.04109366548695
0.76022050232577
0.879110139036044
0.814396436828463
0.682642083809453
0.865313439205302
0.929550511115699
0.801622466328448
0.769738547823053
0.868476344756658
0.88701767778184
1.0207556261376
0.886559239534829
0.902373217470751
0.911007555619285
0.98505963252393
0.818396714537502
0.86605740248405
0.956784468698937
0.752754049331197
0.965778254315116
0.952138944809825
0.703500166776335
0.883943457409835
1.04256905059743
0.897072323133313
0.732692672126639
0.950726146882464
0.80301379031188
0.907660859966959
0.880120335882783
0.742157060602644
0.875780507899107
1.05643122760232
0.842668041975692
0.841590168378473
0.971059742048096
0.955537697643757
0.8792083643495
0.963281761393712
0.888722669590824
0.89474142090824
0.913387545415629
1.02390771637601
1.03016194220168
0.854187022119876
0.924381851723424
1.07681656134568
1.06811415061304
0.996513957847483
0.994066972745825
0.954425811910709
0.826232340889227
1.03370434218147
0.989435925134047
0.902034010805108
0.810282710614706
1.04436694188176
1.00474620605399
0.767570354517595
0.751971265380183
0.835906212627838
0.948190209751842
0.847822209369454
0.966124550118528
0.83886162671045
0.958245017096066
1.00534912720859
1.07817859731712
1.00876422806936
0.98666213021489
0.991439252968526
0.970114510091141
1.00921095787059
1.04233896849619
0.972687380151967
1.04104584134599
1.26136212230373
1.14343864826454
1.00001054567733
