"x"
-1.10654735115149
-1.0314943165661
-1.02782492844295
-1.00378193386529
-0.914497893079693
-1.01312355651604
-0.896190933048885
-0.944887958519885
-1.10980527599587
-1.07312445812102
-1.02238647807535
-0.980258979709919
-0.920054319437536
-1.05908502689247
-0.906381429620029
-0.97206462917163
-0.912669117398341
-1.01038014106369
-1.01545976063916
-0.894506491326621
-1.09913231466756
-1.00159207830208
-0.882068681615917
-0.874635208218673
-1.00923539871928
-0.903230220994198
-0.896572590962039
-1.02398204499204
-0.983089391044442
-0.93422401478105
-1.05173414373007
-0.865890785248794
-0.886634762696556
-0.806910967165319
-0.835129042710046
-0.904881751913527
-0.798421875169731
-0.920766100311752
-0.856017217024157
-0.953722234829883
-0.889765342830794
-1.05958096387569
-1.06355393479768
-0.962292096558033
-0.852992408510685
-0.941088137561851
-0.974336082913714
-0.848294061592722
-0.801444337389068
-0.92054389920395
-0.880645710456278
-0.890929722291854
-0.845547591439227
-0.840490146613958
-0.862727698197549
-0.836222396756356
-0.908831119498455
-0.834860620322064
-0.992441791286255
-0.942733353538988
-0.84264034413989
-0.899376033180383
-0.916467868491863
-0.825500833376742
-0.874665366873964
-0.930156147858876
-0.922252322719276
-0.824214747501904
-0.887164112416423
-1.04178351982372
-0.947680763051503
-0.904378874161654
-0.964873138301291
-0.807254185747114
-0.837917125075954
-0.885590734986064
-0.874620496886444
-0.913123868257456
-0.889849748869586
-0.669646445542356
-0.883269058336816
-0.823877367970778
-0.834032811384479
-0.867222144189455
-0.89353605074095
-0.831925466617889
-0.795658046979199
-0.874614068653297
-0.804890408590891
-0.936638760169512
-0.798933409583827
-0.739652282820837
-0.854008229699271
-0.83834698159494
-0.761609328634453
-0.846329824414282
-0.833448956810575
-0.731483224251284
-0.770359086363811
-0.698645693951177
-0.862965799234172
-0.758551728761062
-0.744484099606918
-0.693505240923394
-0.729989523466071
-0.913267863254382
-0.631524009135163
-0.686966237170544
-0.732527990042351
-0.803620105596402
-0.84370838445298
-0.872327582354212
-0.796436092844514
-0.837622128379959
-0.874796026388203
-0.841404126724933
-0.88774303973374
-0.59576507870526
-0.783676340063403
-0.736591948977512
-0.754392528432116
-0.880533952147968
-0.815139764088663
-0.590179380916221
-0.473832524379194
-0.657631423664002
-0.691369982638271
-0.739348248177918
-0.751062074152183
-0.816883887752272
-0.739898169443391
-0.733909443335721
-0.750900325194435
-0.718223076835225
-0.654306996371938
-0.807999075398288
-0.7962354227413
-0.813215864564692
-0.569961365452749
-0.695965191032817
-0.643181781066146
-0.726490415156131
-0.688732108529851
-0.679234394364851
-0.618383620762933
-0.752963403922295
-0.786209486474817
-0.772052828611674
-0.648731463854883
-0.588152206436014
-0.558150772743379
-0.653862366890961
-0.685733568503477
-0.594186554346843
-0.698712155588691
-0.690639987580427
-0.84484843619281
-0.759254525244014
-0.553834239896308
-0.677764889282055
-0.704454715523224
-0.701874032667044
-0.792307466124251
-0.782999078513258
-0.650265456089094
-0.803956026868809
-0.614089948579935
-0.538795447904586
-0.685669110161856
-0.537840514879276
-0.633300638678829
-0.61872174018146
-0.639146599859549
-0.602394763493746
-0.650408121684399
-0.661905855707695
-0.534873831395907
-0.584811225695655
-0.548063564155007
-0.762249110849025
-0.68411668639697
-0.685617404956797
-0.645723554873933
-0.621740510001238
-0.579276741145495
-0.621498270022102
-0.628876939353222
-0.691503232783908
-0.529007670827761
-0.690829942629833
-0.608198762976121
-0.601691753066966
-0.612731955853741
-0.473338152235425
-0.57636676349001
-0.630613926214049
-0.609277975898315
-0.638411185681182
-0.677444222894887
-0.549221403074665
-0.561170234999682
-0.597453353544595
-0.660942473729045
-0.628529668921541
-0.492483859320301
-0.659410545620433
-0.547409514618492
-0.567336095491717
-0.448422152542431
-0.553036046712953
-0.605437163582776
-0.50562249326908
-0.437761736831687
-0.498018253887777
-0.560826678255805
-0.483092654367419
-0.374779877153996
-0.533450561407744
-0.571783673896706
-0.467622576817983
-0.596082558823318
-0.544796484704982
-0.696251827134956
-0.559707948911134
-0.563603803751085
-0.431836897935608
-0.478216638576923
-0.690357527590463
-0.432182361384231
-0.535585397170662
-0.53269429261078
-0.589773687698289
-0.455710906364012
-0.578109577894944
-0.534673818717098
-0.534837578078847
-0.361303246099593
-0.431845730878127
-0.538664655831567
-0.517916503097766
-0.49807480055024
-0.530014880748112
-0.657243338568413
-0.540399455510024
-0.443361422548166
-0.707492265112746
-0.326573524041758
-0.59054870771533
-0.486802827821921
-0.55330026995251
-0.394328172173952
-0.649653530383646
-0.34640469660736
-0.705957312324168
-0.608748552058516
-0.472146400727848
-0.490940201780658
-0.518864595788414
-0.469194740145632
-0.486052997567651
-0.41125397207244
-0.518691594378445
-0.474248431772289
-0.283621761255916
-0.530197624579572
-0.624917793269972
-0.450918442369001
-0.419624696560117
-0.499787100173068
-0.478220821785794
-0.304561438385774
-0.404074901016399
-0.545579062066663
-0.566452397295679
-0.368619606777768
-0.358900187642336
-0.370696704236793
-0.405455897535234
-0.590802864541452
-0.49885587852321
-0.521842097481768
-0.300707794481861
-0.550948731000188
-0.373003364535433
-0.354633118269934
-0.303340251881861
-0.314538294122235
-0.653403188079917
-0.364981567286168
-0.535858005836415
-0.679479963110017
-0.341843062031025
-0.559648096745497
-0.439129176236183
-0.438237527249482
-0.398097769149247
-0.407249813033002
-0.450140481273322
-0.416486145401485
-0.313689247013101
-0.330825625782071
-0.538231688651285
-0.430973892274259
-0.500138639682762
-0.497855093242648
-0.38718018484911
-0.357475167462381
-0.309588874482771
-0.452183583218552
-0.297779029046286
-0.436286256355641
-0.38581280268596
-0.376856835958559
-0.433696364585459
-0.313838145215918
-0.459465982716117
-0.247676243848302
-0.23865427380454
-0.318470750973757
-0.445577089560312
-0.346094167092734
-0.435016531944162
-0.424452735174843
-0.351426890767415
-0.473161595486986
-0.300643230504974
-0.228086200994456
-0.291550848649912
-0.394792938087602
-0.31969415003612
-0.343391924627205
-0.343154648072102
-0.308519141404742
-0.141359366665217
-0.386724219217292
-0.293394840511827
-0.316990560447619
-0.409512645887935
-0.542800799181617
-0.356540823555905
-0.438137518736731
-0.172920988417777
-0.331224214249697
-0.343828448318628
-0.227066379971201
-0.13982281957113
-0.356782903187852
-0.148516114752459
-0.394197243466055
-0.28591342476535
-0.311376232494447
-0.424228481052267
-0.0971460750657548
-0.197687637733223
-0.3501173985904
-0.317310272719853
-0.326112582164133
-0.356714210065428
-0.307777420491932
-0.313105978200428
-0.262118368065256
-0.397494893987739
-0.00659138162381806
-0.401837295425453
-0.203714608980034
-0.334232349424398
-0.292430640027063
-0.103006997238958
-0.340991209334247
-0.293050733075186
-0.267525990648764
-0.130301054005842
-0.194715744928873
-0.132475936298064
-0.198133896561786
-0.184131667527432
-0.195310010046175
-0.245382398150566
-0.25316247890072
-0.45330985351018
-0.243982818352394
-0.295316676060601
-0.212058174303164
-0.0565060321660659
-0.331118026435158
-0.204304717036404
-0.323685038612104
-0.253045601267216
-0.274035789314938
-0.318424937097263
-0.264023402386725
-0.0802272955828854
-0.0817180084985251
-0.189956385740816
-0.244945525590401
-0.183018678420269
-0.273987961232033
-0.316960899875219
-0.167295810819306
-0.280376941023156
-0.174247893076975
-0.287826954462845
-0.125971534215334
-0.342938353381042
-0.183955747284836
-0.212238160221825
-0.258406554983105
-0.158963738569214
-0.220442065107476
-0.136616787824331
-0.168302381273222
-0.0914691099753845
-0.01625651955159
-0.177009086165296
-0.132335998940312
-0.0296408724100479
-0.214412696027346
-0.231718854589011
-0.18364771844074
-0.189240030875355
-0.0597182343198515
-0.23769093511152
-0.150470436882767
-0.0611585678422158
-0.261369813874649
-0.195558306002215
-0.0773177175005513
-0.0608662788422829
-0.14138916082298
-0.152383694740628
-0.1318801063198
-0.159333431029822
-0.29178316589368
-0.110528545564511
-0.0814767740586176
-0.179018165832233
-0.217970065828637
0.0247639372956278
-0.182188358078579
-0.17349398721379
-0.0642033285323006
-0.0917552974877999
-0.022600377585559
-0.0036312810112738
-0.145346074840623
-0.171363540799484
0.196679542748921
0.0166708118793793
-0.0687045707449462
-0.267708611274793
-0.204746624652924
-0.248457422440088
-0.142308837432802
-0.171374730326351
-0.0767333291989128
-0.145662493200828
-0.042128001558379
-0.107592636384229
-0.13918884411622
-0.116135644292487
-0.0449264746781154
-0.0262205288239165
-0.128799934977986
-0.160828712586913
-0.131588722140405
-0.0324869119362421
-0.0257049762936549
-0.0847601700937216
-0.00143709195474115
-0.117132546762437
-0.0402577080896594
-0.0662605543619478
-0.151225595450053
0.0469880471607295
-0.0621465902662631
-0.110630355494635
-0.0556319887932787
-0.021740701034692
0.0337227974707127
-0.12117569551129
0.0559830147696185
0.142079580264282
-0.091490717331548
0.0926409780822467
-0.0620319162319399
-0.00646420658470674
-0.0642479926394422
0.00990863220347883
-0.0548176762578341
-0.158981425093655
-0.0017041517024562
-0.0662317072794696
-0.0651911596373683
-0.0305361172722685
0.100129174655887
0.0843862734706233
0.0121233852622118
-0.0751277259569723
-0.0326824547578341
-0.101160010134887
0.0136071361426175
0.125184805302776
-0.0150541313546164
-0.0220199949265794
-0.127951331560867
0.189465938126242
-0.0859011652141098
-0.19815088187334
0.116204163621049
0.00015342532640051
0.0529832886937611
0.0875130303644186
0.0379254638928387
-0.00606834536241379
0.0275656764480961
0.0638059342469289
0.114232203518763
0.12763782435152
0.0817692010598907
0.0118331230465682
0.0793505278933101
0.0762072944413669
-0.112505820471545
0.191616159271923
0.050474554945707
0.0205893007529775
0.151775151598431
0.115726069750159
0.0453315731213172
-0.0122006919641476
0.0976025152985604
0.107503499877588
0.0944800205702375
0.0771577459378902
0.203478456395046
0.011387312288425
0.042840821983265
0.0254645008306864
0.141748318153256
0.158516105177602
0.0956848479849358
0.241599961779921
0.125764829779679
0.0213894775266264
0.0631588134942541
0.158247463565657
0.08196174391278
0.0524331646257584
0.0100092532260256
0.0585064718277002
0.126595726368142
-0.0111141231121728
0.0802815987858465
0.00122814667272291
0.185427284092273
-0.0577840515106002
0.130215414762025
0.155083145146066
0.101958872813302
0.273679171683995
0.29316427004501
0.216902553067436
0.160489192286948
0.125651657259431
0.0508525687800627
0.191573040812293
0.0552694133981864
0.04920344623759
0.214180860138244
0.0347388693010431
0.164024236950275
0.145308747978026
0.0550632847916978
0.123023373520383
0.193853795307069
0.0578106604279324
0.290543929999104
0.256492617647733
0.139517523713904
0.115130833414618
0.10567535700172
0.0937076735264576
0.199587182184733
0.176276577883778
0.154096633473571
0.244716210543352
0.0712523601983273
0.358018352820442
0.228309235088266
0.159039314780252
0.19334278336027
0.107315908514694
0.208008614869132
0.288740720304357
0.05524594549155
0.25050017362041
0.19787155263112
0.0498268058651944
0.152459479982328
0.115812384431628
0.256183248564038
0.156368091993666
0.271026126602307
0.27481071627891
0.141333457199317
0.415598050156927
0.289321117604737
0.0783356890271713
0.179857708624146
0.112286695155992
0.227377302066429
0.277330514919265
0.239821559567251
0.314012316645311
0.333579387874888
0.255122956380599
0.283793374367764
0.319820303858489
0.243971193964226
0.138532921624595
0.173857966097052
0.248869465858086
0.183114091453951
0.306060628834891
0.287328426420692
0.312834474065408
0.261943679291915
0.263797361607159
0.2506432904894
0.346159991280369
0.302676164044769
0.323496358974869
0.287942635028216
0.33184550813156
0.310084294900443
0.226350543406589
0.321918954081249
0.335197291813901
0.242761465214536
0.209130733208361
0.279599576984662
0.353137406620743
0.377059904803793
0.447417602305624
0.272189828712592
0.26311902439918
0.282585040419744
0.39759427974622
0.296781648432614
0.167538263953935
0.346795945401279
0.203703783548388
0.27532438506606
0.242964637797101
0.243934684952785
0.364441127389652
0.371488294133639
0.46698136960786
0.213076826665379
0.328381676055129
0.291790927873731
0.300681851368505
0.268601327936327
0.247378485458509
0.225104154746268
0.380713871918697
0.393860155697372
0.215909695211399
0.334531983935211
0.231175186631942
0.238890288997015
0.196139594435487
0.270326712640637
0.428813025124755
0.357444264141378
0.366152791542625
0.304991661403182
0.261211484167994
0.456564260335115
0.426045404205031
0.574584954108739
0.518248469025126
0.310719094826553
0.409747291515418
0.483930597779095
0.35726467865128
0.417009896918242
0.520483074542282
0.283580723684349
0.329211698924105
0.456115263085029
0.337675340249855
0.328695468175374
0.527683429677639
0.398689317450634
0.274238416125988
0.231359899043989
0.460865629039706
0.298867066998499
0.322341088474023
0.378265401618422
0.303116191532674
0.429097316356859
0.448638177386683
0.350317652096861
0.419584625034588
0.253258927684466
0.420057252012517
0.335555837252443
0.529897215109714
0.454492981658149
0.507647812706416
0.413703971166767
0.386047079181461
0.254180669482764
0.427038188298921
0.534036324692356
0.394086659286792
0.362965257552284
0.44384842879662
0.46788244697437
0.466522218429107
0.353247378075006
0.491838132912033
0.51060858659795
0.479125940040148
0.289359856340586
0.448367599984809
0.428907562344813
0.586485532471719
0.550710717850484
0.38489897460636
0.417556635838085
0.472016596052037
0.430466938308073
0.494784892826093
0.370807452689904
0.455955291494936
0.479219522079585
0.592306569630256
0.509287623712168
0.581960203092448
0.415784932903455
0.560334819385622
0.517945596745072
0.544560169860269
0.465414034985389
0.603530256267059
0.569874475228136
0.507635540646232
0.361115154497857
0.344688164269212
0.462957946261194
0.413631097060367
0.570275947836566
0.431245382299369
0.587981535510388
0.535625369524606
0.490643453923213
0.707585285658562
0.62840687069661
0.648437481996554
0.471081078370502
0.543907455437695
0.424458877018325
0.563496815419606
0.534219452939894
0.517945781613045
0.612215853619826
0.616023966202836
0.537061727608533
0.506789208735116
0.655601404039981
0.624157953236372
0.534091958434936
0.510122608404363
0.654891719471374
0.584266210399343
0.624076551572554
0.383941894485432
0.530936716147809
0.698727094972252
0.518156663643833
0.651586183784643
0.591147301249458
0.63189446412256
0.600842846542387
0.710355938825469
0.608246119996776
0.635444845813928
0.707279842173704
0.529629971830134
0.538820645443939
0.586922102109982
0.50212785510062
0.529466331490318
0.532898418241928
0.619839934873416
0.635154979978713
0.492802770581681
0.617192680050387
0.501022342671915
0.680473233541643
0.649198335634761
0.529097263484385
0.595175742895001
0.481016912308917
0.540618204379437
0.645191226714961
0.651339768906637
0.568947631190243
0.661208301041894
0.544649790104779
0.693535747949692
0.777828685009021
0.419646895815845
0.516719721105831
0.545705544874454
0.630256466660266
0.625362729105128
0.577187771672297
0.582598910595616
0.636021868251263
0.657319257876145
0.682485491061327
0.770791139017461
0.598407088636561
0.748554538719533
0.496293703893157
0.603180143336073
0.694156142533986
0.714642402538638
0.608297095939933
0.553939451936523
0.749918368310839
0.83165519698255
0.617163870575094
0.837830952856449
0.763003305908336
0.621979297690214
0.692755883000504
0.855416430305822
0.767062700124361
0.625255150637115
0.643553410420851
0.675293543445751
0.666254090329547
0.643468474211155
0.587252648783595
0.732337304674199
0.524853252006054
0.774931856678676
0.839681793856002
0.686832233216788
0.607543550705178
0.656930172727728
0.700019773440836
0.655614941442899
0.639527117036406
0.613553617934018
0.677248809377807
0.604739984605859
0.800605742237122
0.70224920889346
0.667252610982766
0.708798274568061
0.611925298218957
0.54719446875879
0.728205137887836
0.829869376190708
0.794004885844902
0.7616962356356
0.632139092445438
0.800338951046866
0.497866300434491
0.889889173358789
0.754051066501479
0.791692435593131
0.638665067800214
0.659427657029716
0.608563125332839
0.873060351440023
0.651978715838303
0.868136197628656
0.782993199431827
0.723172182764582
0.778867677734088
0.653635031937998
0.752443018536956
0.800680140086084
0.71966990356547
0.69562234063519
0.801255736078884
0.738177198077404
0.732290960298697
0.793788875564338
0.8196395973782
0.812839864478384
0.905034670000032
0.777842017936009
0.864343532364497
0.865978245562431
0.821105148489221
0.796329301122654
0.738432706921722
0.634337415317842
0.925840464030984
0.889398447517119
0.893304364099298
1.07032146199172
0.890620286199906
0.844718005713972
0.781804867131686
0.806324304849448
0.93363267975671
0.758153997289885
0.790953395059377
0.868271601425532
0.95082163888878
0.853940356314209
0.845514647736563
0.734563518928799
0.855468916129605
0.881379522556372
0.865814819594446
0.885726446403808
0.734022720419862
0.744368729924562
0.886981857753257
0.891145698690451
0.973970158074555
0.816103351493737
0.952454324546351
0.865094288381848
0.902548204787306
0.807975580606629
0.986828480901176
0.843464072094478
1.06722593842479
0.766170377428575
0.824047953344602
1.03130134374512
0.819473361380441
0.995216552672117
0.892487837209463
0.851183854262706
0.782075541228106
0.960491186460216
1.05740098460821
0.785129199506164
0.918299135427981
0.870589960665542
0.83486103261092
0.968951010145293
0.973174316129676
0.92704627787412
0.862967128917734
0.880323820623663
1.0149976099481
0.828496389498385
0.823057850516202
0.911878331641675
0.941011782283651
0.833736850951823
0.937924582050863
1.03559527954595
0.938530234096972
1.02828461507743
0.885841426283594
0.822382817190346
0.847877596511509
1.01270792285118
0.993785943242424
0.830093145807922
0.932344932748721
0.943635708753813
0.911814282434781
0.903396508324609
0.926107994092008
0.901274587807187
1.08752741971376
1.08428052929158
0.881745310895557
0.995295638372046
1.01865944895553
0.912844549321446
1.09508232549518
1.0217240740945
1.08974891195611
0.976899142867449
1.04691585160673
1.04474136734435
0.900509570937513
0.941159243606078
1.04347331780119
1.0157687025324
0.936287141889051
1.05543786927789
0.966746026248785
0.902119898123367
