"x"
-0.949123985539344
-1.02032913230113
-1.1403948931964
-1.09628215095564
-1.06707670521543
-0.998824662704511
-0.935329142630137
-0.896814637023341
-1.0499425105368
-0.954107697196439
-0.942187635839816
-1.1044544309745
-0.931720553123568
-0.829952324904934
-0.807289601447435
-1.01345247337044
-1.07043462367668
-0.920366826026947
-1.01557714882196
-0.811264620710912
-0.824025522832169
-0.891810708728189
-0.965521032078344
-0.974962299006211
-0.854486223252268
-1.11776107098995
-0.945773171322743
-1.11128840619221
-0.949666902360675
-1.05185853100626
-0.921997599473
-0.880989884512233
-0.960169066160268
-1.01440610803335
-0.888814888675656
-0.994227980417445
-0.893357710531287
-1.06820480135365
-0.86612727230266
-0.937507088737347
-0.965367482480913
-1.03870892955321
-0.952635152513018
-0.981793338187886
-0.888894452798367
-0.946861541897959
-0.888952553036741
-0.679805461020265
-0.870529267157439
-0.941930858356162
-0.99131686600964
-0.893706769973627
-0.826346872543686
-0.818846745496642
-0.884723123510643
-0.931538818130899
-0.837138154329562
-0.882484357406731
-0.888670927531935
-0.797480433780288
-0.869639799732401
-1.02166475906313
-0.907861441533631
-0.834097096230528
-0.898192675772454
-0.873743419912539
-0.801644930161561
-0.876401264284463
-0.841067729212358
-0.968104693703252
-0.730834637300099
-0.730235712005786
-1.00122089429819
-0.910925762876537
-0.781468304380193
-0.87532491084603
-0.966663409639359
-0.742882213610082
-0.873500617012724
-0.802570192198253
-0.820843511634415
-0.777780832687363
-0.960940290755553
-0.744104802343229
-1.03588957795582
-0.80807258912571
-0.997314132060741
-0.846978212145582
-0.734373424667697
-0.742359087734053
-0.779250096956938
-0.81437116049898
-0.833118778678075
-0.803381740238332
-0.804219505119451
-0.798209901122948
-0.755965480203763
-0.695242221674593
-0.922839897444964
-0.732464972323813
-0.758065277025195
-0.81345822514123
-0.60575819008866
-0.660657206847301
-0.780272428750831
-0.785084469458267
-0.728584935618184
-0.680517584726648
-0.837990180378423
-0.727814652911605
-0.582530085047923
-0.842586165633248
-0.830839650219266
-0.768591843547583
-0.85733607126201
-0.852035727496967
-0.756709726880793
-0.779158293903251
-0.611363650380818
-0.760918060680619
-0.653511173083184
-0.893379568754931
-0.811607927148342
-0.847824998393568
-0.864143386937099
-0.690655969342394
-0.8499575383612
-0.748412828108735
-0.816294545346662
-0.6780404682661
-0.682219683513056
-0.755678794876129
-0.65342672114126
-0.830796813172545
-0.731087876375024
-0.772354464227092
-0.687722434893546
-0.801887502544103
-0.648535378830759
-0.643221071673913
-0.62572147537376
-0.561022522016196
-0.886506385899418
-0.552469270177331
-0.641905943012969
-0.755812901505746
-0.748148717700746
-0.694817282573348
-0.654594378849187
-0.63520602371763
-0.571890353991118
-0.59421524229287
-0.644159377088416
-0.781409923951967
-0.732935757184192
-0.63838151788311
-0.698398024917054
-0.608236586490958
-0.695256429818946
-0.661333673868537
-0.774523070581842
-0.625481363990506
-0.66471612722285
-0.55456315481809
-0.579251683594874
-0.728100617870602
-0.752934057819094
-0.625631263540427
-0.747244338111753
-0.725776939038363
-0.610855609336061
-0.629597186818972
-0.530803315555721
-0.68158026555626
-0.711452436665673
-0.658284856471927
-0.711316297383892
-0.627717984357437
-0.788263511516235
-0.634630867605855
-0.719517868949819
-0.626403652393267
-0.632159134174177
-0.666280191923066
-0.681038282476591
-0.601518755446359
-0.61985610225059
-0.574638811859997
-0.633688677803457
-0.743946056365298
-0.645428424136684
-0.75125230157182
-0.495894110740126
-0.616376326507906
-0.633807621353466
-0.604215343005075
-0.666343578500461
-0.576028906056267
-0.625799558199365
-0.678809533707303
-0.703516673216125
-0.508986699811194
-0.555584623036146
-0.509157881238282
-0.668206539359684
-0.637816512103854
-0.381191660747196
-0.588299984152256
-0.461970699342117
-0.34145002479684
-0.511723544562555
-0.518895567968549
-0.632250220605498
-0.53832352988108
-0.624945514049185
-0.52821811409348
-0.350650960227654
-0.509341736847519
-0.737808600388351
-0.717419589357572
-0.623077776490938
-0.576761239151064
-0.400271173519849
-0.795225889503479
-0.688429961452243
-0.614812288569243
-0.449502879955128
-0.515636542035031
-0.377004678787578
-0.582884704477084
-0.657807870121798
-0.664538729208664
-0.609224075473025
-0.585210033757728
-0.542789291140184
-0.436557451379018
-0.710226982311226
-0.434366078152293
-0.536418205266856
-0.487976137475899
-0.531994987890739
-0.587219232125989
-0.511468659129398
-0.599268428367278
-0.59461202393914
-0.351423387143912
-0.524831097434209
-0.432016319233066
-0.41781187009918
-0.660590420682344
-0.383299291629132
-0.478682394753661
-0.409446388162279
-0.38594361275069
-0.644523671300655
-0.479112964350382
-0.481515067904941
-0.484782900787992
-0.447988048214678
-0.384236227461827
-0.590420350429214
-0.52870986610258
-0.251050851738826
-0.544225191513822
-0.626735972542033
-0.553735433976454
-0.403451142835218
-0.519921642202572
-0.547414047572996
-0.465493458034593
-0.47881880515843
-0.357852723941698
-0.396676064110565
-0.413362517823108
-0.435475224909942
-0.644836178940774
-0.452510393254075
-0.469155637450632
-0.441031757431199
-0.459305588864414
-0.440866234430125
-0.437922210755944
-0.479589529986894
-0.420386636200836
-0.462982021825926
-0.495210560173186
-0.36991830015602
-0.438519917127022
-0.349262962681889
-0.645613105399865
-0.48141652404657
-0.398273098157384
-0.596442387112332
-0.441454877852489
-0.384154245910861
-0.440727460352525
-0.440538767682206
-0.454131484651577
-0.34764570501781
-0.535165463396379
-0.462978894053238
-0.452273298198743
-0.33255238817397
-0.429322151074222
-0.241079540451861
-0.384817615653231
-0.557112170575619
-0.183343981604018
-0.348520304182185
-0.295705543434143
-0.339604981211204
-0.350103394339528
-0.386820634498733
-0.234806728323677
-0.40249086039541
-0.34766571866497
-0.337369478409316
-0.190405483609821
-0.462884039664145
-0.403983108886842
-0.303665732743489
-0.366176225639438
-0.311669702019656
-0.419065281505999
-0.415526367946221
-0.41772653243742
-0.204970724825058
-0.295277279642161
-0.384569957096834
-0.471198424446659
-0.196755604692591
-0.214373464128543
-0.300375970040431
-0.27717866006433
-0.276207376590352
-0.36912313580227
-0.286482217034834
-0.272840105830746
-0.308455735236274
-0.226077466926435
-0.291077267773145
-0.246410313509165
-0.349687242276279
-0.221089053371902
-0.362615055404397
-0.373412039450483
-0.302010126648788
-0.374059183634334
-0.26213987504806
-0.407895179844244
-0.193606851589268
-0.302633423361895
-0.315543985846927
-0.146005481041518
-0.426175088674283
-0.281319397331125
-0.249723259012128
-0.32870827449816
-0.246972749139885
-0.251983063949924
-0.237164130680338
-0.385318571905336
-0.263193191575682
-0.118912775219794
-0.193986960536785
-0.294170255047141
-0.306365498443265
-0.212435952950122
-0.19639455267108
-0.271950451547254
-0.231008773011764
-0.284518144728716
-0.133872918901079
-0.131430272475269
-0.290861001422117
-0.288652631244565
-0.165120018929049
-0.341318067712669
-0.17924689474286
-0.226204421183628
-0.250163837999796
-0.327523292382724
-0.160297024841827
-0.188219824115515
-0.200248888118599
-0.279966760632724
-0.29125338423746
-0.240459666705845
-0.261649609054464
-0.167157146555198
-0.288976696371113
-0.138213561282398
-0.231403195868731
-0.275568768937007
-0.266645446282739
-0.246589653179613
-0.0437842600409518
-0.322484894769312
-0.232610494741797
-0.020200850922388
-0.139821745331315
-0.353805634393339
-0.0626843615318136
-0.158479758004456
-0.278866933562397
-0.284512056111306
0.00644324083963043
-0.32751925617074
-0.225347247357538
-0.08469955151793
-0.185367958267408
-0.117352384316228
-0.192391837736693
-0.185475255502398
-0.122142027629706
-0.118016334880717
0.111824354730453
-0.0454694877434925
-0.0798494306259458
-0.174681307925683
-0.129385078762452
-0.141905520773915
-0.14578780777635
-0.126753291049766
-0.130233532869695
-0.219447709766875
-0.0113945503237506
-0.0634763142060431
-0.0792534853003769
-0.191727423314989
-0.231282368056475
-0.18166057667119
-0.0976473146380212
-0.0841526629060012
-0.144308418111035
-0.126778809674947
0.038098996729283
-0.0692618619163302
-0.109878579977361
-0.103239296207369
-0.100098927986862
-0.231642401109061
-0.231131657129778
-0.189307139058726
-0.172126072925157
-0.229159502730899
-0.162960373574308
-0.280548572543014
-0.220680119907389
-0.131159059807847
0.0659632752751143
-0.0527478033380809
-0.0471076428065688
-0.126965051317421
-0.0451559970011585
-0.117601873196944
0.000150204777419483
-0.100511822226011
-0.132340977422637
-0.15517486448606
-0.0793624236985438
-0.0217753238236978
-0.0763426266064998
-0.0558342047004801
-0.163483106985755
-0.168853544187894
-0.13426976306493
-0.00537788831411471
-0.0375138746134855
0.00394603365354527
-0.0883501473036348
-0.106755357865299
-0.00593219981023505
0.0193020140925208
-0.302999115286522
-0.124355817653191
-0.230509256824379
0.031941278417419
-0.0591761463351639
-0.0382299586177644
-0.0229568627908183
-0.0967344037039818
0.0486211488545656
0.0147154526238046
-0.0535049196940901
-0.00514127896174348
-0.174903841081898
-0.0268567641036262
-0.082574057224077
-0.176644239492568
0.0233926880520011
0.11385116659389
-0.00914243566235704
-0.151451041179673
0.0864671660100933
-0.12374765685204
-0.167095126135231
0.0296543419226288
0.0210831261335869
0.023484109265561
-0.0378618890231496
-0.034062118956788
0.015008191141065
-0.026701741618928
-0.0776296499537766
0.224795755639205
-0.157582598777831
-0.0275046707619757
-0.0314797541747188
0.0509416010205807
0.0462332380216796
-0.0713944014981618
0.018131145289521
-0.138420323689997
-0.044833456673299
-0.00601896574620775
0.036395334062976
-0.0363776722193547
-0.022848848206587
0.172124770031819
-0.0801278448180365
-0.0328867903595041
0.0305079280798892
-0.078812844939459
-0.0141282240126895
-0.0442953945072669
0.202457321336219
0.0906997724944787
0.0684744272159821
0.201769124368747
0.0475065634668944
0.0357522003871477
0.156857664057082
0.12508583688486
0.111704242167992
0.209041947388351
0.11212900422117
0.0442802000182611
0.185212805658011
0.11040884415361
-0.0510503011447145
0.124332237994459
0.0802014017054059
0.0465024404387335
0.0093829253700864
0.093336101802715
0.0873597009141062
0.144206776015053
0.00412010220588083
0.097537651783714
-0.00526614291617369
0.196339110503594
0.0960936899748788
0.128963560914902
0.189471827840442
0.0610957896374209
0.121396009438283
0.161484007290664
0.127614084031333
0.197592578473342
-0.0405916306981453
0.0143580968871707
0.0581625017408908
0.0386281116161414
0.372084433682609
0.247905769671055
0.223605261218775
0.0275129386825303
0.181934069555543
0.0245899614256802
0.127894394640851
0.25218009019293
-0.0141784472573165
0.00407165169069269
0.109107795704919
0.197999865192281
0.163939605110024
0.152300305959166
0.204991079791071
0.232593413794964
0.166606208712058
0.223696854922098
0.0912383612562314
0.185853863823622
0.0938392082494638
-0.0139441359249463
0.13834333393371
0.0718068061416091
0.18299972222993
0.275805202673136
0.228890070125525
0.183870266967499
0.267301602412068
0.172267753660083
0.166439674476952
0.20500917883702
0.239264276420462
0.21969718004022
0.148078839833405
0.124278777313896
0.20697517431757
0.223707873294176
0.230501797764659
0.358872236793793
0.25184582956176
0.0166557402684861
0.217487294172318
0.217986673426202
0.356485074031612
0.127208516940033
0.214045539419627
0.268113190734738
0.149208234096469
0.367811872235806
0.284543815483128
0.232367499775904
0.271576842727501
0.148071005755801
0.298435777501716
0.443993488130559
0.340210613125869
0.151128498061689
0.276197422880544
0.225290381903717
0.310443228714598
0.293225839053642
0.396785599403206
0.174226910090503
0.307014462838135
0.333964452501566
0.218432083103371
0.198671397353663
0.284779138984636
0.347166074515244
0.242889019620453
0.421850670064586
0.30586711827401
0.435673287878807
0.26350590799012
0.29454368462758
0.316315369196173
0.253831735836285
0.22250731416998
0.250525183834336
0.228883266501584
0.361914310312445
0.404322185153633
0.354748496063908
0.219473466007071
0.451674432270971
0.519440607283037
0.413456903802563
0.357476969427783
0.354084590965537
0.0747441095528593
0.362390776108612
0.387612317305981
0.183992851742116
0.433585763808498
0.332371333593805
0.350888028923227
0.387252789958298
0.305014995703452
0.404945128134931
0.277351888655444
0.337706891495724
0.303721022985486
0.302741975158741
0.407036519397854
0.309913584593558
0.369232577494211
0.373166418077319
0.250992365143263
0.441161310686893
0.31733328484453
0.272608875144905
0.315067085787019
0.360486075449788
0.38880572247469
0.487183937890956
0.319795477447043
0.357206659784841
0.386560302406799
0.496499063696608
0.423827287986683
0.393373421404969
0.380902120324313
0.422194514135288
0.356926064582015
0.396470670295335
0.491952430170596
0.304992388571195
0.478306491722422
0.38776787973707
0.418993333061468
0.355909122457418
0.360755701155537
0.463848030102391
0.42774715017234
0.489894037108606
0.336982937401318
0.265505924697582
0.363974302214783
0.61946406373245
0.392043888279408
0.558604984186609
0.340965026426064
0.307499698541983
0.350300550812252
0.449244909728663
0.413758012376512
0.383807605091983
0.351500922342021
0.448243054922216
0.467256571957048
0.646188738760506
0.484108748178458
0.487428968573678
0.473665915829383
0.402213043896302
0.496737821924098
0.455204374362595
0.367311410691668
0.543407366859855
0.623719679082933
0.273714277675521
0.507981699680092
0.449184626189297
0.602481307188071
0.331089677724249
0.418343688124093
0.543737584202212
0.448947875576645
0.511808035991874
0.511046620746502
0.403645322512548
0.56418950143859
0.527512431364317
0.538919775725175
0.276668793990323
0.439695966726434
0.431915782303427
0.351470910379168
0.56855958682646
0.404631959739388
0.475429586057971
0.545086221791148
0.412446154365981
0.35014645684002
0.582985885733672
0.442981473853445
0.406280058872653
0.571918602867688
0.490671882994033
0.482754270923627
0.343854521346582
0.459667191730216
0.554145271193959
0.476996110683234
0.552016969887202
0.514991558153356
0.471119427761875
0.449120376169506
0.550147675435008
0.422580295146289
0.536787062588246
0.557099353036395
0.5585620353994
0.500191438810094
0.503561233819351
0.480994023073449
0.396653125223883
0.536478804400897
0.557801957034717
0.653735531899705
0.631452518124495
0.572611543778822
0.366454781912274
0.558725390144439
0.514802365559255
0.609298806225305
0.493775927322779
0.497327139462915
0.606658838281025
0.570468256791378
0.427024717878473
0.596410151359587
0.507720056442055
0.623830404333811
0.563393704259124
0.458992951458977
0.729975036506328
0.626886719642276
0.615138262463531
0.562856601428265
0.626170518171768
0.516348198962598
0.59949762843553
0.458062464155328
0.668266234085378
0.564876277463849
0.553752842529509
0.638682283684398
0.779347250572379
0.619125432589738
0.712349921775234
0.567801032958376
0.555957359620485
0.675483087099521
0.663421261087213
0.751590254248622
0.718211647136908
0.587924745877201
0.628349098017442
0.691465203453712
0.514552944108151
0.637946140232567
0.540735852216692
0.599079824613501
0.545360508345697
0.529536829045749
0.637435071215567
0.507498084446856
0.640348403092983
0.774817843134502
0.5648298766697
0.718061225510661
0.758283893151732
0.680493069483089
0.662385347144979
0.620637441155388
0.611395190855681
0.665893642456579
0.805126528059199
0.650670401195788
0.547476406333005
0.713204573971503
0.606901847789056
0.522826905884087
0.63850061679657
0.608147905509294
0.756512009692035
0.693437304128424
0.604405407782009
0.552478001442428
0.614774555372169
0.728007266246889
0.678957393040551
0.751964315591991
0.6777129963998
0.728546382707361
0.853499231487686
0.851920866829343
0.548119103606668
0.815463322589531
0.719758013012016
0.782426349025781
0.657665421214496
0.731239607586749
0.774770451428331
0.730561370517338
0.771426866502668
0.755525991250128
0.690793524888936
0.734145947060745
0.785768129311364
0.71198549977315
0.704926137052563
0.73282022484247
0.646773807647012
0.719788942465191
0.75100538623662
0.683739244709008
0.691647596912372
0.654184047961996
0.830785398319413
0.680468311511753
0.653875898853497
0.728200619123293
0.619512052454314
0.662932124311579
0.759566125297059
0.735106643310132
0.752148483828617
0.624312046659048
0.655328669093271
0.654370428876908
0.769410073016934
0.719393676173262
0.860537654688764
0.769996718772855
0.740523134312004
0.878259873131857
0.660150669544992
0.734533069016277
0.783933053522673
0.782206217648421
0.796230016883329
0.882767422875539
0.770274610902751
0.812064172248635
0.75949926062434
0.813659565745024
0.993036097708231
0.897872201215007
0.848314311139477
0.835499536869717
0.940377454671043
0.768332993364054
0.801281560566546
0.813388449947715
0.820305885189357
0.928375356984992
0.766027548770251
0.783445477945224
0.837176398353212
1.01014239800835
0.647371373809388
0.843758855201006
0.777477000193131
0.865055069005063
0.833131609948979
0.824309834345799
0.776390262612629
0.935726395483115
0.62395235426869
0.928778296971048
0.852079926833131
0.655877684782923
0.891617420054463
0.902446390419954
0.959124470874872
0.875615080410114
0.935976818332233
0.771605638058195
0.789879177976099
0.88137675844341
0.98346653748238
0.913530363938372
0.85488568336497
0.998532448531304
0.833035124658816
0.770385009345751
0.953139394966502
0.948547728953628
0.816475178197606
0.825121502847644
0.896461685057922
0.950281896609367
0.941397081783941
1.00241607251776
1.02189759250511
1.04614021246222
0.927550027309565
0.827028668089841
0.902954585767208
0.959071528300298
1.06296793731779
0.923441198337265
0.931030179115522
0.971483101952118
0.940660404880258
1.00684236657309
1.06359258129007
0.910525136743285
0.898801270844075
0.835083474016537
1.00345585398414
0.951069622493257
0.929955838042239
0.881548842223292
1.07648631569669
0.970718864288731
0.968834073834105
0.911967668605868
0.937388139557847
0.86649036088088
0.93705831724351
1.03690095494407
1.03493059395168
0.83847059417001
1.08505881588405
0.980934543528254
0.825072749421171
0.925607747845147
0.928756401313066
1.13069319890417
0.95288744184339
1.07227807227724
1.0245255419171
0.914122861151491
0.810688963286001
0.976554027657049
1.11006594729284
1.12189212113068
1.07218189185185
0.932578306671967
1.08062494832895
1.03382056186683
1.00739684976441
