"x"
-0.919181850002531
-0.832780324706248
-1.0700739799144
-0.888814206408873
-0.888191998898513
-1.04026945720048
-1.14199334304745
-0.954616502459271
-0.935177360346389
-0.907950519435676
-0.984417253738711
-0.980514789485799
-0.955595592301141
-1.1959789815367
-1.01408521020877
-1.00188144494888
-0.99385210499308
-1.0256363329485
-1.05172142918482
-1.02326300265085
-0.969076935729411
-0.846408882854192
-0.994802101350059
-0.85575000969438
-1.00906801187358
-0.950942702667456
-1.06414328284376
-1.01161957812178
-0.970453944604558
-0.886133756774898
-0.954495969213058
-0.819611454663643
-0.854318599789979
-0.879094697959222
-0.796044511856352
-0.858998236149438
-0.725573218161712
-0.991683827751369
-0.853812569938525
-0.8985514674686
-0.897608066104744
-0.875653693081602
-0.910424266916332
-0.893149980464458
-0.844339281772532
-0.810349667274575
-0.923860999699464
-0.943347527014175
-0.997340798708548
-0.785615159894863
-0.861372012881922
-0.869748361149552
-0.729390670391994
-0.850591095280888
-0.824355148033632
-0.998682958583511
-0.8753899349123
-1.00151713115305
-0.826223097337949
-0.899493607555146
-0.790221774016377
-0.934108376042835
-0.800567783207616
-0.945888296386574
-0.95371552399953
-0.922138652604591
-0.830228443130465
-0.901871529870415
-0.89405479873153
-0.891947849588597
-0.796755989376832
-0.826080516330836
-0.944447598865742
-0.819277589564629
-0.710464752552714
-0.847891851808802
-0.807226870272655
-0.780635707155295
-0.705774256530725
-0.869068998025291
-0.822336821090829
-0.696182824450947
-0.910011386992742
-0.789766650478816
-0.819672033804924
-0.870773005454367
-0.87257844890847
-0.854065705983433
-0.841957748364143
-0.849655510757137
-0.701737589210951
-0.907202086256331
-0.908493338048421
-0.71667130662161
-0.880340733629874
-0.748936211394863
-0.740659053986402
-0.651136295030438
-0.733679387982519
-0.871184600262218
-0.829389693810855
-1.04089988235362
-0.744241057398387
-0.784471613046757
-0.554922272990721
-0.776388574700813
-0.836359465826257
-0.814929268044771
-0.747096019346171
-0.80340016928516
-0.730175180979936
-0.785411894031978
-0.791186909703959
-0.715835196941548
-0.811497059384393
-0.821446841313208
-0.733258610746787
-0.784114296186755
-0.63695536719631
-0.825007488173495
-0.619639854511904
-0.839871057558991
-0.870517370038023
-0.673561947057693
-0.878159722074071
-0.756790581202744
-0.802531333911268
-0.592883853547234
-0.865216487126506
-0.668291044411297
-0.697671268324188
-0.70625926927352
-0.692274244642248
-0.679749143226001
-0.724640208364679
-0.667005867193163
-0.717648669371925
-0.795952838352639
-0.701221356887174
-0.844404732837487
-0.786081685837005
-0.755456513996069
-0.700170269183302
-0.809420112642542
-0.696213433431004
-0.416166601757499
-0.659562664727507
-0.750351921509767
-0.762473198312723
-0.669336500712658
-0.767263144566909
-0.628380834304959
-0.73656130206788
-0.700526467632154
-0.738571394071659
-0.688756576845779
-0.742813976009599
-0.713364680778991
-0.806905008041894
-0.757326202309584
-0.748150748319803
-0.729565845390468
-0.59564044968345
-0.650832825362776
-0.562065669733079
-0.771919508469698
-0.598385375340084
-0.657051840116512
-0.654587039184739
-0.640179661931714
-0.651518368503213
-0.699700472831419
-0.671857505158237
-0.725837322039161
-0.725853794575289
-0.633151432210807
-0.659201411187974
-0.583012032026441
-0.72883162424849
-0.679313495120467
-0.7954072850354
-0.659062497206684
-0.702582712588449
-0.544232943648528
-0.697427531191026
-0.657225269045721
-0.598348147250797
-0.508947034553934
-0.646298378765558
-0.568213440728343
-0.576622163128861
-0.501906272178979
-0.61544115076967
-0.466861100208349
-0.682170007019732
-0.542437531840062
-0.622492062594445
-0.716459288885149
-0.542731051065092
-0.543388775846393
-0.577637699318116
-0.546808718494335
-0.70082586942471
-0.595905987979902
-0.634087206911299
-0.671506988415876
-0.526669471358434
-0.686354695830853
-0.703904770346525
-0.571047004245241
-0.546894521556918
-0.576441642363513
-0.464823464890034
-0.522282147551931
-0.566729889922841
-0.446826416975731
-0.615920099538143
-0.529245559785905
-0.59516719025536
-0.481776345775452
-0.663748388019144
-0.570630227626308
-0.654613759993663
-0.462541375624406
-0.520577557063356
-0.58499166560765
-0.599344214073175
-0.49225408333037
-0.620471181276179
-0.542759607899999
-0.588238297769115
-0.496792425698261
-0.395624673596467
-0.523950899678552
-0.524102808039035
-0.495358299328345
-0.430128066069433
-0.504468597538685
-0.499829156869302
-0.447100755970532
-0.473728184777852
-0.557427474176797
-0.515317151512422
-0.628368342962787
-0.535291639516
-0.462275982997238
-0.554405607651787
-0.48188071601446
-0.546458510535336
-0.440617533020316
-0.549684476720473
-0.440037895671149
-0.406703783998599
-0.342802290309738
-0.583975620815248
-0.401077128589003
-0.505822070054196
-0.557269376621114
-0.465484848812595
-0.439405464121842
-0.492668633616412
-0.495868133076741
-0.337585444031288
-0.657314142562055
-0.568882140025169
-0.487372338121412
-0.547062551473485
-0.404526498834947
-0.487808285837914
-0.387953785379517
-0.399007485244857
-0.52934891298914
-0.545434136842262
-0.353501323698886
-0.410205955418477
-0.505661614971618
-0.456086806513182
-0.399670777044465
-0.338860241936527
-0.479734052521016
-0.420494085499225
-0.301054684914603
-0.417965809940337
-0.400314440776604
-0.441427679047529
-0.418437473921204
-0.473298622753816
-0.473200565893285
-0.476526738025414
-0.397759108427365
-0.553779518422318
-0.426679043065184
-0.285452948505826
-0.529809659028841
-0.434695574273997
-0.420219325726856
-0.501275174754455
-0.291474057241735
-0.452847304090276
-0.416997367006151
-0.426502995543274
-0.462589404922383
-0.498307019326437
-0.335608748290725
-0.435968601497889
-0.423842157372714
-0.495806130175373
-0.439914300647827
-0.406071425625291
-0.513147187238214
-0.440822652110581
-0.37235694935105
-0.479997368226909
-0.381619893837859
-0.600171221852257
-0.322771345360307
-0.252329233896893
-0.275685521024405
-0.349060643778024
-0.458202462419915
-0.336592494184952
-0.335659893061602
-0.445445988363526
-0.272629331096729
-0.422592119156519
-0.367980759616522
-0.444174945608488
-0.357371695791223
-0.219735299393202
-0.2753384145379
-0.341335422795432
-0.361648144847296
-0.340527177048086
-0.396452001994447
-0.265252316348259
-0.383950830416415
-0.317378319364623
-0.287907324105273
-0.351398641289831
-0.319082769109216
-0.290915561093051
-0.376552889720207
-0.241515604770902
-0.183985959660013
-0.264568948328591
-0.380552325697987
-0.180069238518345
-0.257282070410584
-0.430475728295686
-0.333231901499642
-0.250729194429571
-0.339550660019995
-0.3652066384563
-0.330679787629107
-0.163231834297795
-0.212973212284255
-0.165024817718264
-0.150014722342177
-0.246500378769163
-0.483009092216803
-0.346347568264237
-0.18740612319388
-0.288492295270447
-0.262089341731765
-0.309795684582825
-0.301457848556987
-0.281553121430343
-0.111028134890927
-0.175370425450045
-0.236439127715258
-0.402892748806633
-0.250951541161396
-0.125941939091748
-0.249521501991246
-0.362268867425165
-0.264175963271363
-0.424112785465576
-0.206061721662971
-0.25344664727446
-0.0669906536564185
-0.112885596253824
-0.17118160865615
-0.220477513747563
-0.224951046204802
-0.245638618724214
-0.334000638959597
-0.207229255042668
-0.146580862843079
-0.0894474197053502
-0.252150463229433
-0.151493920372933
-0.228444844238869
0.0133038319982866
-0.293347009777599
-0.124113180366761
-0.232058418883605
-0.098820620388942
-0.112708155341299
-0.191758526713211
-0.0596247323853661
-0.23413934053291
-0.308241150337265
-0.269345666304013
-0.0882947911616271
-0.149674255855468
-0.112000779102079
-0.117468460842087
-0.103534140432569
-0.338085027859738
-0.228068090311415
-0.266502076164579
-0.23530870297362
-0.0541450181122204
-0.125346803832558
-0.228289649425005
-0.0746358228726225
-0.118893649799338
-0.0759474798190881
-0.205675076074739
-0.165275639134085
-0.199614325309199
-0.314997005089392
-0.240079703452679
-0.179256997429231
-0.286127337967257
-0.120629736838996
-0.0893272779864822
-0.126691139192706
-0.0428159155609716
-0.110943004065038
-0.201236276418472
-0.0959021731670191
-0.156366988130298
-0.0624052607843367
-0.181919068124529
-0.106176676554674
-0.026634320842024
-0.201675040149531
-0.169440573579952
-0.0888696263447075
-0.141086867162153
-0.094506722638802
-0.12029485912826
-0.0450821432045259
-0.0685036831150856
-0.0879904825985127
-0.206818684098127
-0.0384281086344309
-0.0566985743485861
0.0122537485872343
-0.131900982532487
-0.0353604293336998
-0.0935859980055608
-0.0859902434276543
-0.118456073137036
-0.140519011893386
-0.194361736578683
0.0794303744575141
-0.0497405362942715
-0.0256590434441338
-0.122851197977549
0.0119467761912744
0.0855944217949322
-0.0270123659591308
-0.0700639840375201
0.0209308196660646
0.0605849129473499
-0.115837715331689
-0.151616913030267
-0.0375369461139832
-0.201456058324724
-0.024063725742989
-0.114006789953138
-0.0299212058853268
-0.00662027164391282
-0.0416604163922745
-0.0191894842622538
0.109944233874274
0.0435753535100612
-0.0888018162764543
-0.0431512710027766
-0.0253438587781756
-0.124643112637957
0.00709779596206352
-0.0958844088251649
-0.0767963303777679
-0.0274481743789141
-0.120621337614378
-0.0669619670493584
-0.168510039666351
0.0192335325069808
-0.069079847096911
-0.0195173107723744
0.0037057273146963
0.0882874497578704
-0.0562832689043101
0.00885047679238136
0.00865042389621131
-0.0330906849464332
0.0427222764501365
-0.0912267384473443
-0.0854555242070904
0.04452681577332
-0.00369380521136647
0.0289031089291002
0.0292797984186308
-0.0607393819869949
0.0351159297648082
0.231436758351688
0.040783371488681
0.0135999090139436
0.0661249499452874
0.0490823674222306
0.0519563350126837
-0.0846413850828916
0.104422615453578
-0.0349471051643709
0.0625203328330795
-0.0813743042649329
-0.0881875746149735
-0.0273533252978858
0.109315265431338
0.284941078695236
0.0124017122435543
0.0997855700929854
0.0295445806640222
0.0560472323886675
0.162491708869868
0.104413153094437
0.0478566353220192
-0.016908186893335
0.184748295377446
-0.0181524862872894
0.19991622176235
0.0863999385735986
0.210858047626099
0.215584505318421
0.0745032607018566
0.048075555467895
0.109528335272353
0.0900837045286149
0.0246343861883722
0.147377211532517
0.156276714660378
0.16153178440347
0.0662683566732708
0.135788317086932
0.00644569865286768
-0.0525778624050284
0.0965362831236853
0.149697877970947
0.0789752532629275
0.100433011904617
0.216723959900692
0.145023392860402
0.076503746397971
0.116378320001816
0.0871023381653943
-0.0180584081621826
0.162539704461056
0.141122289696803
0.178677199584406
0.0127604599109569
0.155861921690783
0.310054024277025
0.0811217224985681
0.118293032470041
0.00343329610848843
0.0899961252190856
0.145555218957563
0.12775421456757
0.155695956212304
0.268255342175358
0.0684222181772586
0.16230017179212
0.181004659623887
0.213515809377337
0.153379240943976
0.0907720421649274
0.299899722377953
0.0445870930226103
0.238026076444581
0.214265743524023
0.117337931206935
0.146812530860249
0.297034940210372
0.238002259288293
0.213949539789295
0.136619936251204
0.159560196538734
0.0737616735385141
0.131258487351916
0.105270615973849
0.211574658900558
0.228931799908174
0.220762978050092
0.16935781463703
0.265662008817593
0.241779079657279
0.19618850635072
0.255362051950488
0.185649333160479
0.185667593807704
0.157914535533618
0.224612726143666
0.189956330825354
0.22676846631686
0.297375105079749
0.177147628230799
0.117708789728107
0.228078293387144
0.154743203340909
0.206766230272647
0.21638199831679
0.274512333563488
0.171622659981778
0.220138262719287
0.137469437852252
0.179951412395792
0.252905172690014
0.192964239626466
0.238783500019353
0.276193008092203
0.389168143207368
0.491794148099283
0.265074875971103
0.205425918581017
0.216940872107493
0.221321343392312
0.196367473638782
0.238886746904305
0.17296210793043
0.329792891256427
0.136244524796418
0.354209006867227
0.427656657261581
0.178918575595328
0.244733840950305
0.17843587997911
0.385402966453412
0.244240908071818
0.19059885798688
0.310079199230403
0.305654782577155
0.141981042982749
0.279653973799179
0.332194003219494
0.378207021766393
0.14249436717292
0.323631764783093
0.407425423660654
0.267333749400059
0.234417074374777
0.369958438758626
0.164053841680241
0.417958040898196
0.359997973584108
0.345131528345677
0.492086133547682
0.416642268100907
0.268821015354619
0.28776140026784
0.337158585810885
0.17958249473956
0.384409444714493
0.235435016969744
0.270207524401039
0.34149793035797
0.311747756403763
0.26164461527736
0.400452525196665
0.541860064741727
0.484542599570391
0.278010817298277
0.230571052948706
0.462661063617868
0.383015915278003
0.3728751713885
0.337664846574506
0.408518619922596
0.397901731375156
0.398402948485158
0.341122036886821
0.244238096236384
0.381062712678605
0.39616785459222
0.335354622095028
0.360508736670266
0.409404323177787
0.370399242993469
0.414848066865491
0.346975521325063
0.44465812844329
0.2904392162902
0.333008518494334
0.251926826555839
0.209664130734109
0.462851678984227
0.417327906055506
0.416921161425517
0.314864384914635
0.427886099282009
0.454169086227014
0.519519304531199
0.384382426130879
0.334113855836176
0.426566845667636
0.403146718907156
0.457619891979578
0.448091508824956
0.346473774196416
0.624613031260109
0.439451352701753
0.573276535296552
0.527143509142594
0.509837483280168
0.516104377577874
0.438884025577197
0.448800406360358
0.563021941777751
0.520131207582906
0.403699101588668
0.540528151678633
0.480189390707864
0.490982072587941
0.422999205726488
0.421107736147712
0.318079124080952
0.327307555278074
0.413551740614741
0.418530679680932
0.444763989502059
0.422239890381942
0.512693427844046
0.433578571103472
0.469494130650901
0.464905005953073
0.478647304066692
0.509737817439303
0.522872840201849
0.363740478910459
0.55250047323335
0.518689534274901
0.389765228334636
0.397344731884935
0.414564547646227
0.518983100830624
0.339977110370869
0.576445980923004
0.562313347169472
0.421384322263596
0.511370187284423
0.601480582895876
0.549695725286081
0.551633126825884
0.577296665976114
0.405433313827788
0.422289664500356
0.539189785444671
0.562317256675118
0.428781806287622
0.369445584628159
0.617840740493411
0.552972313333938
0.549076162812267
0.610521750961299
0.567624707209416
0.537187664895063
0.500036993130401
0.593190006112299
0.453784265930099
0.591269728430492
0.536069052294196
0.442038963329316
0.666410991027847
0.586199276217544
0.623682816157996
0.476215914134625
0.49181858831916
0.482763507778296
0.678917514230483
0.509928187644505
0.600965976871752
0.629520477048205
0.536309285949479
0.619500741242812
0.605666604636658
0.594379045854154
0.694486632316302
0.588292305755138
0.694655946444562
0.517968028989028
0.574563478134178
0.333749885019355
0.531445553482657
0.510770335028537
0.533842727707048
0.656811150136933
0.589817157899704
0.686326874404772
0.513031752085832
0.474146246226035
0.627797060645579
0.742496465441886
0.670296628561732
0.638836880226682
0.450257744036306
0.590831168909997
0.621439287682058
0.601002551615169
0.707599081560533
0.632347751509486
0.488578432907716
0.636801271149503
0.678805478857821
0.57003779128056
0.686443399318047
0.769070235323211
0.441185903412659
0.771999860214191
0.558860564709894
0.755361958068265
0.460714592930016
0.584638698147451
0.689347362443095
0.629607339318784
0.512936823399926
0.663910409472921
0.536631479304311
0.731603503696842
0.69358582561904
0.701900909359031
0.584022082683082
0.804614723353698
0.747581744339632
0.517211913667944
0.659319938343586
0.794802192547568
0.794440621607272
0.628243733280726
0.820959211553522
0.575082516225592
0.668550954738357
0.733323943666917
0.590807406768327
0.666762529354413
0.750492581231458
0.703255180212005
0.74911218795002
0.676487322264036
0.659761131547391
0.743453572413133
0.609736381920808
0.7352072984241
0.642528730467697
0.804841781103134
0.707222126485228
0.768194080378707
0.536689644125517
0.836055357694242
0.735965686321756
0.75848576333573
0.690970043509346
0.746795279789911
0.637842028228993
0.702006733317616
0.809018352418124
0.796921848858685
0.770751222263116
0.672776561973216
0.554455998694208
0.582037957544699
0.797351842868224
0.78280555945729
0.68193329525938
0.776587561075638
0.704630770597908
0.685009842184287
0.853090824298874
0.877085224617555
0.711271929856182
0.799512093952015
0.775123519849673
0.705554484223432
0.79634500571635
0.816087091406506
0.867332441185759
0.857131561382414
0.802184243406847
0.757239614243681
0.604803546622511
0.801212222954864
0.52711024795314
0.884569507488151
0.822114149701512
0.879854250850572
0.80713366378407
0.695882928594578
0.783449231737372
0.783824015397226
0.756377558958199
0.779247699767632
0.855260383228898
0.760862196503505
0.739144000352591
0.641063649501713
0.975830994868719
0.721658745962081
0.821271672839894
0.749163134167721
0.800528569811337
0.845841087958087
0.973522997654078
0.867144628138565
0.748747038670132
0.89140644058879
0.734332941786436
0.75439009834668
0.841834764804374
0.818840939589725
0.792686711112009
0.858443304210505
0.82630160939423
0.94857504759698
0.764063358582423
0.955335488373951
0.904577991578814
0.720897471842304
1.00497139067556
0.803229971631935
0.885435334245972
0.774386692453174
0.845014750642225
0.916235146798371
0.826866801350926
0.826576309503025
0.891968599240748
0.874087011530877
0.912869928915607
0.926233441225708
0.915270360390692
0.945347265443185
0.840560528497108
0.871463083235365
0.821247085837238
0.901074552702152
0.800549227846395
0.743567677217716
0.887757512370979
0.915998715858604
0.967451029706276
0.725703323587937
0.867781612689198
0.926549535917449
0.81648330784123
0.737936335227723
0.75328848817614
0.810587572496841
0.872490685185675
0.798309013661859
0.86802535082649
0.884649926263379
0.993905833589708
0.990111562143195
0.99737511185789
0.781532695653507
1.04127884246172
0.998179190971653
0.962530913823724
0.926267108763348
1.05980584716981
0.952075626578242
0.871821505251967
0.978320787553186
0.915782506325279
1.10088852626439
1.00496188876449
1.03149037142844
0.808925012619485
0.928900405217764
0.971309168005486
1.0701366349197
0.960543707841489
0.976330794176041
0.881181171516203
0.926768224282142
1.06283600652042
1.05455649225809
0.97477098125801
1.0086541684399
1.03522060161113
1.10702332797343
1.05068896819641
1.04132771449862
0.945987322505629
1.02375478317369
1.03854925529754
0.998512657055823
0.905735758155686
0.990682623194323
