"x"
-1.04617936539814
-1.13122207852815
-1.01509539012278
-0.936275220458111
-1.05720297458506
-0.995180429509837
-1.0963559424097
-0.959144936286563
-1.1568393272083
-1.04721309362611
-0.941981416217839
-1.02091171931491
-1.00586650425153
-1.15343423479188
-1.11203610160701
-0.979171954329262
-1.05353137810515
-1.10940245473219
-0.830246218680058
-1.03729440057124
-1.00596232641556
-0.90081285452775
-0.924235157116563
-0.968888306667367
-0.895315258104249
-0.865197541997253
-1.02283489637107
-0.856561173308054
-0.924920793402522
-0.873107471486711
-0.918953451672098
-0.90587678361158
-1.00943543078798
-0.831794575464059
-0.88345762124724
-1.07611317155717
-1.02250115882804
-0.944199428632149
-0.883859216239397
-0.971808420185742
-1.05107907343739
-0.785020747031233
-0.956715642132756
-0.95893775309356
-0.940325778459041
-0.95093972504342
-0.968778639446714
-0.942261427082185
-0.850550904968186
-0.984310091965211
-0.920852419158662
-0.936418825577868
-0.897680359551187
-1.05157407782
-0.877905225777186
-1.02921590858365
-0.929195002814512
-0.754622915191208
-0.798615385115164
-0.87676375937226
-0.87840946210278
-0.891510423300188
-0.712840875602439
-0.860010604530191
-0.941252429937483
-0.865588848873557
-0.920490442162202
-0.973118879446087
-0.970069214172834
-0.844150743393298
-0.785121524016327
-0.870592834905052
-0.813299758228186
-0.814854357250465
-0.967919590643479
-0.849941594014101
-0.893239549694555
-0.642037871573777
-0.841217184722815
-0.757344344720313
-0.708162267737003
-0.735068884267543
-0.883414867763904
-0.903536834047458
-0.996132117017274
-0.802708886245156
-0.777049233770962
-0.902138185425549
-0.791664495924295
-0.885740182613354
-0.783280103580602
-0.85626292343301
-0.951862688933828
-0.80065845578718
-0.780461556363944
-0.70694074992879
-0.730727827242898
-0.721807167326043
-0.714476450497211
-0.73501739253485
-0.872541671217009
-0.742157632014287
-0.62501671216811
-0.874543030588826
-0.815581829393523
-0.803304046407496
-0.865940528418338
-0.798822050669925
-0.769640248182068
-0.706160004241702
-0.703512510807663
-0.794581203552026
-0.691892246235255
-0.863571111241911
-0.701264601983467
-0.91596266696201
-0.723990320061885
-0.899739659181995
-0.666174265203087
-0.887992961420155
-0.742450914033383
-0.811424529872522
-0.83857263142513
-0.973101161622674
-0.733699546872989
-0.839975354684501
-0.731989897768336
-0.635696930172065
-0.72366981814819
-0.709431457213334
-0.717117259846528
-0.78936220596812
-0.802838604697485
-0.878560176720127
-0.888043250778393
-0.791566322577274
-0.622067122287122
-0.595390839761153
-0.745491768589138
-0.690955828656509
-0.811356265429916
-0.46178772920608
-0.677641312267296
-0.759117460015711
-0.654687758383223
-0.519123160356738
-0.884280699408635
-0.532281084073664
-0.696630315917655
-0.615795166182334
-0.796608129760954
-0.691250509086231
-0.805568607810842
-0.734107446334578
-0.60492191811751
-0.62836846647355
-0.590274230803657
-0.6274420875225
-0.623349968819226
-0.688649497743551
-0.622657645651959
-0.725571814934568
-0.5920479125031
-0.536692599913199
-0.666922753548578
-0.63001683952474
-0.711616091648413
-0.608232982715759
-0.577899837283881
-0.702401636825557
-0.735492762986184
-0.621657159920917
-0.664533913440253
-0.632520989948841
-0.581375220694904
-0.522039810926346
-0.587670648049654
-0.591074878839954
-0.645329627975668
-0.664186590705235
-0.736721924204671
-0.687944430280726
-0.446577597496207
-0.592150132807971
-0.627229114625271
-0.687919282484925
-0.579544461012245
-0.567809168997957
-0.721994677453499
-0.591329313495121
-0.678042781188042
-0.612407999773167
-0.751690418285821
-0.692285704405237
-0.495082335482627
-0.6637963702698
-0.644243637802218
-0.662835838387085
-0.714663219705604
-0.486703724129155
-0.670315479970684
-0.638158140842451
-0.659005614655027
-0.610891240245094
-0.573338703843091
-0.505176539533539
-0.635196139616775
-0.59737752150705
-0.632113277440913
-0.494014056183364
-0.500927125419432
-0.476741409294299
-0.578268382888274
-0.510123500277192
-0.504435133032129
-0.529253216243814
-0.464893657731595
-0.503902211303059
-0.600778641336247
-0.590474731819217
-0.560396764752123
-0.581325439840142
-0.586942974590147
-0.515547329721047
-0.417895997929627
-0.571207852167056
-0.472779099242799
-0.589418806081303
-0.537896496066962
-0.455192936920399
-0.442977855620561
-0.579122788630163
-0.471751344370925
-0.527645643287958
-0.53089695129141
-0.478649065850264
-0.531870698476192
-0.52511012250187
-0.56723006320024
-0.532155517058496
-0.563699366087296
-0.569919459575365
-0.466204025143592
-0.634091449799232
-0.521628629699352
-0.542412234629411
-0.499022867297648
-0.57831169990685
-0.473821761063592
-0.527679122616474
-0.523184603819097
-0.568828881691518
-0.377412822989061
-0.643746554227293
-0.463367948185733
-0.539948882154209
-0.504616799014275
-0.530862408861483
-0.459054024628033
-0.481853361201201
-0.624016892958668
-0.596715980557298
-0.333085070178996
-0.558145344760527
-0.404074941225524
-0.492806507686347
-0.425619328309612
-0.513360531976422
-0.413275137546192
-0.392547054875173
-0.317064130086393
-0.461675153593379
-0.560855346183601
-0.442700809547438
-0.434396684000307
-0.335102801523649
-0.46314147563862
-0.472663830494304
-0.522950620336904
-0.428643810177206
-0.463078056643868
-0.532955822826971
-0.310134552792164
-0.424002763119068
-0.427876820910948
-0.36914009494958
-0.376430689492739
-0.338639874169441
-0.32099911445045
-0.34214813772658
-0.456889912132768
-0.248406883745494
-0.31097741065508
-0.530016096396563
-0.354529162983655
-0.378133962527978
-0.444305184485149
-0.244280881485104
-0.446906136787653
-0.413076063819872
-0.423003287750312
-0.368255441570726
-0.369736158958321
-0.470403006729668
-0.32370652205567
-0.392681643318424
-0.382209312466381
-0.47113417540422
-0.443388991867396
-0.353698061601772
-0.421370705242199
-0.305337788328249
-0.310987065321808
-0.412740270004208
-0.330973383378723
-0.313849946072821
-0.422356527829693
-0.181700734272379
-0.431476211197302
-0.265054617478771
-0.345727577951713
-0.401589666492189
-0.402193735267537
-0.403036667776663
-0.35416468486868
-0.46790686560573
-0.143030405184881
-0.33091462500795
-0.357568239522398
-0.157544362330805
-0.347857044719447
-0.257516442423884
-0.376999580943353
-0.323562482661118
-0.339057637944874
-0.425724591737235
-0.335054985698817
-0.413761781870078
-0.405444951180003
-0.216805450721707
-0.334994710480098
-0.378342788340623
-0.251065374732369
-0.456131038566192
-0.377984417342375
-0.228842299418539
-0.358888023747248
-0.4624705163619
-0.43685143347521
-0.208013050074456
-0.302164845540806
-0.30298025043022
-0.198740844368911
-0.277556113514176
-0.214738459582326
-0.243080455714292
-0.326673836050868
-0.284331210927648
-0.441164748677126
-0.218978344162247
-0.396066110218575
-0.366748122293773
-0.279519627007627
-0.262839377267145
-0.171578029238519
-0.41347959700729
-0.300977569854316
-0.321190814875675
-0.157396299276487
-0.19010869395295
-0.249622007115301
-0.288087620787227
-0.270711834751049
-0.39395631037574
-0.252423042684833
-0.209025554062473
-0.295427473974523
-0.267324368216895
-0.319179131840668
-0.383920722649506
-0.275494976076436
-0.225357766632294
-0.389837218231247
-0.238417362477879
-0.348753705213673
-0.321126379367931
-0.40470453921355
-0.19343494397245
-0.224422610064563
-0.213722883695073
-0.194524108136892
-0.15990343165391
-0.269745000053401
-0.0504933837905589
-0.371366590900793
-0.233630085569926
-0.214240238388941
-0.162334035044466
-0.286559605156679
-0.321868031610325
-0.253364008083604
-0.113511167965774
-0.194041761981027
-0.278255748739203
-0.327252108223037
-0.039835924545733
-0.0875313777078888
-0.357777364756054
-0.202193775422093
-0.234250644381413
-0.270436514145923
-0.0569157522937004
-0.171254667666714
-0.251189377991843
-0.205148052218999
-0.160242579989981
-0.229504211252283
-0.191500429624372
-0.0767641762259184
-0.165574590342786
-0.0940541296429585
-0.194656715225911
-0.14509223450855
-0.196921816474202
-0.220733604786906
-0.0666140930168324
-0.108720296003998
-0.15789511963826
-0.074418141260777
-0.0174870926870547
-0.0988240814041666
-0.0862034225656013
-0.245868628903032
-0.168085935223719
-0.0708330868947152
-0.0482468483788503
-0.0863436688636292
-0.0585652244423631
0.0627890971505002
0.0198996620630061
-0.223978667271742
-0.138386323533806
-0.0654403269265427
0.0706514401544912
-0.138049546795141
-0.0768709845249192
-0.162311799259343
-0.0630451084568316
-0.0612588103145445
-0.270353064081964
-0.129696030968411
-0.109935117817399
-0.123997076172809
-0.215959166291686
-0.0320101504808042
-0.104047334006481
-0.0331055559414354
-0.0606826578334521
-0.0587412265547161
-0.10525556696935
-0.0873436706431177
-0.0333353657968778
-0.0352354659489747
-0.0484018996717323
-0.194399393899362
-0.123664137967389
-0.0474791113991327
-0.140327387912486
-0.131194265850559
-0.130455467732772
-0.0725178141879754
0.171723584923937
0.0884262477780425
-0.109165330020882
-0.00949120568723124
-0.0321778477805221
0.0547566660130281
0.120873731626486
-0.00702325908933223
-0.0682388317209381
0.034998118629656
0.0844518960577286
-0.0173031636108679
-0.0209082741451362
-0.0352811479624312
0.0152304865977578
0.0562613657919218
-0.0924760172843271
-0.066506051841273
-0.00560943585847566
-0.0209660754806278
0.0317664882071646
-0.130562064032438
0.102709893127463
-0.057928837952654
0.065540351921446
0.0049873018757197
0.0506118674211534
-0.0661726248251404
-0.034205284859619
0.018825648637343
0.121122545896701
0.0355589273406533
-0.031045635273249
-0.104121059775985
0.214680321192125
-0.026086938373531
-0.0298653721282051
0.0920531626794389
0.124068068476532
-0.0119871943100109
-0.0298508044470867
-0.079305788134715
-0.0106497987636189
0.133774488112806
0.0584948359297612
0.169811366463703
0.037624767726802
-0.0275736483494878
0.219180193800437
0.12238258484139
-0.0462788065727265
-0.0979747413198052
-0.0446819110410267
-0.0733517897224231
0.020549157037499
0.0982588429801589
0.19868695591745
0.135711673939783
0.0436613873159243
0.0767623912185797
0.0694971265030826
0.0473511240564303
0.109394685168839
0.371147504801287
0.104524130876876
0.0743089063491275
-0.0301685640404448
0.07941335229623
0.110899278357643
0.126573114073306
0.171276215635394
-0.0148732350673449
0.0833927786702425
0.206054224950402
0.0793397650861972
-0.00180717380727368
0.115977098704888
0.0271595820480641
0.107571355115483
0.0793248272204085
0.116887880430888
0.168502477274238
0.0578081213599084
0.0799759659618856
0.0792720720415129
0.0386883345827611
0.120932254845555
0.133747007862455
0.124204516564942
0.211252338450042
-0.0625795755000191
0.0788433883921356
0.151291252040186
0.246186002570979
0.0350421975228538
0.0384873598463766
0.17163201927518
-0.00819626747509702
0.185709220032719
0.0190544361717615
0.259120003112052
0.179976305795965
0.134638971511832
0.132646799616628
0.0991069153645936
0.254303170399324
0.0852447262364485
0.236949588065634
0.0262676733582816
0.239628119779636
0.205617427297756
0.104349105611036
0.0740233766932038
0.348095974125945
0.248284220961978
0.240635605980279
0.178352876015477
0.0910382458611746
0.0552729626206395
0.122463353207974
0.0344533615860961
0.268699661952686
0.285243074248749
-0.058245743818927
0.251573660675565
0.296578389460001
0.24197720867199
0.239445524914133
0.197216048505025
0.14865566427576
0.152621589174459
0.291320447512178
0.0815103116885723
0.310180610828072
0.293102931479739
0.169074805728818
0.233289731276237
0.229464812705277
0.272106060607515
0.303151711760527
0.108102432065276
0.198620442215564
0.270517555126702
0.266993951203214
0.39482931902451
0.253948745846959
0.226216839838553
0.274917930233613
0.238239009468569
0.141745244650633
0.254516842095014
0.31517806740733
0.0676033276716432
0.201473098529123
0.235105587934983
0.378911033659125
0.164076121044481
0.382068718258822
0.378441535416941
0.267694168925973
0.145595406602196
0.291501073713984
0.260482377197393
0.328252013718336
0.208145453392723
0.374193094932351
0.40764023023369
0.263500700709529
0.24703542184996
0.251928030945302
0.232513675036305
0.406548217601761
0.448220007333711
0.3209019302312
0.189092919483105
0.127475374691305
0.454027121396365
0.29104735319492
0.232694585593249
0.33749076494773
0.264000223432152
0.391514352794922
0.269400912074098
0.270129542637353
0.264201335442455
0.24523952495123
0.396592596835275
0.305340161090032
0.48120292729243
0.302446508912554
0.374389233106541
0.364600199234887
0.370578012937789
0.30284768894618
0.269471062558625
0.416903034207909
0.325358101657792
0.455174683380568
0.325416740110713
0.455496573434988
0.335374824040232
0.28878957659598
0.367282071651371
0.463152242687192
0.445882593162519
0.414751166663203
0.379960472375882
0.342276887914949
0.310437050776888
0.158085836861461
0.429882657551816
0.200752248578911
0.220704925550876
0.423299423632046
0.4245837791502
0.419703532426252
0.360376728856534
0.347001213404018
0.344664540478611
0.375071495277596
0.365934534719923
0.334705134291686
0.369011666728194
0.381126349818968
0.33530350965288
0.29405626493681
0.368689078709214
0.452670868798266
0.356542069815268
0.424722693254188
0.320329717431041
0.365549018745221
0.294247267508419
0.222727415959481
0.56009175070961
0.459720158600135
0.340082076550168
0.433815299206571
0.533158585190304
0.437368281853524
0.463515060538661
0.336978088266061
0.344969863013597
0.398170628098643
0.357793331765271
0.31955645272532
0.397158668467599
0.288829351348561
0.447654468852123
0.508965881858932
0.472911880046204
0.479336147602829
0.474480711597377
0.534805460182423
0.445403993045526
0.520376038211164
0.420682840483872
0.650362747873909
0.370592257527227
0.530758360999574
0.412365954215935
0.398707999976941
0.507141713189373
0.412703810403057
0.549646172286468
0.512747574200776
0.34038744533282
0.385733805907486
0.405185294100655
0.399171242349729
0.589299822553901
0.629769781293109
0.694876333213914
0.461029087755939
0.482818257188013
0.598821626225426
0.499119360317363
0.434302238269603
0.487207318015763
0.450077192746147
0.524991458817584
0.493156093008659
0.659404859520151
0.362124553965514
0.599129927230974
0.572463801743969
0.437867599059421
0.626457181593479
0.572102323390798
0.590156558203929
0.660537880151357
0.54144553764319
0.442761900644473
0.486838790012803
0.589154295175748
0.497051475602347
0.503143936786174
0.596404665937682
0.559706808772685
0.521676047664072
0.563359191241527
0.511588223066721
0.720010436187434
0.686245859678146
0.404210901025146
0.454742220305959
0.570679638479493
0.581904989374482
0.493153230160315
0.379831312668177
0.472327524763796
0.544659749539162
0.582733487010064
0.588087239332635
0.442444289934211
0.709081466651595
0.659884601611111
0.560579698421238
0.573436580288585
0.698160811145061
0.423134706145151
0.353833278687353
0.530939711549249
0.546466674874348
0.526718063892571
0.473731538817646
0.434449118332242
0.590094037320057
0.570517577625071
0.843070489943185
0.653330998052332
0.614189294399249
0.626383811816232
0.714882183560884
0.62986597112201
0.658237428097425
0.647760320942754
0.583950690243074
0.578908395825604
0.547727849378134
0.690448194113863
0.503555493819926
0.704796605877997
0.697797441094639
0.690648669168778
0.744182708792835
0.596345953152121
0.694610839962541
0.639759983181865
0.669396695849971
0.593402585654868
0.742270238859294
0.825442477861992
0.82496091094925
0.653323277203984
0.608845782202727
0.676443611371769
0.777918278203456
0.656196624133864
0.725984869009084
0.697975010907185
0.664487333825335
0.553063446218568
0.592362900483347
0.618972715935937
0.591413215706424
0.777499665647217
0.583759166414378
0.609688510150768
0.485582060320218
0.616757048611404
0.662643300501396
0.507193327604255
0.684148636705407
0.646115217887565
0.736528117074801
0.61059838822424
0.746821691160654
0.661569488532992
0.55074091640467
0.597806069839474
0.729396261021698
0.796191928893875
0.818771522656351
0.740866710448841
0.731836808037289
0.775095840570603
0.625694620809711
0.589946673218626
0.754281000477772
0.752083768002102
0.733822681660735
0.756408407668432
0.792039504246584
0.687935971482783
0.789587476827365
0.808493882137353
0.662608282135288
0.657078097265134
0.672576542012835
0.718462644539549
0.85023043976658
0.847535879827298
0.583868539587656
0.705511536292441
0.874374101779954
0.803729091921867
0.827071248717169
0.648586390953457
0.86756044062092
0.78970951984941
0.804353093629286
0.747970883171685
0.782202980244153
0.907157573011791
0.652253578613766
0.835357625958047
0.806089605216216
0.791022605347446
0.71112931555681
0.774576705365378
0.883256214432122
0.804671939363566
0.82009031133257
0.784353764624773
0.785576626282037
0.756400260826492
0.772582035703929
0.8511800455692
0.726666079619615
0.602391264436504
0.964531071055332
0.685659300113042
0.900073131312191
0.870570807359761
0.853598408405893
0.699595153540092
0.844151824636893
0.895087491872545
0.734419644928102
0.806412977081478
0.832708411060287
0.882572280066376
1.01691105785993
0.870309280107131
0.646743759472192
0.770901501832385
0.800642159777833
0.891827647855327
0.787873870810452
0.837791135512362
0.851725535513916
0.841368919359428
0.681776311165036
0.874474411072415
0.855140245041165
0.959807107981038
0.897610108524672
0.766678546752341
0.929268023435534
0.837887315129949
0.835741135923206
0.759855078455858
0.814167364331173
0.800685167138777
0.880144575686785
0.933788666566369
0.873199509847359
1.06928421407956
0.859657967806842
0.870700741346766
0.666229040666002
0.962594394323972
0.958711672262651
0.939792614991799
0.861772797295909
0.928173960926918
0.859317821277202
0.813444419230329
0.829881991729548
1.02123508913687
0.938056000227885
0.854563936251805
0.91902900334403
0.886507625156384
0.924569739098255
0.95361763004682
0.950337214866762
1.03883836381403
1.0048044006849
0.890249466685556
0.796100313336255
0.816658734541275
0.905821121441747
1.01307627116591
0.915991575561437
1.04270882352288
1.03887480518897
1.0302653583761
0.88673606016271
0.841855119422492
0.882374175585734
1.01929411835516
0.852271484134375
0.908991282191179
0.952724332140781
0.921588117492905
0.862755539866426
1.07936530626309
0.925598611761278
0.765171954451262
0.882031050702811
0.878028807763709
0.994585923032242
1.02570373159802
1.07079889704943
0.937985030734504
1.05738316514572
1.08216672517225
0.965175083341216
1.04857115185168
0.983735103045423
1.09598511585808
0.97927877565152
1.01356106808321
0.996798216359737
0.923951442738765
0.943411770835412
1.12183157412544
