"x"
-1.06019375244688
-1.11536052138841
-1.01117807386627
-0.944772463208026
-1.05735222654779
-0.977946347367596
-1.08286782587999
-0.962248003115609
-1.14743092026462
-1.04983205197602
-0.974436705389557
-1.02863411500476
-1.00792098079129
-1.12741744514882
-1.12682110187208
-0.989944512018029
-1.05044615712923
-1.11110095962518
-0.838940326782312
-1.03915281939074
-0.984598968240591
-0.902909859492218
-0.92523886570834
-0.959396018464566
-0.901658268710989
-0.866183854965946
-1.00973526405983
-0.8584472729979
-0.921067851217644
-0.885600030681252
-0.938325926948475
-0.920243421545457
-1.00445459010139
-0.827173931060182
-0.872335079642099
-1.06545389201243
-1.03459817943087
-0.950730781991138
-0.89406398336262
-0.977846768476399
-1.05704564115897
-0.791914690329779
-0.98017778433978
-0.975955908045605
-0.951631913697318
-0.921538729316908
-0.972284343417246
-0.938582727632467
-0.860812200170826
-0.973022933251537
-0.902152516645247
-0.949611878102653
-0.882011470228217
-1.07091202696451
-0.881016431650006
-1.02495445751927
-0.940567798026049
-0.740725481667923
-0.79219617343613
-0.905158904498056
-0.86896464272753
-0.876004735131121
-0.719749935710923
-0.867608606711537
-0.933722758942789
-0.863602460498247
-0.918778003435289
-0.990716657754944
-0.981740403311863
-0.81837976329663
-0.777464653191965
-0.871588058044122
-0.801455185940136
-0.823984092165482
-0.951157133319272
-0.867881383637096
-0.898121550944189
-0.647089744632352
-0.84489388830396
-0.7474569674372
-0.722137821990995
-0.745293056025796
-0.865433636964119
-0.909284073498374
-1.00620050883887
-0.814227520243851
-0.788229779197468
-0.894648384967886
-0.796954626932736
-0.878850736306522
-0.773839229598402
-0.869470258004526
-0.923764487387345
-0.798763439570724
-0.770261013288101
-0.723394115641269
-0.734237215335602
-0.73201739994017
-0.731025741472589
-0.723222872647641
-0.860536717490051
-0.734818704063037
-0.627328717303787
-0.887466724068171
-0.80150204924167
-0.818098470165291
-0.860398761151932
-0.803230358610975
-0.782577260171141
-0.711921215579395
-0.689190500397385
-0.805016524048882
-0.704408859307863
-0.867544959992439
-0.707418007592532
-0.89384664224443
-0.730753766699774
-0.915506243737627
-0.64791252541154
-0.888033941450021
-0.716232880283673
-0.805357124084398
-0.835138921523964
-0.964362879658979
-0.760520675607242
-0.846311183702193
-0.757700234136039
-0.628580011343408
-0.715081929321296
-0.671263588107601
-0.704163214105578
-0.780907468499979
-0.8213440278926
-0.875233918476386
-0.905889968636384
-0.768346786550332
-0.633199741850215
-0.614172831163755
-0.74058984881942
-0.692874344611637
-0.79867222502952
-0.461109799595072
-0.679834282733104
-0.747105426826004
-0.627870320493436
-0.504842193303074
-0.87184491998454
-0.550713339566717
-0.685830156771566
-0.612702801553211
-0.799983193466285
-0.687099700945931
-0.794665239043806
-0.73118138158185
-0.571088573560905
-0.643509261346625
-0.586509680169368
-0.617839954668949
-0.609871410126483
-0.692339733043302
-0.600455162823391
-0.714941924626266
-0.613555822577769
-0.542443704215446
-0.663951701145247
-0.620179801905852
-0.699987197658763
-0.610168207439056
-0.582976768837541
-0.698985256719877
-0.78026582253083
-0.588672680233597
-0.669135373316133
-0.631088779748224
-0.58786575551559
-0.503134518191183
-0.575987209127874
-0.59802104520483
-0.642749348834451
-0.658644286952341
-0.710264985355835
-0.689570779058309
-0.42944821335908
-0.591866084432617
-0.63733910852826
-0.694672494126777
-0.584432102099707
-0.581790897250355
-0.728264149017426
-0.591008348176399
-0.700520012391843
-0.597667636547711
-0.757479376628132
-0.699916415794816
-0.49808609960649
-0.658617870551305
-0.641186087661581
-0.675480940409704
-0.71930197049574
-0.502251649856814
-0.671047533618337
-0.623582373032582
-0.654895181483349
-0.615285634048811
-0.597662545324472
-0.521695649094725
-0.64443485468709
-0.564760914509524
-0.632254841621386
-0.508259043406995
-0.489448167507005
-0.497125072365995
-0.570821396539747
-0.497494712404149
-0.516436492146428
-0.535770193996709
-0.460301878172173
-0.521635559115816
-0.609667972380903
-0.574895493050337
-0.560796669536389
-0.589825551168837
-0.602225018708796
-0.524830629977424
-0.42189057175887
-0.596715246868461
-0.487756973996324
-0.600197307968514
-0.532408215621966
-0.474771932700434
-0.420742478846668
-0.616093235077815
-0.483738735674745
-0.526865455601102
-0.547880867362875
-0.45302719044824
-0.537966901689899
-0.526370840590967
-0.560755266701375
-0.525928283371107
-0.556818628871531
-0.567764473712895
-0.482861662100238
-0.646576642226895
-0.50365304978871
-0.539825533433349
-0.511286936311105
-0.544999342356864
-0.488460789373056
-0.527421878478374
-0.509630810725763
-0.58873081858436
-0.373022877686176
-0.63405646431494
-0.475910152617624
-0.559732924027578
-0.516078060770803
-0.519761804803408
-0.474281790854241
-0.493306509260176
-0.615614060097565
-0.621977033001685
-0.35728017562577
-0.549101260812993
-0.410414571709409
-0.492568414644486
-0.419280813766556
-0.534897771540052
-0.414373476020223
-0.410893011648597
-0.358217477957309
-0.449112566922514
-0.56950413714399
-0.465134083441002
-0.42172977466475
-0.351135146394364
-0.458637227667002
-0.477706247556844
-0.522834422073038
-0.431386135134781
-0.474964494065877
-0.512735681457515
-0.322778331433827
-0.417459789181806
-0.446428153323441
-0.37363426732452
-0.397011141316675
-0.33291025308939
-0.318021685094646
-0.333908667749115
-0.429816242615646
-0.26782237958729
-0.277157565786047
-0.528397177413554
-0.355896284836229
-0.410486865239503
-0.466311643142624
-0.235313693044244
-0.420201553103114
-0.418404218952861
-0.427163593487094
-0.38438596942485
-0.383667625826961
-0.492822802620818
-0.306746361934065
-0.375213226607661
-0.386666279564273
-0.453961364164661
-0.471238072844583
-0.347811150358337
-0.432140736903144
-0.303363750818889
-0.282997340234006
-0.414570645336439
-0.325382850453583
-0.310111989600367
-0.439711377568043
-0.196903963240356
-0.431442872948919
-0.257457389195876
-0.354716136967752
-0.415849796811326
-0.392932116826904
-0.392669552130744
-0.373791093289502
-0.449554008340158
-0.125899622525108
-0.339572077813567
-0.344819950547106
-0.17476166595841
-0.345497249931666
-0.249259854045096
-0.35117914805129
-0.326061292736312
-0.351408134875251
-0.459606259799162
-0.331583863022622
-0.396239295423552
-0.400527161146388
-0.220554402066373
-0.333023539406026
-0.369380433675858
-0.239116146447634
-0.4234257462478
-0.362430405715542
-0.236118138311324
-0.353940422800773
-0.497798679891608
-0.42628414670593
-0.206566202750243
-0.30872542572398
-0.304244140468804
-0.207981589634501
-0.266210178599929
-0.206809336243056
-0.24285783534497
-0.320429036538804
-0.293798688044483
-0.425699956483692
-0.227896377538902
-0.379558734879938
-0.406582370310519
-0.30024934605591
-0.264562005493607
-0.178598746102729
-0.393228166216599
-0.30434182659247
-0.328572791054092
-0.16114156317087
-0.186880174231059
-0.242885012724946
-0.313112961795749
-0.277703838915051
-0.420741906574065
-0.241514331503954
-0.213485905812346
-0.305113744048809
-0.280944521991834
-0.30987643861669
-0.376604104141236
-0.28877149851084
-0.248722643087955
-0.360188907417256
-0.233660142231758
-0.349537796935746
-0.336853009474356
-0.381574757312244
-0.175620019119076
-0.220903988091944
-0.210129783940212
-0.186419505884948
-0.14280150684385
-0.252786974808101
-0.06214506792621
-0.363244819584654
-0.240287712736133
-0.212203336778587
-0.128540511058625
-0.286362409791842
-0.30036263151253
-0.242238252748624
-0.1034889560624
-0.19083584730776
-0.298411369534847
-0.326489937068748
-0.0332570976634413
-0.0813975164025434
-0.357150891860362
-0.218951500327805
-0.222165731050163
-0.263491827676555
-0.037132228035243
-0.173628559607639
-0.241513928420163
-0.207690677598941
-0.159662439715319
-0.229528531109585
-0.180530761036539
-0.0945235273188875
-0.163978884629132
-0.105122656065163
-0.184207715483683
-0.145340042523506
-0.206394565052528
-0.211167434280457
-0.0604260632271309
-0.0969224235968739
-0.172251008150126
-0.0603319914608038
-0.0255537401906672
-0.0940179169211
-0.0755277075331588
-0.252917563977044
-0.160140213589787
-0.0862703919829341
-0.034344726891737
-0.0684288191093897
-0.0521229221379554
0.0535155987742035
0.0192375290423357
-0.232755039692512
-0.13420397472569
-0.0631177432678764
0.0657893364784733
-0.134841761705577
-0.0624559119452615
-0.16093187097326
-0.0762329502845513
-0.0759561637907338
-0.287259369818546
-0.131340083711525
-0.105788081131488
-0.144200651591541
-0.213190602942613
-0.0350842222289918
-0.104761715602565
-0.00757652310615214
-0.027325292939074
-0.0474488199234224
-0.12264328459574
-0.0794884144189917
-0.0111341579034128
-0.0561996563432647
-0.0297362759447499
-0.198699930290514
-0.0848712888253361
-0.0515611916480756
-0.14905553934448
-0.143754468721409
-0.128618204266094
-0.0944657681980723
0.153068752702982
0.0939091787704843
-0.119587931294627
-0.021607576146593
-0.0227935042436571
0.0490539084975716
0.10011706587902
-0.0077262628317766
-0.0536343598228342
0.0162110927677134
0.095209708295893
-0.000608467954474774
0.0010166457944474
-0.0323784621301163
0.00883409103544965
0.0293567440435958
-0.0963940198218293
-0.065609583256381
-0.000633223748507648
-0.0133032926056361
0.0349616436397796
-0.14798648050467
0.11557167879981
-0.0511895164690078
0.0669982992312264
-0.00136488245109977
0.0375048944282303
-0.0888084104641881
-0.0393289288589423
0.0169568948337396
0.144690627102014
0.0561343802881
-0.0453834834114505
-0.108842321006673
0.199425407106137
-0.00685502904647533
-0.0327774535920946
0.0892993000562296
0.13411062886947
-0.0399533339329282
-0.0261236798856441
-0.0735980695039291
-0.00585617711706468
0.12020729450836
0.0412698078630337
0.138576994084586
0.044664269332067
-0.0332978050381162
0.2223503209913
0.116652640521114
-0.0575742307981683
-0.0897306161879927
-0.0528232441766471
-0.0696104768715644
0.06193552481636
0.0971981454787022
0.182186246865147
0.124476793815683
0.0359893249970326
0.0523565933028642
0.049052569419019
0.0437589750070273
0.129428562833045
0.344921694902948
0.13016164261063
0.0755498950527575
-0.0320473479896618
0.0694988763460312
0.0772033553417076
0.126023420458271
0.165783383515962
-0.0369273125061097
0.091721046497997
0.21031699585033
0.0641480775771777
-0.00818750917192421
0.120322220849371
0.0262065651130875
0.101822807243704
0.0936281835284173
0.0960804940598272
0.175259799354824
0.0715285781860839
0.0672527970037818
0.106635277182782
0.0419696751135515
0.107305039093595
0.133768000752586
0.137118315392056
0.197867145968333
-0.045950981120364
0.0841541066173575
0.163161185547788
0.259146738077053
0.055292544300304
0.0410467863808023
0.198604988358398
-0.0184842411452106
0.209053933659975
0.0231428712645616
0.253466774963846
0.194528161843604
0.137551059133889
0.129481545957834
0.0956456500984483
0.253687562903272
0.0723914225627417
0.245698399648463
0.0135874420487512
0.264249752728605
0.231031086426532
0.123013484674355
0.0739923191561194
0.355444415370335
0.241351244126574
0.236341920788001
0.172239002496256
0.0818829762994815
0.0600881543483224
0.106445181326268
0.0326135621400614
0.260134427813009
0.28426992929801
-0.0377485915191731
0.254346280698461
0.290279152876423
0.219025750218514
0.249171284476147
0.183299971593777
0.132804605960031
0.164527907305112
0.280396559298748
0.0830021177572104
0.332481212383197
0.273943441816727
0.18375633777572
0.223685724000165
0.224360169280329
0.289291311867725
0.310305160572623
0.0851808232373522
0.208493322876093
0.260541690064995
0.272797892148137
0.399633778881215
0.264770056913648
0.231007164883706
0.244185830945272
0.225030134096365
0.140186071399868
0.250820278684166
0.310261899675571
0.0538622024642589
0.19050195638267
0.234917069622014
0.383128819896811
0.168068524983759
0.373233914672593
0.353521603893494
0.256962959675546
0.14304162025384
0.274973683388037
0.267496257396133
0.333685305528729
0.194111882131749
0.381485188424519
0.435211838072006
0.272121012266355
0.261665170800295
0.268686095868189
0.225609488281724
0.406770252529762
0.466330739036306
0.325273297961898
0.203865192999524
0.12749665522064
0.455416268106138
0.302514636351013
0.235206271614768
0.333792187789486
0.231591456958631
0.382547431835981
0.267029041163693
0.288718130140085
0.27561209401822
0.263093553351985
0.387446498010683
0.289685057135471
0.467086248298562
0.305002199521228
0.359444988683156
0.363500567279474
0.376222055344139
0.306905782968982
0.247071669395254
0.411651185187307
0.338249708064426
0.442941785868545
0.304058489225177
0.437594163029299
0.353088404282598
0.29947016981982
0.371407415444756
0.457645516963958
0.433076754004331
0.411153272181865
0.356545515490758
0.361716379183331
0.314220967288649
0.167899196923705
0.422608160095997
0.178216364170498
0.201599048996122
0.409298748578835
0.419526770285957
0.438069439611596
0.35573790414113
0.346918143200335
0.35105537393136
0.350609559278165
0.356851772719912
0.342911505283229
0.343551107378257
0.39652766847367
0.326364906014226
0.301045526023836
0.380231306327701
0.448914954191187
0.351521585336164
0.416037832126954
0.33106736654407
0.347127184851129
0.293584575013464
0.233750194757177
0.588226334008901
0.450457926331919
0.349653118271865
0.43183107472359
0.524061770267391
0.423821052299766
0.472507787612819
0.338757050912207
0.358875436585525
0.405519813869394
0.344960245885488
0.301341455197447
0.405880569938739
0.296895349273032
0.438092298708759
0.495997988039138
0.467412154375374
0.473550733711466
0.48514043351506
0.528618358464067
0.44221647367355
0.516837062918888
0.404769325592564
0.646461822328563
0.360134370394137
0.539874949007315
0.438476207413791
0.405943325936715
0.510517379504961
0.424042057477786
0.541704971321852
0.526679695252944
0.348169304943676
0.386200893571953
0.413390778477932
0.40124904826584
0.588334264497012
0.623463445221559
0.66993109481504
0.443729145642245
0.464564551957367
0.597877675378406
0.49861913862836
0.412464288866681
0.48834308183639
0.446850553023085
0.538348939506602
0.489014877471144
0.634517651947829
0.342583876582401
0.610094124843465
0.572626066150473
0.449092092972301
0.620340842021984
0.555226904904828
0.583785043570318
0.654058792441447
0.532633312926413
0.44861703128782
0.469739903384837
0.60211031334496
0.492183267305343
0.491634126310456
0.61173403078437
0.571338482148015
0.528799650285447
0.581804245501574
0.505309755432137
0.714288291568812
0.70000830938349
0.407010366463257
0.455929733904085
0.569102401566148
0.560232818413262
0.486743490827068
0.361088831567836
0.452796721341786
0.548173014196171
0.581883347043106
0.574381689086991
0.453854568743798
0.696960509468046
0.648918018195724
0.576098665306909
0.572404988446757
0.696295946466192
0.434732635120128
0.35877272887464
0.525823169910996
0.546169444298927
0.540207241147476
0.479214167010837
0.446695539889045
0.597360851828908
0.555251258776112
0.837115321988185
0.673220279430277
0.581843956385465
0.627960628491666
0.711101918581721
0.622058462734532
0.689835757617964
0.647931221250731
0.574752196834121
0.565989551758894
0.565506137827777
0.687703671907024
0.499578842875116
0.680579982303899
0.718458263580053
0.694827774479919
0.729981021317478
0.582103566061038
0.679675547756614
0.622425453295818
0.67339269583842
0.587220992426254
0.758193679831802
0.824574549637639
0.845305781493362
0.629042388864026
0.616124718511971
0.679958301240739
0.792331069623336
0.65758318965909
0.733338422685732
0.691103051384769
0.674017570066379
0.560099786999619
0.611943075097929
0.665500569419541
0.572110928808483
0.810286703067884
0.585632613911941
0.632377506068412
0.496412570635227
0.616340920597611
0.652988324846911
0.525003705074115
0.686195239812731
0.644337341585898
0.746942932943284
0.633990407584314
0.715079978849969
0.647893218652463
0.54735667927192
0.611729554752731
0.741641652866854
0.785420228962421
0.811018068130435
0.708441206699641
0.729596274650167
0.772038278547226
0.662323970849062
0.602601971760564
0.759841523794447
0.741278729478435
0.741424062177612
0.767414976133322
0.809812948237131
0.684367170354396
0.800456738478049
0.805934398011232
0.671970267215503
0.652419838997643
0.67153043908076
0.70426537831
0.85618021809169
0.854070999669014
0.595270094668155
0.707257591329952
0.87454925920769
0.814175010212032
0.797848210932604
0.663122193250873
0.865721122776311
0.777149917267829
0.808390609880756
0.765871230605517
0.791205623338868
0.933071926627124
0.640698313962765
0.857002444701913
0.791819945787779
0.802018927616442
0.721546760781631
0.775794984760558
0.872389150674314
0.787125043774317
0.806946167044208
0.778150756571785
0.780251045598344
0.752758316504469
0.769175075954258
0.846062389655724
0.70164594234233
0.591167111039217
0.959621113713275
0.688258278666695
0.88603815316662
0.856655629951743
0.858176381139195
0.714471594370458
0.839325182639729
0.897451485044289
0.742231529746939
0.810447810788183
0.830165559654815
0.910020766270305
1.02220587491714
0.842612964822434
0.661604985109442
0.760021047388163
0.797040839301783
0.900826279484628
0.778722387901693
0.845317308281334
0.852866491948699
0.81523317469388
0.689547603605038
0.883155796714462
0.843489964508386
0.979171835125678
0.889344639213892
0.749847213726923
0.963050133205967
0.830829313596944
0.812776703257713
0.742615838867563
0.853203905849101
0.803256173433998
0.86983245494048
0.940600048315902
0.874186936739067
1.06212900618094
0.883400840803897
0.87731942044789
0.685128309216219
0.964359067323678
0.953276301922934
0.930561800508108
0.851105081522753
0.937208924777484
0.86599792900788
0.806356789004168
0.839580789621241
1.01332291498132
0.942696957891542
0.881048729501892
0.893210056682302
0.878453953956108
0.90544844264259
0.933230125813167
0.941964505461134
1.0239576871344
1.00908255816568
0.914243297821065
0.829993951427025
0.819414585951428
0.913540731259826
1.04457592815814
0.914339697510741
1.026689189113
1.0249661330317
1.02636198722217
0.886287385196482
0.802978359014869
0.888122515705878
1.01272820601789
0.859679999187669
0.924959450545211
0.972596818192058
0.89681466004725
0.85442718237519
1.06117082753603
0.904539426961955
0.764213310402889
0.870456142972882
0.897379945799975
1.00620758677266
1.01409039085128
1.05336824502422
0.958746075902812
1.02865682355387
1.09504810839881
0.966550009133077
1.04559232590319
0.955583558939365
1.1048451064062
0.974622073847442
1.02204416910047
1.0072753671388
0.925066765380682
0.939046301763071
1.11609427262942
