"x"
-1.11218315238306
-1.02031038712799
-1.03494653744888
-1.01467106149262
-0.921377959276409
-1.00487541786719
-0.912908855213114
-0.956688613990242
-1.09876339965944
-1.07683099300699
-1.01721241301598
-0.969823302941803
-0.923553538133575
-1.05218922470491
-0.897591997707544
-0.970563139169394
-0.896464648565499
-1.01508987638224
-1.00960859898877
-0.904324999065689
-1.08902547837144
-0.983644464826494
-0.88788722808018
-0.856431731023802
-1.0382240288819
-0.91721857301505
-0.898850027899765
-1.03116272502706
-0.96701917625519
-0.941350167429956
-1.07223738221533
-0.87661589630434
-0.900424784780772
-0.825653760794753
-0.852151086673033
-0.893532124131368
-0.797872549189954
-0.924269452362007
-0.883858527212062
-0.961314040776736
-0.89404116655106
-1.06428703592127
-1.06543580473825
-0.959247174104825
-0.84155115082229
-0.943736091938656
-0.997554482649786
-0.862577081721207
-0.77961008324177
-0.905195987529794
-0.889940434405049
-0.874980445367296
-0.844743501312612
-0.853352594913393
-0.862346476525096
-0.828472942284788
-0.909334935737998
-0.84100388148628
-0.972129594649526
-0.943570453214954
-0.846832405214818
-0.872769726573176
-0.887696754187771
-0.853769909741493
-0.888751862287811
-0.944683541438552
-0.914281672063895
-0.82188627585017
-0.907892608124785
-1.04332307595539
-0.962785736686704
-0.891055140350779
-0.981716778705675
-0.807264090501786
-0.837235213041689
-0.863812234263359
-0.873580104064208
-0.890630599619504
-0.881536233051148
-0.668620810457428
-0.883622978915137
-0.812297746101817
-0.840208894268326
-0.851973070447825
-0.89101287655579
-0.830567047969713
-0.780301356806578
-0.8739862628512
-0.776355595935873
-0.934977848972967
-0.802353404079213
-0.741688467734504
-0.862541906498078
-0.831129084730962
-0.785305646757661
-0.858157178806741
-0.83786413584068
-0.710439951212109
-0.764057350121857
-0.711118339584165
-0.842810155138504
-0.765504422989351
-0.739262267962538
-0.680505353686724
-0.738229173175733
-0.893483722927524
-0.606363119313492
-0.713858879374753
-0.73682903669097
-0.800945492712748
-0.83724313293741
-0.881101654285902
-0.763071153091288
-0.819846011159868
-0.862646957274999
-0.820703824551638
-0.877118401467542
-0.610703691602234
-0.789504028935665
-0.751780956414086
-0.765842853935324
-0.892183233406156
-0.821912526074301
-0.601334921078571
-0.479891637447611
-0.680619784330098
-0.698317047785132
-0.74796533342515
-0.768764806290303
-0.841254133587127
-0.756731072132923
-0.746065411753656
-0.742280199709572
-0.713482754863478
-0.649745549875043
-0.797998803324616
-0.815839878054476
-0.835294829132913
-0.566194530362528
-0.687599887723262
-0.660823481275541
-0.719154305133424
-0.705309454323763
-0.690951011389157
-0.604510971459708
-0.738640901299377
-0.805151438685838
-0.758441739688573
-0.649670840849692
-0.573864790331411
-0.565459388550369
-0.660158592264914
-0.663876667041889
-0.594656405631879
-0.724051065553913
-0.689819968104101
-0.840126885500399
-0.775588980815338
-0.570556488193825
-0.666486532625206
-0.688436650366888
-0.662362106231573
-0.79611036557182
-0.787106486330589
-0.691690377157744
-0.817733539123563
-0.607394371222901
-0.540040262115266
-0.671784876172081
-0.542094987754496
-0.660707839028386
-0.62985411844082
-0.641902776958776
-0.602881597118386
-0.641010017297662
-0.647816646513007
-0.526904972285337
-0.591030106327971
-0.550272799046077
-0.746845745917376
-0.69382053324159
-0.678503524934263
-0.644740975686294
-0.605057048825562
-0.571468360548456
-0.602832285054462
-0.637046126909678
-0.668387578612458
-0.56617793428116
-0.718959314153332
-0.607679560835737
-0.594919204952459
-0.617547248573716
-0.45360212837042
-0.59314169650673
-0.617201440049759
-0.58589607422934
-0.62616807534937
-0.676770187007477
-0.544442914690277
-0.569451431545883
-0.584776635137891
-0.649372223309693
-0.63004557397423
-0.494743302392425
-0.645487370812548
-0.542666810150913
-0.56044939327061
-0.436189738180316
-0.561407577419013
-0.591703898438126
-0.505760187105348
-0.441084573116519
-0.509132706697174
-0.556696652088505
-0.498076548004474
-0.362287074729456
-0.528218992381475
-0.560922526415537
-0.485276244227633
-0.58957193665165
-0.534068527375683
-0.708433688161683
-0.546807683031839
-0.571517111204966
-0.436654004479296
-0.471780553898306
-0.669532830475745
-0.466977378482734
-0.56048087409774
-0.546304250236994
-0.615833908271125
-0.451290389645189
-0.566192682115331
-0.547069504761556
-0.520511421473839
-0.36514238653009
-0.428831673529693
-0.515224048496582
-0.531952193418313
-0.493247716449676
-0.532270974359747
-0.675297790522281
-0.552679747988314
-0.439610511020173
-0.680358983410615
-0.319491439461942
-0.583002896534647
-0.505107593758953
-0.544369337781436
-0.401517170477318
-0.642698074619886
-0.32095267137673
-0.692643517583119
-0.590426481456055
-0.445129660217348
-0.497684971986292
-0.528222485605575
-0.492044989292703
-0.502884643580107
-0.410427763001357
-0.494241574950095
-0.457274442479556
-0.284928217533456
-0.505483726182291
-0.610783363682236
-0.458452212413081
-0.426034876638434
-0.473692080918561
-0.468144562239807
-0.321892081131796
-0.375199583317716
-0.551540980539596
-0.577610889889533
-0.364136068523131
-0.37692849417039
-0.369463687296434
-0.390144869048793
-0.602198370601008
-0.507280386571878
-0.534169681428233
-0.318243542528693
-0.55523663619433
-0.381939809906186
-0.35972203941823
-0.316701212894494
-0.312543688919014
-0.634521558226918
-0.373637579320167
-0.542266580157834
-0.649287470428596
-0.344725884475736
-0.54557362783467
-0.455308669608402
-0.443991701597605
-0.414124737681669
-0.395447463540187
-0.455606533024835
-0.430641158456297
-0.311710612691291
-0.320921531819673
-0.534125262920929
-0.432698335790488
-0.498652131168028
-0.50224878049791
-0.387225772926496
-0.346983948608155
-0.299663965221219
-0.448091246596787
-0.303051889206023
-0.45464943526057
-0.402718692831305
-0.378356402275453
-0.433553117826368
-0.327607302916954
-0.488776971803612
-0.22853110128712
-0.240184455255312
-0.319662067822979
-0.470754703371189
-0.342316254162564
-0.45520165162093
-0.406431743885062
-0.342626085530131
-0.474933993209406
-0.323223086808924
-0.235540905639367
-0.323965102771035
-0.388741903105913
-0.302783845786345
-0.329373808411532
-0.332544915124906
-0.323677231167101
-0.141256283526557
-0.417799425560877
-0.292011215677729
-0.306970770130095
-0.394227333228354
-0.536267731828429
-0.356109580255133
-0.428992810991255
-0.172614284183639
-0.3172975601672
-0.350587208016683
-0.231055966833292
-0.144716922584018
-0.345548067223721
-0.15204858701466
-0.38268545802983
-0.296691342984818
-0.28827211091614
-0.401183807651045
-0.0972535772305448
-0.189605724118098
-0.36296527591192
-0.313259801704057
-0.318413426526767
-0.352312894845149
-0.317868015383667
-0.332156115831927
-0.254909309605283
-0.414608852587787
0.0297618536224176
-0.426014934541438
-0.197401299878641
-0.321050520683499
-0.315135289135167
-0.108552238029784
-0.364452575577218
-0.31776139574264
-0.276992203531389
-0.105786856747835
-0.219368026855448
-0.133343053475382
-0.196843701475753
-0.196211461199554
-0.193026554042295
-0.254439994256742
-0.249937836778719
-0.447034586646486
-0.224190689490789
-0.289325511229221
-0.193112316654143
-0.0835148435798036
-0.340880506166885
-0.176085711175383
-0.342950699881193
-0.244271043192494
-0.276716939814945
-0.306619028102471
-0.247014432680944
-0.0773141494910504
-0.0990026579145735
-0.195268761559863
-0.262656648719577
-0.187485738002965
-0.247634501314512
-0.346915500090098
-0.188716657643175
-0.281983548184899
-0.180104323964939
-0.301935989259702
-0.132292484932981
-0.376729514938172
-0.198090561786292
-0.199039313811585
-0.262143006525442
-0.173569497073168
-0.207640233901532
-0.153690470488895
-0.178520773606318
-0.0774894955646851
-0.0148863044820738
-0.188160344942545
-0.126699600613169
-0.0156708696976158
-0.206422570172288
-0.233115153061005
-0.172746460512715
-0.205343612771427
-0.0790118327914389
-0.244519787318555
-0.155358952717073
-0.0885319945612393
-0.25134993710788
-0.201842693350673
-0.0729294498742449
-0.0412627653464669
-0.146062905606932
-0.141968463264606
-0.124381754758257
-0.169855546860726
-0.284295223851666
-0.0918358655695057
-0.085919003643317
-0.165875865740195
-0.20872752001238
0.0122520317045296
-0.192432421747743
-0.182068424148843
-0.0841879235261393
-0.0924864010227736
-0.0190294231095361
-0.00102421092067232
-0.150098113297779
-0.182604439991009
0.186931127052273
0.00552333705402723
-0.0726029392731075
-0.294166763925559
-0.204448685647074
-0.233951085726141
-0.133720398152605
-0.157507879402284
-0.0776572022866158
-0.160685041925511
-0.0487026542171878
-0.0798158519135863
-0.142026581910689
-0.108522408979586
-0.0628066586947474
-0.0293446576862932
-0.140921636698151
-0.167062439422494
-0.1457781784735
-0.0253265649194053
-0.00903262280685674
-0.0789687728326386
-0.0076500231217284
-0.101388460323941
-0.028151871528514
-0.0701045202589156
-0.146519753614064
0.05755723085011
-0.0599391318269622
-0.109174035119691
-0.056255794640559
-0.0375726204545354
0.0465389657361583
-0.0933883165967497
0.079548599000506
0.124708612215221
-0.123003049743778
0.118432388034332
-0.0541931711696208
-0.01299082650035
-0.0797749463207818
-0.00606266012027328
-0.0387176595889756
-0.150680757919642
-0.0111088366753684
-0.0557921450955294
-0.0296388414977026
-0.0215420484543669
0.0967787108368756
0.0940037614263335
0.0146148913188909
-0.0793621186633845
-0.0414142440709176
-0.106560934370921
0.0194985259230204
0.140655999048118
-0.000878529095475639
-0.0202331331584962
-0.130741238876692
0.191597168828673
-0.101658121532672
-0.18326126854644
0.106858688702076
-0.00763906854046855
0.060800075283908
0.0848677928275422
0.0395312809328664
-0.0114643205756324
0.0248894395987443
0.0371265268868579
0.107313305568164
0.103432845542912
0.0974322226518509
0.0405252934749465
0.0574632425276958
0.0899882592176111
-0.106751033725559
0.181517913369072
0.050171770138882
0.0279265998927992
0.127341551813187
0.100764397315267
0.0463169655965619
0.0240704790477063
0.113383846703778
0.116940003325084
0.0904074922453541
0.0801834649416408
0.189896686664244
0.0217100942627536
0.0495163987585438
0.0198008763424851
0.132943614607422
0.160848672567855
0.102714419282568
0.235280681216605
0.131827523819262
0.0261135940816503
0.0859665594402544
0.132272975569219
0.074380432774709
0.0456162351171663
0.0196794940429009
0.0329154966326436
0.134318564563852
-0.0295734621567158
0.0983122015452232
0.000294429068824655
0.17418602135624
-0.0294899935353336
0.158856671626634
0.148604866403682
0.100737275000075
0.283674553204483
0.278116758919696
0.215068543432855
0.158574931956058
0.155266769630491
0.0590667379403185
0.206111581524356
0.0687142201308951
0.0551052490351518
0.181677784179264
0.037707649106968
0.174431724115944
0.136477475611361
0.0535533858610934
0.134526855805031
0.171426469866271
0.0852227156677889
0.261155950863876
0.267340414037256
0.120678204855489
0.105975774315063
0.109375154578811
0.0843981357926308
0.213786023953606
0.163605919336594
0.131494977008739
0.240236550053416
0.0630292743621941
0.342505400051331
0.238829147042239
0.155664464180633
0.208599492409821
0.111500116103636
0.196047461201579
0.268282065913332
0.0487133662120575
0.254378281864599
0.180706193017349
0.0345425015663927
0.166293808257527
0.121966306898604
0.245957421498149
0.147355019582243
0.296962882188425
0.26226621045333
0.134373964168958
0.406046693213243
0.297045901859815
0.0830122468006777
0.153961530436192
0.116733132667865
0.220524955097617
0.275690395761313
0.213908130658176
0.330250829752556
0.308436347206213
0.257387205755867
0.276734512800215
0.319023399594635
0.258451225754799
0.139133449159571
0.167737123772262
0.257417521042044
0.203429074628238
0.306751629802901
0.281174683132868
0.324298203896578
0.253922962848143
0.261409801516525
0.227015959874974
0.326710835278059
0.300637297689847
0.326396599068703
0.296803437711857
0.320577860536392
0.316093370576954
0.223378802390186
0.322762159749236
0.344084028886595
0.263345152261406
0.201774720512952
0.269985702520094
0.323977522512984
0.380352620200581
0.45035223329486
0.280933806499008
0.272707168039969
0.274353682335508
0.376362821215302
0.315776915534956
0.140279346929579
0.339123488779224
0.209349563305856
0.293734026926531
0.281465756872576
0.242398640495092
0.385899832743482
0.376671215537155
0.450636131788706
0.230380845008017
0.34385745502531
0.294581915949222
0.286300452706583
0.262896298238846
0.24970146372935
0.248081367801384
0.402941447965251
0.408890058283249
0.230482555113323
0.343945942485907
0.213663925533951
0.238043147558324
0.182482667390774
0.265877974009719
0.414711549790188
0.377999691356863
0.355268230569095
0.314418672518621
0.255983092405503
0.483428851989671
0.431951860480413
0.570709799434049
0.495117403152005
0.302778543782942
0.383890796672405
0.465763616123716
0.355728271834224
0.43460441452423
0.522734092102788
0.280456128511838
0.332423759931533
0.437328930966824
0.353726211928914
0.342107584509399
0.517135421340117
0.398588506470533
0.29675072936027
0.248468561701338
0.443927973383415
0.310736323268436
0.281909184821594
0.365884569063139
0.330274791761992
0.427690771905275
0.44122862512795
0.337387222130494
0.405073250792029
0.239217307290812
0.395596212818705
0.336727514034864
0.541118210969521
0.438182988426189
0.526410076830596
0.393696175313936
0.391256855240094
0.264301185427742
0.440429102375195
0.535741133907918
0.411450869411239
0.357683649645335
0.452106591155645
0.475337843434247
0.486792792496054
0.369522874827661
0.482059933857201
0.499682101720774
0.49753869891143
0.284000850998398
0.446115626049236
0.428613209172031
0.569726579955914
0.523851704413589
0.375195671161717
0.400923620210363
0.475638749054472
0.44180374570361
0.498169982315676
0.379743560160235
0.472573246649359
0.471685382224386
0.610899965774819
0.526018829311896
0.601424209414517
0.4101326055573
0.564770610125839
0.521542021724576
0.540198377586407
0.502192884986578
0.618953145649481
0.549047978513285
0.487211596165581
0.361995452433106
0.358250345724009
0.469125277777846
0.418876744164666
0.566017218001487
0.437015713356598
0.572575806466831
0.533878954582888
0.48134192940877
0.693103011459501
0.631713318867862
0.635676350181985
0.477186582953762
0.518252481708942
0.419265234260763
0.56929652834619
0.524019617513616
0.512526179641838
0.608706364541364
0.585669094681496
0.531309467931948
0.51090513667009
0.665572149147504
0.595258571356767
0.532987401385694
0.515801931892633
0.64637305315152
0.597292478792788
0.623272330969475
0.354710378052275
0.515949265973571
0.700637080917873
0.540357629620084
0.670631080251126
0.58086869350561
0.619585863022454
0.604636281100316
0.695298292224943
0.597405619044226
0.636204866928574
0.690223521462252
0.537039183954989
0.544072583090582
0.588547778357258
0.512700864945303
0.523581039355918
0.549447745521859
0.641239601879755
0.654170453377051
0.470980456130882
0.622028208733449
0.497120651871053
0.682873042409157
0.645120693577563
0.527812730993553
0.581843417188769
0.488703305701289
0.530368142245337
0.648562574654344
0.62801366927517
0.559961534090722
0.642807277702049
0.546060596264356
0.69739679584755
0.789117295259289
0.405201756658367
0.522195395844447
0.548869778251859
0.651185695958644
0.62748325852143
0.571568839676104
0.591740582894141
0.6415381787593
0.658296165781099
0.681564938169106
0.744979307964116
0.616067790417979
0.767210988298901
0.49038207244512
0.606495292666836
0.707791268629538
0.677393071931509
0.630098264398179
0.547026163718457
0.736963867225885
0.833300524394024
0.595461709132606
0.834005490514914
0.768887054776018
0.633906784053829
0.698671881828952
0.845422439787956
0.765727409989329
0.63415529593366
0.651850849957538
0.662909176502726
0.664674063512244
0.638627578249769
0.599459230415476
0.718824687672745
0.539036499343536
0.772404120004908
0.830793569372224
0.683018341698821
0.596761637367508
0.664320866848594
0.703613666461791
0.666782467983427
0.646039018614901
0.646665125792268
0.660917765795249
0.589020467078347
0.800253820323128
0.705812949114941
0.686338130230631
0.701366117446636
0.589727982675887
0.548092936744577
0.720164392213704
0.831631281854967
0.790291474685454
0.764634228477033
0.633432895503777
0.771499179248039
0.522182933219609
0.867102477783079
0.755799068158666
0.78450168452439
0.64731518304308
0.626429353571511
0.604301123817894
0.856524635621351
0.660825730607544
0.8804284902297
0.773519594554889
0.711198800210445
0.7871821225299
0.66900891228678
0.751192211355262
0.797252682073645
0.727450279279239
0.708562499452709
0.780674473563238
0.734391249696251
0.736909428469025
0.798415154554291
0.817881019416272
0.806966594466624
0.914860938508692
0.797613512049425
0.868321840959416
0.853945241716717
0.838155788914038
0.800010659668253
0.74258555969257
0.627036890977688
0.90094575924953
0.871852908245934
0.883921740690208
1.04693801483732
0.906849588251399
0.863646109113424
0.763110051469113
0.819575989836105
0.922725339162085
0.769425410105741
0.788346359183812
0.862514780613531
0.983667335206882
0.845606115040231
0.83623083976509
0.748979955675902
0.858682681700461
0.901627930981024
0.84547394805545
0.887332087273398
0.712001981707512
0.734329347414544
0.86398800652311
0.879256743678514
0.962352794901577
0.805746502060363
0.939598357536594
0.858703193944676
0.892267608942116
0.816805004967288
1.00669567892911
0.866685101238285
1.06287411248226
0.760784805793399
0.805477562482141
1.03110357962083
0.849896320201705
0.996728388626325
0.90711645223478
0.841851686708678
0.799507642820981
0.96918821043054
1.06553605975129
0.778054923507989
0.953181390186553
0.886494155057659
0.815526925875821
0.977287759951328
0.96503074818945
0.912161030194571
0.869557337271409
0.897034433776208
0.998118974007897
0.850853799057501
0.822933487730816
0.938604477688178
0.941578144022656
0.847017771067072
0.905197891585158
1.03055069101295
0.942739907482265
1.04013575127924
0.886232069065466
0.821245168838937
0.850800666739116
1.02573724163263
0.988195550545962
0.84617583872895
0.95251134646482
0.935844589861162
0.916448305353556
0.914752869770992
0.915482440104755
0.924259477310667
1.07909581126415
1.07854765812641
0.890824192332892
1.00837618749452
1.02628398767728
0.905392092758966
1.09893238141437
1.0122662372617
1.07065084422998
0.995177744715707
1.0705461894617
1.03376713136675
0.920552735831921
0.958166244030406
1.03284133571975
1.02766146740221
0.950080006724552
1.05295394322547
0.958011096780409
0.912281252709875
