"x"
-1.10852650285491
-1.01544680528971
-1.02970043215268
-1.00657585016824
-0.917411069891652
-1.03175049936849
-0.903742260249356
-0.953496679866359
-1.0948450650594
-1.0826175535136
-0.999709568239005
-0.979234994335139
-0.915199528264546
-1.03979050707428
-0.900799998873506
-0.985789743991199
-0.905303963348216
-0.980785285637256
-1.0278157381823
-0.908535299513587
-1.0842696658095
-0.983070940957881
-0.899834643251093
-0.865308718155925
-1.01844840755115
-0.902055703285461
-0.891887958557294
-1.01733194899084
-0.958681203448707
-0.929104294198259
-1.04584932846276
-0.874381827133597
-0.907911561205716
-0.818791639142426
-0.859583433654647
-0.903905749107197
-0.791668312700476
-0.913847586533688
-0.874913866288195
-0.948307539246249
-0.893731832556042
-1.06650022126511
-1.06628540431719
-0.983185498492388
-0.81390882101313
-0.933877235665091
-0.986820087698597
-0.841157096159867
-0.788087644041119
-0.917700187014103
-0.885726354016176
-0.89935281137496
-0.840365426430713
-0.844908878611565
-0.859905618389618
-0.831178545079711
-0.896891783555936
-0.814162931536556
-0.985341539679254
-0.955792808979823
-0.858888301737347
-0.882327428867438
-0.913220085532171
-0.858423874281454
-0.869373428840316
-0.923149982452866
-0.918948907281905
-0.826095307139171
-0.899255884737799
-1.04129098841761
-0.96004767582688
-0.88428449757497
-0.978035064413273
-0.80596343823325
-0.82819261882713
-0.863756147878952
-0.890231660906179
-0.885805673156997
-0.875760949497919
-0.667577442782701
-0.899660266506639
-0.828633261091564
-0.805274289652632
-0.857592828275061
-0.906779889190487
-0.823866155324975
-0.771959822495852
-0.885135561023636
-0.791198968123876
-0.939304235445728
-0.80279828773347
-0.727373173437719
-0.842452072580275
-0.84580332861751
-0.765725598920907
-0.854195536671395
-0.838065999605073
-0.73060696714504
-0.779047379076629
-0.705522290729101
-0.842815970147567
-0.738706910690395
-0.750299703014902
-0.699408351412587
-0.729751609758479
-0.907720964059021
-0.633970336134622
-0.699571217257693
-0.751198261853532
-0.815312085014778
-0.860883453126037
-0.873030401273659
-0.762039924227347
-0.822482609102161
-0.871573127816348
-0.846835459368737
-0.898150032862558
-0.607804101346318
-0.786592950041132
-0.766320984789449
-0.760757749502419
-0.872384613593988
-0.813426526548385
-0.595036295398578
-0.482380099158924
-0.676992284308609
-0.706366463412991
-0.746079582437168
-0.759323851064218
-0.801023032288873
-0.762918618805014
-0.722145137288109
-0.734885424548649
-0.734991105894817
-0.631023873175221
-0.786596580007136
-0.794664379830226
-0.824038371209658
-0.585084947174338
-0.68055270008392
-0.637107143773681
-0.726074027947112
-0.689803233959853
-0.686176903818927
-0.642936991091519
-0.762104997748359
-0.816278851977457
-0.77215046311124
-0.645178243004141
-0.568854896949397
-0.548186808183303
-0.658004410172553
-0.67088761850065
-0.595844060222952
-0.744948723765252
-0.670957030326775
-0.823325643634694
-0.757941399069066
-0.562662220374092
-0.653755606860047
-0.696169343361805
-0.678450037354438
-0.783767737455833
-0.793493290232538
-0.697604414557644
-0.809772347754118
-0.612454644028663
-0.53361370878002
-0.695939508765004
-0.534315441338609
-0.630788736497637
-0.626001957066825
-0.648227449682137
-0.59294143469164
-0.652302369391585
-0.642205077432321
-0.519126739827911
-0.588831611297382
-0.553097042258225
-0.748800999446966
-0.701191355263299
-0.687105933895668
-0.608623333105361
-0.601609155316849
-0.570368332569119
-0.618881036236955
-0.641341805161658
-0.687307560769493
-0.574542699011307
-0.698153805738377
-0.609207381716127
-0.608265128191872
-0.613005070208257
-0.46472172396987
-0.600919583142005
-0.635839305673006
-0.629433561635214
-0.640292591978568
-0.686683051183592
-0.547003389574154
-0.557605487911472
-0.597846372306248
-0.654153131395794
-0.614232068736546
-0.489625225512894
-0.650556465294308
-0.547704432965685
-0.573337976637989
-0.440535257381673
-0.553775002286255
-0.589024377345379
-0.517010024909784
-0.442980375085235
-0.527462421514528
-0.564199259255738
-0.500711202416529
-0.383012368950132
-0.545087202219686
-0.555389856938639
-0.483501618402663
-0.575070138276233
-0.542364921474462
-0.702999213901931
-0.547304484341073
-0.573335037769292
-0.425062557576866
-0.485674488620048
-0.678183151830129
-0.452657959500221
-0.534879385086977
-0.550553386029498
-0.595772524843724
-0.448149039549025
-0.584404702995775
-0.515082853897776
-0.529321340590972
-0.360839607774534
-0.43210544696033
-0.508647916749238
-0.516279843623288
-0.504349080763117
-0.535856060961986
-0.675578989316718
-0.56071744196518
-0.433990481305504
-0.692414161730332
-0.308653390611206
-0.599510907007179
-0.478923596245081
-0.540105364984283
-0.388941859910413
-0.648946653269503
-0.342741075082765
-0.695802981531886
-0.610388035849259
-0.446443976305564
-0.48543139530995
-0.519381610945718
-0.473685374606871
-0.507447637387503
-0.4097578544281
-0.499673456239322
-0.486248987295223
-0.278611548566599
-0.519593940964422
-0.613736256129791
-0.428838677284821
-0.405074283084957
-0.479288986254176
-0.472364037664131
-0.320507937126261
-0.370105758869683
-0.539589222379752
-0.567738172065602
-0.347804297953432
-0.34582653066263
-0.356029738995315
-0.423766619988395
-0.603375265930534
-0.470201681852968
-0.556789301095548
-0.298692241694351
-0.556881258229216
-0.387403578286455
-0.348906943055112
-0.320046978708995
-0.325452417067648
-0.636401649569073
-0.362550136043058
-0.5102080997698
-0.669108385729221
-0.334573800007255
-0.549650800853204
-0.44726611228104
-0.435838299189525
-0.398257108775571
-0.401947817577861
-0.446193272809875
-0.43135253125207
-0.281809986024967
-0.35399139235344
-0.546988275563515
-0.436473334804779
-0.508134073985261
-0.500817300874404
-0.373240202087015
-0.35809573067044
-0.309508956378763
-0.447327343865554
-0.30735734056952
-0.451168890742731
-0.382264138933946
-0.372635746410855
-0.407749754744346
-0.303801144368374
-0.465905130593944
-0.254068010975215
-0.231163647084327
-0.319758367609141
-0.468804350001812
-0.341787353148773
-0.423908382104083
-0.406552040095277
-0.36107820610727
-0.485372127189394
-0.305280856741416
-0.237660814513585
-0.298203734614025
-0.382851868821537
-0.31443846880158
-0.348051577049948
-0.33476643428687
-0.305590644678947
-0.146301950601428
-0.426935418864099
-0.281952532861055
-0.310420232672685
-0.414190109774831
-0.539007471401418
-0.343870277315241
-0.424510621542805
-0.154509427459296
-0.310685067129233
-0.335259167803621
-0.206992511178113
-0.141232823718886
-0.330407898782511
-0.160704722129491
-0.392079204647495
-0.286082919346387
-0.305668264061822
-0.423286419484873
-0.0930048599153895
-0.206005086416721
-0.354068735624222
-0.318691752953086
-0.330323803014683
-0.357486772764517
-0.309308981119908
-0.326810881323736
-0.253407327235757
-0.426720236856347
0.00794254794416022
-0.412045125232194
-0.178741599852908
-0.334111139069449
-0.307479825005775
-0.101852989334618
-0.365337385728647
-0.313895132195901
-0.285343131436304
-0.125293451664429
-0.200967615197924
-0.142293771557022
-0.200646016029159
-0.19574149797747
-0.198615192968976
-0.265027003792248
-0.241037815903007
-0.462070404132878
-0.228274081460113
-0.290923937283975
-0.206810756633691
-0.0675005851494326
-0.322584726961345
-0.207169159716743
-0.333520012619072
-0.268315306109482
-0.295375761030869
-0.302642743799213
-0.263066803923325
-0.0931600674231475
-0.107097914244878
-0.192826614591306
-0.23862194019938
-0.173055863817046
-0.262575448092633
-0.336490300658459
-0.187009912561306
-0.271246826759051
-0.182474946648571
-0.294652859543522
-0.12129272858697
-0.348910743218127
-0.196389791975711
-0.208256919083017
-0.267614462123283
-0.16313518612282
-0.230300090497269
-0.127020108092667
-0.176121170406001
-0.0845167188388003
-0.0353965456811196
-0.178385849418269
-0.133143825521917
-0.0288813227028377
-0.219528628938528
-0.223520281068652
-0.187104966996716
-0.181265639802917
-0.0672989342536564
-0.244609397127389
-0.134008119166578
-0.0664656192483136
-0.271891444326931
-0.202781540984262
-0.0840410151926637
-0.051952610569404
-0.151799429068862
-0.1461424725847
-0.125584163666142
-0.160204833674664
-0.270681424379113
-0.102659901602949
-0.0846255754013948
-0.181453621039603
-0.1927681677767
0.00810293385558942
-0.185651374415122
-0.173629651291236
-0.0968463786004258
-0.0825891928613089
-0.0257207147650589
-0.0130450815607774
-0.145410620748061
-0.170179980420917
0.177984663961903
0.00814266309650602
-0.0533907650393416
-0.257483523323805
-0.201402108664988
-0.223570186257421
-0.133052527661462
-0.180096925741169
-0.0822793484424283
-0.145964919930571
-0.0370942702314964
-0.10969263816985
-0.13846249279748
-0.128498506847142
-0.0596518855668477
-0.0173048547632052
-0.126219096106332
-0.15924915034259
-0.127443701740642
-0.0212885115688019
-0.0237425620144727
-0.0757469557675351
0.022764942928278
-0.0961711905706297
-0.0139783036803862
-0.061431981084947
-0.15714115592407
0.0588920008949132
-0.0715415369964048
-0.097898270728405
-0.0417901608535969
-0.0435712378608339
0.0512960459331009
-0.133158072279602
0.0787442738760676
0.14853291732149
-0.0976453937387254
0.0961115940192486
-0.0547591717111087
-0.0283534669525377
-0.0696398474750499
0.00965336392859525
-0.0581128588714799
-0.138942279844335
0.00950900292874213
-0.0617860761675471
-0.0483722919018301
-0.024430684283433
0.0858142654018224
0.0838661496123906
-0.0080473973934873
-0.100481266339899
-0.0382327478415985
-0.0977340175006938
0.0366329056019639
0.119857624399999
0.00609085602548333
-0.0111658080592449
-0.124675778736098
0.195540353851433
-0.102883762705048
-0.192077936143129
0.0943498379503572
0.00588100059350272
0.0655216790053279
0.0758633977397814
0.0500145966465414
-0.0242713976130549
0.0577117042825726
0.0479460289723631
0.095174748025555
0.116246569676153
0.0840095607405021
0.0230937134902514
0.0596821914803609
0.0802411870447726
-0.118112751821423
0.172688838725736
0.0603317568632585
0.0357000537361813
0.157170031779137
0.0997142554002355
0.0439989993873721
0.00810082701619345
0.1182911111258
0.117134755698679
0.0989935098321626
0.0862874826474343
0.177381449875157
0.0251134726353841
0.0695584132913813
0.0232355228118675
0.117959121495363
0.167003361361882
0.108513055117117
0.238979018452771
0.146213868093945
0.0159162776554769
0.0798469137993039
0.14813987188717
0.0957784932071294
0.0562514214325516
0.0102415940761393
0.0510911001123764
0.119341830326581
-0.00476246119543915
0.0840599000412328
-0.0237451947985744
0.18492625373794
-0.0450423108836843
0.1596782180738
0.155750092837571
0.0937944117122314
0.265037140832804
0.302501284530924
0.202999683819051
0.165832520460946
0.131382601825736
0.0620085757145177
0.192144347096378
0.0686199715820616
0.0455758191916321
0.198405873648277
0.0274239210260676
0.177660000149268
0.139254725249861
0.0547793210470135
0.11440526061214
0.183511102832304
0.0781567142342808
0.277778064463591
0.265190401231236
0.116818540485972
0.0962364990141048
0.0829290576897936
0.0876554352268637
0.230970260713971
0.174629248238243
0.147294617074426
0.241967890980136
0.0603646472853016
0.359452978870328
0.217476788667789
0.148416668214184
0.191410681477145
0.118755682718859
0.190504992924423
0.268713435311339
0.0569194270726914
0.232028741913198
0.177214117328194
0.0399554793919366
0.160382756554776
0.138182249297904
0.256504296000913
0.155089246537586
0.295885283079277
0.277225798154741
0.14045353745396
0.40215637252769
0.288293649858033
0.0832296918704249
0.167834733416016
0.114506331771898
0.236390319282396
0.27177566061727
0.232497924483813
0.309120547188893
0.324893113198522
0.272611398348947
0.276390600585611
0.317137301288861
0.274851318599881
0.152297406086521
0.18244322505818
0.232697738426056
0.186858860965744
0.308597621454763
0.261987987434269
0.317586410619348
0.252430822709269
0.277365053044079
0.257835512107407
0.314127957567384
0.288357157566109
0.332697275280444
0.283968095158318
0.318303490614412
0.299766893192422
0.221670350306077
0.320123752126591
0.335048837333897
0.25941779506974
0.202040116322827
0.274049355946633
0.341011505851944
0.379382128054825
0.461160603500931
0.271455514037304
0.23749172659918
0.282384034979458
0.366765667843836
0.305057711356079
0.143098120165145
0.331378707626821
0.179741767535539
0.288253261257565
0.269435489841166
0.263338017886087
0.386936136847398
0.384684475989209
0.444841034006748
0.210184591789393
0.331177793583146
0.301362056557592
0.31978788524544
0.26187978429164
0.259629955342786
0.218920397950847
0.394544098077489
0.412203665242963
0.191218698749738
0.340812961850729
0.225040055535886
0.221063814967926
0.208110711095104
0.26480074022418
0.418244208070185
0.385047272202712
0.357636384411453
0.303989555663463
0.243136330778184
0.482518117565937
0.453964500766141
0.553712390867701
0.518970800405261
0.303647123361488
0.39820660882387
0.473414734254751
0.356193737534672
0.423229901592818
0.526244224971748
0.291437828823678
0.337894094730058
0.45663617434204
0.349374291636799
0.344057290948929
0.519339888748212
0.394618109576319
0.277036550619223
0.225733822572591
0.448406055892406
0.301842686120016
0.289999240764539
0.374784610269489
0.322099584460295
0.446247156470244
0.425164940520235
0.325902168216733
0.419148777776663
0.27057239351708
0.401649585714152
0.326257910007313
0.527258101351768
0.450376018785054
0.502487582460966
0.421562137851597
0.355796142940006
0.260917555752772
0.431006550903334
0.522947455432701
0.388108775798999
0.357572950112346
0.450184607049697
0.474203254373248
0.462819033066024
0.368852676149218
0.489871058533788
0.511455410317232
0.483584733919049
0.298967631129413
0.432136383503837
0.436150769374302
0.567605399333616
0.539555595355534
0.405875212580083
0.433273622089184
0.466860240568971
0.437785698800743
0.51408649110149
0.378552721432325
0.450388513894661
0.476446502870335
0.594020700798409
0.520403588102094
0.583821165416728
0.421630764115838
0.566093193288604
0.525344787632791
0.51909088581038
0.518868867584833
0.607177638720867
0.558953265167477
0.526303182256042
0.34420732305206
0.348829713481471
0.479626542606973
0.422168574664248
0.5792158968563
0.437925757604748
0.576942475425871
0.540756964203045
0.469068395536563
0.685654429496525
0.61154512508839
0.658230422490806
0.475313384823838
0.514176451621713
0.426576351474198
0.554902602789035
0.52897136063468
0.525910392208109
0.636657653722434
0.61475249049199
0.527732296212847
0.501733392400465
0.656600387128148
0.598082826534067
0.524762416443042
0.500122070550997
0.637131541261281
0.588801397136147
0.645355308068914
0.365999029296444
0.52512904659884
0.705481969858431
0.544501238050648
0.652034382553156
0.590972337862216
0.616378999116652
0.606651640774756
0.699265533655098
0.602707462549231
0.636129615674577
0.705473477907198
0.519410483272567
0.545816249467613
0.568983628139959
0.489009642493607
0.519467942341084
0.530913430573703
0.60730465650252
0.623565872991234
0.491333733519641
0.618648078316932
0.489177112448432
0.683821868936122
0.656764437652234
0.532521380376596
0.579071764019583
0.474617812632927
0.529113210878625
0.620742765986006
0.659801531562009
0.592197626024654
0.657891347216845
0.546556064919865
0.696669792074485
0.757832877170235
0.438388335429633
0.51473899327602
0.545859440455303
0.652724306707099
0.622528345244807
0.565517421636761
0.593147579404019
0.64272679752423
0.65514603034591
0.688250542880407
0.755245847807395
0.609724859843544
0.744485474666466
0.498990888628312
0.608096288662392
0.719787072111056
0.7105875338338
0.622228786937879
0.573173820842793
0.729353406880312
0.809260801441297
0.602272276155694
0.830080226088456
0.769058125581403
0.627430243553887
0.680995561445656
0.840444506011771
0.766119485356919
0.604770007228605
0.655090672670776
0.673954904522048
0.679364061212897
0.648224663647621
0.591481269320354
0.719294364487219
0.516368477269844
0.79771037962583
0.818081785215165
0.679766478953067
0.61316905021926
0.660716233675414
0.724132053756912
0.643275055685355
0.646631134337042
0.631856564387519
0.664444946911768
0.610737854106814
0.801517061637494
0.704961529194644
0.672893810155574
0.716529660744283
0.611415885838534
0.552602157218865
0.718745456189074
0.841828298169349
0.780842828696701
0.764930902171633
0.623303200769248
0.795461092374987
0.515300163805154
0.8686127595898
0.742043342314666
0.784949637583751
0.640837457594986
0.637435504429043
0.628724868044972
0.853397302480586
0.653979516323008
0.870578788631804
0.776301893146191
0.735172328180698
0.778153809485576
0.651341156125302
0.753612316800589
0.780201385923934
0.717157265617087
0.68507269684767
0.785135705601466
0.750539931505735
0.737976559666757
0.801506810699004
0.811888776516202
0.819580863651034
0.905730741621516
0.805653699607098
0.851344665011784
0.876616882732947
0.815860068762888
0.79746614550862
0.736037599476425
0.609223466691491
0.917163252079075
0.845969095921501
0.885382993339997
1.05864578865357
0.908560949009094
0.84299824923046
0.768464947505627
0.81126185561215
0.939243123114281
0.751498354155412
0.786073556718046
0.879694331993583
0.964614520574425
0.826643339171361
0.83461653865927
0.738139122588163
0.841376854155907
0.898637534761033
0.862497492336664
0.902593726638219
0.725471581045813
0.743617968007752
0.879381448566963
0.895713222707925
0.974457231744597
0.804553578974851
0.935085867417682
0.860894063054128
0.888019587481089
0.822434693362071
0.978624995279783
0.848289776594823
1.0523021380255
0.779281949791936
0.830468973201682
1.0283322348136
0.8492664140482
0.982177419697824
0.913929445614565
0.842430198556131
0.79455356965001
0.954279783109919
1.05122565909355
0.794182432769084
0.930883158397293
0.869909657427195
0.843230229322502
0.984016377454556
1.00523464010846
0.917827010614898
0.862389074500362
0.892389885618249
0.990786244010303
0.835021044475791
0.816154639462467
0.915955787774158
0.944423063019343
0.825886526963345
0.940270229966845
1.04093079054058
0.930211418375813
1.04032977060988
0.867552225279705
0.82668261455711
0.833815194741632
1.00991506962143
0.968172812365781
0.832149277028068
0.9349826117186
0.924547539710325
0.908917727306748
0.911593071269524
0.924967762265716
0.923577439566341
1.08537274870676
1.08082927971046
0.895657875155168
1.01152380071616
1.02377161558711
0.896332443094929
1.08229393236965
1.02184788661805
1.06745033459134
0.979626576537667
1.06893340157336
1.04781617302637
0.901979957018699
0.92871953200923
1.04366285975242
1.01391673344157
0.945991190171751
1.035871164754
0.941606526502867
0.92647622547425
