"x"
-0.929571745294127
-0.839611137275709
-1.08093624094584
-0.872967598101877
-0.870658631439718
-1.0484680616185
-1.11254064238823
-0.935570125493058
-0.933883309168368
-0.902060376165023
-0.982836624770913
-1.00347701779189
-0.957721316328724
-1.18444012471747
-1.01071792098311
-1.01006226133223
-1.00527151853896
-1.02253004092153
-1.0577213180256
-1.04329614931454
-0.975356566114939
-0.837988583235836
-0.965765312730978
-0.858028532857792
-1.01083839299613
-0.953428380662689
-1.07502871583965
-1.01571866253823
-0.977100950991794
-0.890567327964405
-0.969722614975876
-0.831608689004815
-0.858824598696932
-0.870327788811444
-0.796369073631428
-0.876189881254761
-0.738704041958675
-1.01599423073618
-0.880622567641439
-0.902218336645148
-0.89987265148866
-0.855991130442909
-0.879093650032437
-0.86245215338187
-0.846711738485012
-0.836410659891744
-0.900893786716975
-0.951694993628681
-0.993031519380513
-0.775645407956547
-0.864939912758249
-0.894725018134153
-0.715691250492504
-0.853295493359177
-0.834297737160992
-1.00017057769225
-0.875574903860546
-1.00422517046559
-0.853762127336873
-0.905000700866176
-0.791123434948302
-0.923179794799658
-0.82042452368137
-0.927523509536537
-0.962622710709554
-0.928077426154037
-0.820995224419777
-0.89891050827
-0.896061926875047
-0.900377812506399
-0.792939238541238
-0.813509987519705
-0.971747813290348
-0.804929068721561
-0.752377173398933
-0.838019733477009
-0.799114977399457
-0.764065344490986
-0.721839785479584
-0.869228307565937
-0.816495807596331
-0.692737373844213
-0.914155298560666
-0.76116906996026
-0.798509385467427
-0.886199341967534
-0.87145072765176
-0.865420851385568
-0.807021881848579
-0.8427392648637
-0.728182270511398
-0.888410477785281
-0.914153016297792
-0.720281138381994
-0.87412231163032
-0.759556768996573
-0.746109714953673
-0.683546854019431
-0.739147497219951
-0.859097617275756
-0.819202648293401
-1.06190932532902
-0.732771297101638
-0.778214452812758
-0.526993715846101
-0.744361562131549
-0.830619025461742
-0.820931685034283
-0.736983027932161
-0.792893163128027
-0.729771332186978
-0.779519653260625
-0.791123895235429
-0.694361588694079
-0.818477082536859
-0.83405443462399
-0.718513125314601
-0.769557070841843
-0.649132107133424
-0.836737073390148
-0.619374484637143
-0.859161039374357
-0.858175413167077
-0.686036238638824
-0.866421488089796
-0.757634489028941
-0.779174408065307
-0.607169145978789
-0.853724989087382
-0.665975810728225
-0.714285765546242
-0.702061938521033
-0.68588190520809
-0.685248987559167
-0.690722880976627
-0.679736529337978
-0.717429785063662
-0.780950080104198
-0.678770110465992
-0.868219858396408
-0.784843874913736
-0.753629264533575
-0.701905666979475
-0.794502824567446
-0.706778508645772
-0.424888274313731
-0.67521660857083
-0.765493417986089
-0.805186243392658
-0.681306545726229
-0.732043664603716
-0.651221790991955
-0.78330996591212
-0.701857667572544
-0.737012489325389
-0.680808887587634
-0.749678866118866
-0.698849878228902
-0.79084533483105
-0.765378011792727
-0.762874702787705
-0.728664477655824
-0.595718394994587
-0.636403219869237
-0.561762931519029
-0.752388084853793
-0.599025979956498
-0.676287559123294
-0.643159459567102
-0.657320885680849
-0.637180356998769
-0.706940417582206
-0.677891236092703
-0.722508373120321
-0.724895623746577
-0.637023351647966
-0.66167164769482
-0.595501668974213
-0.732146787294448
-0.674229678454421
-0.788117996405886
-0.647777477919428
-0.68951617137489
-0.569550933878029
-0.682888122588913
-0.644798027697584
-0.617861145427479
-0.511919414292684
-0.653976968346582
-0.579743418859454
-0.571371127304584
-0.508146765442277
-0.596466026900788
-0.449233728830625
-0.695402980305778
-0.557097549578255
-0.613539159395188
-0.704963389262083
-0.514007745309498
-0.55496087706808
-0.56198617690005
-0.538956652626649
-0.68156223745209
-0.613480654707683
-0.603390148647797
-0.668346464813685
-0.539112567709866
-0.683388220547285
-0.686902677909327
-0.547966829863847
-0.568417523411542
-0.57479565190513
-0.461484922482515
-0.521198978526101
-0.590547317603417
-0.439991442055078
-0.628082463846444
-0.521153163675314
-0.61611607706904
-0.484998184121649
-0.678261281854587
-0.573230298392233
-0.682028187958583
-0.446552560070766
-0.507230239074131
-0.595351012457515
-0.604422996619871
-0.508471783489768
-0.627167631963523
-0.565279817508891
-0.552122906567047
-0.497377844745654
-0.389401288589149
-0.524985822553008
-0.522286726073992
-0.517273944390145
-0.440802719244321
-0.487682888750371
-0.519903086589547
-0.456777443883905
-0.47933924502014
-0.554505083087047
-0.522378198481603
-0.640140262516436
-0.55693068455753
-0.471899692554546
-0.567139896832699
-0.480268481239108
-0.553890349042497
-0.433251033636055
-0.548279309627564
-0.466605962895019
-0.407263348545496
-0.340239229149475
-0.598665287192065
-0.400834747500917
-0.520793894989517
-0.557644804526364
-0.482064728008407
-0.432346471090571
-0.503129741729608
-0.503635045762266
-0.317234657812107
-0.641636320388647
-0.559275318365939
-0.482536359843056
-0.542829843451824
-0.40117522393202
-0.489876021987346
-0.383581138911832
-0.397178236356744
-0.526624454334987
-0.553986276038657
-0.383847529738238
-0.3919789352025
-0.515627970982906
-0.463669083571093
-0.415898412212797
-0.339425086220375
-0.492624868037067
-0.421714763841506
-0.280506846735871
-0.429241987995012
-0.412465985218758
-0.432796274776449
-0.417944633357986
-0.465631604770203
-0.50127968333382
-0.489268352129136
-0.418742902468972
-0.551035573789181
-0.427822213734409
-0.294315269789193
-0.509779072509489
-0.443522693212604
-0.405183142039817
-0.505665493371717
-0.291740999384013
-0.463927677695231
-0.396912726539152
-0.442874077262548
-0.470096017706915
-0.477412118325865
-0.342851034549304
-0.436406899836008
-0.403433791079676
-0.48555750532803
-0.4295636996853
-0.399035126835637
-0.509656058006389
-0.414682903925474
-0.369867781010721
-0.476568630486566
-0.401899300689116
-0.601385413630208
-0.34583824114881
-0.26808427979821
-0.311435585828056
-0.356825333917624
-0.484393534346708
-0.312353729308018
-0.325118017505397
-0.431090014843176
-0.279440293609717
-0.437335441910274
-0.349196365972944
-0.45473402920262
-0.371457769893081
-0.215755637423987
-0.273625859178699
-0.335743455215268
-0.36550298719188
-0.352829767876016
-0.417031529406669
-0.264329356794412
-0.378714742916521
-0.316718796462908
-0.272732885490692
-0.360059745957897
-0.319075596799271
-0.295146040131065
-0.36084705841151
-0.264154756494154
-0.18036779476439
-0.259029311195439
-0.355249104671846
-0.179948709335541
-0.2531433949496
-0.426410209696657
-0.327071760256468
-0.272084481666827
-0.335256959433731
-0.353387927142639
-0.337444017671628
-0.154650568128786
-0.201017212270748
-0.168465619909952
-0.161676774340201
-0.208521860085869
-0.471032248753831
-0.34244218424096
-0.197575114428091
-0.29742261481217
-0.290450912519017
-0.317853272568743
-0.258884609611511
-0.271749787411889
-0.109861277091631
-0.164478226593312
-0.236347098490652
-0.404880139033272
-0.247680773435054
-0.129027516013962
-0.260825425379215
-0.397980108275788
-0.236480245258282
-0.445613453864033
-0.182567503759985
-0.260944700019356
-0.0696102298290383
-0.123935523667753
-0.146721022790154
-0.23060752538402
-0.231992198883489
-0.254959111781604
-0.330058987093874
-0.189881804733423
-0.127923511301123
-0.0893445747292987
-0.289093310293546
-0.181653325138545
-0.207987156675733
0.0124009156462463
-0.322408328731747
-0.129707503590446
-0.25548445383729
-0.0840047597676875
-0.130497158420767
-0.215551662257774
-0.0528918647674581
-0.206708300154223
-0.309005038667232
-0.267409446695739
-0.0957730150979793
-0.150919556091021
-0.124634008427946
-0.122156509941816
-0.12122969686662
-0.330191684446514
-0.22542584863049
-0.245582830633876
-0.25901153417179
-0.0558700481977343
-0.0976631201025484
-0.235687589790772
-0.0737271016302215
-0.126607699645222
-0.0977594486594658
-0.217535774402591
-0.148610100251198
-0.198337075982342
-0.303779007350623
-0.221075906804548
-0.174548487399886
-0.313501672167249
-0.116760073172441
-0.0836673859871139
-0.114384058082604
-0.0486567086371625
-0.112954572253932
-0.198974742684771
-0.097228885143333
-0.164790257052831
-0.0520535782761681
-0.182322340113534
-0.116808148407819
-0.0434036114017003
-0.205040569942504
-0.152625825647423
-0.0632751416760032
-0.125349642952255
-0.126305398205977
-0.133962462571496
-0.0290473253021817
-0.0373032241079106
-0.094873221728615
-0.212084214641021
-0.0454886312432711
-0.0419035108009612
0.00498489971287286
-0.126621545437115
-0.0506118282139911
-0.0942402666009617
-0.0843961526753071
-0.131345186955504
-0.140163284890573
-0.20294746936307
0.0817264555562141
-0.0475350366964466
-0.0203536470927282
-0.137747367663693
0.0144978183215238
0.0750989021176544
-0.0121166512096258
-0.079436152575779
-0.0108650445776288
0.0658530495698782
-0.11101698872205
-0.156794332946287
-0.0342834692433046
-0.19902637067543
-0.0300689040707702
-0.106088637250847
-0.0270980500573239
-0.00410581732315895
-0.0621322734566104
-0.0266950637180516
0.104479890103659
0.0313753855967204
-0.0760638503475609
-0.0573420368783042
-0.0171066660711966
-0.113473028020283
-0.00663182604226238
-0.108295746876151
-0.0850976544471594
-0.0339914595822371
-0.12561479703294
-0.0808648586835861
-0.179799932452944
0.00639319970912617
-0.063886385566283
-0.021073819754394
-0.0111808368001859
0.0783046160110153
-0.050937561946119
0.0137043303833828
-0.00270240763844007
-0.0242973040298751
0.0492660781942142
-0.105459056334666
-0.0587018340113203
0.0204130196282207
-0.0082840748147036
0.0251581549860185
0.0428370739869504
-0.0494627739718081
0.0358066508312687
0.230584606180621
0.04448554974047
0.0117309937788023
0.0585518981245069
0.0374547838833177
0.0567165631766249
-0.0626548188153577
0.0984070673110063
-0.0389436800422756
0.0462085607975712
-0.072863417246424
-0.0710767321697627
-0.0157623100068642
0.111493083670227
0.293385379997866
0.0236693135923856
0.0863045452267611
0.0398683352506658
0.0331778706940984
0.159108914921817
0.107410413460733
0.0760808795503636
-0.00512578165943217
0.174068985945896
0.00795484175081732
0.221650385236309
0.0695762232494749
0.209857285286883
0.21272179676328
0.0640745890374425
0.0545371982936584
0.0690170884593945
0.0914470955029447
0.0196144301600863
0.146098661855025
0.145578288738466
0.16209915986422
0.0557669997637173
0.105983472828439
0.0105273366453236
-0.0654764603593042
0.0903975336185855
0.140274629794102
0.0734539920719999
0.117129055806709
0.213290283048214
0.149670267870677
0.0736501872497035
0.121306543531771
0.0957102204855267
-0.019439297250203
0.156996842873815
0.13342552392743
0.179427838266825
0.0131068086970278
0.168170458926227
0.325489066393752
0.091543922306118
0.133774842323723
-0.0130623704912138
0.072037904675992
0.152544265716378
0.152672285207382
0.127419993512144
0.268295109918311
0.0803299439664347
0.167386769223547
0.19104556459394
0.217838155603946
0.160881214815366
0.120604084710198
0.284562321443569
0.0442917181274373
0.22818259878149
0.215201514724848
0.100701405724224
0.184200073117134
0.30110802506967
0.256261040415015
0.219345282118651
0.130839182925579
0.134587618100614
0.072244614767584
0.146479494387137
0.115924381290242
0.206047997078549
0.237553739274677
0.219645854621845
0.158154917935688
0.257680628911503
0.253044829961421
0.211027050538663
0.261369701868569
0.195124778711912
0.173071724238038
0.149317922800739
0.20930601216483
0.200739544614848
0.21887593943193
0.296556975268508
0.182972424026196
0.125334496415196
0.207327449087764
0.161569883882368
0.219095923811075
0.205579950464118
0.273699752477523
0.165986487134108
0.208954850450732
0.144148480804334
0.182441236521993
0.254148127635032
0.194906037195534
0.242231128916884
0.271523054215925
0.368419953332164
0.476838869910743
0.251670588571952
0.20951684391842
0.214106565435236
0.23041911164792
0.234988227240845
0.204200978308814
0.171803677514313
0.322884728795921
0.12544388103168
0.365536550502057
0.420897774538954
0.18625614618218
0.242389693836903
0.152002491972036
0.394012623794791
0.283611375733538
0.19622553098946
0.330333268915118
0.307888110108182
0.140376002389235
0.28151024998045
0.319836346048854
0.393766670825195
0.163786189919078
0.333495459320122
0.43711758598812
0.273116939807884
0.233822191284177
0.368686724340687
0.171775093631924
0.423535025232963
0.380119940822205
0.344569399327297
0.487266889217233
0.402034469202438
0.300832474416611
0.3081797841337
0.355468894050571
0.206524709055476
0.374831003240174
0.230332688161507
0.275383731154062
0.342662789612519
0.320255416344865
0.272733660421577
0.40270396533616
0.563719093024003
0.458039725245561
0.277396984261756
0.249779830195841
0.480201928201773
0.379245998392272
0.358865331302268
0.31755432229441
0.411193258521963
0.391884632639694
0.399943357021018
0.343828875564703
0.243745551530294
0.368056084558612
0.390833300998072
0.355784129019518
0.312100002789594
0.420564601479047
0.370892304807636
0.409455702023615
0.349931357124742
0.476794006768289
0.281933382714445
0.34000066519805
0.256153002213378
0.206188593236372
0.448856320037921
0.432201875795514
0.40333808903871
0.332761656832511
0.412744701431879
0.437271672872212
0.514325960170727
0.406641271023384
0.349800045007985
0.439295521979661
0.424557777456141
0.476285881446948
0.443595217484385
0.363633133473575
0.596788816049706
0.427589975662342
0.575191314133169
0.506115676725561
0.502226414239112
0.518973305053931
0.434530438734885
0.456715448541139
0.537817215679818
0.503671054373905
0.427408467356747
0.529434125692565
0.457027395885253
0.492576510484267
0.442898340188289
0.38986511380229
0.30905369707866
0.318662766940449
0.410076182509569
0.409745344814232
0.431122105545578
0.407792516880995
0.497868246604657
0.41901474548379
0.477723880482593
0.471573289428058
0.476448041154056
0.489698741061793
0.526862290183956
0.375520303747419
0.576748397220424
0.547227000182502
0.388258334565872
0.414891684693958
0.396843686197415
0.511664797246589
0.357904883516134
0.61403686903362
0.559259712302275
0.418523826390991
0.495733721422691
0.602554870188337
0.531706107921198
0.546727044167394
0.564756030247292
0.390177407020309
0.403608563630416
0.549020821216523
0.572225772826372
0.428877742930639
0.374681884627795
0.633353090613646
0.560448021465855
0.532458284242818
0.57964315827868
0.564526322640962
0.525072724158259
0.511538923729644
0.588664574085829
0.446997615271673
0.586280601788297
0.537496492234535
0.439609779054062
0.650647862454488
0.599346645552545
0.650420063815353
0.462005504972304
0.49244315537405
0.467232381619757
0.667292753585698
0.505369509537536
0.597207873756424
0.611840094423634
0.526547237665252
0.647371204969542
0.619688262281756
0.60247193267536
0.674985762432078
0.620966355857576
0.700985057932923
0.537648278819646
0.588620364603499
0.347054540997097
0.521457906507658
0.527492423853084
0.545422089952694
0.667708459108068
0.58171222314913
0.673018551379815
0.496736558534225
0.484818211845857
0.607206485710398
0.7828700758093
0.688143315931303
0.656133292353597
0.46026808173877
0.588455196317472
0.632753368092366
0.592525516248007
0.721419720704479
0.635029636684337
0.478196854807009
0.633512235122093
0.665820447121372
0.568795362813132
0.695381452815738
0.779354992755359
0.457790256275638
0.757313935249914
0.547982637382733
0.745191429418241
0.474260899912164
0.590400778699779
0.709751416674538
0.630589122860266
0.501959138563421
0.634159568547212
0.552916968102138
0.703984724921316
0.703886778520463
0.688487488336535
0.573856369774956
0.787351125741534
0.741856981512418
0.520319769847485
0.656744582855756
0.800885160047477
0.772718523185388
0.634012237721847
0.8354154457241
0.581885203066273
0.64745399761291
0.723732378839874
0.598580768168726
0.663678679639268
0.76144945671009
0.700227523081663
0.747042197425103
0.674166094586129
0.656351141827842
0.74722968171821
0.596468966718362
0.755566195468058
0.642059489765487
0.794144585960514
0.687967991744937
0.763514189492574
0.541782565337358
0.838084621317255
0.71904637510093
0.748943479881704
0.708679002713668
0.743540400236609
0.633778499083982
0.701477250733452
0.790918708550789
0.783924853258722
0.741685957761365
0.676081614125629
0.55700435341346
0.569889516450533
0.80012010861654
0.774496172644756
0.676623736961912
0.785799678591603
0.724404868763837
0.68658255943768
0.841108041811035
0.892927236171806
0.692635087442729
0.778236807022133
0.761901395984117
0.704416261232504
0.793877061408262
0.828895012955209
0.848632539984367
0.869972080200458
0.818100082380147
0.746156506022308
0.607348415532511
0.815433063642399
0.556423854723664
0.878635834715568
0.810453755574123
0.851320394729538
0.792048807677552
0.710774681031889
0.788838245514306
0.767752916175822
0.737363419268631
0.782268366959057
0.851569769729632
0.784086556713717
0.745829306225781
0.632240587228371
0.978493832589261
0.708094428063257
0.831938861492078
0.721693708772518
0.795432925283483
0.817362074255808
0.973334388773053
0.865968625526926
0.725247309495661
0.891270527594348
0.744657067693752
0.750880886451462
0.832388267049622
0.804696469625782
0.780724174352507
0.865611083675879
0.80307096953167
0.927357309573334
0.757450074877392
0.93771522272109
0.908466605146658
0.704599329773239
1.02267886750276
0.812301231592281
0.899271932066828
0.777607381820365
0.829893960913358
0.938153305247189
0.820706021036232
0.845109082311372
0.899080812659485
0.849983363630805
0.920126443527747
0.921621953698952
0.920789006195408
0.932904081752361
0.826526276424462
0.869298226541109
0.841316270527382
0.899898218855995
0.823760102122897
0.751126605692977
0.895557198838812
0.895436336191882
0.988272524269554
0.699072166655229
0.861075436701948
0.935826341519219
0.819735062453891
0.748718783489956
0.760577963497835
0.814592403438885
0.879584523847177
0.790671645428241
0.875241944960659
0.902014195114566
0.975046275100894
1.00627602594014
1.01611851411686
0.785731980927417
1.03431958726549
1.02190093466302
0.955908516109528
0.914651101546226
1.06048986793631
0.958126533139784
0.871917523897432
0.990597281262858
0.917822574273081
1.13690503078301
1.01622568210681
1.007863322406
0.800914599420953
0.939430490343639
0.982474878481383
1.06121768791298
0.981772632777023
0.987718741323729
0.91075245888362
0.936900850984659
1.08101038558381
1.06370067012247
0.995612285991391
0.98548010266959
1.05396264986489
1.11856536564844
1.04818759060443
1.05583484033693
0.952311526848251
1.02916266410676
1.05316532353443
1.01879324648599
0.909624238966375
0.995644371149238
