"x"
-0.957590664863875
-1.02043829890425
-1.14693223234241
-1.11867676033905
-1.06282068762202
-1.01861540230657
-0.938290918977869
-0.898218436220562
-1.05855950137752
-0.951357172981248
-0.91575669144264
-1.09772122312353
-0.945309937461074
-0.850766277528638
-0.807297907142212
-1.04081441385629
-1.06943214629229
-0.915981568678688
-0.993043410348329
-0.810637289158526
-0.819124225909174
-0.882521342212632
-0.962769537127929
-0.948890527176988
-0.846746569126372
-1.09501240142576
-0.965592204035449
-1.1241684047753
-0.97444576293449
-1.02065196863515
-0.907631276976349
-0.883474018801124
-0.947646069313436
-1.00602707456886
-0.858857211537874
-0.995963764703071
-0.895526158653238
-1.06983435128223
-0.849243326813831
-0.926451712076163
-0.968022622683034
-1.07343649600755
-0.98442711715774
-0.972176231856857
-0.882949133431396
-0.939656722903181
-0.894673295844005
-0.692336654763922
-0.893568216765893
-0.958381691227559
-0.992963059764833
-0.914215501631905
-0.81049755028187
-0.819042506633005
-0.909212463795633
-0.904264797512131
-0.847082263667174
-0.908650342936535
-0.860412947700673
-0.79020253368141
-0.864372963159826
-1.03403777183678
-0.87475433090901
-0.844226561666493
-0.913022339274741
-0.867886743045972
-0.812425373241305
-0.867741673967366
-0.841365024128166
-0.953452148209484
-0.705564686148824
-0.737663274352436
-0.998182419231228
-0.905945268741336
-0.77542596067731
-0.868476932696718
-0.960382738105652
-0.742298198102449
-0.896482735505325
-0.782516558842768
-0.825994460735435
-0.782589404328546
-0.969353795537965
-0.751378241230335
-1.01072463972417
-0.815010245756073
-0.973537632825197
-0.826918251236909
-0.757440326396183
-0.7339164590109
-0.780650922362268
-0.820256994514908
-0.817352646410453
-0.811761030045155
-0.787101613163769
-0.786612109500443
-0.761571380339946
-0.689348915979597
-0.914744005825708
-0.733842281213542
-0.761767350679897
-0.836911410673294
-0.600288238826231
-0.682089259962634
-0.771179854157959
-0.792857716054706
-0.706756985866372
-0.686053757227264
-0.817001246311569
-0.740497133678866
-0.604683889701062
-0.815807824491514
-0.842295652555539
-0.762827086989485
-0.860358011476345
-0.861976943446478
-0.771901803492472
-0.775633605189149
-0.59344276061878
-0.769785403904407
-0.645540207568114
-0.903559245862966
-0.810339465294785
-0.858445466656471
-0.844778946206369
-0.67775870107453
-0.887752286572906
-0.734337373116184
-0.804874297386768
-0.70065852283826
-0.686436684230745
-0.726682589926593
-0.68189706229321
-0.822997243217277
-0.743887613862271
-0.757190714760524
-0.675758102675617
-0.789742650909431
-0.665813888768008
-0.642533740812581
-0.624536866466682
-0.560871353711451
-0.878426059566659
-0.551825878369373
-0.665640377844182
-0.761929928186708
-0.75093876464519
-0.698309433157443
-0.66150483970949
-0.634077503875814
-0.583956286062843
-0.574662780786471
-0.65949690578484
-0.771765081187158
-0.730522268858627
-0.63014646198637
-0.70495631944201
-0.609216061601417
-0.67881826059628
-0.649524858884475
-0.768493554911758
-0.627799659149412
-0.669529105306643
-0.559152302264418
-0.588852798007273
-0.748745951304422
-0.759789126263202
-0.612112761350929
-0.759823381002588
-0.726003897718642
-0.597931164574894
-0.640345280639832
-0.530149992540116
-0.677462459030627
-0.702458989491262
-0.637368084131434
-0.722815165285148
-0.634937584966196
-0.791198837596013
-0.644889843318077
-0.719691949984975
-0.604785792235794
-0.660466229166912
-0.686052219576327
-0.696092128863493
-0.605117195886737
-0.624387328739859
-0.585106490289297
-0.615701491870856
-0.743402569966245
-0.637609574123775
-0.732076898660326
-0.509027326130434
-0.633574995718885
-0.65355451368049
-0.594257665806339
-0.67383289230003
-0.571496785039536
-0.642558847304267
-0.680552266065241
-0.709334110283497
-0.506863669257832
-0.557735988381531
-0.530190092350961
-0.674287821708451
-0.645067701603719
-0.386757299282037
-0.590642173257865
-0.46519092729129
-0.306218013109967
-0.512424679938303
-0.497303595444639
-0.631333349763364
-0.524679157952559
-0.644257007998686
-0.529858397925776
-0.341912151589051
-0.502531092050638
-0.7184878300894
-0.735249033392791
-0.611072753392495
-0.604170113034925
-0.410479136007558
-0.802771447226232
-0.710824132000074
-0.596369022173516
-0.440817458618566
-0.51617477405831
-0.374547813810936
-0.576489819423634
-0.641571338982587
-0.659412009060292
-0.597929574203278
-0.575641174331564
-0.547974490994047
-0.440588933089093
-0.717911882547235
-0.461219014186574
-0.544183872491083
-0.460774184846205
-0.523776603110267
-0.585641102186035
-0.50008852853528
-0.575118051239553
-0.580696474232467
-0.370427594585201
-0.532423854112846
-0.438197546969975
-0.442402250581459
-0.646149259513266
-0.388158378519124
-0.469096979000663
-0.412364454189437
-0.395990739761244
-0.655092903973825
-0.465083287038714
-0.500072965711936
-0.493562813857056
-0.458361656259713
-0.390854562782215
-0.568009701577792
-0.518873301202048
-0.239533109943789
-0.523255416921351
-0.638585538323567
-0.566278485544517
-0.414813774024717
-0.544647638995829
-0.551319619434755
-0.460688886715779
-0.48142441666659
-0.341154451557195
-0.413088734902749
-0.408996380352729
-0.430647508800746
-0.652754504646265
-0.457866400067049
-0.46697068608863
-0.449162704152686
-0.436974623788193
-0.430402238554232
-0.454657582908953
-0.494070264656315
-0.439819670889321
-0.473520527579977
-0.488278647130261
-0.364860596542069
-0.420110962747019
-0.341893912612491
-0.642231318320796
-0.486577853728896
-0.392946552164511
-0.58618275239536
-0.444123147824037
-0.383621733832266
-0.442934576474156
-0.441702498666177
-0.454278793132361
-0.328021841641541
-0.563357241088829
-0.469503874310396
-0.455198950622084
-0.340910480939015
-0.411707064566824
-0.232620454031494
-0.36676103391462
-0.54472538738403
-0.179220569576096
-0.327648107243507
-0.314878698586426
-0.319942411774196
-0.331698814202695
-0.407012547924263
-0.237260920931111
-0.392950526659665
-0.360913808700574
-0.33259795991949
-0.181168172842902
-0.445996415229316
-0.409650621142851
-0.299596056963515
-0.357167655815176
-0.323483643160461
-0.425596505983252
-0.403342356341835
-0.399651074841488
-0.21438105668363
-0.276523797389187
-0.38754100707653
-0.469189448461921
-0.186088100916106
-0.215605677137046
-0.291218594600615
-0.285497629425598
-0.323015473508762
-0.344791761316092
-0.287486619729595
-0.274742427536943
-0.314124473311361
-0.23781989780881
-0.293677890389687
-0.264608344610749
-0.365522641373784
-0.20514546466841
-0.352507678883586
-0.363658558429865
-0.297579355138916
-0.365896512468114
-0.26885470196551
-0.414076255803872
-0.186388000518895
-0.29277626885039
-0.299267772441166
-0.161662645419866
-0.42578614141163
-0.287045287025164
-0.2613424931811
-0.32102276374529
-0.255551402826035
-0.269470751214991
-0.266357345520832
-0.362796214763089
-0.28537985800167
-0.114157285077196
-0.18730852356258
-0.268451748006586
-0.293359555273062
-0.215799755294064
-0.207681021749024
-0.29030149990482
-0.226048808957125
-0.279919514988924
-0.173941857018347
-0.137632753928391
-0.285805868553748
-0.288838410377198
-0.175370624395193
-0.324868278423458
-0.158197803014839
-0.236801895605288
-0.245182269833085
-0.305715391737109
-0.174332941294649
-0.197949071063355
-0.174513215575485
-0.273544489642905
-0.286673595767052
-0.247426396133616
-0.255775734983957
-0.176528080621249
-0.29724201853642
-0.161767260951037
-0.217474006280549
-0.274128435056931
-0.278967898855976
-0.226731993480812
-0.0472713218825219
-0.319405269615439
-0.231140434735763
-0.0201281772004882
-0.156592463371725
-0.350226747646956
-0.0550577241450222
-0.159820158548808
-0.291637983996922
-0.271649585431413
0.0093232697143935
-0.318756245290009
-0.231662060297683
-0.107605036017623
-0.184431029296474
-0.100825141232985
-0.188174067205032
-0.176217736293278
-0.142396431405246
-0.11435117113352
0.110602683416567
-0.0353797875428295
-0.0869724857462074
-0.1837133227588
-0.154349242730691
-0.143202989264246
-0.164419849765041
-0.120086876920761
-0.126794150358777
-0.199915562950758
0.00546552806627042
-0.0448697987166877
-0.0446588157554481
-0.182081712044964
-0.229416612563043
-0.194413900852118
-0.102913636316371
-0.0702119180146626
-0.119348313162946
-0.105915942952256
0.0548816641014482
-0.0614496045608272
-0.114977497326574
-0.126766749610855
-0.106722448194881
-0.197420432318151
-0.24910893559952
-0.201852161482434
-0.16468900062523
-0.203115566131426
-0.149526112377948
-0.262866457502059
-0.194079307571924
-0.121952376528206
0.0524458915744773
-0.0766446564772534
-0.0284580948238293
-0.131451913220454
-0.0359285799536716
-0.136730236926841
0.00285485170778703
-0.0988158591657698
-0.13380166670441
-0.157892927575612
-0.0657451680335259
-0.0163493040667276
-0.0994903503004077
-0.0566756088582389
-0.15956366249281
-0.178393833261459
-0.132902373713033
-0.0239599908164568
-0.0231553604416678
0.00557083201941798
-0.0792294598024069
-0.115031487619468
-0.0262568899424615
-0.00240274109901318
-0.321121666125167
-0.120388927620993
-0.256132047759472
0.0209578890325562
-0.061817862031907
-0.0400266775208722
-0.0085859560304546
-0.101431281217691
0.0644288092969213
0.0277406938768179
-0.056647849081742
-0.0194690938383219
-0.184276994743817
-0.042769700196066
-0.0890561817189482
-0.1653078644627
0.00847617962384228
0.114024362651256
-0.0199319714680143
-0.136338894125988
0.0613644865075499
-0.122493214760478
-0.176346750632206
0.058791547633356
-0.00238502868209515
0.043927028620948
-0.0250345543824103
-0.016449392122554
0.0189555207625713
-0.0268875193643835
-0.0616713633832575
0.230838356344701
-0.179965001082396
-0.0504774334767919
-0.0473385702156719
0.0502811782764707
0.0447908330462377
-0.0909419746017173
0.00245875702571541
-0.125332967195544
-0.00845582738748094
-0.0142444189233653
0.0736345748739655
-0.00776632949230219
-0.0145612162643711
0.185919619602698
-0.100195653350584
-0.0270398491027189
0.0414227687554314
-0.071384785447021
-0.00979483265514515
-0.0406082420205794
0.191020380432673
0.0973710327748433
0.0722439303465029
0.18797229737157
0.0417107355649634
0.0301307760588295
0.161068064614601
0.158141546843786
0.111734004401406
0.207608506481703
0.0768653231684258
0.0525183696263889
0.173301489818317
0.117562661540356
-0.0653703416885847
0.104358857786394
0.0896890764664709
0.0178752718112769
0.0112727364372729
0.10589414930755
0.0913043157514403
0.121509752021001
-0.00479451066645484
0.0646821107717382
-0.0156264701513718
0.210896857338445
0.122046418257842
0.130619505355123
0.193689527082114
0.0401674647544836
0.127740010269495
0.152243737471249
0.13227093676739
0.222292465586854
-0.00545339882179169
0.00999507810408835
0.0599970927362432
0.065747030572026
0.348158268024648
0.264722057823965
0.22060063029862
0.0208856900730875
0.173492846612841
0.0167442934683985
0.126413655798457
0.253737312817493
-0.0234298624759804
0.00319860409812024
0.0984423808949152
0.185868993447202
0.150963910845698
0.154103931192063
0.205665943029168
0.245917750249352
0.172449941560864
0.221188883118048
0.0686532989663484
0.187872201721646
0.0903182284549367
-0.0120867288439918
0.112381396052987
0.0999322559692376
0.182635795124284
0.273384115670812
0.232280341592264
0.185203330346296
0.26289338169316
0.194389957247223
0.177085944981716
0.198311366461796
0.238249812311504
0.206529584025373
0.161610568631986
0.118582681580227
0.210857134313956
0.240339246952106
0.217555270846128
0.365386476468926
0.240780585932153
0.0259457580844589
0.225700200811572
0.202303639900605
0.354123235542232
0.141271049956131
0.239401177943927
0.261395066510834
0.153756835553192
0.390313196212482
0.291674536884593
0.218433966086949
0.272879626247331
0.143143812158796
0.283374941360159
0.42117062053809
0.359130761909981
0.172838138805082
0.250485238875837
0.223755643258914
0.322454439460888
0.282456719851699
0.381820097188307
0.165824089812384
0.326788409408622
0.331657683578923
0.207579822700124
0.202966616998399
0.244264299648356
0.353306113631888
0.245315783294781
0.420825900407694
0.313044796855476
0.462251091887163
0.254361366890127
0.268911604244374
0.282471981036234
0.272642202234814
0.209974766983696
0.235653211547201
0.195913567776861
0.381647997688099
0.391263844018451
0.360911368072346
0.245608753424017
0.451344307239724
0.5382442757096
0.416201378187628
0.374218754899327
0.358520501703835
0.0847923838604236
0.342664276722668
0.387977706279771
0.176178223250445
0.417990051666389
0.328034860737496
0.35652037308419
0.384711664841533
0.319837332801132
0.425067648558905
0.282089269329651
0.353861619815711
0.294337926622111
0.297357265357155
0.393516412072972
0.327995017988162
0.380121649806992
0.372760750686309
0.253918547404533
0.426686545198688
0.335912291893862
0.274705515362088
0.336956292066689
0.383219878129327
0.374714513951208
0.480763941395853
0.317123135470063
0.392841883579894
0.366678031309005
0.50303249627181
0.439957833365304
0.39553307109552
0.366634828138298
0.419030928917007
0.369410167954263
0.391426957699224
0.496871826511636
0.323499114167572
0.47641943839503
0.395492125743172
0.389842106089055
0.363180172772842
0.37100234759588
0.448896354493388
0.435920535732655
0.509876082540702
0.34397844029621
0.26738976515905
0.385745010656197
0.61957274382608
0.390662563976129
0.564445517857947
0.340534937192114
0.286048733758941
0.360346605068432
0.441956145228211
0.416197012365751
0.405228282659254
0.345659676558935
0.464564531891324
0.450410351986294
0.633425694554863
0.472809827218951
0.481815060515534
0.452826717591938
0.382806638727336
0.504987336155567
0.423258203329767
0.363943272112841
0.553692643019855
0.619451380259813
0.271104027915251
0.530744222175876
0.438276500664836
0.622269826033664
0.337078844159889
0.421174060391268
0.546960082511524
0.445923550860426
0.510295707591553
0.483792827802075
0.382462054568957
0.537479598180273
0.51016091600051
0.536274126915567
0.268887443494949
0.446108511044589
0.41461120681202
0.327408951848383
0.57431931168384
0.415958694662258
0.493308446200832
0.528609317639503
0.417678795772329
0.345125433310137
0.591278324309126
0.458441761111544
0.415380164175963
0.539763745831128
0.471198022723674
0.477289775223426
0.329327766281009
0.461570044206556
0.567918345029316
0.474780659845759
0.538883839314273
0.522775793917677
0.435562846747167
0.444623203672557
0.576161729315719
0.420835895459383
0.529378847402169
0.54197398408803
0.579911749658736
0.484816244355134
0.477249110071813
0.474348133258596
0.416215983583777
0.538522938114149
0.551123324386055
0.645328386435148
0.646178912851187
0.590825639656221
0.373776674342128
0.551224060622134
0.499481358634989
0.595547459030457
0.480131835314552
0.47749558320291
0.598753578806161
0.591907158779285
0.436839466834544
0.565718063327062
0.501801252613663
0.639956943571156
0.529423184649682
0.45175312056944
0.741456522855011
0.629951727473474
0.623634236657215
0.562062790560509
0.631592276825763
0.509720661631537
0.605654735098314
0.439804517739092
0.666822727309747
0.551732073276224
0.544505015550849
0.666051813027253
0.782160959609132
0.618811161497243
0.714712235470563
0.55726875836282
0.553812353841094
0.672111815652867
0.677592212167885
0.753835629270308
0.716376355614516
0.59205231229007
0.647989788137644
0.702944270683135
0.502846919910999
0.633528392707193
0.52593145146961
0.580591078103765
0.534799940238992
0.544385581045584
0.642935052368545
0.505390569853256
0.640994452485938
0.761138068525452
0.569587118291791
0.726789662809493
0.7264584428325
0.687184607707736
0.653788211596095
0.60549911765819
0.592420440597489
0.685025691696971
0.808801565333161
0.647746062638965
0.549197715593216
0.694027876120788
0.584292359594966
0.522987978989133
0.63790785840024
0.592993753857182
0.775798174301288
0.702824257753523
0.620671824030669
0.54220159142528
0.609496944162217
0.713347049906437
0.681872922097803
0.774027018866264
0.697308439232051
0.730214756159309
0.843978604468812
0.836003749495729
0.560880499121533
0.797005812707795
0.715578168784957
0.792830771062818
0.661026627147764
0.692589895433368
0.780912828221989
0.738233345588219
0.764226546061946
0.733267323989035
0.694651317101554
0.723268138867728
0.800202186706093
0.695104221067301
0.680294057332279
0.7173715003716
0.6140844344734
0.727698931415058
0.767824635381976
0.682690916282065
0.688060662854898
0.650098675546473
0.828827673123809
0.699597002230946
0.655844215394903
0.718625125877834
0.609807364144091
0.666450143429398
0.743798784410557
0.727767905284612
0.768081041762045
0.605524351630044
0.641969428998375
0.625508733962104
0.781918127928928
0.719662998850318
0.876493560039944
0.777238735841735
0.747549209798262
0.882348466136115
0.692082617524929
0.730841080491313
0.777888269307989
0.797322410377786
0.790473542262967
0.874101639406208
0.76635241364855
0.797464048903673
0.746624817536794
0.812140698621989
0.992794859778528
0.916770776904731
0.828734285116658
0.824516962726747
0.933185159597965
0.770048582576336
0.804556791356345
0.791096254818113
0.804999148132251
0.922848647735525
0.791937195240928
0.786776715803324
0.837423438437726
1.00423354964284
0.640770435580793
0.859275720165909
0.779731259204577
0.87075594504636
0.825878300868519
0.836554266313683
0.799574597304633
0.927663825877503
0.619315721223339
0.931336049753618
0.83777998423828
0.6723426293044
0.913201785399257
0.928528847637775
0.941151869381386
0.864153396764064
0.939347124352391
0.76525471132402
0.793864774425563
0.88525936599126
0.961211885226188
0.923033723260485
0.830603388955586
1.0165528722874
0.834502706456087
0.777814648927323
0.953818499789564
0.934952430969839
0.809889534943117
0.839513091351744
0.890425092805493
0.96949964756242
0.948131337176108
0.993586751819669
1.02596355252213
1.0103532176395
0.935143169953533
0.827676627030492
0.903158973405945
0.974662954233197
1.05973869011369
0.937749267694959
0.925193228906632
0.992523269045863
0.967444271896554
1.00629002450532
1.10107605826288
0.932392272099973
0.910244991371235
0.842872703437593
0.9976915489665
0.971470253566384
0.937756278701582
0.906431495546418
1.08231363514807
0.968800443403637
0.964697135541647
0.917780170208679
0.931184965765028
0.888430885298192
0.928043556434085
1.04489630450424
1.03815513039183
0.846769139924533
1.0597069690211
1.01191181982929
0.838421001641143
0.91905990800768
0.901698091718613
1.09717176669373
0.956735728656263
1.08080550365122
1.03481051402252
0.908735644190567
0.784612098567664
0.993233484473951
1.12320813280826
1.12787390479625
1.06465171079114
0.941686199493268
1.077597590422
1.03749975346387
1.02402003031036
