"x"
-0.923075205238277
-0.849061009476813
-1.07084653720371
-0.867427769650747
-0.880318263082081
-1.04674791464421
-1.11522299830417
-0.950100679506939
-0.942324461668422
-0.922231016150502
-0.974451573295853
-0.984920590524956
-0.95457250066691
-1.17749628616605
-1.01586031944891
-0.999646143210746
-1.00154762381683
-1.01532311639125
-1.04650104653794
-1.01839258865273
-0.978414867504737
-0.851603950403934
-0.975316138556106
-0.860568979520407
-1.00447882638484
-0.937790258633151
-1.06954667149364
-1.01955337857198
-0.982381427878602
-0.889293166650348
-0.970419830289759
-0.808889880676881
-0.88074449403885
-0.877478215249419
-0.776380101032735
-0.859333594231702
-0.742905251923556
-0.997055193034522
-0.877153106690025
-0.869521123741022
-0.880880626094198
-0.861058230062411
-0.880728441186861
-0.867149954203003
-0.828793691992747
-0.843840235151998
-0.920987067529265
-0.965875788031297
-0.997343483385076
-0.79168241058107
-0.883188395863576
-0.889352881502069
-0.727966224952911
-0.858572636696924
-0.811163993645573
-0.992429394462664
-0.882772391319255
-0.992447319554145
-0.837126532496989
-0.889726246930853
-0.787965927918428
-0.919753711202695
-0.813417959263918
-0.914442560797167
-0.960460242050689
-0.901800747927263
-0.808747463597437
-0.901286224863616
-0.888775382240061
-0.884381867886499
-0.785928702624546
-0.825117458126324
-0.950706829532147
-0.798779067115879
-0.757367729153116
-0.856197199360862
-0.794117474872368
-0.756764506386269
-0.716940333201592
-0.8602607506596
-0.819531506547547
-0.701298761709977
-0.917133784763218
-0.785844262246086
-0.815983887385991
-0.852499673623014
-0.864103883026868
-0.879796671857605
-0.827539180419443
-0.857496519295572
-0.731057349713213
-0.902355579539454
-0.875520153384527
-0.749522268467326
-0.883671896868078
-0.768833186358568
-0.743864906895635
-0.649216329718259
-0.729731853355487
-0.872265147616286
-0.817200087343446
-1.06274450299207
-0.741642900058497
-0.792970955375714
-0.544613140962355
-0.765564319228021
-0.832866159651002
-0.828126841441312
-0.740142538379574
-0.801329834783625
-0.704676273062483
-0.791239762721376
-0.79716234663681
-0.697846262009224
-0.814267236810319
-0.820587418469458
-0.727215685996662
-0.759768739823798
-0.639200932211642
-0.827460471788597
-0.640056343150321
-0.839966133832305
-0.895540109745632
-0.677102792711087
-0.877904316670501
-0.751180554517919
-0.803733263964286
-0.610319857133892
-0.867049560309678
-0.655725307778365
-0.704869466972311
-0.712329547371679
-0.680970199457472
-0.689834934881979
-0.704543822096501
-0.704875185582157
-0.714629630785145
-0.81164595212715
-0.702790998895352
-0.872720430619949
-0.778413777667377
-0.765498896760566
-0.699287234421851
-0.817851732063795
-0.7241745090131
-0.427669113858864
-0.690619515327024
-0.761091242655859
-0.789298245661679
-0.666580495967569
-0.75143841430878
-0.62749259519738
-0.764907201762201
-0.668232276365867
-0.736411167203903
-0.676915352235599
-0.744990561074182
-0.691563709685058
-0.771622509224663
-0.756215840692923
-0.770884597429925
-0.730478339923516
-0.603197694234423
-0.630831278168492
-0.561081427062077
-0.749578147901486
-0.595598680727729
-0.667547037326484
-0.648333339522104
-0.663875971209211
-0.639820660894249
-0.68714996826745
-0.671071526409127
-0.708446868920905
-0.731086677768015
-0.655409722065779
-0.670716798091136
-0.583926670648764
-0.720242670298631
-0.674390705041039
-0.793014378631465
-0.637266747127754
-0.688948433702247
-0.548406153059903
-0.695211510711893
-0.657224160996033
-0.604165578059897
-0.519619678837242
-0.640196675256229
-0.553818903672278
-0.581654274138371
-0.488964625997798
-0.60813822661926
-0.459625914622377
-0.703424392602829
-0.568388673026762
-0.620904436251717
-0.7127076470496
-0.538534098569797
-0.558905838662514
-0.577778256668747
-0.540354075503399
-0.669184338389461
-0.608932481284022
-0.613211765382117
-0.668240623013259
-0.532259925755368
-0.687235216441182
-0.688325793671373
-0.555088886881437
-0.565115805832676
-0.569310457231053
-0.453223973911283
-0.515498121872218
-0.587272369774419
-0.451896014638628
-0.609987285705918
-0.521778118400186
-0.606275881409461
-0.477791040203904
-0.677072061116006
-0.576873013411166
-0.658701468371337
-0.469203550451686
-0.532426258995461
-0.573111395927643
-0.604750744421702
-0.512356872216928
-0.612826568194795
-0.542536167426304
-0.569881072461208
-0.496523901952664
-0.385821069399685
-0.540174055135341
-0.506072327214242
-0.512767116592142
-0.417760629079107
-0.48605588769073
-0.529634274936224
-0.447045070861997
-0.478503497403695
-0.571600091856988
-0.495628374118884
-0.658247469022714
-0.540461537722796
-0.486141209938482
-0.544936622321314
-0.471614534859336
-0.574435302120744
-0.442406929437939
-0.546914150382528
-0.455566576487503
-0.402154391173596
-0.360568496127134
-0.592284177021971
-0.385594217525804
-0.524577187368504
-0.560858891336866
-0.470120199711642
-0.446272010244122
-0.505892373215495
-0.477914385759953
-0.341628764790645
-0.651964566468164
-0.543471602256041
-0.469890212156747
-0.535677317103854
-0.391132074895637
-0.490293755096809
-0.380301424980192
-0.404582246415615
-0.527249852589008
-0.55799123599813
-0.349774879043459
-0.392838589147175
-0.514760553473312
-0.468496760012388
-0.403745686453316
-0.329748576751682
-0.488997162668955
-0.432645963328511
-0.290417332355963
-0.403994278341515
-0.42202252398805
-0.445359490877919
-0.416117561091543
-0.487694629178937
-0.503916748897223
-0.504474826099407
-0.399416391805901
-0.549925999197736
-0.423497774129801
-0.284701954545613
-0.515083086921689
-0.434448943146169
-0.409999158466518
-0.522002796870322
-0.295364232274788
-0.481240921914137
-0.416740656653307
-0.410434246221974
-0.484584442466802
-0.486580125816634
-0.339631667334968
-0.4353918960876
-0.403599850929736
-0.490911763562237
-0.421388364178548
-0.388827614055626
-0.510355684209104
-0.426432758579728
-0.382729847716646
-0.498237771317737
-0.386421680966077
-0.618393238075263
-0.341570386255826
-0.266710424360861
-0.307206346062143
-0.357878491365448
-0.464213494290107
-0.343395082006803
-0.326644432538091
-0.442318678419174
-0.2727722862539
-0.419053695880896
-0.37679701927073
-0.44958626680061
-0.357253828886289
-0.220745471029775
-0.2722417487569
-0.352775201613125
-0.359750467690164
-0.340866882827481
-0.429649104844964
-0.24974446544278
-0.375784010700787
-0.324985861247031
-0.286093027541311
-0.361585939731312
-0.310625710972065
-0.290959421399496
-0.372153423222285
-0.254503089465056
-0.191362148107229
-0.272801693793279
-0.37174028444381
-0.180512018128424
-0.257428844409728
-0.413049914820284
-0.343560649287898
-0.26353573205557
-0.336297379995578
-0.38216950958876
-0.328576315704526
-0.162768649605462
-0.217580889122987
-0.172308988907919
-0.144243455936426
-0.24298925339872
-0.491852589631425
-0.350750653877598
-0.207093435679094
-0.296073187319868
-0.289270591229836
-0.306468591520448
-0.282677607413956
-0.306714293528331
-0.114500156521892
-0.191097592766854
-0.196392286459578
-0.414500535460588
-0.273989107508987
-0.122428770006816
-0.255238697609448
-0.386970486232803
-0.243580972991708
-0.419296317457897
-0.186736398242997
-0.24173940221192
-0.102546633701938
-0.118136418754838
-0.170082903657226
-0.228702319706378
-0.207899591506354
-0.240289625517806
-0.328626861607946
-0.230041209240485
-0.138356575639773
-0.100254828063204
-0.260138684496779
-0.154579098918916
-0.209451614802965
-0.0104018439331659
-0.334683206583982
-0.134586074662584
-0.237029146158749
-0.0840287928741346
-0.109595471774318
-0.190112519972328
-0.0661145262309929
-0.216479526016116
-0.300324713745065
-0.279850705512523
-0.108988229593433
-0.154178935447805
-0.109524176184558
-0.114935213238916
-0.0993992704187217
-0.336680062032904
-0.209056635740727
-0.262328840407311
-0.244643632692926
-0.048755549845531
-0.126457756609531
-0.240992200381438
-0.0553651341735569
-0.121693528396623
-0.103500096120694
-0.194113072093751
-0.159915205478258
-0.197841910920957
-0.315706586217317
-0.243680406036201
-0.170344530812957
-0.300827341190861
-0.126145883539652
-0.0880276715594989
-0.123256189707455
-0.0445656129667354
-0.126622878362504
-0.165986208132356
-0.10015083053521
-0.175537527148665
-0.0608258884315868
-0.182091578507541
-0.125995285221497
-0.0617826481797883
-0.188497226144958
-0.154204307314063
-0.0713593538346578
-0.137214051699501
-0.0969074671726519
-0.12456970719564
-0.037637085049467
-0.0512919046792624
-0.0911204541658287
-0.211505503981598
-0.0395210459987011
-0.0531459292047092
0.00773557871645867
-0.114225410430974
-0.0458675761527784
-0.107093955231795
-0.0742234342527345
-0.136579284890241
-0.135796509684789
-0.200989971617825
0.067035063036946
-0.0352206525532267
-0.0416809382507973
-0.13067780817084
0.000173194693044436
0.0748662049565156
-0.0238969234488047
-0.0434424115084314
0.0270853402104281
0.0535881455218151
-0.113415772600188
-0.175806835319023
-0.0359401401453784
-0.194906102157017
-0.0278469134129996
-0.12079920931927
-0.0158287686862857
-0.0199237485475212
-0.0422831680874564
-0.0379971340895257
0.119290581407202
0.0334665656153071
-0.0770048171290032
-0.0596029233055563
-0.0287244793798557
-0.108390512955789
-0.00463551583393311
-0.0807417408521791
-0.0890406267365555
-0.01024235870067
-0.123417786827287
-0.060207694479085
-0.179572658843299
0.0201510713405755
-0.0603135767601482
-0.0304667376261657
0.00155073625602941
0.090773196267919
-0.0755383300561063
0.00349389452479178
0.0160103297497621
-0.0425534740962848
0.0543191478965728
-0.0980904171866141
-0.0582082416517797
0.0436043742519277
-0.0130189308533111
-0.0142799654964204
0.00896623472057356
-0.0379708029205794
0.022536509631081
0.221953583325083
0.0284385315918828
0.00335618351987798
0.062279587284398
0.0384886406989274
0.0480074287860039
-0.0673099661308688
0.12289324607528
-0.0347209022790555
0.0503111004049978
-0.0591099325159688
-0.0548556398256726
-0.016735310123847
0.0955860481968682
0.293618556708345
0.0158959225703728
0.0979036586462613
0.0241454808298761
0.00862772862646139
0.171627908764449
0.124985247258971
0.0749002271813873
0.00220448520114195
0.17888812371297
0.0119902334260503
0.199843586748764
0.0882610139128738
0.204842981316992
0.207539382468637
0.0647932509816092
0.0499589902354456
0.100086323736313
0.105867638272952
0.046716603154009
0.142866914369985
0.14748562443299
0.148925171936919
0.058740914535688
0.100036948983872
0.0143934442813507
-0.0503140528962704
0.0919098938514094
0.145757849343929
0.0922261153366254
0.0991082260947204
0.206553964439359
0.150690046659331
0.088478650631562
0.106965018973264
0.0796506946259246
-0.00846044971909106
0.171872855136777
0.126402344614621
0.181150250038104
0.0177316912169234
0.142638610039807
0.335713950130544
0.0766394734023136
0.142481414652049
0.0025192660088048
0.0990232406277085
0.134906188528307
0.134421981195045
0.140306369399669
0.272110816034303
0.071731160007653
0.151986090905675
0.189691442045007
0.235805826657787
0.172448604432571
0.0965809117698104
0.315684068808384
0.052478702750969
0.233249861960307
0.212961769319147
0.104895078841727
0.15798150344665
0.310171924196211
0.237678586141982
0.21331390409921
0.127917760917803
0.149101650890653
0.0890258963468853
0.148111140657731
0.12411382224235
0.209943882155699
0.208116378661109
0.22350095600459
0.13256301349147
0.265031622264106
0.236858744164373
0.216396397412855
0.269322224615105
0.218321514892952
0.178885161639784
0.143963733677971
0.194961832904628
0.186393018747968
0.235533520957698
0.278113107032567
0.178762963992567
0.134543257855901
0.218489744274316
0.163841450074733
0.208498591196577
0.216420692205498
0.263649171958073
0.165631051433025
0.208502415010446
0.144171972556757
0.168677823326849
0.268675051264035
0.183164003820454
0.236768975039476
0.27108584455558
0.380536360501067
0.474990240540236
0.26369360290765
0.199710798176521
0.218939124560801
0.2119814719818
0.227471751430854
0.233385084121509
0.168209851928075
0.324604377604211
0.133609960782533
0.361933074971037
0.4098630638033
0.177727299634006
0.250937606176098
0.169680946385877
0.38229176845813
0.256708116055932
0.204358129499501
0.290145136195482
0.329559696439631
0.156137347968708
0.282350304294294
0.335192949238325
0.411505474929881
0.168637965488523
0.322934749501291
0.424941988656374
0.249640881400385
0.2337702315799
0.348597189358746
0.173857552159951
0.427869425011809
0.372098898323597
0.342313983941632
0.482280068906158
0.428503425165663
0.27553273394277
0.288835048895597
0.352399696611318
0.20280285456764
0.37694425886842
0.231422908273052
0.275412751518096
0.354727785119588
0.323942826664372
0.253182577130032
0.384180791105532
0.533942286285808
0.476824167252341
0.272637046987343
0.236164154803902
0.439869318887603
0.36141090570682
0.351111176436549
0.330058107133514
0.412930696599649
0.395064463792579
0.37354976881023
0.333872658288869
0.231503998685722
0.376306479801906
0.388376023186205
0.330428210644487
0.322217183742528
0.439068029004048
0.3756446394337
0.412228153209655
0.336675340681686
0.438592814182034
0.290079915283766
0.344904285162033
0.244787531058211
0.198544116950542
0.456190989732017
0.421499176847092
0.405088984356273
0.310339243388282
0.419238308785113
0.466125388861594
0.517125545830602
0.413400145218524
0.353022337552609
0.427999868617339
0.414925593901574
0.477326016046542
0.438786120052093
0.337629126612374
0.60938691280184
0.427130731624724
0.570805646418028
0.542007512244076
0.505428048118232
0.513959704278028
0.425484319776543
0.435816983858849
0.533548695699387
0.500068634190902
0.410637933479566
0.515112388798898
0.470716990520524
0.470934996707637
0.439582382690873
0.397841967271238
0.325530841827877
0.334320559699064
0.42697551348454
0.391489554655322
0.436431873030583
0.418145351051611
0.502878851831414
0.451951013508293
0.479588554888778
0.462232547154368
0.480607877027897
0.490371744769024
0.521741947300731
0.373956956231442
0.573946245897235
0.525074242265527
0.372237074562346
0.408256504177127
0.402028113915441
0.482615373571326
0.348831193106191
0.589140762915751
0.548327642352543
0.423675060333101
0.514670329456032
0.616988941037514
0.54383864275983
0.561904887116691
0.575461337249103
0.411756803409384
0.414081747280773
0.518374116442006
0.550371218585548
0.434503574282914
0.378451732329122
0.632557221229554
0.539839445457411
0.526609071513824
0.589787330966878
0.540696353063582
0.517386774314069
0.508583669498142
0.585882924446293
0.469772805505782
0.609367061852749
0.569478324947862
0.441335648739482
0.672780370750387
0.578107507402534
0.630415161549297
0.482196314256988
0.516158672374003
0.481973126701179
0.670921117031676
0.517102444208206
0.607464277229261
0.623683248599336
0.523277589367263
0.634280428090995
0.616948796734768
0.633096802138209
0.688895303262824
0.602355087892607
0.701152105111721
0.521004184731929
0.564850375308607
0.367681856746175
0.536872045354691
0.518805753552394
0.526442702429992
0.659514520448839
0.577398543984327
0.671649174996176
0.528142631553834
0.490864558946446
0.622991332798129
0.755720010085546
0.700324282039187
0.643869422991577
0.472571260495007
0.585135287662102
0.621137858829729
0.589085531344927
0.690857629963418
0.644970296140431
0.475217279993174
0.638554404248624
0.665840604037629
0.553240573787578
0.701126494237651
0.779979699647678
0.440453694774728
0.785006755694604
0.549529353058645
0.733886886727853
0.481699005451387
0.589493892289481
0.685776613953681
0.644058370077537
0.511912887172527
0.650794915008493
0.555736169730592
0.745573087264075
0.698846345352833
0.688206971353822
0.552235820751454
0.805001525398819
0.741981630084328
0.537536644936248
0.643487593418123
0.811839625945987
0.801018890525725
0.638013530334342
0.807073576975123
0.604798860925619
0.672059366363996
0.723287203046128
0.61242430829701
0.650600181476693
0.747607103871979
0.675776810641883
0.763308218008125
0.658820025519466
0.650375071298498
0.752169047386198
0.596702822949761
0.757544574602594
0.629941955344203
0.780949254159398
0.676661767280238
0.772239395072068
0.527142501868743
0.845539319586956
0.73469965233717
0.756837193489104
0.705770502009203
0.754907421383172
0.641442412582316
0.706826304644225
0.790858723205789
0.801125192262468
0.742315654542007
0.692303777095943
0.564735402855728
0.580308782338298
0.805848838854188
0.767821522558672
0.687597900814586
0.772555000245855
0.723237170130859
0.697551964671834
0.833210286642812
0.881476965065137
0.692224492146116
0.771630623131991
0.784804405447502
0.689576417321265
0.786609646126899
0.806686547810476
0.847919331697713
0.850058570986175
0.796573454899635
0.777935069773423
0.604101310599579
0.814757202546928
0.54177880498732
0.864542610986663
0.822251119461162
0.868540463998886
0.799739617492382
0.70391013201973
0.76970957758482
0.776361009222191
0.747791463283897
0.796107869073194
0.839318262103247
0.788319545364235
0.761213249762086
0.648145359621904
0.971685841369968
0.709383933981744
0.835360754372416
0.72211953484391
0.801410151658099
0.844740294457653
0.969523347305439
0.854192685043539
0.744733159747959
0.899904784819609
0.731376605916269
0.734719845199595
0.819223563835407
0.832717687363685
0.771933864438739
0.872321489032902
0.81765380695346
0.930944311240582
0.775378441860535
0.933021120004185
0.912632860971707
0.708611337451281
1.0116721114401
0.799616080475557
0.880201451749318
0.798407408761402
0.842807331767174
0.916825951116662
0.837307000582718
0.831507105770077
0.900792844447976
0.84145033127189
0.916384867421178
0.940131034779469
0.905359170696207
0.938049038470661
0.862496521235942
0.874058619055156
0.842414454644211
0.901052326935719
0.824245542384467
0.727323346016969
0.898260835876988
0.918020250348358
0.96872467316883
0.706781595366769
0.863349387246885
0.936595447033988
0.824788054177252
0.752218761664768
0.769499484365494
0.802127315914374
0.859283077396461
0.80012283603643
0.861086688007321
0.897980269082818
0.992207903382915
0.992747086375669
1.00143211114149
0.798231262351137
1.03634013150036
1.02179367715283
0.966226989485097
0.907475322890308
1.05374939708548
0.964966994912329
0.888199824360237
0.976248086029833
0.918019581045005
1.09606845288802
1.02687013778086
1.00274441349958
0.826972863320694
0.916109470784237
0.995289138713549
1.06436391889269
0.967842231021319
0.993921368125428
0.914377853308025
0.931305147814029
1.05555674003635
1.08346087452212
0.997248519819208
0.988494621797228
1.02476679245549
1.11132476958707
1.057016717855
1.05752676213493
0.93550441747793
1.02153905429701
1.05169750398561
0.991028657573792
0.904894340779289
1.00158412301313
