"x"
-0.939205802104653
-0.853594238031449
-1.07175316637575
-0.860917665145085
-0.891754665373104
-1.04031050429337
-1.10804588108207
-0.941271217991388
-0.947090074888647
-0.884257661327024
-0.974215727791234
-0.980157425257974
-0.948215206145765
-1.18345446741037
-1.01468642205706
-1.01494274831424
-1.00842180298775
-1.03897376429668
-1.05577955526309
-1.03549177101609
-0.963487643927215
-0.857101728783097
-0.983610405848187
-0.874376308020905
-1.03136459231162
-0.930142643150969
-1.06173287960724
-1.04538816083738
-0.970739638137226
-0.904188693554712
-0.961242157038791
-0.812247631866739
-0.858563864961187
-0.893738287461898
-0.799427472829804
-0.863836016922587
-0.720478314344748
-0.991268686002841
-0.862624124141515
-0.884434597631811
-0.891912862524765
-0.866112989495166
-0.872539426850948
-0.89294134267666
-0.856304614592641
-0.817469157030154
-0.915818867255561
-0.960297069782967
-1.01610012554344
-0.791775152078023
-0.883661959298513
-0.872536657095135
-0.735791880873717
-0.861330980864166
-0.839640395525618
-1.00243704260694
-0.866541563193462
-0.981363209480994
-0.821248053403638
-0.893061140709425
-0.781420914452047
-0.912955548819016
-0.837468932353925
-0.942186764125229
-0.954111465692155
-0.936693881274389
-0.813616448857604
-0.888313127728684
-0.899096526036289
-0.881719833882412
-0.798079182524936
-0.821115136850292
-0.96483713640843
-0.815912555001629
-0.752414403530211
-0.842408747155475
-0.811312519801801
-0.776958767798925
-0.704368035140039
-0.87657866891729
-0.820341248853193
-0.702128562122857
-0.927877774003966
-0.770881273707048
-0.820816166173777
-0.877940005016805
-0.870554558530693
-0.846067816063486
-0.822335542596226
-0.841661374885497
-0.723235295624246
-0.906009569763147
-0.891134605833512
-0.723964489730855
-0.884016442392083
-0.750548250355993
-0.738060155316054
-0.661430684367242
-0.744725438541972
-0.873451102540692
-0.817953940249321
-1.06010855627126
-0.754312283816127
-0.767557707347133
-0.525219411300521
-0.768219608833485
-0.839409037518442
-0.815478458472164
-0.750062589784263
-0.802115554474561
-0.734973702076862
-0.795248558207986
-0.78886534134256
-0.704024231068596
-0.813716912650723
-0.808098091973606
-0.744004528190821
-0.7774129536165
-0.623021080633895
-0.84740471188417
-0.623738817881148
-0.854213991688933
-0.879665318634769
-0.676799186849777
-0.897494182824176
-0.76180556616467
-0.795003889401358
-0.588073975646453
-0.8827139351018
-0.670322574602443
-0.699703573045166
-0.693047722951504
-0.696567686975794
-0.676661626384428
-0.727599757080845
-0.673539548129693
-0.742509544280831
-0.784505058971114
-0.703002007758154
-0.860185871267799
-0.792566298659784
-0.758371690340792
-0.691790420297088
-0.808622112999673
-0.709436748235937
-0.415346665160316
-0.68149257002943
-0.745688868495108
-0.791061204051555
-0.682015281453088
-0.762214372471971
-0.602890892200507
-0.763552615584186
-0.688455590432504
-0.744322221548959
-0.670665698577506
-0.742056823476253
-0.679936094927662
-0.776000827955751
-0.765470912273931
-0.755479296649092
-0.74387094822662
-0.60992468981258
-0.63424455881276
-0.578498543252142
-0.753372251065303
-0.610865284169332
-0.674092015224665
-0.665599849358633
-0.633828596034441
-0.647213056902789
-0.715643225970848
-0.674182557430544
-0.73238182161378
-0.74565325110568
-0.623699500877093
-0.67258535462297
-0.580670015542566
-0.737131705080573
-0.678873480102567
-0.769140301636848
-0.650061831179679
-0.671089544563584
-0.55813635147107
-0.697311598324779
-0.648144359870699
-0.608276576748462
-0.525391274987683
-0.663904129807614
-0.569895690944665
-0.58021381408373
-0.488542970813615
-0.633148165194366
-0.459702328822489
-0.693528209972833
-0.563191452070404
-0.622653264051692
-0.707907452277297
-0.530763485428276
-0.534243165051228
-0.575498898411863
-0.551689428604763
-0.676051690175743
-0.60130633175464
-0.617975432715076
-0.665742319411548
-0.509074067806034
-0.676086949369153
-0.68871768681615
-0.541035008093552
-0.542351892662313
-0.580915592300648
-0.447464561434699
-0.526600560776729
-0.592258299433697
-0.462707854047823
-0.626317535323266
-0.507266834835056
-0.593975778392808
-0.478390220472969
-0.679424814390126
-0.582680325385095
-0.667811364660051
-0.470110245308082
-0.49751411138522
-0.578231182815349
-0.623923591026633
-0.514947686729123
-0.624929216716912
-0.561320868418558
-0.574912257545418
-0.476778277343476
-0.414100153932508
-0.520313477192515
-0.519465693733082
-0.504761647422013
-0.419039079578289
-0.498060736640501
-0.505074715371578
-0.438226516714386
-0.490374215192411
-0.568841352485056
-0.49712520867885
-0.645168092589642
-0.553956112706044
-0.48337329115922
-0.573788064772285
-0.499130368484451
-0.568867414359242
-0.419641049983876
-0.54635329500228
-0.441866634005463
-0.399967727300538
-0.351196687078175
-0.572682431298413
-0.385622832439956
-0.514757827095265
-0.552610670276422
-0.470006198966558
-0.410448076247477
-0.49790209895583
-0.496029047481288
-0.324820163932807
-0.661785792055436
-0.562340670089738
-0.471845810636281
-0.553302561258187
-0.401895194872817
-0.499417930288794
-0.37241527112491
-0.380311776054578
-0.549431168670167
-0.542166672088564
-0.357925333664818
-0.397669868392042
-0.528704855454371
-0.473680977708533
-0.415701742069663
-0.353438586936069
-0.494281049073153
-0.434984012609596
-0.3000663665018
-0.419678141183533
-0.412450834973334
-0.434728491818472
-0.428317300593199
-0.483955802348006
-0.479432913761104
-0.490273134769847
-0.378280115350441
-0.546260953312948
-0.427189471425766
-0.277816059993063
-0.514307577345358
-0.431754330799281
-0.411820622864235
-0.510409739396228
-0.293942127731595
-0.490513635947615
-0.404319747642376
-0.404198172613514
-0.487374885387884
-0.490781846212797
-0.346222664315608
-0.433566756935579
-0.411821721343119
-0.514204420669384
-0.435262591965729
-0.388694839719695
-0.528252412958817
-0.444251993879664
-0.385840856314801
-0.45636013523964
-0.399378044558153
-0.589382301831804
-0.336002368593316
-0.267718278213164
-0.309703125860803
-0.33782807938326
-0.480201983970517
-0.333939309804213
-0.334748287612018
-0.440643778015377
-0.269503143811427
-0.426746996123707
-0.357522066924549
-0.444147019476442
-0.36970587887822
-0.216872870267843
-0.280979681193515
-0.352302380877493
-0.365789532449017
-0.34168876558174
-0.431458251065425
-0.255931795727892
-0.410017528767096
-0.320550503944395
-0.284322598286467
-0.356098042759217
-0.313716836023804
-0.298473374767673
-0.371822843615234
-0.268713063322049
-0.197187622861611
-0.280126103484011
-0.387150790074044
-0.179318500431925
-0.258935406523424
-0.399397183690418
-0.324289629917904
-0.265035405889954
-0.327546400072867
-0.374205817279587
-0.343444923775421
-0.158854706645593
-0.203662976551502
-0.155868919023796
-0.143866173908378
-0.223949963121714
-0.478755686796938
-0.327471737579039
-0.172397037833293
-0.294379966922854
-0.281633424560293
-0.296084899911207
-0.260797755258592
-0.28931128922819
-0.117994096776129
-0.166588853414779
-0.2270659341335
-0.420844486740518
-0.241185680223912
-0.125613168948358
-0.258521592853392
-0.371059382126402
-0.251930706643343
-0.409808073253033
-0.197045899321176
-0.270014563091839
-0.0997777333683315
-0.116359068387089
-0.177764820135845
-0.23981191851064
-0.203648720808442
-0.251366565836093
-0.334966415260746
-0.21006958520731
-0.142265906371831
-0.103590323884876
-0.265879254406296
-0.166736667149115
-0.199822379037025
-0.000310874772570189
-0.321935689988731
-0.120657120216275
-0.244342605814848
-0.0982040825450044
-0.105239361438274
-0.202462795149375
-0.0567908957907862
-0.251651730202933
-0.295780183315904
-0.268494448357939
-0.10302786054404
-0.151241171021953
-0.134925498284346
-0.112327718433843
-0.115206090140907
-0.331518742923511
-0.202929688378515
-0.244541198384536
-0.237956595457935
-0.0516131665995606
-0.122398629033199
-0.23606263784719
-0.0964877987839503
-0.131613257951983
-0.0831957915518528
-0.192928698198625
-0.147393378151811
-0.190645824256064
-0.309184142869306
-0.238653123067173
-0.189236203128494
-0.301008581858834
-0.120337672567705
-0.0982982771401376
-0.124665818403253
-0.04357664939083
-0.136163121111941
-0.183216143533391
-0.097058650578821
-0.168408897342513
-0.0513887014079781
-0.176060601655832
-0.104134059305315
-0.0396323100349092
-0.185473145551371
-0.153573194769287
-0.0700073443738986
-0.143302564581467
-0.112483026300379
-0.12648194912924
-0.0334404657861168
-0.0324518966363115
-0.0882882778157012
-0.228214381630743
-0.0346002753025435
-0.0767335433171693
0.0153283087823102
-0.129270895581951
-0.038561394517491
-0.0872721150390807
-0.0877209128264171
-0.121932822773443
-0.144950544060919
-0.200988605790403
0.0922112210583239
-0.0254389464591841
-0.0370264256450193
-0.1259205665118
0.00139024808193425
0.0742916343020392
-0.0198739937330203
-0.0712450990562734
0.0103200040334295
0.0566416350634625
-0.122666722196914
-0.144219875730941
-0.0584027300233451
-0.203479916983214
-0.00812113108422379
-0.107477791379726
-0.00863892440462603
-0.0273448801152426
-0.0482556857806766
-0.0461503725382392
0.108575931575412
0.035402810815981
-0.0893555351380252
-0.0436021688597972
-0.0324244891457892
-0.10604178488933
0.00741863825326246
-0.110745957126082
-0.0981434705621078
-0.0188198353744226
-0.136181194522783
-0.0807039594226236
-0.184203989696493
0.0133643463527321
-0.0723541952764908
-0.0378172354953763
-0.00486529462186326
0.105883254202079
-0.0558014907813906
-0.0057024794388478
0.0100200062498639
-0.0507295341107543
0.0393813893557799
-0.088955721511132
-0.0470972798481449
0.0336093527481482
-0.0119098797482176
0.0297865692361065
0.037744248314925
-0.0236136231685283
0.0316172693178555
0.247283946007793
0.0493544699779048
0.0171246346240772
0.0646912108351009
0.0380566922081565
0.0397541441211591
-0.0760032679240318
0.100077312896347
-0.0340566272859882
0.046177044730316
-0.0584992723579079
-0.0792440692150888
-0.0230791861909708
0.0908666358351887
0.296398075232603
0.0233150068965153
0.10447248984517
0.0250214510643447
0.0431562330461282
0.184225668551565
0.099850304781119
0.0485430485815984
0.00260011545441682
0.181169973899153
0.0305837065549845
0.211822135498072
0.0950384468137025
0.19719098183936
0.189491946456205
0.0813736960413833
0.0539308034077364
0.111089941703589
0.0893393173903185
0.0225704195345282
0.157202314998468
0.165476589550965
0.157788668157789
0.0643379155963753
0.100939862860944
0.025385439722177
-0.070326151861735
0.0845430813972159
0.154980423530567
0.0950618238837121
0.122527892597918
0.212949894180468
0.160321686086
0.0797770005910666
0.126428503469554
0.0882995752169523
-0.0185767982830467
0.151078904017798
0.123893044798145
0.174451874808823
0.0297950553963906
0.177029255232242
0.317870689228775
0.0593799316824226
0.126187793266554
-0.00851261268597285
0.0769625397423521
0.154344620853794
0.141824018153396
0.138120324867305
0.263563131503875
0.0763097964165717
0.179191579850431
0.209797282774707
0.215253716359424
0.161755865829871
0.106062946828212
0.304261094136396
0.0771831252363934
0.245681102658499
0.212798085569599
0.118987289251938
0.171128294294742
0.289350024565875
0.234253505810718
0.215064853522754
0.119471574023236
0.157463765876531
0.0826469620830881
0.140114239259931
0.125763231982034
0.227364457855132
0.242644493135579
0.219822607070395
0.130172966479977
0.259322600488839
0.235947026661032
0.19855824012451
0.27495154817506
0.182257693385598
0.172402024051192
0.168080016686811
0.22960846876906
0.214460151347157
0.227301621563749
0.281879080502336
0.184184188302902
0.121358714080212
0.237925084860783
0.16527433932738
0.197007401457474
0.223679347529786
0.276173464488136
0.178216910880253
0.207259600425693
0.13443426720265
0.181841117747476
0.258303967633093
0.197907376803116
0.248021689189533
0.278276128855703
0.382882590186493
0.478880016596992
0.262302022684886
0.191022897439155
0.204682345413859
0.207809935118424
0.217909676643628
0.209344750394986
0.162859641979924
0.302077373548459
0.122784575747374
0.358952861889773
0.416583113030852
0.198254558946606
0.2552991054286
0.173715525229152
0.410194214935623
0.253959934105005
0.178074510902647
0.31729245969489
0.317975898718342
0.163050568897031
0.286534708294951
0.327102781474647
0.398393177025591
0.175606703569247
0.332981226552145
0.427158510199129
0.282718280054409
0.235704495836998
0.369676814122924
0.160461733351044
0.413787470902255
0.387601926728195
0.337356410517882
0.482364982180448
0.420105160497484
0.282352795181682
0.302960363999223
0.3390424263414
0.208705165950523
0.381922755239611
0.23374967728831
0.2575822982528
0.381334060142391
0.30445612347727
0.250624268087552
0.410238185869591
0.557444765918601
0.474866262502202
0.280914002958238
0.216277111174454
0.443515050461019
0.375263876492852
0.345798783484099
0.324365521837701
0.389397583623873
0.38805469603403
0.406400797933847
0.343367411118433
0.239861071061316
0.367418647521812
0.373034129513556
0.364319637486541
0.33622566431514
0.439965901087528
0.358998823309575
0.419208539350906
0.340205136653985
0.469505968516128
0.269205144340436
0.362673461397119
0.273057884711684
0.199035666051199
0.452286945565631
0.4037575937959
0.424602567916366
0.323069706555603
0.417682508003241
0.467017434290618
0.502632171413826
0.417247991495313
0.33696333695978
0.430960638581923
0.432892341813796
0.475316015858169
0.433402937655195
0.359975649057725
0.607571034302998
0.438289291253617
0.568108716459179
0.504964196883386
0.500825736329105
0.528183556101795
0.432882957997381
0.450275427812278
0.533830127237104
0.502346921467672
0.409387339976889
0.510904029440301
0.469278501707448
0.473464289441703
0.409149140102761
0.415236969211881
0.30686471964034
0.305768704808378
0.403121652450499
0.411663956527652
0.418729192106916
0.419269076947771
0.488429191057398
0.439119011891735
0.477999781168799
0.470310326165697
0.484534302548814
0.494659587709036
0.536820841283302
0.372681110787656
0.569159791447789
0.519551543003406
0.380261124468576
0.403758383954859
0.401077667599101
0.537220339766598
0.35314755921967
0.591792722707689
0.544725622988904
0.426180688037443
0.515251123597662
0.612188542804512
0.546829952675869
0.581642604203389
0.582904629593344
0.413691069481047
0.417773201038711
0.540665367512382
0.543416269816531
0.42119574020765
0.391882686054883
0.647120744907699
0.569944024463538
0.544480265802901
0.581307804807607
0.565749570510196
0.526720774994328
0.51728800374566
0.592086962696463
0.476352976661356
0.589689652359445
0.549535265543654
0.443257582143751
0.649863801242471
0.591315517078706
0.644304925324105
0.456188351567408
0.478210724422154
0.471399970315758
0.674604308806401
0.514576353743057
0.589983061136175
0.596028851202877
0.527858347572671
0.634839678904201
0.637233069637748
0.590019994112087
0.685251455762537
0.597747235973462
0.694228042933333
0.500811522310419
0.581878128152309
0.355697284698023
0.545641365831978
0.51607525393697
0.523478862803486
0.63210790745859
0.572539961483815
0.664189179735682
0.525432012766984
0.499505141156747
0.620344711704173
0.757814440697313
0.662969821535297
0.636206109758845
0.481343180321387
0.574569093375532
0.636611097540721
0.609702638436546
0.701546930631083
0.632567255141662
0.472280062574127
0.633494218531518
0.659750794414114
0.583883605214114
0.693635426472675
0.748939650065131
0.440390180945207
0.763932078056714
0.557535756154021
0.755265879161032
0.458507559248884
0.600889827770023
0.67602162631597
0.645060469517617
0.496195551662161
0.666423834560901
0.553433537518148
0.704982649142885
0.722601998174953
0.691700814623026
0.584543712084918
0.804239849064406
0.736198809209806
0.513900416230408
0.654371767356174
0.797336886243587
0.781857965603569
0.629174567032201
0.824294532244782
0.554056544992208
0.652623529164861
0.751668429229179
0.610591757897288
0.655924359928026
0.764572583068477
0.696401671224004
0.756428313804242
0.64244974269435
0.640478733011331
0.747575026995231
0.612546320228614
0.741698252500692
0.648727893540726
0.78789987441388
0.686460368755432
0.762998217392182
0.539518896942399
0.829340975346068
0.720857334684802
0.760527488084561
0.702690236357684
0.739637497977349
0.636579156929771
0.705072503482361
0.795569937842552
0.799978350988047
0.738375848942247
0.683868925618143
0.564778562368145
0.561831325055454
0.805822035842972
0.781749501539526
0.683779191319651
0.784697452344073
0.724096241167717
0.684673654653189
0.850562076303625
0.861869417139962
0.71543710024019
0.762552044429937
0.783239119054266
0.679443587044899
0.780847131901999
0.819744189833554
0.841831997544021
0.841007300655332
0.815781821139223
0.76420199007364
0.608288125014587
0.821478708712222
0.52410320454745
0.868917432995664
0.849699144183941
0.875803674431587
0.812253074571124
0.691499587120645
0.773315987780892
0.767843461154512
0.736269337158715
0.791309306283412
0.859387344135295
0.782180560224772
0.745082759892421
0.637359287509145
0.995625920836976
0.736252435845785
0.832057214765928
0.732232109849924
0.805131641855802
0.845551474437882
0.973581093453619
0.873167068154781
0.749063196186617
0.86918155989616
0.724616254439661
0.746723642203863
0.848640771940694
0.810541097299288
0.764614302072062
0.87210725875543
0.796804054249067
0.950400836819874
0.78065417118121
0.946371916049456
0.906733120954424
0.733359280129685
1.00017044460422
0.826995716679055
0.888498233924931
0.78671621825931
0.862982888335719
0.934258964743483
0.797850085537605
0.827596097867575
0.876529401662764
0.840380939571048
0.918890580081222
0.927750065518229
0.906430847691246
0.934711231382873
0.854102259414123
0.877555558195105
0.854948963467937
0.892619852359592
0.83489240299827
0.733912052450654
0.889149026637779
0.900285702954424
0.979455474351687
0.716885537608183
0.861117402626099
0.916917027747556
0.81702971207916
0.745695907970376
0.794338395708695
0.790684219127826
0.857791228998815
0.802330619174466
0.86794862448929
0.90250146657642
0.977726995923101
0.995847122317418
0.987633969353324
0.79454431033484
1.03512603722235
1.03006638737879
0.965679705530063
0.918707022872618
1.05701016500718
0.974362217409756
0.897697053064479
0.994712413054711
0.906912481598655
1.09545879367758
1.02734562614295
0.998420572548252
0.792476163271287
0.926755632642854
0.987672420252335
1.07726099956189
0.974506034330194
0.970114478262643
0.911065000664191
0.941774775259696
1.07359243910981
1.05192560582718
0.999816479073502
1.00439644909327
1.02139023780544
1.11333713660259
1.06171683723448
1.02212214888861
0.935922805516035
1.02319090291717
1.05228979929514
0.987592649215125
0.905002188758286
1.00849314607928
