"x"
-1.11697585066495
-1.02939768388012
-1.03246251560559
-1.0037269992997
-0.933076957542037
-1.01261833323044
-0.880625803128884
-0.935788226209042
-1.08145683125692
-1.09952622855402
-1.0266244297459
-0.967096055045207
-0.924364621864249
-1.06185562033393
-0.884798466876925
-0.980711715293763
-0.932349297239607
-1.01288959329091
-0.996123289061923
-0.904687079073605
-1.09401714778763
-0.995007595179358
-0.9157343589851
-0.862871328072122
-1.00245304480497
-0.937703343082748
-0.905762190977378
-1.03221512333724
-0.96923761289297
-0.908289835427037
-1.0512294991442
-0.889217209370653
-0.897604459595182
-0.813696088873111
-0.842807779239742
-0.888089635657081
-0.792061518939776
-0.90559306510923
-0.876366451325788
-0.943444527095327
-0.888820681817957
-1.07022679722098
-1.0689564136736
-0.967163293226503
-0.8254457755391
-0.927080677447698
-1.00172269930578
-0.844614240106598
-0.790017986491383
-0.877164031766643
-0.86244369187985
-0.86582629921557
-0.846084152452889
-0.847653071723343
-0.855968602656524
-0.843454760746206
-0.911241120876729
-0.816810630338374
-0.992412773702142
-0.959018355931717
-0.834506226018867
-0.878069079008702
-0.921108155980334
-0.845261127908035
-0.889341466880714
-0.925569936040924
-0.908481682897921
-0.817367138300252
-0.904187994390507
-1.03754816349893
-0.94676345673739
-0.887296643852735
-0.968716902234583
-0.804696667402461
-0.842821767975463
-0.8609071349388
-0.902777211651756
-0.892177934852303
-0.875736452257734
-0.690710280206485
-0.894701821410339
-0.830645565266953
-0.83597806787524
-0.860129037728573
-0.921528552319904
-0.833587504892736
-0.782797661089457
-0.866074726943223
-0.800284131678156
-0.938135382583672
-0.80012055701128
-0.722486097757044
-0.841246738573216
-0.825548836025921
-0.794489168504363
-0.851900173145845
-0.829497027573341
-0.741858527425763
-0.778577842948362
-0.703938654481877
-0.85064349585581
-0.762035699537203
-0.749862108240793
-0.712232468841831
-0.741350282265544
-0.906165368267266
-0.621245079096641
-0.715816472948597
-0.732454438096658
-0.802553852833157
-0.815984236463349
-0.867871505699207
-0.775148202259619
-0.818453840839147
-0.850707344496443
-0.820911251923804
-0.879859120001505
-0.596641255880701
-0.77903249910608
-0.760048113492384
-0.750921290061651
-0.885052488791306
-0.817150384309531
-0.576866664851428
-0.471170366690919
-0.66456316604698
-0.726002143735494
-0.7609022117032
-0.750082835949657
-0.82146072383132
-0.767372173529132
-0.728926616350427
-0.737332027744368
-0.69369318001224
-0.652816238831142
-0.804768510953277
-0.817262906255798
-0.833563460318398
-0.570753710896097
-0.68728570383515
-0.64862363684436
-0.729609425049037
-0.681087028732639
-0.681781470134854
-0.622375283757922
-0.739445978382474
-0.800732014328054
-0.769598228431545
-0.63703817560217
-0.587770827872637
-0.558111265560477
-0.671110054369298
-0.66335034580354
-0.581764944611827
-0.715509667226816
-0.685785271857003
-0.823727945285092
-0.760342837554172
-0.580282150033126
-0.653617332609085
-0.697432927366159
-0.692162469809156
-0.777276927328877
-0.794233096484709
-0.685317470106734
-0.788796692712199
-0.618309271222893
-0.532984124026367
-0.677788878250658
-0.548232702703803
-0.6453820038931
-0.640278060402295
-0.6467549338391
-0.618826981336682
-0.63031207059742
-0.659674029064725
-0.529116240805011
-0.575190495659831
-0.545280344461742
-0.751387735233623
-0.694596605338048
-0.675313351074936
-0.645407879976325
-0.594915523931987
-0.579179920308415
-0.600522766681287
-0.634137737759819
-0.688298074929281
-0.563287732043117
-0.703056703627829
-0.60356594734906
-0.60243323308379
-0.611419723635807
-0.462577478976683
-0.586300796908126
-0.637027892886874
-0.608838054433661
-0.636179300256335
-0.682835520020238
-0.539661268465658
-0.56446129636772
-0.606292751563494
-0.642627874042497
-0.61479276291149
-0.491500029898395
-0.639909722522093
-0.552316570463896
-0.565225360243044
-0.45018625496637
-0.552391080834538
-0.600418955007852
-0.530251012305626
-0.449416186862514
-0.510705184260253
-0.571758074402991
-0.48235659621033
-0.363722700099095
-0.559938291330458
-0.578684821550259
-0.483142124681732
-0.598875867022177
-0.548926054969336
-0.703076311890657
-0.558606227670161
-0.572063957176086
-0.422421462064891
-0.470008250056161
-0.671549540938318
-0.443007657399829
-0.553250128695297
-0.5427772655274
-0.60384177882321
-0.457185936273186
-0.5750205895219
-0.554546726265381
-0.521766813818318
-0.380654453679597
-0.433125159860944
-0.51829086921952
-0.528730783866391
-0.503362002387464
-0.547858527899931
-0.694667061659946
-0.552770838920772
-0.435004697648888
-0.700962536017675
-0.314378318017251
-0.594288418293582
-0.502791446423711
-0.544907069135498
-0.404744351597294
-0.648544986607487
-0.339209664984664
-0.703841225191749
-0.593898289523749
-0.468895605493094
-0.452340602838374
-0.511839521485944
-0.47154290448539
-0.482169995103578
-0.4153855821971
-0.513299850799018
-0.496018301602164
-0.295643927573077
-0.529727205129044
-0.633521680019578
-0.432492253391895
-0.421957906305897
-0.502541127750605
-0.474147050160315
-0.301752933249529
-0.368320832681096
-0.558179474726147
-0.579313515196075
-0.34407701488154
-0.360154807383035
-0.37061376642375
-0.423909096973025
-0.591089823269129
-0.510101389272256
-0.56072179313303
-0.291032179445006
-0.539154591746624
-0.391435731428664
-0.358106012685477
-0.323449512523331
-0.31276111405319
-0.617896583461175
-0.382294853953604
-0.526347293613926
-0.651598909369508
-0.343708425780916
-0.552009934320056
-0.468594900604133
-0.433483264403092
-0.409181170226887
-0.412765470272368
-0.446114504717916
-0.415219195139081
-0.310780320032905
-0.352596138866296
-0.54818033169315
-0.424944637937833
-0.498155275114544
-0.49248384373233
-0.383254305810475
-0.369671634018713
-0.30551438116356
-0.457631130395607
-0.302852655595079
-0.4293252383437
-0.398220279794778
-0.343018535338676
-0.402321109523515
-0.285765842836742
-0.454718020378901
-0.229689072529174
-0.228254882481937
-0.307453568811381
-0.472684408021021
-0.3408989270007
-0.451396039583934
-0.42850489099415
-0.349006066983048
-0.477162087021905
-0.324451062024406
-0.215494212176151
-0.323635391155635
-0.397416115295298
-0.311474544280528
-0.355165232536486
-0.337366629722977
-0.288536127373526
-0.126347567055959
-0.409913516234067
-0.27516524456289
-0.295380223250975
-0.3988700433126
-0.548886928123849
-0.358782626209204
-0.429285489866435
-0.17487287278726
-0.315708170746597
-0.35268025713871
-0.195482859377108
-0.151672846168383
-0.349918956638194
-0.149485667062633
-0.37538900861897
-0.294903278130588
-0.296577421204913
-0.401622389957462
-0.101139861644635
-0.205284623806068
-0.341842275429997
-0.322892039510922
-0.32974658306489
-0.35959087124103
-0.32028277633926
-0.318280827120105
-0.272036976017502
-0.415968350430838
0.0120425013280248
-0.406303155749854
-0.195918690052769
-0.340673099291663
-0.275370642767201
-0.112382103054371
-0.33829420056167
-0.287553362800074
-0.281479672277876
-0.116970720010354
-0.205589417253409
-0.128921898174699
-0.184029163147282
-0.181127468312623
-0.195867641922203
-0.236516925766208
-0.2656969814629
-0.452897639567024
-0.23188243811094
-0.295960490228652
-0.202510127709053
-0.0615277460317337
-0.333203371344891
-0.204758640782197
-0.33243198323223
-0.248185533167776
-0.267223399755136
-0.29804765108395
-0.244684256943237
-0.0727839465965025
-0.113629619368273
-0.17488065888612
-0.28301855416187
-0.168157225529417
-0.244222855703107
-0.318264877490511
-0.194852663036514
-0.269436854172052
-0.163706975099134
-0.287564857656899
-0.145648198933236
-0.349404880363225
-0.202915057871697
-0.2180328083748
-0.268949934048796
-0.146171775735574
-0.205796576200178
-0.152327751324304
-0.179808042508676
-0.08103828897904
-0.035937287856297
-0.187376695530612
-0.132701180028851
-0.0185578073588425
-0.21757005296417
-0.214730523773058
-0.193663146546072
-0.180117028620959
-0.0612536757574027
-0.245047459748309
-0.1405809521026
-0.073257865707818
-0.255888245829906
-0.192336291707763
-0.0808645965835215
-0.0549233429744082
-0.13798490402009
-0.156533609436361
-0.11172446218488
-0.148728935083008
-0.280230114823987
-0.109906477952123
-0.0961127219449291
-0.173489550394124
-0.204757205423811
0.0202904835293968
-0.178258084085477
-0.163341369517937
-0.0974389568255751
-0.0784131712161513
-0.0333860664305961
-0.00788163130535937
-0.16179913667204
-0.189040270473013
0.193950651520277
0.0109819893409728
-0.0697854509381428
-0.284718097024415
-0.215389316960747
-0.245168575163753
-0.130285705992512
-0.17808015779128
-0.0797167077850099
-0.153645686003545
-0.0504113550310182
-0.0929844160082304
-0.140070752455561
-0.0998575740486658
-0.0696600803131186
-0.0262593810223542
-0.132660888963045
-0.159734710355565
-0.144936725370947
-0.0184612225063182
-0.00899823097259412
-0.0717357762752642
0.00625140344928193
-0.11140932187134
-0.00317888679195351
-0.0650619278055126
-0.143685731640643
0.0433189516290604
-0.0585741304297081
-0.115202475676075
-0.0535584486389992
-0.0218308463487715
0.0418337619281412
-0.129337578418447
0.0774561265738986
0.117816986409749
-0.119083908535041
0.107380725951765
-0.0637610208448581
-0.00976941525805092
-0.0593638017153535
-0.00332532156687827
-0.0623775178347451
-0.137521810943152
0.0128928630159201
-0.0511353161327826
-0.0428169045526323
-0.0213554443481626
0.111718675922841
0.0733749197204284
-0.0125819460637983
-0.0797260096046258
-0.0287561643211842
-0.0932477812713594
0.00974588063576567
0.127063177680802
-0.00106584532831695
0.00230295405453937
-0.138538496518888
0.205084208318231
-0.12455734691384
-0.19494445876257
0.106815524832006
-0.00702379277726735
0.0463703703846518
0.0884740372795364
0.057032550509062
-0.00163674467151865
0.0356043590796353
0.030373672536836
0.0933487714624529
0.114612473372134
0.082036796799298
0.0391312643157861
0.0728816973325092
0.103073022236907
-0.118140759160368
0.172351421696206
0.0613056420263561
0.0293515495411046
0.132218078692026
0.0976229923852447
0.052764133674435
-0.00466145221986998
0.107919827528946
0.121881598371339
0.104931081954084
0.0830081228962459
0.20156091813698
0.0256254498311359
0.0298226111447662
0.0242344632030315
0.138347259288029
0.156232603410671
0.095232616942086
0.241079629657776
0.12447675322265
0.0229804996597049
0.0794824797625154
0.144397613537028
0.0871514463782158
0.0451044199816482
0.043149802656946
0.0558942002090064
0.112700064971687
-0.010843839412784
0.0976698579202517
-0.0100135945666767
0.191226637430582
-0.0355000242795047
0.162271240747242
0.161468008800139
0.115551714725117
0.267634894337093
0.301439904823097
0.21115844323103
0.154831437405418
0.122200856454079
0.0646118660951764
0.205332059786667
0.0652713090991121
0.0685688972965877
0.192715693055943
0.0202853791148076
0.169978144273064
0.12519824120951
0.0540899301338986
0.1247347460937
0.17231459686198
0.0754192523881501
0.263389858643275
0.27365686934069
0.128906365189147
0.11628845704447
0.0822493096941769
0.115888502545398
0.212216839318201
0.163456711972696
0.168176123073918
0.247342787685985
0.0823138382047186
0.361554862890472
0.240262221209681
0.143027754135135
0.19261736768397
0.109709390269123
0.194740873646028
0.28431580404962
0.0382878420717642
0.24302480531087
0.190679170558404
0.0406648916553898
0.156877558738192
0.117126089201933
0.241061950487492
0.143978812154152
0.285846663326382
0.252576500642805
0.133788831256927
0.403970310954591
0.292539389790904
0.0751960942862607
0.160397669768329
0.126528678576096
0.225825844931675
0.265341902402217
0.235566983804202
0.318109078616964
0.347396095322892
0.26070082178833
0.265548770346198
0.32241635266068
0.272731801611403
0.14646396841776
0.16281053172684
0.246351196594542
0.184154595330332
0.306591825423646
0.294173754422383
0.340924289639094
0.26626999261569
0.261530045375825
0.261783093457381
0.311605398054209
0.300431084870751
0.329476840044676
0.296001359506278
0.306031824837819
0.301135289458655
0.231232851701941
0.327848747211947
0.337190671683382
0.277119618193191
0.212671639864433
0.272186868465505
0.334553158388254
0.374489998937785
0.440262441165904
0.262964877003135
0.276433794803138
0.294778374403011
0.389840928857902
0.321817176519018
0.155050517188164
0.335485372102723
0.19203706735805
0.28491147971989
0.267891862111101
0.233654161173311
0.354545036638734
0.374371729148067
0.443614841162851
0.213782600126679
0.333258446771275
0.280386869729177
0.302000308901471
0.272626220190092
0.256828573578961
0.248227163496343
0.400715543105909
0.403969940073287
0.212522444481597
0.333408550788568
0.221390514810061
0.2476439966553
0.193907510672831
0.270929238849413
0.391028581861509
0.37853695907347
0.345997777206747
0.323175381766797
0.260676353334158
0.477270428720614
0.423899396865555
0.550552048743967
0.499214706042509
0.302092406392411
0.392036404087506
0.465920379133646
0.36518131133034
0.437331544148951
0.520256051762723
0.297985260875818
0.329546446550942
0.433018444436544
0.364744500369207
0.343636792732698
0.499180564728558
0.392126177794138
0.284810159967643
0.238687228825022
0.442181257616162
0.299643115639487
0.295127270660627
0.366690121558315
0.316240298576631
0.423232733726466
0.405707716168193
0.310146257356285
0.400037158642277
0.255635814921701
0.404044394955282
0.353103104840015
0.560063915906775
0.443086882444939
0.492584962581647
0.401883208121444
0.375761176302471
0.263635736567709
0.41117613517393
0.531611360648586
0.371441081267534
0.35598918779581
0.434359634000469
0.487542800679531
0.442701315506718
0.361701058924496
0.482411770478456
0.511296960307808
0.473701067938009
0.279551001222614
0.439995501863694
0.416273864512955
0.587766558350531
0.536282935794176
0.38738252294826
0.414940911023465
0.484836558909368
0.43760257817171
0.498754971980702
0.380693484401445
0.448222329086002
0.47628484594827
0.605119842223976
0.520983431495902
0.582670630623735
0.408714553523983
0.55039356419642
0.507709003892848
0.518104379990837
0.490662525302468
0.628100062030265
0.555851603119456
0.503518017554701
0.360855262942824
0.364541425633422
0.465038671300565
0.401486393663755
0.567858178294748
0.439561628797425
0.592884548002852
0.538507299021734
0.477108994489449
0.713440289591797
0.620298545664505
0.623968905408801
0.481069056698988
0.512258843463285
0.416046339706644
0.564276975353233
0.521548090753302
0.522240281060954
0.614444952238353
0.59174472319957
0.554533879233051
0.499283265271401
0.65121448815719
0.597354745324238
0.526213332212092
0.501683459289312
0.637689003010598
0.595105501400713
0.615908550189582
0.344588428713567
0.500997560368009
0.695545247531999
0.538733710884763
0.646691275043228
0.589803615969139
0.631521635902099
0.609853851839004
0.69552685535173
0.607084966608588
0.612632186619066
0.716447766871837
0.552072751200318
0.550999974966699
0.574457554425934
0.492916871986792
0.519888024640473
0.533902963783132
0.62394965073283
0.639795851559819
0.49625186887141
0.617611155184123
0.480278638697529
0.695863037947665
0.656357674432989
0.536222633614292
0.583240814809672
0.461719611027182
0.537749994689823
0.643915067422627
0.641397859758658
0.565868422299617
0.661582480362152
0.557309769914136
0.697398254372432
0.766501017180242
0.427690653743118
0.514013744581148
0.542685258558982
0.635292510459886
0.640599173451033
0.573488982738345
0.598936165897212
0.636636639176653
0.643848251131092
0.672715253629151
0.740921827433875
0.616469882579288
0.74217448187098
0.478500429365762
0.621672431282005
0.721932995716911
0.71329569837595
0.629895457076976
0.542233394328807
0.737399210928177
0.809221031858434
0.598559824833894
0.817849289127633
0.76371014180552
0.630175578207569
0.696160694517117
0.855743255035303
0.770156889587528
0.632102045701947
0.675415351456169
0.673735406157004
0.666725926471464
0.649233272434607
0.589775113330229
0.710535234460272
0.538721180698272
0.786223967007424
0.84270449376867
0.676918446493768
0.586023196389536
0.662119689788615
0.718599606379697
0.641970489555669
0.641737999239737
0.622380849770176
0.65684195508445
0.613041908651127
0.79666375068884
0.706706130227681
0.658653650101333
0.696043868420473
0.604235989977829
0.570420421845493
0.726514596872562
0.841161048776505
0.797537366432371
0.767672956086799
0.615636654840394
0.773696769493962
0.523180794214842
0.879165218410995
0.751159159537993
0.769489590966492
0.643967538215192
0.635033140422029
0.615304778819103
0.85683968163196
0.667052816417863
0.879391096441578
0.776133882643222
0.714308930875676
0.783559463467544
0.663086904660141
0.725200861196251
0.792468956223599
0.715795866659282
0.704775640466602
0.791729648746319
0.75707796647606
0.733703809280819
0.788358237849887
0.819284953704869
0.829124549095558
0.903282878085029
0.800259402859737
0.85124887307743
0.858878056564521
0.821670343534127
0.794804328565825
0.767881517487037
0.625566488882672
0.92306483646846
0.871833441677391
0.876265551331087
1.04479956923817
0.900788255646737
0.853730822409749
0.771013336164639
0.830298121130688
0.918835755857256
0.759919231980616
0.7868122449798
0.873907044452124
0.986763527062303
0.846026470602475
0.832404845257418
0.755040860586361
0.846179138914964
0.886727945362182
0.872927368855539
0.903714148845781
0.718763993585949
0.737921750634108
0.874697969878961
0.870304992076782
0.957292613399787
0.812359822814368
0.957596985012858
0.860943499944443
0.909506422178236
0.818815067731995
0.98875440421465
0.842275856038936
1.03758966191812
0.773579579155786
0.818826000988074
1.03843017856458
0.847306100287197
1.00817450914465
0.898050460309537
0.841491952153389
0.775544950229281
0.945106434007155
1.05586626004278
0.774817673552007
0.933155897005728
0.872120903122519
0.835593208099509
0.974073222352747
0.972481771243884
0.9165367052199
0.87190882025511
0.888753578185439
1.00083230973303
0.858468569861505
0.843204609861817
0.929984032886044
0.93714396966437
0.83695581655477
0.919320270408918
1.03736358655822
0.943170190639362
1.00842405229819
0.88886192872331
0.828695502244425
0.847422933326573
0.989945747723779
0.986121265107874
0.843596647240604
0.958493884292342
0.93660576177391
0.898219561271288
0.923792512294264
0.923682248461542
0.912720437112336
1.10085974153259
1.08435397549864
0.895014669587029
1.00760571937525
1.04293473189298
0.917669310698791
1.0917499130397
1.01189927427327
1.06326344659027
0.97503860400668
1.05312257137043
1.04859680928549
0.891953426667972
0.935303684548046
1.06705164697022
1.01707274775931
0.943791543248736
1.06272307429895
0.954972820017369
0.899340428890568
