"x"
-0.949404086184476
-1.01954511732463
-1.14625339899807
-1.09514536580231
-1.05439901287101
-1.02275679818872
-0.938626352408621
-0.886730674964915
-1.05749424945352
-0.94458384454812
-0.927648763422861
-1.14458169931355
-0.931673859415691
-0.831039155239038
-0.8148162274678
-1.03423610937922
-1.08798177471435
-0.907996928006846
-0.994264472475904
-0.795955233302103
-0.837252033105475
-0.872904384088955
-0.953173696698799
-0.975015694819281
-0.843502311499169
-1.10556980102497
-0.97661968949978
-1.13468975702969
-0.956072035362895
-1.02738118460349
-0.917471319174489
-0.877856181818107
-0.959480290130435
-1.00402546419184
-0.878904631043297
-1.00962140258015
-0.884740043282862
-1.09052635918665
-0.845790405519111
-0.925176101833719
-0.961008859558644
-1.05031258408513
-0.964167706294033
-0.973708140825275
-0.90219412968478
-0.943701752684592
-0.917105957408449
-0.690115486604186
-0.875980666098072
-0.960687013569122
-1.00288642417467
-0.91318597436536
-0.838090238478546
-0.841668671769303
-0.916333947924637
-0.916400066149292
-0.826552741502444
-0.88896363251979
-0.895232049924432
-0.788764568993678
-0.872646323707547
-1.01937720491234
-0.883335190269724
-0.83998080165441
-0.900658892881593
-0.878187425881974
-0.797675538076103
-0.883111954698957
-0.831798190340506
-0.973019540434817
-0.710153595029484
-0.726938205005166
-0.991937453742541
-0.917257126896783
-0.790082973752159
-0.853159019368986
-0.950418182414299
-0.732488831233738
-0.89625070132261
-0.792706347184929
-0.822657678024936
-0.757756518084029
-0.967039667899604
-0.757983916740776
-1.02085809399875
-0.832013627446415
-0.998790812808862
-0.831017929146802
-0.742552612600907
-0.727271053001119
-0.776872253715319
-0.800399343007876
-0.828427891511878
-0.81623500830603
-0.808694785922066
-0.790806187731519
-0.764810360838336
-0.654188525718002
-0.896856742029846
-0.732719269645185
-0.747551137107952
-0.802281205426675
-0.610255572212638
-0.688639276569445
-0.758023593870634
-0.796253115524518
-0.725250357988532
-0.692532188398019
-0.830029820711731
-0.745416887697708
-0.570651523964321
-0.829114883923968
-0.828470394003588
-0.768875009887576
-0.871163074064259
-0.846618539632285
-0.773219241344217
-0.764298345757344
-0.614071839391664
-0.766528610676038
-0.637748302201619
-0.896538151064307
-0.808843140823381
-0.848419704976894
-0.845947195059961
-0.698884578257838
-0.857006657779196
-0.7437962429628
-0.810491330107643
-0.675910411510089
-0.691649581627571
-0.729538249150232
-0.667670803881106
-0.846659107585591
-0.742427697667566
-0.773778050105267
-0.677426885323269
-0.785394339188332
-0.67030181649074
-0.651804372756895
-0.616318785430905
-0.562837298450219
-0.872430954805982
-0.553726192496485
-0.65077758825841
-0.768398618424225
-0.769924223419927
-0.701996538354228
-0.663419792971917
-0.627462396466164
-0.592894877840099
-0.581062183492606
-0.658839997321487
-0.768865528217085
-0.725458037919004
-0.636674824597379
-0.693219840172146
-0.631889347595146
-0.672496937939889
-0.644426645477018
-0.775797693232112
-0.630148244075196
-0.672070533853407
-0.572668774703168
-0.593680212515172
-0.715425297264727
-0.740813267551375
-0.633308043646923
-0.740735567530442
-0.731133441925039
-0.59317873079128
-0.630788511680426
-0.536451611828266
-0.694890312887935
-0.701594034567278
-0.62446570778325
-0.715192312342738
-0.634556312778762
-0.801877669561124
-0.641432105845906
-0.735013582656018
-0.603351481799483
-0.643374446092187
-0.683881653652312
-0.675767124507033
-0.620118404436242
-0.623311540940238
-0.581707690319337
-0.597233566464835
-0.731826685130601
-0.655872234140871
-0.756914708777537
-0.503329383099801
-0.633693177371599
-0.675964421488161
-0.597417357851869
-0.663968442297903
-0.593133888538603
-0.622245076738777
-0.699312777595768
-0.706442209420838
-0.522014142066896
-0.570017928520239
-0.515632257450602
-0.655674584852634
-0.657056137071589
-0.382907232962016
-0.59447843265032
-0.47609518218306
-0.309225802504877
-0.526685930880599
-0.512973961950072
-0.639098992796994
-0.537744443730881
-0.631240363577904
-0.541587170309916
-0.33836038035008
-0.512351449758562
-0.722202354188155
-0.726871317399457
-0.610802078721016
-0.610812564994424
-0.410723474490683
-0.797564967570779
-0.693444184437065
-0.608753346812329
-0.430574195073876
-0.505551852774102
-0.390494398920379
-0.566004838524471
-0.661455951038102
-0.660025324272696
-0.60166954895699
-0.584984906611956
-0.544680357962778
-0.452495658063883
-0.713701756666365
-0.449279454115231
-0.540484121115225
-0.480413721311491
-0.534462248564116
-0.579060172341379
-0.497948539846641
-0.571571894581275
-0.595874210603354
-0.343001520638165
-0.541163261844389
-0.421790363642284
-0.445937030900425
-0.6584994006815
-0.400000518468864
-0.496692211690384
-0.432343340137485
-0.395095146164138
-0.64388955841409
-0.46971739100849
-0.497457116454971
-0.485651258564237
-0.452462843128272
-0.382980593242686
-0.595863613947056
-0.517524263845413
-0.234327398761189
-0.544133097167784
-0.620589817422214
-0.578590864344836
-0.429479877365966
-0.541155668878311
-0.538205487370598
-0.456426994539635
-0.485084682857301
-0.350947295835918
-0.412107388320275
-0.392002975744584
-0.443923956735186
-0.657954582287119
-0.447876261555397
-0.474042505534097
-0.451357182303335
-0.452193092773627
-0.420294752410126
-0.426516075856882
-0.494421292446905
-0.405737997774782
-0.469324421438394
-0.486750685711658
-0.376934271122287
-0.440010738623895
-0.34439600913325
-0.630708211621456
-0.46868725427106
-0.380300084220659
-0.600479253256201
-0.453093023499
-0.39351902651177
-0.432300776165976
-0.438638406268977
-0.468608601709065
-0.338793339858143
-0.528059837290771
-0.468869790857505
-0.448829107488804
-0.324424708209736
-0.396684364391445
-0.251484544019983
-0.379359519278027
-0.552358301705347
-0.193212772816178
-0.331418998857314
-0.304850039491699
-0.342566054155731
-0.335332602461507
-0.386638044149187
-0.229550489949538
-0.409629428209115
-0.349751145138088
-0.344117077076663
-0.159009159703514
-0.443422230267783
-0.416496751969924
-0.309147798010574
-0.380971633920608
-0.320249392839934
-0.433968530243442
-0.41571930448357
-0.434378233202763
-0.183802240599795
-0.287138983968099
-0.37153858237125
-0.479749148611419
-0.197304274796619
-0.215873439816177
-0.293180796403167
-0.302760156106151
-0.307624519689275
-0.346768668787386
-0.269191682395979
-0.258140778769985
-0.342527007797536
-0.232473371261462
-0.293949021574363
-0.260647939086894
-0.364777898702924
-0.217406290377031
-0.33802864742845
-0.352609398645096
-0.297721346784551
-0.382460369080407
-0.289080822857176
-0.423131798316538
-0.21637072641079
-0.290889207213367
-0.294944659092793
-0.15309683957579
-0.421876424401405
-0.285976640907035
-0.274900901252167
-0.312794212897591
-0.254525268590477
-0.271211075928047
-0.250372185405767
-0.37281518317064
-0.290493907087579
-0.115414571056874
-0.172444712325757
-0.292698316137231
-0.303686766096847
-0.225134079202576
-0.204505892504976
-0.264291472795372
-0.22201414941373
-0.278880794153967
-0.145576324019952
-0.146883997106983
-0.294495023210639
-0.278003024947035
-0.178435213949415
-0.333562913808014
-0.167912509874705
-0.263738688449631
-0.213421824836765
-0.308393573641741
-0.154701457704536
-0.192630996437812
-0.193693204408535
-0.261311018991423
-0.289078232288798
-0.242783386557648
-0.257479305364556
-0.172969312433851
-0.29339825797055
-0.149057168276824
-0.232307790992884
-0.2599915655506
-0.25648224448471
-0.235524024291598
-0.0496569307279723
-0.323606004431044
-0.235584589902083
-0.0424036261034419
-0.140895914870691
-0.327598246625825
-0.0499545139870667
-0.149956148982574
-0.270181143443643
-0.272647262500931
0.0126320707643969
-0.332598469905788
-0.235346188515252
-0.0890460061723294
-0.201544307535521
-0.112466551496525
-0.184872186375918
-0.18877721755089
-0.127178073903161
-0.121315323672829
0.101022256699248
-0.0302437215074897
-0.0848867414693033
-0.178469917728527
-0.151806941957658
-0.138498111939303
-0.153332273924594
-0.140666431620748
-0.135324018272204
-0.208206300398672
-0.00958665366263805
-0.0412298585627332
-0.0417965980863644
-0.180689194936253
-0.23390300236184
-0.162325005315119
-0.110597195696189
-0.0974777059754698
-0.124358228718358
-0.106044711842328
0.0587605807597072
-0.0527706029989753
-0.12176769332357
-0.112370040552428
-0.119368990114901
-0.207222182288436
-0.244972778170895
-0.194185161437213
-0.190366158920979
-0.226737779059216
-0.144586186616561
-0.270098334057638
-0.197539025065528
-0.122484351729942
0.0803228719803007
-0.0622602948647171
-0.02761447472132
-0.131178390535915
-0.0493963808023818
-0.120015541560836
-0.00818427973349357
-0.12162403894333
-0.14005324458206
-0.163217004094981
-0.0886373510788038
-0.0242227153633966
-0.0815411787606354
-0.0537093532818434
-0.138045337211212
-0.175858681280743
-0.154809739438353
-0.000699968082671929
-0.0216409772737303
0.0200483972504548
-0.082727680987235
-0.101507080100604
-0.0130630158103167
0.00403667770976868
-0.323837560747463
-0.134586907889344
-0.23921468611738
0.0127274224187162
-0.0546241158023067
-0.0367406123971045
-0.00608458862431155
-0.0849064229728782
0.0444152363897302
0.024140504788525
-0.0491592841579638
-0.0145634615332722
-0.16940388954553
-0.0237873417961929
-0.0641857273609792
-0.195935621182497
-0.00368107458364821
0.108178319447484
-0.00911883003200179
-0.143246692063762
0.0707704863862307
-0.133103748363269
-0.171067280672359
0.0392581436702736
0.0186888090318398
0.0282500528628373
-0.0238454499106242
-0.0257683785634697
0.019731969638268
-0.0421021978399125
-0.0584812193681309
0.209296719174551
-0.175389533149248
-0.0570006347514534
-0.0421317419096496
0.0688845902335865
0.0416305306751291
-0.0571389412376955
0.0207465493387963
-0.112449991341282
-0.0346184226635326
-0.0122152749643664
0.0482556702230263
-0.0416565998421254
-0.00502059410730204
0.185805253818622
-0.0790256376018915
-0.0369354092473952
0.0241087630774194
-0.0695944652658698
0.00763430464883205
-0.0439620586601677
0.190111183828681
0.0806383691074122
0.0652804325823473
0.20415434167404
0.0328875154451372
0.0369398366024337
0.155177778010972
0.13340450788183
0.108060863496726
0.202063161120836
0.0984384658751078
0.062218178641291
0.177599851258195
0.139575327326541
-0.0497654011986019
0.124021923999963
0.0888199116250786
0.0505178719795954
0.000954646436310521
0.102525031137489
0.0920458720032709
0.144227645013628
-0.00269884529660741
0.0495428601090624
-0.0056139819116497
0.202717161889458
0.102022925642501
0.126271511372703
0.202105079462948
0.0398466740523007
0.133406865532797
0.15628674942489
0.136880236835116
0.192676877330768
-0.0141666100636526
-0.00678551612241927
0.0576102155888058
0.0407983361584382
0.374305645224765
0.242509933476985
0.23922466297782
0.0389809447424623
0.164944832024429
0.0121080200589709
0.139857252307969
0.256700922134322
-0.0157957389187032
0.00831942163954788
0.117201992583174
0.20033676049511
0.16337303907382
0.149351121874279
0.189673854078509
0.254495297660849
0.16160831073415
0.216393825236712
0.0752843400214836
0.195284249524415
0.0745043774997714
-0.0243120479936437
0.124190189787069
0.100462074057707
0.175445239536717
0.283076306997605
0.206654871720936
0.203704144631152
0.257145684126318
0.185113255043942
0.17524363100211
0.192733831440167
0.233472446778575
0.215714599138398
0.129927490287234
0.0791402168232254
0.211310626640379
0.216199385355706
0.200575925618901
0.365643600705005
0.249174337745172
0.0113300644127701
0.213268433475286
0.225381488379999
0.366693247668799
0.143824979044332
0.243594170356075
0.270840101079754
0.168529813773818
0.384037962559953
0.308209602747547
0.21305787739195
0.246364600054667
0.133735900857656
0.313461473274255
0.428757580356522
0.350019439735618
0.177638376633725
0.263501775154177
0.226790309731853
0.306226133277899
0.292509974615503
0.363625151710701
0.175904496310697
0.320200301801984
0.337946511674266
0.204895366312568
0.180947249272687
0.263376666703874
0.337731950429133
0.224858555175091
0.406250959173545
0.292768805827407
0.439373683021414
0.265119634461738
0.275136223624937
0.298263177002058
0.283934457954281
0.203903173564799
0.241808819775978
0.211741335678865
0.362212217866783
0.375998020999372
0.347488017240721
0.233845357877146
0.44861461005584
0.524700268969841
0.393591457603778
0.36159138381517
0.343261568304845
0.0756845596226108
0.371331944134458
0.391866750658613
0.176967047398058
0.443432840823783
0.341130482029646
0.353012486398914
0.386623951912566
0.306968379752583
0.425619017223341
0.284368651547528
0.344619665862454
0.29850438295556
0.305003585703285
0.387270182081058
0.331169905421332
0.378357662158267
0.373806993411416
0.28069438797796
0.422642014049773
0.333107926252678
0.279151804773642
0.315315197089158
0.341587835728404
0.361946815846977
0.472585286671095
0.31375111492625
0.376476648632501
0.386708362471558
0.507905846190221
0.426068493834406
0.396310106537152
0.37843923233105
0.425174939338579
0.351431011939185
0.399178085970909
0.469058780444874
0.280006051938012
0.478615842864968
0.382704303973318
0.388650536103709
0.378218391432755
0.386813965219842
0.471723916649356
0.436227252777694
0.497743595410362
0.32050703495558
0.289857174713692
0.393184534933824
0.605238072390509
0.381541339319113
0.556485791659844
0.362327401331162
0.303730848060314
0.327340487221365
0.451485407741015
0.415758165086146
0.406376231581959
0.363194205250304
0.47352294513574
0.450331335926182
0.632095716649186
0.464869115961568
0.490823205620959
0.46108345457523
0.379580624307581
0.508195442342274
0.430291232024267
0.346746508843293
0.552626517996495
0.622642131219411
0.260739444659308
0.514981818189345
0.450870378623142
0.59524509674555
0.304846207267136
0.405465874380803
0.543661640350408
0.451393445437683
0.510320515810618
0.504212138969724
0.382667070345005
0.548776440166774
0.522522453074911
0.531197269642829
0.280146529850177
0.46248126499733
0.426348384111122
0.34599886967641
0.567006099360345
0.414510561032945
0.472922879982292
0.547596771453504
0.421501215306513
0.363348244826304
0.590405655781633
0.442906245821441
0.393522315689034
0.553949421373331
0.478348825218984
0.502198818379498
0.343634668741784
0.478244893085199
0.582002078531043
0.467200304024746
0.545402293147869
0.516495423391088
0.447005980499132
0.445255315481969
0.562078602701928
0.420609525413946
0.539187059303373
0.552299182654425
0.583266926605366
0.519389773077733
0.489290083176749
0.483058463699981
0.406767721798439
0.529903595789868
0.546913806185676
0.630416452417367
0.642284817819976
0.573130070137318
0.36810524309356
0.564423226176553
0.504738062208054
0.590793127983113
0.4829881629585
0.476824621352741
0.593765071542757
0.569980997913898
0.442601584315883
0.571467730319714
0.512986753564942
0.632317910584039
0.5339171103632
0.482522395092557
0.722667095235262
0.626452572347942
0.60372576643567
0.560379703197084
0.625459550157761
0.510582118218539
0.602864464168028
0.445205556654568
0.660049705125757
0.542613114327045
0.555501600635625
0.645429467571779
0.78357464687735
0.642797684206134
0.711326645399051
0.556872232398846
0.557393985333616
0.673692580489042
0.63539921921345
0.762417695136097
0.74106547233943
0.581681115974873
0.65820971369052
0.700361551150241
0.511267838100846
0.648379939276133
0.54627903653086
0.599626636326536
0.526375126188401
0.530110481553583
0.626822709799825
0.526677958592553
0.609350673157744
0.777449884899683
0.572470052764864
0.741911123927723
0.757358493532042
0.683416331193193
0.667794021267214
0.6101336957103
0.602034713358409
0.647569193651006
0.813563161463793
0.653272855331315
0.560792910900303
0.686271045887159
0.580101646795503
0.531621914821541
0.634864495488129
0.600715384602112
0.763099126829641
0.687015908730321
0.621710032912956
0.561097178312556
0.62492414784788
0.728026019271946
0.657583760301843
0.749286218546708
0.674531141975782
0.730400384535011
0.860736917857943
0.849925856485581
0.558105244319959
0.808906216648888
0.718441568102405
0.786465688153552
0.66583370808958
0.697063783914581
0.766333911979541
0.725716610851236
0.754200270222342
0.740885458690679
0.688235296226136
0.740201218944571
0.774002075918739
0.699389219404158
0.676287740695607
0.714859293638599
0.643309598519892
0.710486773052657
0.74428706050714
0.692165133396767
0.69974571493237
0.679754153346963
0.816918959895461
0.685752449765206
0.661051112297571
0.728274417765948
0.614260008255991
0.668472372760413
0.758386480318837
0.721356115576562
0.755556399338379
0.643394931182502
0.645995297319679
0.628755259740013
0.769159171414426
0.735404856068922
0.878006262722623
0.78168820337847
0.744783943660325
0.883439238747368
0.669731097996792
0.747748854832707
0.77412483594528
0.796960308659803
0.778588335863084
0.889495423410757
0.748251877181144
0.809943739357418
0.763366830458552
0.808261908498238
0.988955708156939
0.90470519236649
0.838885972294243
0.821735398076018
0.919926399255841
0.782699003747223
0.818685551049448
0.80878194569791
0.815770655530061
0.941279292434088
0.784537092605504
0.811537623057471
0.839624776060823
1.02242854385025
0.638912284670043
0.826578105085625
0.783106425018839
0.859563195528752
0.815872638367549
0.834056572995271
0.789362196518255
0.921601166005569
0.626767455818487
0.92678839581375
0.852342509289737
0.668695002174817
0.899483494214156
0.930696526047105
0.962429502067712
0.886742720889472
0.947783250394572
0.796596098894858
0.797803413115882
0.8637350556957
0.970503318088592
0.91672988741965
0.865743728600167
0.991166452138351
0.847454326030637
0.797392567189543
0.957297504058129
0.958489018680787
0.819613167164698
0.824411027801373
0.895443895586688
0.967193073122696
0.94610596834861
0.996550743053435
1.00493432740117
1.01039962482125
0.93686649667442
0.841633299574908
0.908732981849476
0.956440353399872
1.04940356361716
0.921248324244443
0.9483098180561
0.98314003519575
0.938578663938345
1.00557449793478
1.0804178248345
0.908953751768365
0.896666788864336
0.834757946641433
1.00906444238013
0.953884151686193
0.939450447024209
0.895449803660868
1.08924881443267
0.967741498215305
0.952996383949691
0.907724643618271
0.942065272149901
0.859016544725065
0.933731924946214
1.06516181754666
1.04691292049019
0.834119316876981
1.06026344400753
0.980973407208174
0.822283036360877
0.952810397250701
0.913244525839049
1.12087674141186
0.960004962601422
1.09153793862631
1.02675677753565
0.916952197047505
0.791597558175868
0.988072032428994
1.11860263432264
1.11373347454466
1.06447921042726
0.925636966245927
1.06505742364287
1.01181689205038
1.00758697446225
