"x"
-1.05145421264831
-1.12941847257537
-1.02615665360912
-0.949482036674474
-1.03705606705459
-0.996039367402549
-1.08338018595231
-0.97457358265124
-1.14313295252709
-1.04665464531034
-0.953188946994409
-1.01429114827667
-1.0016204317196
-1.13432744941912
-1.13975249709817
-0.979142966527727
-1.07515448195704
-1.09678931380472
-0.840640454881048
-1.04946265279573
-1.01262142806686
-0.888345737037159
-0.924066433604524
-0.974477560222872
-0.913398281582303
-0.848113577528961
-1.00776995706217
-0.879756909155628
-0.946007215274161
-0.89684265538965
-0.925057020221241
-0.909198296777919
-0.997767002050339
-0.833404497842123
-0.857653244924331
-1.03190825234914
-1.04170357181133
-0.947646311726055
-0.870061361818325
-0.959667905864513
-1.04962773109164
-0.798536957928687
-0.975039051743084
-0.991878947714287
-0.948728375566048
-0.929962629899021
-0.982494122822387
-0.922290677627544
-0.854756188876176
-0.960424871638481
-0.914259981457681
-0.952626216113781
-0.859083845730101
-1.06404319978231
-0.877425223299583
-1.0229268792677
-0.931303734917866
-0.726834219705225
-0.796035501444576
-0.880926315917336
-0.872037074672596
-0.872367668182893
-0.716919617361232
-0.862676660096166
-0.937981207832421
-0.82766641607449
-0.937326122031878
-0.99054058725499
-0.97103595783143
-0.820389148297909
-0.782295954757658
-0.87098707957212
-0.810285295442947
-0.828235931316686
-0.957464326296345
-0.84702357457315
-0.88131789849145
-0.649051152396717
-0.869710132875177
-0.744429064750807
-0.709336525223516
-0.747149529727679
-0.869505046808989
-0.904391601847414
-1.01123656266685
-0.802161204883201
-0.798032113734569
-0.88843963741123
-0.782178816302237
-0.903510522497213
-0.777764458484061
-0.855055388532527
-0.923012220990986
-0.776192039063489
-0.783872640033287
-0.727580534326025
-0.712115461908998
-0.723169882339754
-0.717146423573137
-0.715227430534781
-0.851306626667854
-0.747285864305434
-0.601586166026769
-0.875500691182736
-0.802662424725958
-0.800194314457211
-0.846593019081657
-0.792128525914036
-0.769306657027894
-0.706537492434428
-0.69869797930061
-0.788801332329238
-0.722492263061067
-0.858717253544403
-0.707764403110179
-0.889653808535196
-0.724054915146834
-0.8823414031989
-0.657658506476942
-0.889274752898998
-0.711527116959328
-0.819242581118767
-0.82797385462324
-0.965119912724928
-0.755863248617576
-0.824074508351127
-0.742739277415939
-0.623366763609334
-0.711510571893198
-0.69747350547564
-0.699450000994992
-0.78545015549759
-0.794764812525397
-0.888497893058652
-0.902534810084972
-0.793048657584628
-0.62754809259987
-0.623930305768815
-0.744634554728163
-0.687650007497552
-0.780175524199357
-0.481237609881247
-0.676287692679357
-0.764750272490869
-0.629642256066668
-0.506526752102522
-0.87806662278148
-0.551689945010047
-0.67559771163073
-0.621298155393417
-0.811167020475676
-0.673654081449354
-0.791931862897429
-0.69808103642707
-0.602683796721726
-0.654926476143811
-0.574706019682439
-0.637726682509336
-0.626746154947404
-0.687208823397119
-0.610124093691261
-0.717681555910603
-0.60884058051035
-0.528943373270177
-0.654844536016837
-0.634913822898883
-0.707827602578397
-0.609946560279719
-0.572045977077122
-0.696419262513661
-0.744192153594577
-0.599932115393573
-0.661174508367926
-0.639283480103545
-0.582729749437323
-0.509758547480427
-0.571036213469283
-0.576692646805443
-0.643895509532413
-0.676026949831474
-0.738261616590783
-0.683259747748345
-0.436103326718618
-0.590102345319689
-0.629831071184241
-0.697772354045756
-0.579581069177381
-0.582564765089921
-0.729662448517824
-0.614073999003514
-0.711187679308968
-0.619200067927444
-0.740832390515273
-0.695235757705171
-0.524766325959498
-0.63371617744311
-0.638661181784484
-0.645841951697714
-0.70640342191497
-0.501918523438484
-0.651204147959006
-0.622740278317332
-0.624069417744623
-0.603258292695254
-0.601251686365549
-0.505412949091827
-0.645328085775254
-0.592314774410511
-0.620457990434846
-0.473416184966596
-0.484508371302743
-0.48970473977247
-0.571675143960102
-0.490830637326926
-0.497035801157728
-0.553004783086776
-0.463838990237321
-0.508182604972093
-0.59541582592574
-0.590590529368815
-0.558936194907076
-0.575230466433341
-0.614000305519665
-0.51365089558394
-0.416401195411134
-0.592979861569299
-0.497930125598517
-0.596309042818262
-0.524451316583011
-0.479026830202219
-0.436984476716458
-0.587137301857644
-0.50637867636009
-0.531737783743487
-0.534967510140815
-0.472884228166464
-0.534139056182238
-0.541714644068915
-0.568825668767371
-0.524143965552889
-0.581666990136843
-0.577647529796593
-0.471141695245965
-0.618592840087169
-0.51545902217716
-0.539456149447934
-0.508614385237183
-0.54557256323143
-0.451166846052194
-0.535986680625139
-0.521008234987537
-0.606434716502354
-0.374775901692737
-0.63235287460985
-0.469975084979998
-0.5597737452972
-0.500561139748139
-0.512066302289068
-0.454615347170015
-0.495882233313864
-0.635447669615461
-0.627727762123905
-0.358769301860155
-0.556728157550546
-0.418066998399662
-0.478410884147684
-0.431219080952347
-0.508835549183215
-0.40918020568954
-0.390335934237215
-0.318035427468088
-0.431480423711953
-0.575768898655344
-0.462164075602261
-0.42804635633555
-0.317054855483172
-0.475242531595757
-0.495996995071905
-0.536438776030032
-0.443431284554231
-0.468861663436184
-0.521641474291706
-0.330299138981348
-0.413097333143215
-0.450617472232612
-0.390859117948435
-0.372558898399593
-0.337112291244736
-0.320154897633503
-0.344935647136493
-0.437001027005829
-0.275774188388518
-0.320975368897945
-0.536427529502581
-0.383347740574149
-0.412786631142262
-0.439289812947269
-0.225656237053495
-0.441374294496713
-0.433130913835392
-0.438246123368875
-0.378776917502049
-0.370696449319643
-0.484282764747422
-0.328294637968319
-0.402920416022637
-0.384336388281336
-0.469681220472928
-0.459762683246555
-0.34650443548515
-0.413696564154228
-0.325799435346088
-0.301548148278622
-0.423323575125703
-0.326180858253266
-0.318881501786452
-0.440989575456083
-0.193483907234288
-0.457666015648351
-0.249022516531291
-0.367561901651261
-0.399019645021187
-0.39620239239006
-0.400269212948587
-0.35957035535903
-0.453276188838115
-0.151020703674853
-0.34641483304601
-0.343364063041054
-0.171330926850611
-0.335977443292879
-0.270291813538104
-0.377606466426116
-0.321806664998703
-0.357336174771241
-0.427796756821921
-0.349197109566329
-0.38787112996935
-0.384390249076377
-0.215307233704649
-0.316308750764869
-0.35973884870887
-0.241462841430616
-0.4536891422301
-0.368328490032772
-0.232348463740057
-0.339903998352871
-0.482203780985058
-0.422814162162917
-0.217118087120236
-0.311433381948238
-0.301897859579935
-0.204566262483199
-0.281487121908932
-0.220219597379541
-0.260676209851676
-0.32662495116493
-0.283841599168848
-0.432633328215445
-0.226695293264061
-0.368365994647961
-0.39166106922001
-0.28006311428443
-0.264246679923131
-0.183812343547695
-0.41394101908384
-0.305495647485741
-0.323438793234726
-0.160322112254335
-0.208190919460726
-0.243235402809152
-0.317728356629915
-0.292360510205019
-0.398161791343287
-0.25999949407638
-0.213085251231684
-0.307217548392091
-0.255778068878296
-0.295598643628192
-0.383727796901979
-0.27780281258913
-0.231799891851943
-0.352555392577864
-0.234843145319472
-0.345890075560338
-0.302747697816334
-0.378656939843512
-0.165155331342815
-0.218153584418993
-0.231996728524309
-0.192084066987216
-0.153873364526127
-0.278463335212664
-0.0675601932059489
-0.37980291964724
-0.221510460037041
-0.203730995284346
-0.150009262164657
-0.280351449203502
-0.314688470203079
-0.256380069864453
-0.122511048765468
-0.218538323099327
-0.296264130272076
-0.345614939333549
-0.0336752318600171
-0.0683968238614782
-0.350855205719015
-0.207672241918915
-0.236526105018537
-0.281820297390366
-0.0322428872103959
-0.169722044819904
-0.245566918142814
-0.230229538217866
-0.176791734142029
-0.246057399832165
-0.166930520435898
-0.0598566705865263
-0.149380935979164
-0.099762483409555
-0.184562165826679
-0.131080668892715
-0.198053803947786
-0.207269499784315
-0.0630907517357587
-0.0678971159890362
-0.183559032835312
-0.0856599384829679
-0.0141050784229449
-0.0937322714252258
-0.0815544198674438
-0.2366585900689
-0.150835750980959
-0.0743427534074146
-0.055405083897222
-0.10133624043959
-0.052914431130553
0.0606111940556297
0.021748319034876
-0.242140846775041
-0.122911412915827
-0.0526514333585529
0.098975271175668
-0.140552008104016
-0.0569479333162803
-0.161622438229785
-0.0664637270503762
-0.0654192307525717
-0.287682940353697
-0.133830336852107
-0.124065798519692
-0.11330827719214
-0.216343974834108
-0.0143149966126414
-0.117450009882673
-0.040886180383916
-0.0451920667392683
-0.0547726056296588
-0.111662192797068
-0.0759746190989941
-0.0263957585640282
-0.0453185670950731
-0.0561015782538976
-0.170164294132093
-0.1176365092716
-0.0510529975263994
-0.126587460509314
-0.139614909092537
-0.139827150128121
-0.08677770010389
0.158206426150483
0.0927835593662681
-0.123265397237677
-0.017635014114436
-0.0258701784772607
0.0270679668217254
0.122858190726723
-0.0160751816119151
-0.0753698753146188
0.00430825018909318
0.0830377146816621
-0.014080349720183
-0.0091878189844655
-0.0363860446493748
0.00805545857751107
0.0370540802348534
-0.106482767395706
-0.0453478987480086
-0.0205397356028546
-0.00782135338153343
0.043095914700443
-0.134719982449449
0.0978269936124301
-0.0192514139357908
0.0467263713795691
-0.0116261716325144
-0.00515670747764985
-0.0907662760084987
-0.0211923133781398
0.00429493884588142
0.122730086551024
0.039848298545465
-0.0505863612034427
-0.129335887068869
0.194328516191957
-0.022226501946658
-0.00498208368400849
0.0851515705860112
0.153254343164145
-0.0379933156782551
-0.0355363955074938
-0.0687842650283986
-0.0202965078264095
0.138638375361716
0.0566876825867663
0.129283931673706
0.0492385209698723
-0.0228394169065187
0.223366974644122
0.128273122193213
-0.053519130673705
-0.0943947561693833
-0.0536015551398684
-0.0970447324368664
0.0440404225365129
0.0903462468811528
0.176316444097147
0.131458882440237
0.0387799635104911
0.0725858892308646
0.0570315234710157
0.037236431714993
0.0975573422325368
0.341523160982816
0.0905557446123105
0.0519787930825272
-0.0391909079352069
0.0758948442241233
0.0714476734654728
0.11635250379197
0.159742104358283
-0.0337991782620633
0.0820826355956162
0.203097703427487
0.0774308617345309
-0.0122239713000602
0.127059187413203
0.00910952230836082
0.114285318511907
0.0908168824752737
0.107873504942735
0.166408888281103
0.0665893384815419
0.0854377268414241
0.0943321530536903
0.0487476937290562
0.124530384261276
0.135460772296574
0.140189813840796
0.213552394891541
-0.0291903622999465
0.0894206126036858
0.17606693577979
0.242817396189819
0.0452463053123715
0.0441618516031058
0.181481840910574
-0.0203642285893526
0.195570900968173
0.0290886844260987
0.261998380794731
0.166589080650187
0.146818079827976
0.12107879591084
0.0960485744932962
0.265578194423128
0.0642815959287601
0.238790446729605
0.0167777558137729
0.236034994166027
0.203199459043277
0.119859686186357
0.0971712787960636
0.355576486566321
0.239284108752133
0.236637312943152
0.175795478273643
0.0909183204880849
0.0616804591469609
0.123590238079132
0.0302363958102926
0.264476181354615
0.273563639184273
-0.0429210879523725
0.250507171281633
0.297094910107946
0.224305009992983
0.234046410563192
0.200044223195437
0.141164095416428
0.159913366661084
0.275673855238137
0.0886181943613727
0.330219436458992
0.282788520280608
0.159400918372422
0.243544393139108
0.224384571743454
0.27268608545986
0.287488729020795
0.0883864276335581
0.198378069123044
0.263711157147893
0.264078672622424
0.384322667871994
0.256001214708182
0.218075574003686
0.278225937860331
0.240990878146496
0.130960932842072
0.249751076733217
0.310884012021663
0.0742681124161325
0.201659334904788
0.244729882059833
0.378408858927477
0.157249084491815
0.365572443819208
0.380720578006838
0.264764349749678
0.147363174081984
0.310390705790687
0.261055804208627
0.347115777840039
0.182881327086066
0.385521765199312
0.424537508701541
0.281731600862835
0.279421108228913
0.242696286147069
0.230105970080244
0.409853860734178
0.44401684652954
0.337074046692656
0.201638274139628
0.125127419632419
0.438024207216186
0.295820058205675
0.214750454943892
0.322475272473754
0.223739114739944
0.425391950214615
0.240917497712332
0.283467538143757
0.244734665599001
0.243851870638395
0.404470171616966
0.293088075821777
0.491501405843645
0.28859722889293
0.371984363595593
0.347122351765242
0.380903364908424
0.287276739382952
0.252737505924906
0.408578019609227
0.326169912466385
0.459122853398087
0.33143912369858
0.44423862037905
0.337079886311946
0.292049526524267
0.345626751429763
0.45962422847405
0.460046825186775
0.392937187366092
0.365801484973556
0.340259100860542
0.310792511710611
0.17957528342147
0.431060842163118
0.188304512769574
0.200617278541325
0.424505381786246
0.42413293132042
0.429862849826894
0.348178828443731
0.33159209632795
0.359550491731991
0.369592856383342
0.351230763194596
0.340385145968368
0.330151358465075
0.389714181677497
0.328696109257613
0.289516090173776
0.381742736192166
0.450863717102654
0.367030574747315
0.441215123175917
0.330231271950366
0.372044705414299
0.299079763774709
0.232649776046235
0.562337321338609
0.464280391220798
0.333560398110257
0.427080729909857
0.523911381289134
0.424937004057174
0.456033509612834
0.339097352213914
0.357645407698524
0.411802606119081
0.353425032733987
0.313570528639858
0.398296623024295
0.313432085576459
0.418290901237591
0.504796622249564
0.47944010902101
0.463683302035815
0.462928473995547
0.550395884928484
0.44380729012647
0.49084990425539
0.418718887898406
0.639771701098508
0.377470690793696
0.555141950739398
0.424462108707178
0.418322398978844
0.519005466987835
0.442640505089651
0.544661824321415
0.500961679929062
0.345270330641135
0.374737526909135
0.411746408129025
0.388928207076854
0.575062979880876
0.630029385497574
0.679938056693455
0.448734208288665
0.490324753182786
0.605696908140658
0.514133400501746
0.413059185559225
0.476483531446798
0.442675133894128
0.529768860917057
0.494791707300973
0.644533029876415
0.349471044091401
0.610275627189118
0.589025798603656
0.462056237330892
0.642002648070541
0.555754452233872
0.57041345370799
0.65304086692052
0.516685314747192
0.456663542143136
0.442052802679683
0.592693322709212
0.479293402549154
0.495968122203574
0.579858705941492
0.55535112989301
0.528559164812753
0.583779208578056
0.508203269189837
0.733602646272567
0.694103431488741
0.389471028212572
0.456471083573348
0.570514141990139
0.575108007452074
0.482317785398714
0.364130582217318
0.449138687625732
0.561041337295913
0.591923297474955
0.613237810473292
0.429223352572034
0.700128521712528
0.64449809773479
0.582728519947505
0.572033458927818
0.691007143656648
0.448864249439695
0.363892998395605
0.559323382256096
0.526782329517968
0.550652756914855
0.464164264410397
0.444450136458797
0.577591691236323
0.582183843525834
0.840562038648414
0.672137161441933
0.582531370655191
0.631006780452003
0.703675156934287
0.649069379911128
0.677532337459945
0.642357954274593
0.563825959674157
0.586096582209086
0.575062897978561
0.685490107398343
0.510719508931597
0.668911690630538
0.687554681895764
0.6919727910208
0.74670736636985
0.59176961628229
0.687381126062011
0.624679560485265
0.678232876246076
0.58739257714341
0.723035758832051
0.818373656518482
0.823112424316483
0.642101394078442
0.626453625334329
0.663711972955856
0.807474231632455
0.647242130669889
0.727510998910231
0.685021189563103
0.661519087530828
0.574465846552995
0.611041162063977
0.63821822945594
0.5753828410455
0.786373361849347
0.596384016794913
0.631408426046154
0.483761785282162
0.620233687581888
0.62720680372264
0.530834955197071
0.683196057151849
0.640635033303292
0.737869722603838
0.62659014258603
0.735951844770498
0.660067927159982
0.514620031323978
0.615363875904016
0.740492283943628
0.793934084611707
0.813854783709641
0.725953637796775
0.718886248552748
0.783172740290372
0.632685672733094
0.585053463039462
0.744917893445102
0.737297916874718
0.755402883291176
0.767855243234465
0.801345395302099
0.680864299235236
0.797307181156106
0.806948058575361
0.666461150941604
0.655193491176897
0.676967682651223
0.700177609221735
0.852583758699332
0.85330533348915
0.586757250443068
0.703772017142758
0.887162990004213
0.791733269751228
0.813793582185826
0.665396217721067
0.882391924173328
0.766802014740759
0.808730497038351
0.738797811966563
0.804769106585798
0.91953365359864
0.661329223687996
0.831258647928385
0.80623073204653
0.786853377352223
0.717865999988653
0.760094263187941
0.89095855609891
0.806522392323101
0.807442457844943
0.776200984063407
0.775513705391763
0.751672472995939
0.782589064982755
0.841854772764971
0.712316058872481
0.607850415445437
0.94660760334488
0.689458279304845
0.874373826133438
0.876877641540027
0.857687210779699
0.70119030579166
0.81992758665339
0.891432827374902
0.739979620875176
0.795191022080992
0.82787372247821
0.897515508921029
1.01021794234452
0.849386395214522
0.6400596560412
0.759304278794563
0.810815209899591
0.914625311923735
0.789924351941413
0.857627041574607
0.860973342032978
0.830700103056403
0.69109985261066
0.877739644584633
0.814752860296393
0.970935294026452
0.896991233310958
0.734588323545652
0.959759147539931
0.853743897455527
0.808857331956033
0.730700133020408
0.840107073086482
0.796445943680778
0.874082908878507
0.939032577463451
0.879822060893679
1.05890695451457
0.873052607607799
0.894086264523061
0.672573445706922
0.956453748781943
0.966117705203378
0.943366623223766
0.845774997201554
0.931265854781303
0.860102837882927
0.814308223604109
0.839632920372198
1.02800547092064
0.94387967793388
0.858041440265732
0.909145641110414
0.883608162342539
0.905855119977688
0.949599623592799
0.925391477863729
1.01407253847222
1.00754861967285
0.893404933742715
0.804854284291984
0.832060331427907
0.895990463698448
1.02111742177222
0.914458541352875
1.03345675101705
1.02088198747905
1.00562222307757
0.904127312757111
0.829599907826216
0.884906663779491
1.01612586263635
0.854930029677584
0.905232425955932
0.96210514578304
0.918127701422524
0.846035930974644
1.07459816593046
0.900678966984622
0.77944888578024
0.881533548617711
0.886855376555391
1.02939959441115
1.01442974111665
1.0656207130915
0.953897914074433
1.05631891977739
1.1018417267202
0.967464988390891
1.04975821266183
0.987844406906586
1.09118390198134
0.974679710359782
1.01388164686474
1.01511483916521
0.938210254124408
0.954482078235448
1.11653460461965
