"x"
-1.05210165596776
-1.11654521851843
-1.01325733264649
-0.931863798297174
-1.02871063329385
-0.988071886148736
-1.07608028922741
-0.970383918638548
-1.16615389637536
-1.04312969567173
-0.973436896153741
-1.01730752926031
-1.00937289697153
-1.13926984922048
-1.1253242054757
-0.989286851111593
-1.04339470924271
-1.10458106745997
-0.858930015264193
-1.03222806471588
-1.00257959518214
-0.888813022289069
-0.904353102898519
-0.972827310943986
-0.904256045239114
-0.868402889293166
-1.01820067284799
-0.845189187241679
-0.919065101616162
-0.892430769562402
-0.908387153832156
-0.936885422286912
-0.990640218856007
-0.837889655683311
-0.86633709157537
-1.05599445485053
-1.05110297740345
-0.953624128085859
-0.889062256254749
-0.976943774571235
-1.04841968153716
-0.800728377725862
-0.990592349373607
-0.973596044257105
-0.941454118481861
-0.938503963116708
-0.990722310707303
-0.948119068512202
-0.864209644241171
-0.969395400641791
-0.901458566399543
-0.948301924097347
-0.878816238030836
-1.07938692751424
-0.870387792035477
-1.013067137272
-0.927271111789976
-0.73745776901032
-0.77543727948029
-0.877641930222465
-0.867062239319602
-0.86770793319304
-0.718501126228826
-0.872268643751748
-0.937360451829443
-0.855290612485342
-0.936496531531236
-0.991849319643911
-0.964215015416484
-0.83411877872919
-0.769626536532536
-0.874012828134197
-0.812199200475395
-0.810716538457567
-0.95878724532354
-0.853912694279598
-0.872265286793203
-0.6570412013057
-0.852940064461046
-0.74966680172436
-0.702421591550281
-0.761252232470394
-0.862376897735966
-0.885837226627359
-0.991970335485522
-0.806121292125975
-0.792751918964938
-0.888810919165938
-0.796818614277306
-0.876637131924576
-0.771695283476659
-0.865907835009459
-0.919826419540075
-0.799397009670006
-0.775321247683375
-0.710379000898749
-0.731517455504248
-0.738878225384799
-0.704680530375844
-0.712061401052973
-0.843091139979592
-0.739671180084493
-0.604094995158979
-0.86610029053014
-0.826622024829721
-0.79832839698464
-0.87316519464669
-0.800849916070721
-0.763133544766629
-0.669936998175894
-0.707079050324527
-0.80194660215664
-0.704609392198784
-0.88361437898066
-0.702420894847732
-0.911153722486332
-0.733237309126836
-0.897068169813728
-0.647584960838643
-0.887864309040102
-0.720812456759871
-0.813396020367662
-0.81135906647061
-0.957022376635683
-0.75635543343071
-0.835763955885173
-0.747711007255441
-0.631816120278396
-0.71677710585062
-0.694613262778434
-0.693091248323875
-0.797631409779855
-0.796377167328124
-0.872630463578821
-0.906754760433521
-0.771000916022908
-0.633899150306431
-0.620854100445023
-0.749065152906794
-0.684009145895118
-0.802161058047943
-0.453986065614002
-0.681921286412071
-0.755814487227548
-0.641205544590446
-0.522011436078955
-0.880470421365741
-0.56132036975879
-0.674440148827243
-0.625861768582175
-0.805316381509934
-0.670213974840746
-0.788808690869271
-0.722744753419236
-0.597958430046162
-0.656889571289581
-0.5787962334236
-0.631034384911307
-0.596151674585444
-0.687501371205605
-0.619657525688623
-0.727267756359051
-0.606684380589718
-0.549856931120002
-0.661929922200479
-0.619629807720098
-0.709242632949549
-0.593774212522477
-0.570569618564134
-0.685769502398103
-0.757661276640782
-0.606298867344428
-0.652961527645521
-0.649582107612305
-0.577151216548415
-0.51755260798339
-0.590855912347256
-0.594096887496964
-0.663537541001697
-0.679831527415235
-0.735509871373379
-0.703992992378014
-0.431916949124323
-0.616426471797363
-0.615829293319128
-0.705153284395126
-0.570466202594526
-0.587567804109647
-0.722638249816372
-0.598975328004754
-0.692823147593333
-0.625127865234906
-0.732934524712263
-0.698020784128873
-0.509556550736771
-0.652438115756078
-0.64824072106645
-0.673494525195061
-0.722375229064384
-0.516727673531754
-0.665515749577091
-0.615471174633941
-0.650209223793714
-0.606012524932731
-0.601462404481433
-0.513341926050989
-0.667085883881663
-0.567797191889126
-0.621941806649407
-0.504401842075873
-0.515189220626678
-0.485991257135476
-0.578987538558905
-0.500917643697435
-0.509242329486824
-0.537685591630303
-0.490593425622483
-0.494484437396216
-0.619418868087244
-0.577750992890441
-0.561443891268236
-0.588931240025052
-0.626284697289894
-0.535900249393997
-0.416289568005847
-0.577472096611267
-0.486366732432501
-0.578712744916825
-0.513721801200309
-0.471178233174793
-0.419731279478642
-0.615108861604914
-0.490138833998703
-0.515526186315009
-0.561244301400367
-0.4750399210429
-0.55248729584487
-0.522918670982477
-0.580246166599492
-0.523600055151339
-0.576476115322985
-0.586199599504675
-0.473594642079155
-0.620737125501216
-0.521912107825759
-0.533111464718051
-0.485203703254411
-0.553331425414028
-0.490943898558283
-0.546519669183715
-0.536154986197583
-0.599848132758091
-0.389692661948096
-0.605407408854359
-0.470591996669026
-0.567881169150787
-0.507557371852815
-0.528158728723549
-0.473021814397099
-0.506308258786786
-0.604758661100806
-0.613083535228568
-0.347572372315055
-0.566211761620438
-0.405547044030248
-0.494247016242974
-0.408217477006163
-0.527336570063712
-0.409765626582525
-0.384913786248595
-0.313941886734475
-0.449321480472541
-0.56771748793328
-0.46171803859319
-0.411426436056739
-0.353960350574918
-0.457706611760659
-0.498951020635933
-0.53217423624007
-0.432318894754106
-0.470981758068631
-0.525863376102251
-0.317070363888693
-0.413322544271669
-0.434904904751081
-0.373947844238092
-0.384031864905315
-0.322036345494758
-0.341927750145036
-0.345894185846606
-0.438510489252286
-0.268662502926126
-0.301059605546232
-0.525135535938935
-0.36946245701662
-0.396483565705199
-0.451476269847535
-0.237221582190529
-0.434694960448384
-0.427741444597727
-0.430862721004399
-0.395992778942167
-0.381027549420521
-0.478065279039142
-0.329265479807057
-0.378070485184962
-0.385520204615751
-0.453050010347047
-0.455623904843517
-0.356602969284136
-0.431035284863718
-0.326073607429688
-0.302421147994876
-0.420033347408668
-0.336668728339024
-0.316412307778347
-0.425065126017537
-0.19148978045168
-0.444220779240244
-0.237444746635259
-0.354289576164248
-0.414844964765636
-0.390694457022498
-0.391541704557455
-0.359136366037311
-0.455932936796248
-0.134458881954637
-0.338695512793126
-0.340284990501365
-0.158471969526195
-0.350283357326781
-0.270297090894978
-0.371009972726027
-0.322067379408089
-0.351640064704041
-0.431376294684011
-0.322202407778029
-0.399975933259598
-0.388256901899162
-0.222803195382863
-0.328921707455499
-0.36102863603679
-0.247404452598157
-0.436616282022659
-0.361749852445155
-0.228976515948073
-0.372235796296963
-0.469202940638721
-0.42945156815118
-0.198918787138007
-0.305841904071381
-0.281894834999854
-0.193129943536721
-0.277539202370995
-0.214837552738275
-0.250259964347819
-0.324056839179503
-0.274959830993904
-0.439791679850526
-0.199528433131928
-0.385507175158817
-0.378139343661218
-0.280088657099433
-0.270682082060455
-0.169341864538185
-0.400171263396452
-0.302365333764759
-0.30804563015456
-0.167644463395011
-0.210120277209359
-0.220282849892539
-0.28935162993077
-0.282322735768954
-0.410738336172072
-0.232038067465095
-0.217225032168655
-0.303035793535188
-0.265513346417522
-0.31555590221667
-0.388301680281504
-0.293159986184191
-0.253813052706692
-0.35531411598563
-0.2431624980745
-0.349397872562106
-0.319538227687131
-0.408084796219631
-0.186182026674464
-0.219814408938864
-0.22558515948852
-0.198730988707018
-0.152948442306923
-0.282569545771081
-0.0510925388443464
-0.346678286994509
-0.242541495016275
-0.207965437034553
-0.127687411539911
-0.273410177253824
-0.316094621173237
-0.257873465030053
-0.109176482475797
-0.217961026672639
-0.294628717352166
-0.348397398143324
-0.0420447029735951
-0.0826676478199476
-0.360152180312427
-0.214178109057528
-0.235746793462956
-0.284733104988593
-0.0356190115429829
-0.158847691188027
-0.237148540918032
-0.208314221608489
-0.166073354759252
-0.236821350291353
-0.170265237914028
-0.0946898368641552
-0.163912386071472
-0.0818504434473384
-0.184234203076921
-0.137518064038791
-0.187552394469385
-0.194458384047324
-0.0543003930292537
-0.0735696481750844
-0.17478760470115
-0.0724044914774459
-0.0136833426048261
-0.0988055672029028
-0.0876104861645651
-0.236172129646967
-0.146227240288788
-0.0682110631824442
-0.0551263492921552
-0.0911378485137317
-0.0529754926682517
0.0765087376890077
0.0163986987059222
-0.237796561395693
-0.142951582795437
-0.0448451282457473
0.0822257594896238
-0.145005151671297
-0.0608064497870853
-0.16392795658565
-0.0788789258921271
-0.0533185569253745
-0.258908429817761
-0.129400523587802
-0.128559130576016
-0.136875952415641
-0.208572351790385
-0.0261848001127628
-0.100753030575336
-0.0253443345499996
-0.0295955172793482
-0.0381649635597985
-0.0867699939080047
-0.0749594723432743
-0.0161584030040404
-0.0346868893023681
-0.061357424681394
-0.187232976183727
-0.106168136168634
-0.0456191690960749
-0.14087618065474
-0.137935825557542
-0.131125496769533
-0.0707151664541229
0.162094268831096
0.0813497040785457
-0.105831517177955
-0.0131870877825264
-0.0203917115616371
0.0478169897510535
0.109019009744273
0.00337955316838888
-0.0605018774535063
0.0225454348330169
0.0845680695499202
-0.0115077375532433
-0.000508227549549694
-0.046587471728076
0.0144844293475598
0.0321152760558007
-0.0830016980681735
-0.065586398877983
-0.0101268777682543
-0.0092147372095527
0.0155357181819715
-0.145262707038661
0.11954230909256
-0.0434451514465667
0.0545568657924447
-0.00136613957239968
0.053223974103716
-0.0905257647589547
-0.040342114171996
-0.00916805988556163
0.123374922268817
0.0424796232198722
-0.0467180360553528
-0.11046284513203
0.204772579464634
-0.0234961215570716
-0.0105582828086674
0.0808640995688643
0.13537757597381
-0.0331665919643618
-0.0272456997880885
-0.0717970326656354
-0.0321897584409482
0.146958880827656
0.0518993564644179
0.1375379441408
0.055754849073062
-0.0504381176710832
0.21203218896761
0.110799982531843
-0.0551233134997687
-0.0872999524007202
-0.0383002186666827
-0.0822643489881549
0.052700099908367
0.0829278587797756
0.202344530423803
0.133439007873832
0.0283878183875004
0.0491305983769527
0.0529262072519416
0.0313718328077837
0.112001213434184
0.349938884467585
0.106970289355336
0.0699229592276977
-0.033983596770467
0.071159473427901
0.0710112361409372
0.127037786362204
0.145485709904636
-0.0117458971717873
0.06420969150965
0.194644449924006
0.0839699291113376
-0.0219098603894543
0.122542614437544
0.0261512184363942
0.111450427102028
0.100327053890152
0.09712102096313
0.175158283487384
0.0814302763664828
0.0458421088065578
0.100589297414429
0.0491340633888766
0.13894533613248
0.136232103835438
0.130403241031663
0.178394344275017
-0.0329107632049375
0.0926614174125334
0.179906890847068
0.233022856753158
0.0275299629893091
0.0397872123110612
0.184415853715023
-0.010413209564225
0.199320807345158
0.0317308734350583
0.259829601128128
0.173434001154009
0.160395778196228
0.109699339581745
0.0967489547298903
0.276991132593874
0.0719613734917388
0.245296266731057
0.0280313309502025
0.25419673811107
0.220360530346951
0.117881236365051
0.0973662347092653
0.340101726696939
0.240945725399564
0.225928360155818
0.179654531175243
0.0771012744617533
0.0572737193541001
0.104955083186266
0.0313085201021558
0.267748027533322
0.297104329887105
-0.0302879880548979
0.254035277186126
0.296430577461288
0.255842946943814
0.220739169080475
0.191524215311052
0.142320001029096
0.166413488906531
0.263924919333007
0.0898358391697092
0.312356077443262
0.273635129404556
0.163934961120916
0.228868422299178
0.237255018910194
0.270834215766062
0.303705248837936
0.113422943737654
0.215761960562756
0.253522242652755
0.245925041022006
0.394340591449761
0.272512602631904
0.225966434583523
0.278401765722476
0.236067597166552
0.131338764183717
0.253526301229557
0.307981395597943
0.0650862754425778
0.189686071794759
0.242259509024642
0.366508349838996
0.148220247616138
0.370512698336065
0.361201841294287
0.281010317355061
0.14698398593044
0.296826379841035
0.24735930376268
0.330074499223901
0.203592492414984
0.372691928705694
0.402917560327119
0.292327680889743
0.245228944402367
0.281368980850858
0.213842704671611
0.40160886332386
0.46147284862242
0.315041805117231
0.196189018981135
0.131442487761273
0.465919359287203
0.310097915112696
0.222589169646246
0.346084061285895
0.253729297439855
0.404277646226842
0.281948273505189
0.291429652383407
0.243793530751153
0.250701457227843
0.379360106130786
0.297720758135171
0.490758379531215
0.283497755193271
0.38470436582097
0.371115347860965
0.369741506986612
0.307600009953047
0.269018116008811
0.41564584721028
0.320606411791161
0.448739801014323
0.321035633107521
0.432467487638672
0.340051689750934
0.272923267163217
0.367545003341819
0.474476212878938
0.448261595095853
0.405859407697162
0.367366773307431
0.347460620699087
0.320486383705717
0.170920741639387
0.427451576891744
0.204282563318297
0.223520721401909
0.416615878283257
0.435707896371277
0.444050707492281
0.364389103949827
0.34614052077639
0.356278000211486
0.391023954222071
0.366876823926926
0.329394210677607
0.361249009122332
0.375488103123156
0.326817415744628
0.275082946576839
0.36744953698684
0.448299645245064
0.354225847256075
0.413889565100259
0.326164721827539
0.344836834255059
0.291795226184405
0.247573111628748
0.543610543315297
0.482011251300335
0.331627173274421
0.415847313705094
0.519520841691427
0.429735680758554
0.473653645292572
0.330800137749691
0.337139204646943
0.408655869745812
0.356460473787362
0.311923472627502
0.397347684567488
0.29717666720053
0.422854693680737
0.51373833585478
0.442597569220134
0.474195475662787
0.480353141432018
0.538956545565361
0.457154546869346
0.502406600987251
0.414874216209201
0.642992260318397
0.371348496132476
0.545549544870799
0.423621090695584
0.418191352555371
0.520707755545676
0.419809818174162
0.541709229889321
0.489685649986007
0.335883636754727
0.373058029092317
0.4232999520261
0.392882990035484
0.589526940355653
0.639177915359291
0.685047536293232
0.437680005314266
0.482384857780417
0.588005273233963
0.483922564469766
0.405387992405628
0.483450626611582
0.464895658895705
0.536963229146073
0.49224669034292
0.655643389537394
0.349293737087722
0.610397989657371
0.574586098574092
0.453377534651945
0.634083756790971
0.549560715714692
0.586897977085913
0.65603136834989
0.537346258330934
0.445895753897393
0.459793012610463
0.595318508376253
0.476341788591079
0.480875292828964
0.606950970757858
0.566102911579186
0.506997098864544
0.569340522082743
0.493125135153144
0.731006641598129
0.694940893926198
0.387684031938266
0.445845148683907
0.585540659224804
0.579878728154086
0.462584672898182
0.37071534864509
0.473224360024284
0.56279537107018
0.583657151403763
0.614138821955247
0.432550786806114
0.698596956001949
0.634221088306683
0.594699901035805
0.556264490057986
0.685380312620908
0.431371027001276
0.367038669620827
0.523113311617778
0.537241560870465
0.557009224584865
0.469684999910823
0.420013931140258
0.564598404283155
0.569821225250811
0.827517012024563
0.691495920769567
0.575215902618476
0.628262307003972
0.716833077036114
0.637494032819676
0.674169177374392
0.649533314996704
0.587921965538385
0.602090261020649
0.563314700098932
0.675504986315212
0.509536671227775
0.695216058832928
0.699924217551298
0.688686556129438
0.734860075587747
0.581015261503026
0.687185560584046
0.619757847243369
0.677233317545703
0.583472541523376
0.723914870638129
0.832140733511803
0.82023311294685
0.642530407029455
0.606416257571109
0.670128675398797
0.792059300375114
0.628256071408044
0.704812608133209
0.688820166768892
0.659791827804205
0.585119630595586
0.603062567911912
0.655315661956501
0.561963241214738
0.791000742147383
0.611255701297106
0.642231770296788
0.473805940604971
0.610382061920428
0.649024422347743
0.515317449532652
0.672654382837219
0.648560510768952
0.736475780024694
0.603162205336584
0.73630612672612
0.652417934941385
0.539725760273252
0.597011146158692
0.735156359957268
0.814276889744048
0.822266690768894
0.730140635577037
0.723622210534332
0.766590848438866
0.635190873775597
0.605428446098387
0.7488066490903
0.710899182546117
0.736338519302236
0.756724761321991
0.809289551879477
0.671150862785801
0.808099771975414
0.824927791746924
0.6557938946493
0.634237077542708
0.685500213747431
0.702215434131971
0.845991082835823
0.84577640528564
0.595546097512907
0.703148422366533
0.87868236655531
0.776482420672426
0.789244995053523
0.663010658889752
0.872342333625262
0.795354244336279
0.795255170004952
0.756037827065172
0.804885780221483
0.905174001245996
0.663281663206603
0.831850335411612
0.781185782031083
0.780683272014921
0.736052081693904
0.779179804229774
0.877462674316035
0.797410114371925
0.809420941829602
0.770342443583665
0.769946047445205
0.754755371450228
0.776119582477367
0.837309918440183
0.713378704863796
0.606839472914394
0.980359245428384
0.687003300690621
0.8975445924976
0.855523095010826
0.865762696347536
0.698638845246503
0.832181455119854
0.908457379473767
0.730146302494441
0.810762842963214
0.83507708897792
0.888267525748084
1.01427407928686
0.877871291618848
0.648922107673185
0.776067078370253
0.803342214138424
0.887458691101354
0.78270368292804
0.85250575086642
0.853224515244372
0.836758290046204
0.688011479532581
0.88574025224131
0.81236939370063
0.965259089158781
0.907789969654182
0.728223950667491
0.95121856265453
0.863877196158618
0.831925012395363
0.729550674569888
0.840462495153963
0.772319357111268
0.851139452302412
0.944068703180279
0.863438297508086
1.04969023770847
0.869963967986421
0.881079022808666
0.673460437796921
0.970132688119024
0.948071661015491
0.957554106912407
0.83314634234576
0.934957523052232
0.86436989739384
0.807425952325402
0.827650146054686
1.02648242442177
0.954661669566877
0.849060643999699
0.904664841738005
0.882979413082918
0.900127160223907
0.952205161751233
0.9387683760725
1.01845155107932
0.987337111124765
0.905681090558096
0.807975366449176
0.85241729197548
0.903605634860664
1.02146362410007
0.907363701280907
1.01483197465373
1.03631642194934
0.989065309753259
0.884848436054649
0.84149938598488
0.893352138759841
1.01286105007706
0.847888308525293
0.921207055698051
0.956340773305419
0.912845970412689
0.87009181293047
1.08253740386351
0.920013006203995
0.762198468504801
0.890677710956648
0.865790080404884
1.00628357699717
1.0235959453325
1.05396515987015
0.940744731268895
1.0430316709964
1.08924038134741
0.951683745500784
1.06353002808246
0.960288291430169
1.10230856579096
0.981839130030599
0.994307869078838
1.02574187228654
0.944518719395112
0.956835728648616
1.12478091915556
