"x"
-1.1837683588409
-1.09816452993204
-1.1097884872689
-0.896630613944978
-0.928244337664123
-0.9466099034846
-1.00156059320935
-0.914058668342277
-1.12858539694459
-1.02679701280367
-1.00676925300021
-0.976052778091759
-0.918176509944515
-0.871044403524734
-0.936925045936366
-0.991197809795781
-1.01502010383418
-0.972560902824562
-0.959204688150492
-0.896473316014819
-0.92157708231072
-0.983461735126306
-0.855795374727256
-0.910529934478642
-0.981264985715822
-0.810325620618187
-0.937465016016456
-0.878117234317649
-0.929026289049872
-0.96285145059063
-0.976011044229317
-1.02096373325217
-0.911680097375191
-0.912458536265249
-1.02689534815901
-0.950603217582117
-0.913743550094814
-0.915736565120393
-0.816867912909121
-0.837202906404618
-0.913013494833282
-0.794769107429046
-0.790691461075714
-0.803078334341524
-1.00521904084944
-0.891590563946178
-0.894558464565498
-0.951425523969982
-0.894528018193815
-0.887529920872875
-0.810720023120388
-0.987163516732684
-0.874504148621472
-0.874211584964965
-0.900681821762063
-1.03952117849203
-0.920618124061007
-0.915628231547964
-0.955583455868831
-0.911301989487529
-0.707562191745357
-0.924873521048165
-0.900547016772422
-0.751143171480572
-0.793695913447551
-0.723002318137081
-0.897579242919966
-0.847872737701471
-0.817533946493225
-0.82179350827083
-0.843474504154828
-0.817859839676749
-1.07257685121306
-0.951093631383302
-0.964057269596821
-0.94076803261896
-0.843247022176004
-0.714737823756619
-0.777773539374021
-0.80671228539519
-0.84123015140869
-0.827556831174394
-0.860469590150193
-0.811153082091874
-0.801363485785308
-0.708945871191719
-0.802438275928551
-0.881132004886485
-0.884871387150137
-0.793385496098834
-0.729796845246502
-0.729490809162619
-0.748632591745971
-0.631301063351214
-0.80470114120052
-0.918263274604495
-0.858725528240804
-0.720407123610803
-0.781533705490239
-0.735286802697759
-0.873579749501662
-0.795451779522098
-0.853039134159404
-0.865167048116838
-0.81873518468961
-0.869257024320635
-0.7879158181337
-0.788516580985913
-0.812689579574096
-0.779847415583648
-0.827704022965815
-0.812853878489051
-0.761755693683283
-0.624360684335652
-0.775588514222347
-0.888306681699304
-0.653852651862076
-0.71534473905657
-0.637329563946574
-0.676608860915017
-0.660471567554354
-0.788752850084665
-0.706571496302206
-0.793617372803777
-0.718094482400343
-0.697332330589207
-0.718193359465077
-0.566146689299869
-0.69030396262833
-0.778003827727732
-0.697355709797365
-0.872981859145493
-0.606896691251122
-0.62611076354666
-0.719358340282349
-0.80919968223821
-0.73913362637742
-0.709480731370332
-0.660616866952076
-0.773696527028661
-0.674962443174218
-0.767651936779234
-0.783185595468901
-0.837547223612649
-0.625914428807434
-0.75964849598106
-0.641835728472113
-0.752962112083686
-0.749599949529304
-0.745677886905945
-0.562603110496895
-0.665494683559841
-0.76550665498476
-0.575965317127121
-0.759515202010929
-0.731153900484492
-0.606056629073992
-0.728836378130117
-0.777591179131611
-0.767170169257541
-0.688856459554735
-0.778703955272004
-0.613174069951758
-0.575540787645633
-0.703526604516384
-0.573410547800602
-0.561545276420206
-0.726426287802333
-0.54411230096894
-0.757844408311518
-0.703140569909081
-0.638916709604238
-0.752465432933603
-0.549882469763536
-0.712941966122282
-0.668863303886133
-0.694275135618308
-0.615554709342293
-0.701998227584412
-0.681915683378271
-0.702566769791023
-0.613791679396355
-0.603101046802995
-0.579385700947295
-0.678538731248079
-0.605743844815097
-0.598079057106783
-0.671782272122873
-0.6543451651425
-0.816266662773801
-0.520915227998754
-0.666238841116038
-0.651703212309363
-0.64335587158354
-0.625152344434462
-0.68350150269008
-0.559793529949776
-0.729269644009659
-0.551310644495233
-0.568506273228086
-0.592594384053736
-0.698527531847895
-0.637678236302677
-0.654375329439661
-0.630364605160304
-0.654908287743864
-0.426449598641393
-0.509349381194163
-0.773080316979464
-0.652263502611611
-0.568845033538538
-0.475040329604689
-0.524334704223546
-0.511338920245619
-0.702599359688042
-0.43472222924399
-0.419528878267693
-0.71668749518594
-0.601755453350529
-0.530683923965952
-0.526638579418034
-0.498087143180874
-0.642350886669612
-0.421951934072039
-0.485533127021151
-0.636430833286588
-0.676053608734305
-0.46724101562657
-0.406373244002835
-0.428354523091687
-0.593770858872311
-0.556366381380393
-0.383117395067962
-0.582485195586884
-0.508652092475903
-0.539664197663139
-0.577456067969122
-0.419097003333221
-0.573651630385796
-0.529400844833955
-0.56491818501461
-0.400828918415801
-0.574844101736669
-0.484318211047021
-0.378057502317435
-0.508040413332596
-0.587966630870937
-0.584628153547487
-0.439384070861011
-0.493335284263874
-0.552696517874256
-0.532453203903173
-0.529883240364206
-0.547341732364785
-0.670187073683663
-0.460403219956845
-0.420562775026396
-0.364885059595403
-0.468267382447995
-0.562415767549544
-0.460914084737469
-0.436292786096508
-0.545981810239029
-0.407339338638549
-0.474408036759027
-0.427267610905805
-0.467582600124007
-0.484716838294426
-0.338714035734709
-0.353531030982981
-0.485341717658675
-0.540689837330139
-0.474496415548738
-0.314519567218704
-0.45864239671442
-0.417650781025697
-0.388285122454492
-0.48542748881084
-0.546650143065292
-0.460964861207973
-0.333569927445265
-0.380799613952276
-0.540650134849933
-0.416316162938464
-0.392786667945419
-0.355749428472104
-0.448780712098469
-0.466651552185665
-0.30113788779832
-0.355298527999877
-0.403080009265571
-0.562001115681979
-0.3925876385194
-0.400743549601998
-0.443524272258633
-0.304128520762093
-0.52255432247014
-0.369683932613044
-0.50067752024085
-0.505148629529326
-0.340998906605422
-0.392628701531094
-0.349330265569081
-0.394119508194232
-0.226124006205639
-0.256490320564626
-0.365664852217848
-0.453768887893602
-0.306122021469781
-0.476764239858142
-0.299902001967995
-0.565200953625746
-0.470181016743481
-0.234932806982752
-0.417136039003175
-0.291474368048167
-0.400772942403092
-0.548713712416754
-0.276116104885082
-0.298585261951201
-0.290632550137133
-0.351250270515304
-0.243557285302641
-0.213622346361442
-0.323479328335823
-0.323323858666771
-0.358020680630261
-0.31458766056484
-0.48186361679485
-0.330357576025425
-0.363527227817109
-0.323553306212683
-0.138566069717088
-0.433305020739386
-0.447410733278858
-0.434269920821897
-0.342887346480343
-0.375684473832212
-0.295531038294484
-0.409769088412879
-0.295783315337747
-0.405581529359205
-0.330303105876112
-0.256917613471075
-0.344534854223149
-0.267163051074912
-0.435166628672905
-0.310936895966963
-0.237344827206639
-0.293726546824168
-0.485069925684471
-0.359722099935773
-0.254871280801119
-0.22161256085574
-0.304568300600948
-0.340051590256196
-0.285456119638567
-0.342873112830405
-0.171975254682172
-0.299341481938565
-0.241908507037388
-0.413889960012636
-0.344912948940542
-0.323684759198915
-0.26129855143387
-0.383675144529645
-0.285781637751375
-0.250688443468041
-0.129160953781702
-0.138209332505949
-0.152176898623179
-0.321897808926192
-0.305917121117547
-0.212409817497293
-0.319335260138484
-0.152123400722623
-0.264790769368747
-0.049669629815811
-0.263099173068635
-0.449190971271744
-0.334302143373019
-0.24885054500249
-0.178079566680283
-0.413299978694971
-0.369320318603849
-0.271255394913183
-0.158568245248149
-0.14910779073174
-0.257356968453502
-0.171093590048176
-0.295528738394446
-0.128752144827045
-0.111981946331729
-0.381296458042372
-0.155556313057622
-0.303382955369062
-0.17997226603025
-0.155815287329181
-0.192795346576681
-0.218776791631288
-0.0959539879011624
-0.213862817905567
-0.33193846530936
-0.223611807972131
-0.0679381349276251
-0.336682510297416
-0.192254007296138
-0.200635439171247
-0.00545939207329729
-0.173190869851569
-0.151445238487432
-0.082973586688638
-0.2489969070067
-0.198826074394934
-0.142190771564209
-0.342143743402871
-0.124751749651608
-0.31537580536789
-0.141762248721904
-0.0794843848751155
-0.245100726378427
-0.145940997439813
-0.227599994505177
-0.254906455223402
-0.256203354519256
-0.110358229067261
-0.130636024791818
-0.0238675040824856
-0.168419579789938
-0.0525708258973307
-0.244745113403505
-0.294166586410384
-0.237344076726051
-0.182500485538979
-0.22261247315992
-0.0670470409186742
-0.191713300565379
-0.0199634769124691
-0.0630360284816634
0.0614857263872906
-0.0194670686996098
-0.0990218501058577
0.00972223047241318
-0.177722541474368
-0.181640905672952
-0.116347673414489
-0.0858480734133655
-0.0211715978003657
-0.196168719228149
-0.0745731600981473
-0.112571954824773
-0.0229404119122551
-0.204977689579461
-0.159668371397508
-0.150385928475411
-0.0623296724977797
-0.0621126383497598
-0.0306233514494583
-0.212174042920821
-0.193009918506564
-0.127131947153187
-0.0284905962722414
-0.16667418276534
-0.177710255274557
-0.155642689313685
0.022291080766607
-0.0767172108790464
-0.0262426440778649
-0.148089841286722
-0.157785999586338
-0.149640489380473
-0.157382829302258
-0.215819273467183
-0.142558820671332
-0.0748865715944767
-0.100420094824702
0.10850991200673
0.0377758963742275
-0.143661397289847
-0.0958320734965614
-0.141952430672666
-0.023907855942531
-0.110999779117042
-0.187654989246492
0.0985951472630189
0.116540889669137
0.0552043763348443
0.0433000928391049
-0.180981249914388
-0.0499782715999612
-0.0424693821554002
-0.0391456400526191
-0.011275463330962
0.0262396556159017
0.0316752716112994
-0.1463695065343
-0.189414184385471
0.106890881975338
-0.0799593925585513
-0.0269417643187485
0.044902433354108
-0.0898157814452837
0.0750171461331662
0.0459452190963745
0.0406880853725782
0.0399051250740129
-0.106615946849056
-0.179610576221905
0.0921286823583173
-0.12409249019497
-0.0429564847638989
-0.00933864650437643
0.071524683858456
-0.0993050812913749
0.0328890751895902
0.182038142468158
-0.0377781332617221
0.0554407570783404
0.109723640536387
0.0636351337275003
-0.0165745971746788
0.122461294514718
0.0194035071595731
0.0409721331537781
-0.0170567030408493
0.213221456912356
0.133339698941908
0.121013205641776
0.0638896220092607
0.0802682778403073
0.107921200006289
0.0713069366657197
0.0501583062982642
0.141448219752174
0.0408422055804067
0.109574101381045
0.0454603773057548
0.0202258817414509
0.121786011742139
-0.00156160019723689
-0.00836831792484125
0.159430949048891
0.0864209172015637
0.0351573447029007
-0.0440796299465607
-0.0276730683380227
0.177963199228972
-0.0200318798482998
0.145523694090374
0.0197072926063614
0.0294490220470312
0.0905582575142509
0.0412346282055228
0.171870791547655
0.0852263831207298
0.231210883385575
0.0430912409199036
0.183541332668915
0.0312023113343599
0.154240296662566
0.0524990056312686
-0.114654080671668
0.0871957951063004
0.0827532767531459
0.208457622002459
0.261641181227471
0.239303590982268
0.0142826823837921
0.116676397287336
0.226173298036753
0.143145083381649
0.115644562818097
0.131915718938935
0.101239184273834
0.158442634190664
0.133506879554165
0.0431551209056016
0.113339468191784
0.183759686452869
0.072318833926466
0.328378314014497
0.0433655547140244
0.213878746122027
0.196826889720292
0.172880144448867
0.123252430225491
0.229148051144991
0.113365245062311
0.157364859194258
0.291986638351268
0.320741470035497
0.250285782382998
0.13022819996411
0.0801790618963616
0.143051875148506
0.188053611711918
0.113357196725525
0.198736679036252
0.157158680562959
0.29320214877389
0.106024305198604
0.0527932437711819
0.19354579197285
0.175608732940688
0.394628514213224
0.337256081179572
0.20611419739546
0.337831954845704
0.227656601757499
0.231310385366544
0.253906100899411
0.228567807745697
0.216720001198591
0.148976429613765
0.275205735755579
0.318548737783303
0.293396395231201
0.235382152265362
0.344107213787236
0.266642245197458
0.349709186356261
0.200610148080793
0.146261176884086
0.24923057912155
0.27714926223967
0.30320764579185
0.157406531549514
0.357156930968133
0.240142754663873
0.297212789323966
0.289325981831591
0.114584855144923
0.0852660174171215
0.197309758291614
0.395687453253544
0.272059528005306
0.260872818168408
0.306497937843957
0.336345492022987
0.225503304916811
0.0940498054608717
0.361932766336026
0.317581354549139
0.234650824985836
0.367503518149734
0.0717461263443005
0.344122887351784
0.199244510302776
0.234702010892368
0.283853042627044
0.259748125080154
0.263201358994093
0.386352702560667
0.327237566389906
0.426713585416244
0.38906865068156
0.447968583226588
0.224213198765241
0.396006646592715
0.264709925534788
0.341427278993124
0.202451482645413
0.387874254920898
0.224471197906462
0.519169735909314
0.471555375666476
0.28397177173258
0.330176748762858
0.382468060695336
0.370175875308307
0.239576937953381
0.244104900300796
0.303918813405897
0.336914243872393
0.423478084378387
0.379610836118009
0.264761971278159
0.464932252783175
0.45123292512316
0.407053097281658
0.482188487135731
0.48817325672208
0.333915665577268
0.42625794244001
0.533367490931932
0.187810890045645
0.361765015934956
0.432914074563415
0.276034624549497
0.299783502715047
0.242917250167282
0.527473133643305
0.391110856803467
0.310283030904118
0.485026825222535
0.411863975836151
0.391852805876468
0.393078036407946
0.444723862649373
0.355809678189004
0.497337250277204
0.415629703779062
0.449738079465834
0.406915855258916
0.423173187197038
0.359696835820094
0.377581233895415
0.452063004498754
0.38768990635143
0.412163741350981
0.423485570456681
0.279148629056542
0.400048737486195
0.407376091544528
0.495505573219487
0.388350926845281
0.465961751964637
0.379445898458811
0.416851285844897
0.425829988681115
0.273679659511897
0.409295945099562
0.555070273227216
0.478200387169369
0.559575047034589
0.603418329075386
0.449798516390237
0.477347465162532
0.336407829562816
0.554201510858604
0.484431217868574
0.350106109316078
0.567199289359618
0.501383998740236
0.479184237245053
0.599190847189681
0.442214356887751
0.546147695664319
0.533614807246566
0.583673754356765
0.445313583557541
0.569434001547174
0.415633199855931
0.541447734577272
0.413817249034545
0.388795731561314
0.4317107443505
0.739591512126152
0.496306867791541
0.489077359763103
0.433348119084955
0.500267655961576
0.567719167804531
0.549202711406558
0.391082761305477
0.591004593537364
0.679705811043743
0.426782273778427
0.445369675356981
0.448618203661648
0.376621869068811
0.514838384253488
0.563935321537779
0.495227194796028
0.513649171020713
0.507059221442395
0.448949540687136
0.413328415642486
0.537475304530307
0.553968535193033
0.60873320922206
0.663137591970303
0.619434167736612
0.369973273422704
0.522090740249874
0.571509108320295
0.610382261186728
0.58698242307025
0.429852890967408
0.556515308228308
0.623528624084053
0.613093357431989
0.569577969969069
0.657280072349564
0.562604524938164
0.528892268245468
0.644342468590129
0.570987027356601
0.670940092089257
0.574966685333396
0.598197223164387
0.365202898938
0.449423475870767
0.60568108479534
0.54328316107439
0.630357742369734
0.536027406003181
0.571170027649003
0.530901618313273
0.565617029202782
0.612538132686746
0.55355510951125
0.425122074880962
0.834420031717678
0.643538076265118
0.581184304977766
0.601428048400131
0.70736530822397
0.52409179790819
0.69516527596808
0.605143621985172
0.583057213972864
0.598344982342615
0.618614741827319
0.619262517530316
0.631592065736011
0.73380970081169
0.578425209569438
0.737366370643222
0.524813691197026
0.602903110330334
0.684089761144077
0.603105505232491
0.595906678841359
0.76310445951009
0.74962566042752
0.600725473323382
0.667966889718289
0.67319491422567
0.710391230158622
0.706470750445612
0.676953930861357
0.747863716867397
0.767811942063327
0.736076450410188
0.57476494742624
0.603461829263391
0.7204177707792
0.749353421729107
0.714883909492248
0.67136401849012
0.528240182335803
0.634555074635954
0.770988382330923
0.582152750450345
0.726173222435232
0.711408800380871
0.818735313716765
0.654987353845879
0.640210852154763
0.588433314824946
0.792293625399852
0.745639712300452
0.625369104284707
0.662449533701833
0.70102778337121
0.683335217844367
0.700510879366539
0.661061857243744
0.744688772812619
0.596325643274938
0.871662261896466
0.604568193417923
0.557993567119034
0.775456118295154
0.729558140004571
0.764368785631557
0.683883958516162
0.841224001855553
0.685339159520405
0.736933950791363
0.71385297531108
0.736712422885161
0.690006853318241
0.828828545290122
0.89663936889026
0.889514820162859
0.73938312690953
0.67191971142186
0.587803228988231
0.727457957693407
0.723266045185981
0.812138825577377
0.751876970327463
0.697065439075599
0.872208628697108
0.707990672148558
0.868575171487779
0.776575532538026
0.680157502343878
0.8464036654105
0.701185312846544
0.94490965404683
0.753881539127302
0.670864434092255
0.846472992684039
0.826735449240785
0.696517998956917
0.749691297905851
0.721842973344129
0.849603239506401
0.784001843223776
0.812516749233996
0.679828723041282
0.638552872776044
0.845873617637558
0.827991792514022
0.80763484250243
0.855551997693723
0.844152484805304
0.894131843427276
0.806397708020028
0.801257925149414
0.892682168855901
0.943333718049102
0.775049285218669
0.905321905748546
0.667491958642553
0.763711791454954
0.834833745044486
1.04422201299381
0.740266342216869
0.889425745031018
0.813596902385121
0.682984240664619
0.821463433428261
0.917088357289097
0.776306870625635
0.762785144400878
0.876143107023157
0.884281195874814
1.00540423518758
0.890014513504637
0.894938973841395
0.906140548438532
1.00434325555946
0.819671563430893
0.852886907666314
0.939473793884583
0.749721372927944
0.975750288183041
0.930481122027575
0.683460773301871
0.899550414537589
1.03195000870768
0.911849965924201
0.750580535654991
0.946993410100081
0.78573110574913
0.911163413271429
0.868270159098004
0.767225661140438
0.86246984446463
1.07802204440466
0.826500876389735
0.814782779820725
0.977225784782792
0.933160358324599
0.896993694090998
0.955141117381898
0.901440680751298
0.899371637010322
0.91567528609398
1.0394008963354
1.03000480423452
0.834266686330285
0.909393955039875
1.06852813669832
1.04976944798614
1.01408576377061
0.978202679410585
0.948081771991372
0.838040339054815
1.0316122044389
0.969006206420384
0.897319403778643
0.807809315134271
1.03364605552915
1.00748507858163
0.793886518928272
0.753265662065039
0.823887775174896
0.959310590010972
0.8475959287012
0.973773409582618
0.832043283343444
0.961526092517259
1.02002389633038
1.0647443021298
0.992227441482369
1.0038240079753
1.0020011155257
0.989240736281318
1.03299623196817
1.04209933363293
0.98482683316177
1.0511141469191
1.28240320093853
1.15485249208028
1.02212019044552
