"x"
-1.19112035711103
-1.09797466807831
-1.11504277092878
-0.899743703199159
-0.927526621724544
-0.955750676690216
-1.02835482892542
-0.912216777483347
-1.12974689801757
-1.0301254662809
-1.00798747664261
-0.999788453019544
-0.90951890511564
-0.859292501057744
-0.932299154707968
-0.978488221051337
-1.00467551012404
-0.968351834000493
-0.944919372978021
-0.900422181751587
-0.933334547544673
-0.953101437128267
-0.856646228751636
-0.910365980441288
-0.989011924334406
-0.824143990099672
-0.918733250103212
-0.896023579832987
-0.935007283274369
-0.958204674786908
-0.960221822494506
-1.02604953259449
-0.901016117274917
-0.910393480724044
-1.0207876509025
-0.951817534693582
-0.921612641410117
-0.925014433796247
-0.81566717884348
-0.818939445409251
-0.894722063051243
-0.786734427142817
-0.808461352966067
-0.802985484045781
-0.990598582456851
-0.904121468680028
-0.88094520375664
-0.957335589216616
-0.886038125498124
-0.864452201992026
-0.810860626322164
-0.980343312103025
-0.877460806918896
-0.882332773874881
-0.896878604599225
-1.03736804725006
-0.91400765191136
-0.93498724075526
-0.958571044379023
-0.91222831033691
-0.714931383171676
-0.923724820541847
-0.915546118997351
-0.76388649249249
-0.805708968508731
-0.70258769013633
-0.897133994110308
-0.85554372609065
-0.837131690208022
-0.812795274393871
-0.860859910013856
-0.838383279228578
-1.07186291740327
-0.956208586226137
-0.939170706593183
-0.922488636919098
-0.858821231108423
-0.698495420658944
-0.758818292151842
-0.81578714825594
-0.843480995512992
-0.835719445459021
-0.879081677421855
-0.810580688472237
-0.788585583686993
-0.721190278237492
-0.82302726027735
-0.894948333640118
-0.849378677411749
-0.785539849765638
-0.729592609885206
-0.717906680519875
-0.763425507829616
-0.634983438399602
-0.809633875809294
-0.907876712939881
-0.85270486781654
-0.714042515412003
-0.785607872085114
-0.716889630809902
-0.877636305687275
-0.780198695821853
-0.814546526659898
-0.874986863348205
-0.810782423935961
-0.855093776203535
-0.782989904496918
-0.790992800975907
-0.799636569745852
-0.770722873819257
-0.788302345088662
-0.805801350268235
-0.780735435127265
-0.625488520990603
-0.773759526627962
-0.89252117312175
-0.645515105187363
-0.70603729045313
-0.643601342109002
-0.65964846900286
-0.653114047534982
-0.767982798350673
-0.711439372449809
-0.774947471693295
-0.714130844709932
-0.678513113089286
-0.700617142221564
-0.587888756113684
-0.671858715582899
-0.794778761195528
-0.675852177640135
-0.88758159930356
-0.632248565296992
-0.609473547057971
-0.72770437703579
-0.803976290103271
-0.75307633246188
-0.708777048994077
-0.658881122127898
-0.763029352972273
-0.707780822593859
-0.779212213946572
-0.789659539005208
-0.84757601711823
-0.622474285080207
-0.766606466779528
-0.659044846166914
-0.755862204969363
-0.744419840655092
-0.74161694568532
-0.560549375587994
-0.644433573322174
-0.771686046283687
-0.580600612988852
-0.759050241247001
-0.717697023678456
-0.586493058597466
-0.72189254748402
-0.759212257928862
-0.748690386627806
-0.660162655885875
-0.781494655269437
-0.595755620841608
-0.610099174621922
-0.680825635283271
-0.588081100420977
-0.554064228112652
-0.730382168920231
-0.562620333406762
-0.758245106069907
-0.722373858949214
-0.639680400983756
-0.718425711236652
-0.561105121175145
-0.708214303482411
-0.662160488088028
-0.685915382613209
-0.621322855720277
-0.655322927277642
-0.663883605909283
-0.703417815082125
-0.618220511655195
-0.60144370933612
-0.5640727549547
-0.694117733531432
-0.627331453734614
-0.588367955534122
-0.667003516062252
-0.658072169510223
-0.841955709922056
-0.543485765589681
-0.670562766644793
-0.631542836745904
-0.643073777676911
-0.625066892230755
-0.64642301780217
-0.567188764745995
-0.719360427165965
-0.559485327468911
-0.582728214301307
-0.590624927559883
-0.703836078100156
-0.630443508148057
-0.640647319909525
-0.63213243962283
-0.656553337825149
-0.411294723225788
-0.516206492716678
-0.758773917305627
-0.666439012567457
-0.560818797348707
-0.490554767926691
-0.536816415932199
-0.518239852256172
-0.694437304204901
-0.419615625640749
-0.414558800031714
-0.728217947931111
-0.602828737668852
-0.542709244862173
-0.51766907443722
-0.493444093911961
-0.655286270076607
-0.418745376848162
-0.515605867537027
-0.655476204724608
-0.680717496283208
-0.474387231403966
-0.386391692913944
-0.43898665397749
-0.612630781128543
-0.560607376523871
-0.36830906884575
-0.57694994088562
-0.511161473140402
-0.553080851177996
-0.587941350005205
-0.429481881711868
-0.56556254777155
-0.519870060744769
-0.558649242635893
-0.398436892013308
-0.57223096894293
-0.479860905006539
-0.395270083514852
-0.522482043415276
-0.573924899577689
-0.560063706255665
-0.44352561373561
-0.471205622496184
-0.559957227057948
-0.522377711376985
-0.521480929163704
-0.537482983742411
-0.679217486060645
-0.474459217608537
-0.416609853587991
-0.3735782106291
-0.492652746462698
-0.537282045911953
-0.480230851435604
-0.416336441136075
-0.545092687566791
-0.38032606958144
-0.478639168991418
-0.411490340418538
-0.474347745360484
-0.485737968789136
-0.364749585849693
-0.34813071829273
-0.485656633131297
-0.559046192537501
-0.467582625657343
-0.307704274811733
-0.446251860005415
-0.419723225344294
-0.390942596790093
-0.511569420613768
-0.563331034923561
-0.469400721035885
-0.320651362124771
-0.367595888583907
-0.534847183596781
-0.423049095176526
-0.386154568032582
-0.369801492456285
-0.461200940828575
-0.453698576322989
-0.314229240567715
-0.359594649922237
-0.377632465373596
-0.566329275031076
-0.391225195400934
-0.399746211049176
-0.413283930043434
-0.321410332942128
-0.533673473945142
-0.36823451976817
-0.464639007047167
-0.471217341022953
-0.35066671659902
-0.401895779675336
-0.346415856638961
-0.3773696165974
-0.223760039425857
-0.25578533089389
-0.391658114023295
-0.435550682628896
-0.314933181113665
-0.481408837779597
-0.316177312087248
-0.573812970608593
-0.467942232019789
-0.253553449807379
-0.394245949222309
-0.273725784718093
-0.398008298767212
-0.526817396913954
-0.275122540583635
-0.282840817759186
-0.282475439160387
-0.32389949032021
-0.23052395757982
-0.18882036889832
-0.3276053803715
-0.331635373529095
-0.36106373971329
-0.304813925508641
-0.471645202254042
-0.322596921767898
-0.353926661278008
-0.323768694604288
-0.148483725299709
-0.399875356664514
-0.438220156956632
-0.451505531650703
-0.341891585182383
-0.386585658335229
-0.304185693263906
-0.3941814113573
-0.288006488648129
-0.410272853936319
-0.315603469785391
-0.245987525480835
-0.351353341276997
-0.271293203151102
-0.419677427661242
-0.306430549736291
-0.260105536353333
-0.266843342922353
-0.470850290650326
-0.350262543164145
-0.258823699948319
-0.205499162460616
-0.313515664892765
-0.356846410880532
-0.279678812394662
-0.361517953272747
-0.17949334163114
-0.325650180537452
-0.225566854280372
-0.382954339672083
-0.366984939598025
-0.328189259078202
-0.258024975255311
-0.378567027666707
-0.280115792990338
-0.234947523498047
-0.156333034621489
-0.129759589748701
-0.159522388727139
-0.312098172476816
-0.323113571832784
-0.226792827581738
-0.295591442652365
-0.165586858439767
-0.277879707918343
-0.0453314064400577
-0.27705202257497
-0.450034641790443
-0.335381895652709
-0.225278141466634
-0.170235122058244
-0.397527466632412
-0.379092330244884
-0.262310480607577
-0.162918166824539
-0.148690134794941
-0.240886249066984
-0.180204675248043
-0.263899057977938
-0.15096136587336
-0.148696402741251
-0.371481553056423
-0.175986008971217
-0.296279358253056
-0.195031222780152
-0.159921849744585
-0.179211793161718
-0.216980495523946
-0.123984349455601
-0.201208192737537
-0.343339407831572
-0.218106851283746
-0.0592140092442862
-0.35308161593187
-0.176618106440145
-0.20254396903491
-0.00848094512777633
-0.201233756209336
-0.160098343658381
-0.0924864106332401
-0.244782602717035
-0.193584226149608
-0.14003942922945
-0.347348110117188
-0.0810249878769258
-0.306298833808935
-0.156609039581809
-0.0852373125875109
-0.243776001930853
-0.131388270835832
-0.233295092878183
-0.25278011017454
-0.250959916657363
-0.0944978932222644
-0.112236730846858
-0.011846110300429
-0.169657290100803
-0.054594115581864
-0.228030528698739
-0.291470820642398
-0.247885316964014
-0.180700751916828
-0.239320380794709
-0.0562596751210445
-0.176656045876604
-0.00630360960448435
-0.0650195728357912
0.0267657254119957
-0.0265768050453136
-0.0889170682464678
-0.00304011920065385
-0.180268422986945
-0.183216008710427
-0.125829905306685
-0.0940504574981848
-0.0185580362297442
-0.179169195878284
-0.0879128639520876
-0.113247397775559
-0.0128251275764584
-0.204821659369387
-0.198412257585772
-0.155022566735446
-0.0609827107195323
-0.0782974008199682
-0.0179901011286442
-0.188217063956475
-0.191400054199279
-0.132560339731408
-0.0193080355044891
-0.166271707448351
-0.171957601579226
-0.162165019898374
0.0466773265528501
-0.0827728162744971
-0.0521080803571761
-0.15223347199251
-0.173308112777487
-0.153265695911151
-0.137512876539377
-0.234395441170276
-0.119417841966847
-0.0671677134742382
-0.131306289983532
0.0975694669861823
0.014316014865993
-0.138130153885112
-0.0930525091856048
-0.135741947430071
-0.0259649949381083
-0.112316146287874
-0.17662343856074
0.0984372131375726
0.118850535434031
0.0534424133566632
0.0457253946872691
-0.176743809766247
-0.0430473708749046
-0.0249726176910482
-0.0376183149030833
-0.0234751001032562
0.0359513129755422
0.0389368401962493
-0.136316334791672
-0.191533945292033
0.11320554389746
-0.0843490505057447
-0.00850371608100833
0.0350228569182984
-0.110966229383017
0.0521397573481131
0.0388680475825838
0.0256273567772764
0.0487339663479353
-0.097100410887343
-0.190098686196291
0.114195950619773
-0.10373769564891
-0.03135195246871
-0.0133280591922132
0.0635600987172369
-0.0936031052908472
0.0221612885373686
0.186893491711956
-0.0351153113853424
0.0544922145281518
0.109840839026877
0.0796911066963147
-0.021318748754192
0.122721772806821
-0.00582403911366592
0.0340744295982823
0.00173524792837064
0.201171108451015
0.13440959702152
0.127774067441273
0.0478906027016049
0.0721652190972239
0.107472957361359
0.0533675877951566
0.0474751437462293
0.114907992620155
0.0587539252615989
0.122257108228866
0.0410216744812089
0.0277887419942005
0.118196452507775
0.00261589899015559
-0.0170366320609793
0.17028923536916
0.082619275232225
0.0260812013881772
-0.0512777744825646
0.0054646732152644
0.19484566321558
-0.0215164758550439
0.13821554302741
-0.020162914118103
0.0458424043046489
0.0917365274121231
0.00493251043949581
0.161449866482988
0.0936442235748694
0.246972785235563
0.052873564233967
0.176705424898821
0.0164133954959713
0.154902770487438
0.0196292764478568
-0.115224638487813
0.109359340789609
0.0750336060066212
0.206459546020952
0.232285891140339
0.256810363933234
0.0190412167114183
0.140999415332227
0.244239357273563
0.135481175739589
0.113813923421465
0.144636250356608
0.120279519191651
0.139087311190267
0.163174056547115
0.0278666505955555
0.11991436300801
0.197408543783918
0.080430324156134
0.346525035800459
0.0373833637810453
0.213223121274697
0.191125060987281
0.159751546155321
0.118052060890152
0.220464971207573
0.115130788260338
0.167499537269025
0.308751483726697
0.308933550085464
0.276397517772324
0.115288484251062
0.0796679759573191
0.141476681128259
0.17557935037163
0.122240302227303
0.204423367495238
0.152815197591044
0.295136175149502
0.106934564623193
0.06896418149175
0.180466182016767
0.18459517547606
0.379320419853409
0.337975523144581
0.191619255671312
0.334850267812626
0.232919982339101
0.209393901662191
0.269139989000858
0.238878903659599
0.209138983360802
0.136619609455031
0.262223179632647
0.320754573345649
0.277829258872381
0.239484385656694
0.36602176203281
0.248755331438019
0.358288756485141
0.209557701638296
0.148736786238302
0.232650800973451
0.268870674021794
0.285416303011804
0.163350503334969
0.37369063367225
0.23472472124844
0.290450040581708
0.275485930370663
0.126598084645097
0.072234390458559
0.203771113834129
0.405660725133014
0.268900928800462
0.265068462714199
0.290376018914947
0.337866663385551
0.219585839864701
0.083516395020697
0.387641635551798
0.307345940486257
0.22280827261668
0.350627744847532
0.0629397509634915
0.318936794140255
0.204225333202183
0.244426762908219
0.262188331889675
0.270528787119812
0.265239449398861
0.375301057737887
0.317677542355223
0.397767638744751
0.401449670035371
0.443698397815021
0.215888633881491
0.393276276119614
0.287793977506568
0.334654811637458
0.222217980712838
0.390026971300332
0.23552746537699
0.488894723203758
0.450651644090391
0.297199189489013
0.326249024723869
0.394034483129861
0.369396795982519
0.248535145896355
0.254811102742392
0.296274040148182
0.347336597497472
0.408000129148521
0.398502941322288
0.26024901151684
0.461536635698388
0.442076512405847
0.398591225874942
0.469100070432788
0.482467209218254
0.347270950689741
0.406839352346078
0.540993520294153
0.165010804966866
0.374809789929035
0.419981528974036
0.271534905202986
0.293850516857792
0.26410826926705
0.539601984610345
0.406438897171739
0.297127074766749
0.489566857849218
0.404996347071128
0.396076870788407
0.378596169684048
0.457186269316228
0.342749955492916
0.496810568205165
0.405354577963372
0.457568023158626
0.412121415314807
0.436554850489128
0.362090979183244
0.390931770912179
0.474630422103762
0.387708789911381
0.417135119525363
0.430478718597192
0.285963133659339
0.394167033906004
0.389243275348582
0.482433419023531
0.393282788230712
0.46882588642223
0.356031935896596
0.423424670463794
0.428197692763919
0.259381181889232
0.409732680688648
0.555866542437726
0.460196907571854
0.550444569963074
0.613384502176521
0.429600411326687
0.448898450782895
0.333515466579692
0.529078994669725
0.476264703657334
0.348104609356304
0.575394588114665
0.513789914919523
0.487333466576872
0.597995636658851
0.429243242893098
0.511632411566655
0.52628329304475
0.580459603740046
0.458067272960169
0.562200408449878
0.422657935259951
0.554036724275708
0.410829526581727
0.377916578070038
0.462404542939837
0.731879618765407
0.500489454531362
0.504942619893154
0.449672052147475
0.505315121469367
0.561505105870206
0.533942418160373
0.406168750420913
0.569892983060214
0.692594394837022
0.456877218603165
0.451223327512884
0.434734914682751
0.362352242645819
0.539149833942732
0.568888803606345
0.480282028618953
0.534307223810904
0.522510285347126
0.458096770760137
0.435021853414634
0.533192026229163
0.551355526185787
0.597566772755949
0.621747155420938
0.622818424868957
0.355974679193751
0.527658739547531
0.57027397346779
0.598434114959971
0.593970807203246
0.437795259520121
0.53311064024034
0.636725901375106
0.60315577479151
0.553267787544015
0.664387754520751
0.578090063069495
0.539075610992003
0.621221581347681
0.555063917130278
0.672387621359638
0.574850359897424
0.597426098352963
0.392294634860482
0.458584169897326
0.597955717907427
0.556874536188311
0.608284173621179
0.523362848265772
0.573272528760255
0.53139693945346
0.551740999803626
0.60934038162404
0.583960233113732
0.442084675691736
0.834161019484478
0.66461145391252
0.59456719688637
0.594017729869023
0.702138839668108
0.510343838164834
0.705946428481223
0.607710483133433
0.600691291450123
0.584321426438263
0.636857098444063
0.598711536210579
0.633551758351474
0.724885500848457
0.556288675949956
0.710898726126639
0.557436512455194
0.612305386196887
0.682673519055636
0.6131677320383
0.575984843623331
0.755891383734141
0.736721877025052
0.62162713109856
0.652531947617179
0.660225454395063
0.708592290034074
0.708226726714706
0.663905486613113
0.776062239961183
0.777954871704903
0.720636591606623
0.57603376337112
0.601999232477467
0.721179010956771
0.752166679277039
0.731921645279319
0.657366320085403
0.533535625031351
0.622155901253831
0.777104370860252
0.608545533376738
0.709093144460607
0.698058864749529
0.81217664732235
0.660816958863738
0.623321875712598
0.574905680470702
0.757886571888287
0.759095067081013
0.618468260912089
0.669293781247555
0.684302463353461
0.694879289370342
0.721946141497884
0.656394161663906
0.741142579013954
0.594374682656466
0.878421228405286
0.626044173409424
0.553313612891031
0.785552342099918
0.739717124807276
0.771989439625874
0.676746710326514
0.860724385435168
0.688701775508712
0.719927345171337
0.676719800680822
0.739560447820951
0.708336326247517
0.806510085881489
0.886781289484557
0.880446706505622
0.722663971236872
0.676125711054053
0.581054846212781
0.722038467402134
0.718698814511968
0.846476480874923
0.770477184340439
0.697480268932312
0.875938499939368
0.703328916124893
0.853141084303225
0.763564824921466
0.675572526937271
0.834134340829282
0.7208415109066
0.968636113212965
0.739991137772561
0.660495226690132
0.854528376011747
0.848007583159021
0.689515286413735
0.782521603807539
0.752992359651494
0.869125134279154
0.775332178898887
0.815598606854822
0.662284441770054
0.652534640845675
0.851435793616035
0.837001861099201
0.803643026717778
0.837208897740558
0.858454947624707
0.917645797094575
0.831751239702092
0.799482498194044
0.884705122344082
0.946157484444785
0.767687401468727
0.911956844542904
0.686776838944671
0.757919944191516
0.844775617280709
1.0150686480188
0.759580052155279
0.875108786521754
0.802645818574573
0.683304859432574
0.828601294091263
0.898626618772131
0.788291151069405
0.76966507548395
0.880544087552375
0.86590753387076
0.991513419283443
0.866614038159356
0.89842030376584
0.901815623306123
1.00092033903331
0.820251753461282
0.862040159617632
0.950211350232974
0.754487963733975
0.952162340602483
0.9462843044865
0.700491967396975
0.89070576841221
1.04447217515649
0.909904636276944
0.738137654780026
0.945117312932595
0.813112290426744
0.902084903962309
0.868172271283262
0.779929178439321
0.851512819681554
1.0736083559568
0.818668680294428
0.83331746173288
0.97708313728413
0.929990399556916
0.893823499307726
0.958019593878307
0.887756770484735
0.893389650512504
0.913760946853825
1.0528646713124
1.03871024777185
0.84141173732596
0.912410316148777
1.06338075870005
1.05580791516984
1.01580013888557
0.962947170479106
0.917548193467378
0.832657372037374
1.03392305074769
0.980470668351419
0.892256229289907
0.799397310418544
1.01892281634319
0.984277812636268
0.792881372915473
0.768458388203812
0.832950683491226
0.962325141801683
0.836039422353115
0.958518632504624
0.809546579246038
0.963666590539638
1.01362308804527
1.07520766800101
0.985244861651622
0.998149963807789
1.0027722442283
0.970287299514025
1.01707729006299
1.02645877314157
0.9979172561334
1.04620981508333
1.25832112472639
1.1442784349642
1.00729694470341
