"x"
-1.18473878857571
-1.07826347187898
-1.10879105707321
-0.862044217039785
-0.931748059885872
-0.960840542674093
-1.01238040265278
-0.912055353817719
-1.12875525818171
-1.01910913094803
-1.00624452501701
-0.95810080455651
-0.888917127501126
-0.852545542689305
-0.956567726453845
-0.96407572993346
-1.00806218588968
-0.974921848706907
-0.957596535971057
-0.896098723792246
-0.920746327112622
-0.980924753208645
-0.850405858776051
-0.910252537998576
-0.993077754343923
-0.83123651063032
-0.92498902270912
-0.867923278169466
-0.940995717660737
-0.953855743848477
-0.996127831308546
-1.02098438122206
-0.914088741870596
-0.920700362350784
-1.02343596212681
-0.964840909907315
-0.932102207620935
-0.917723274894118
-0.82045828896017
-0.841497915901038
-0.901554503365434
-0.804658580787322
-0.795174279764551
-0.805000290846456
-0.993713046859844
-0.928585498890808
-0.890451022712637
-0.958868434198338
-0.897171234824163
-0.833855955468801
-0.795712639536016
-0.994218742096937
-0.861982621386327
-0.885656781718262
-0.897854787020169
-1.05520361332277
-0.941373037221528
-0.915045666242388
-0.955795480187088
-0.902700919109804
-0.691155957610361
-0.935303774450151
-0.905963909075538
-0.764082981622208
-0.81387036212174
-0.687255981399563
-0.886775411682141
-0.851049995948339
-0.835942659974184
-0.835005345928561
-0.8534071668656
-0.831266676356642
-1.05854885233585
-0.941417350263319
-0.955190360656928
-0.91424322169968
-0.859897877123282
-0.723577463180048
-0.78429333680773
-0.807702982186259
-0.826141997940083
-0.831225471357455
-0.881758489370868
-0.850303919645208
-0.784041672007606
-0.729764202517721
-0.794522317834364
-0.884988841350941
-0.874154657698404
-0.787940240841281
-0.727350011931842
-0.736887340850656
-0.762803713345034
-0.637087828245696
-0.807766569025508
-0.915651562912487
-0.858362906146357
-0.702279097135257
-0.78406255991686
-0.735799102464217
-0.882414183856082
-0.771433393254602
-0.8389231357241
-0.858592458327256
-0.806843840123363
-0.859723009447378
-0.766069378001124
-0.795575399802918
-0.815093982419692
-0.785711521686614
-0.795392219944879
-0.800419273658527
-0.757092661076543
-0.63552598417127
-0.785371995037366
-0.894768476034172
-0.656431862026006
-0.717206079895879
-0.645337412097503
-0.665998628442122
-0.662612247521409
-0.785958665726539
-0.717240210382011
-0.789153753234668
-0.710343902055379
-0.689725686952682
-0.71357514668941
-0.579297142596317
-0.688916771802729
-0.788491540322163
-0.668009004140255
-0.877261199396157
-0.615047776076037
-0.619140516378841
-0.752526764858108
-0.79242896985496
-0.766208231707135
-0.712603491722379
-0.653302526408924
-0.769891560258802
-0.688837946444182
-0.779793552438525
-0.795921033909865
-0.856856780065183
-0.62554159526035
-0.771695672105043
-0.630110358311441
-0.750717834434305
-0.742194374917966
-0.739829995135219
-0.545625801019227
-0.654818083969878
-0.767895850524734
-0.602328068369606
-0.768139718915513
-0.729200899314717
-0.58849383992451
-0.71201047824988
-0.749425723154188
-0.749589676167447
-0.678511199508072
-0.800400674855411
-0.604765880017834
-0.589779361482314
-0.701471282903296
-0.566034080766593
-0.56652130346376
-0.71021267010064
-0.538428769178604
-0.760544811679836
-0.725284098385982
-0.656476506258888
-0.728322436456296
-0.564537322076583
-0.738812317276615
-0.66427347316115
-0.685701139260835
-0.618883225002163
-0.681463650131616
-0.677650831108977
-0.685648370074481
-0.623580783001819
-0.601848350818584
-0.572457241850259
-0.656084403430371
-0.628581082999467
-0.594084199311722
-0.670547285052381
-0.654561280049538
-0.827140841101562
-0.514158497943416
-0.671626251225871
-0.632464604996585
-0.643986522453875
-0.638622822722774
-0.651886820415336
-0.555616920638015
-0.732129417368365
-0.539720619614611
-0.576493853863096
-0.601576146091712
-0.689397513740653
-0.636654601100737
-0.659587287811763
-0.630599744539845
-0.6681364920531
-0.420663855786364
-0.502476608398885
-0.746409816447849
-0.653853258946805
-0.564682007008844
-0.483938759365765
-0.539191786000784
-0.530224669270156
-0.70001871838128
-0.422037850498533
-0.41455404800277
-0.718283320064975
-0.594328225450871
-0.547564630730277
-0.511265785901449
-0.491335864849274
-0.632190551126645
-0.427271109258956
-0.498252548293498
-0.630930443482295
-0.682369809899928
-0.45459132249149
-0.429725536227041
-0.43879568360061
-0.624441331047643
-0.560075833087638
-0.369775324830118
-0.56719294358333
-0.500165378783759
-0.553951875087377
-0.586544992384781
-0.431870502533657
-0.569775110380652
-0.511853116594868
-0.577679736420415
-0.400523696719165
-0.585899234050848
-0.479510829998442
-0.40435670369315
-0.5210958895593
-0.575849252392129
-0.566527001326357
-0.432318905864687
-0.467425108909235
-0.573295122994379
-0.526794356540497
-0.520440790058099
-0.537541047951332
-0.660999902140975
-0.472455648892143
-0.411609712946254
-0.360013837228918
-0.463579735925869
-0.543450430341205
-0.486482051895751
-0.43854532849968
-0.546087777129595
-0.385512825263801
-0.48753710385463
-0.428818558340272
-0.466381217131422
-0.462819497142365
-0.359749796295009
-0.354360497992433
-0.482766375551802
-0.536479487327636
-0.481910723614606
-0.317895708201323
-0.453353292651683
-0.420406301367253
-0.401316116025597
-0.511076589918928
-0.555556770399015
-0.442121618717238
-0.310743006100582
-0.379560105397942
-0.523679119196179
-0.414008403095467
-0.377838924039853
-0.358937929696341
-0.462861075561715
-0.449052512278342
-0.308547602751366
-0.35791464090423
-0.402795533421275
-0.576316766954846
-0.405650243960746
-0.404449889605949
-0.421179102670682
-0.318496171794714
-0.525796998163604
-0.370749775408772
-0.482770786393413
-0.482436043258447
-0.332878343786538
-0.421041943840481
-0.35307477108538
-0.384540207674666
-0.222210206111781
-0.208604884613722
-0.377382922050385
-0.460246117368959
-0.312585749666673
-0.477705461209543
-0.318337305971316
-0.58340965070365
-0.492668735490096
-0.255042597086596
-0.399401520780604
-0.287915233249898
-0.3981684998372
-0.511799905922562
-0.270929685811446
-0.279147875021434
-0.30218733923062
-0.351785460163933
-0.237504058628203
-0.21030196552852
-0.330251394818237
-0.330037281645835
-0.332870589463861
-0.302137053012168
-0.478723623318689
-0.33216332879661
-0.342563827936371
-0.31770856845095
-0.146271050770843
-0.399128538089778
-0.471309736653933
-0.425914217927895
-0.322830968375324
-0.3811785098585
-0.289741323624473
-0.396847497651612
-0.292446997287095
-0.409469456217524
-0.321916462161673
-0.263714045699317
-0.330708292787157
-0.282144314604068
-0.421859693097624
-0.299033226431009
-0.241562484762154
-0.28060477541769
-0.46627784346146
-0.34038969787923
-0.255527024160123
-0.221598822500667
-0.284275905047646
-0.339754304736724
-0.290709573853177
-0.341872838630763
-0.172406979353701
-0.32319662258552
-0.246190601736088
-0.397595436611661
-0.357647075845733
-0.320454978388428
-0.279533982772066
-0.391912305856834
-0.282713842856892
-0.251355656528835
-0.13313838414826
-0.130757623837352
-0.135697349083242
-0.317512807117102
-0.311085328082932
-0.203319047278544
-0.319663038236728
-0.162047897892815
-0.283309507875855
-0.0409387133266818
-0.265212859816981
-0.446515102049421
-0.316683317919816
-0.24723254867534
-0.183911190772265
-0.388211036173865
-0.368402690535723
-0.24573146328726
-0.171001686249428
-0.144679730955012
-0.235514402695678
-0.187311903791233
-0.276745636628313
-0.136545159394988
-0.129127794134395
-0.361909225159253
-0.175116187850881
-0.299674591885125
-0.191334011461195
-0.177630070655225
-0.185129033870452
-0.204654549599134
-0.108588114757948
-0.191486871961747
-0.318407061665031
-0.229206148735164
-0.0742111349272052
-0.341163823153694
-0.207379555304684
-0.185442448924769
-0.0200556953002858
-0.188276341309194
-0.148462730553489
-0.0868522874889381
-0.244617967514632
-0.201560015317125
-0.152932776753318
-0.363035324473029
-0.11597670344192
-0.311600014864369
-0.161165373782857
-0.0972344686469758
-0.235304882955152
-0.137757105464703
-0.216575153336572
-0.257970014814747
-0.250281516780801
-0.101379765236591
-0.136568955383059
-0.016560150585051
-0.177347553203561
-0.0609840583978905
-0.222098685281159
-0.268802856906727
-0.234483199705909
-0.179398303846473
-0.244979551141061
-0.0635479154011491
-0.154615520574663
-0.0254169624289913
-0.0727662073454902
0.0562937969131935
0.00699493796003274
-0.1147205551665
0.0132248156930607
-0.191619296453666
-0.189488113044357
-0.100287783216004
-0.109238665553362
-0.0168641745568672
-0.181114655704773
-0.0988410959375312
-0.132052900214383
-0.0226259793828724
-0.205929644021801
-0.192602294969862
-0.151964882701093
-0.0665510336919516
-0.066559818881343
-0.00706760513535951
-0.176221372380364
-0.191425898757158
-0.118328784596416
-0.0239675829236926
-0.177531757626403
-0.191443862981083
-0.161784084774034
0.0435559501204872
-0.0871335746595387
-0.0627350473220766
-0.136462598504918
-0.159998130926134
-0.159426004538937
-0.152864977242729
-0.209327706683878
-0.115058347287933
-0.0731011469023577
-0.105339543221219
0.0862339576827206
0.0270956607794328
-0.139651785925274
-0.0978606658782714
-0.136095617438051
-0.0140643895217835
-0.115914661211461
-0.18953228320157
0.0855805273332902
0.112795952591543
0.0610675489632966
0.042248032102442
-0.171847588056166
-0.0657333428510744
-0.0325936988072921
-0.0274441322848445
-0.0290119572276027
0.0627352757197161
0.0379125859739682
-0.140787768093874
-0.176397024757545
0.123148601236955
-0.079322220738716
-0.025090782626387
0.0454522025584032
-0.101387263369697
0.0626501733700473
0.0450040512961385
0.0259392865646621
0.0292496027540169
-0.0991536282716355
-0.186580227865833
0.0919750883242535
-0.0943005917731331
-0.03111861612228
-0.0167599264341499
0.054322895757016
-0.0938399867293871
0.0286415287017518
0.176680238209902
-0.0402996896246654
0.0479960548272181
0.123582852466616
0.0780477057116119
-0.029752024778022
0.121419966287772
0.0149625079091931
0.0469150536167785
-0.013790566942013
0.20460708104032
0.141982295340744
0.124879787859453
0.0516279365018344
0.0815326680710561
0.116246595424627
0.0464283919455553
0.0528933319390164
0.13219879351958
0.0577186042298994
0.118582090794821
0.0371676078844827
0.0357636835140441
0.105945754710562
-0.006634878736238
-0.0198371408325124
0.142553263677985
0.0977858239006802
0.0380411144198533
-0.0619216416005005
-0.00677256353015324
0.192550316886422
-0.00765110907415712
0.15181484623977
0.00262756628147979
0.0362173050364005
0.0920517072688399
0.0215689424059659
0.154828456409729
0.0961209665980291
0.232903480462205
0.047472915596898
0.168890954492658
0.0309684425841893
0.133751083222431
0.0309661860253563
-0.0936813990826781
0.108693936922839
0.10285195083957
0.203015849110755
0.228399105233055
0.244266439612641
0.0220360370242802
0.124507231856299
0.235898974088299
0.149631527483424
0.115098745670684
0.112616206847815
0.106421227494724
0.140320268328197
0.129736973030383
0.0380772854344048
0.132584155822396
0.184281241409394
0.0957806636208742
0.344498729483838
0.0376845608276184
0.205770733635098
0.180409662081423
0.181051205433212
0.112159815109113
0.219994516589611
0.108150699314773
0.145268891760941
0.304049373361762
0.316571346531721
0.258040209079056
0.110941471069293
0.0830675414437967
0.107304584350422
0.186326604285064
0.126646955069579
0.212527774600583
0.156550633433678
0.284664379475382
0.107229919760356
0.0674837971243476
0.210057065982807
0.172822627349719
0.383001237551532
0.324733561883552
0.186781102440324
0.351922575118928
0.218406794699231
0.24187986704699
0.26342105870312
0.229560092054744
0.20984075658061
0.14363369934802
0.264090424887911
0.326790355597842
0.276959100493672
0.226783600441146
0.337220949009495
0.259813373241517
0.341098371774293
0.204531386277418
0.140145414867403
0.237666272151044
0.284229512547309
0.299308948510997
0.182264067395827
0.343243438435445
0.242377307654373
0.312940361645859
0.285770281396166
0.124532248945749
0.0794331125508915
0.165275942007998
0.404744460965837
0.270825855239515
0.262682384821321
0.294439045820402
0.33841582323164
0.213243662479272
0.10023296067191
0.388041634881126
0.303825718369179
0.232941380217145
0.360479010183381
0.0745410734720489
0.330890729176772
0.208457218978967
0.230877372361899
0.283870564860114
0.267046350781507
0.247278573699264
0.393970332528741
0.328081358209088
0.413507655285879
0.405867628708015
0.436085175772754
0.213214293360089
0.393687862017603
0.279252690756161
0.328561219299945
0.218261213651544
0.365494895934285
0.203004760012552
0.518742308497053
0.447288941346104
0.289052983034127
0.334102342509751
0.391312250186552
0.357604203701811
0.243694923277542
0.269107437682448
0.308007869434893
0.327216073364141
0.419122663886459
0.373476224461303
0.285141213275428
0.462313944869499
0.445329543698149
0.412679211252443
0.498347758872313
0.503270523520348
0.363748746527319
0.416252292836884
0.551648855413653
0.165012012590405
0.360432869203804
0.42552198765938
0.270586775164803
0.302455307485347
0.24890755336012
0.55156660608777
0.384955321195804
0.29765399642814
0.501278757563979
0.414552292633605
0.385350205182802
0.377180273918021
0.43489092915574
0.349388838992589
0.502016063088574
0.417372833150129
0.435171725316484
0.393371282516295
0.435678394686599
0.362632380833308
0.367086790016518
0.462189134683792
0.370515741690558
0.405549701965471
0.42933136914143
0.265389581249218
0.391903451040171
0.378413219780882
0.483962497075808
0.389787643692413
0.471533696704046
0.373796902583455
0.428338835767874
0.456161107194294
0.289549031666763
0.394078717667865
0.553712504618205
0.480158686125969
0.54685652652436
0.60279779505474
0.439355739747118
0.467174550769052
0.339702430039025
0.542873380767565
0.479306097817737
0.345983849493473
0.574313662457642
0.512910258693716
0.45913212140652
0.583801011059739
0.431564850286511
0.523412021530547
0.547301960586607
0.572798093667256
0.430456894323588
0.570565990050023
0.425268116662936
0.537716327479044
0.417000573415368
0.390407031864451
0.43877067217911
0.733602882217638
0.531605311295516
0.522263044761386
0.430819781530777
0.507466878424304
0.583955338682339
0.543677917955199
0.392985606944511
0.573166344572574
0.695436323354822
0.465135638018077
0.447793924016987
0.431746549378547
0.374938725803587
0.510756016363652
0.556984670149329
0.479148400608336
0.53122039251733
0.496293124395582
0.454617552534924
0.458662901900487
0.524420846796247
0.521467328660216
0.581464457323625
0.631257550157622
0.605588966990125
0.36036215011333
0.512106121130179
0.575136858801049
0.59528732224848
0.579027214451955
0.424045659806727
0.563394114553596
0.612731526788618
0.613825367998527
0.545118721823737
0.640669592066492
0.558355824007434
0.519009337772153
0.630138541366037
0.561230801514293
0.672245210538162
0.574036473129615
0.593673569909325
0.376844798536198
0.466711592617307
0.581387492746093
0.547308774592005
0.627738828480126
0.528869742167244
0.584364750234893
0.530022530532635
0.555251768480794
0.618093078068354
0.572377990178538
0.446903603287566
0.844624341338432
0.682834049702806
0.581673530253532
0.59475487156388
0.702883714846613
0.511114578295946
0.705332417304908
0.579984177720216
0.603072511815541
0.59586106796741
0.631272957510693
0.599670160281726
0.619288469426246
0.719367407254482
0.582479108540576
0.736097985135296
0.530835637806397
0.601598764629003
0.690966435619165
0.597993185137895
0.568907124700804
0.764522430555657
0.755528297420681
0.616466074017782
0.666336500108
0.670243536518711
0.701053109854933
0.71004941046708
0.662054278351162
0.758317590587022
0.779861191847028
0.729931917503868
0.569982038995529
0.594680775045768
0.708211252571139
0.734374973234687
0.737807320801064
0.659396759190746
0.529292183100527
0.634610785093923
0.765144353730328
0.626124283133382
0.731887794546199
0.704667893558647
0.815550520175966
0.670311883815885
0.621166919224916
0.581125265227114
0.775678879398805
0.744996123351743
0.61842704606172
0.67493279253504
0.696080892881886
0.684480456281106
0.722534316444806
0.672698880186894
0.72008614068804
0.581780345127424
0.884620544981594
0.653990935097154
0.549931892780697
0.766047234911198
0.737730404954187
0.761363165611698
0.697611228823037
0.853484215529229
0.684672780273143
0.733680822628829
0.709110935931958
0.754145974768591
0.706904561674094
0.827793088414872
0.877309803692301
0.877960322050816
0.768748568954061
0.672683322942276
0.545872672063525
0.706100151352542
0.727769823300676
0.823542708775144
0.743266833057698
0.69374307434101
0.887777912941254
0.699165589956282
0.859066033891562
0.746906456988014
0.681547825743644
0.847989874139233
0.725547285538724
0.949294718983064
0.753528860390243
0.666093203553034
0.817080153072833
0.829308482792256
0.703384839571502
0.766464177462118
0.74429678883693
0.866463108769028
0.756011996669538
0.816881171123648
0.661841965313324
0.639323487735874
0.854767872901205
0.837539613057885
0.814818006704967
0.852350884878762
0.844748819024394
0.925647861441454
0.825066063705877
0.785794431533195
0.907336765485927
0.947249569948053
0.773668154101655
0.903038538465512
0.67329376737909
0.728596299724176
0.818458180560506
1.03356044676231
0.758132376183509
0.867468469781569
0.798541317443225
0.682312757957291
0.825411594837432
0.929317492213659
0.777583651017702
0.773233279238046
0.896449412860165
0.880238964657886
1.01117539130255
0.880639914696765
0.911781437552947
0.8869722441639
1.00369693670211
0.813015468561372
0.84545034139823
0.970845612050039
0.73992663223322
0.964483323961481
0.94072487248273
0.704773523524223
0.886821659480855
1.01878346118124
0.915803186786435
0.730438995038333
0.953521285137865
0.810501517569456
0.904135342491637
0.892645717340888
0.748716546081036
0.876060162684336
1.07071827908674
0.832098327621914
0.820801978293663
0.982323779892476
0.93985554456612
0.893986837395972
0.954644619044145
0.878355770287453
0.874536813612847
0.921708261601647
1.04230847542515
1.04058844921697
0.831948694595042
0.907643939171447
1.07140893429886
1.05920734860604
1.00279671424693
0.978636553276262
0.937929406258362
0.826913438278094
1.04233066511556
0.969405677059907
0.897953642141599
0.816137633378512
1.02224461765242
1.00554493015572
0.779593573833218
0.752781398869841
0.84088227047103
0.975241089530452
0.836133327459574
0.97225132644042
0.825482001035829
0.965646587602437
1.01244567628288
1.08302249062713
1.00995535209142
1.0037989022739
1.00554537754863
1.00615686200859
1.02458321297015
1.04412603168341
0.981371056135082
1.04393990159979
1.28723093489107
1.14428603038396
1.00233981968907
