"x"
-0.942527374077432
-0.839060394417711
-1.09734292518144
-0.864174104382662
-0.894777605155904
-1.05772497422762
-1.09832951959029
-0.933662658881002
-0.930564261419494
-0.901285536616969
-0.983303053118548
-1.00771725465155
-0.95551917797531
-1.17453863556863
-1.02349269566105
-1.00083263883517
-0.982574457215806
-1.02223293417033
-1.03752982551169
-1.02632867268352
-0.981790246108025
-0.851791313585788
-0.997832261301446
-0.871122822326634
-1.01046238517583
-0.921254927282801
-1.05812134931658
-1.02642777269057
-0.971043585267796
-0.916547145171887
-0.946585264760104
-0.821120034123278
-0.858047303295224
-0.890090165794829
-0.788899541074834
-0.851197049776472
-0.722405029276644
-1.02411948573572
-0.879589163174197
-0.875373351685198
-0.901651980979946
-0.883202001901249
-0.894048180006797
-0.891302766723529
-0.849480889275021
-0.813501278598044
-0.914157072823935
-0.951744735717592
-0.988915913355007
-0.812799795055742
-0.853842324559381
-0.88524020142889
-0.724118863220645
-0.876424683067332
-0.832513296561039
-1.01513035814656
-0.856462153497231
-0.983822140392427
-0.824770007226579
-0.891339541413245
-0.77730610214758
-0.942764248983926
-0.824632972574293
-0.931582599635004
-0.945422054934391
-0.913106648446788
-0.832723854190599
-0.908228860420304
-0.910363684358103
-0.898283964023765
-0.775847836199429
-0.820089189275306
-0.964991132285618
-0.798884804608281
-0.733744530514838
-0.842080524944005
-0.802756586902061
-0.759824437049972
-0.712291491542112
-0.883265536834812
-0.826419502173681
-0.71909475851073
-0.913061827011794
-0.769136228686159
-0.836664125737365
-0.860760370616063
-0.867123955008739
-0.844879148591658
-0.833845980506969
-0.839040624612121
-0.712941431520718
-0.897318840924525
-0.894199342634186
-0.72675235727439
-0.876927060033216
-0.76433248043759
-0.749580351499381
-0.662806111094562
-0.735554593920571
-0.875455274618746
-0.83485120910596
-1.06871841400753
-0.745403117266142
-0.770188776696731
-0.551268618098698
-0.745500946182244
-0.849722999675588
-0.823613599138263
-0.728759116843609
-0.807383171357735
-0.717975740269829
-0.783024701233396
-0.790397061282045
-0.687532522297829
-0.810417999870364
-0.827318023165075
-0.757882252923603
-0.761461829323445
-0.628240935957016
-0.84770939136134
-0.602756678992522
-0.835526834920018
-0.871302147326026
-0.664735777340968
-0.888826182585175
-0.744551592429649
-0.80304760849353
-0.611645174467945
-0.851733484394137
-0.665454621309983
-0.704160859459292
-0.690814211050753
-0.681507953801656
-0.681763191631908
-0.729688654625097
-0.687258312500795
-0.714368074666518
-0.789525813766021
-0.692039269008847
-0.860537399380071
-0.766059322808966
-0.767131841790333
-0.695593432359219
-0.797726699714613
-0.710210243660071
-0.436846967635209
-0.673659606737025
-0.736904244093161
-0.782952979710976
-0.68848929569398
-0.738428541656877
-0.618895809591837
-0.760962077166705
-0.696127422667092
-0.745132291646889
-0.681033222064678
-0.739143338999654
-0.70886914391747
-0.796769894658644
-0.744188882677834
-0.765701236582551
-0.725955865497547
-0.585327132050418
-0.644638713760055
-0.565570928365294
-0.759672492077936
-0.59372886654393
-0.67997846957934
-0.644718004643247
-0.645615996493599
-0.650230799639063
-0.714088430830862
-0.673266505898903
-0.734293423929872
-0.737341643966794
-0.640271949114974
-0.668720686701163
-0.590180344578577
-0.738460513844023
-0.671747600553015
-0.793326739467035
-0.659182121556701
-0.679593232436879
-0.563876652182815
-0.690979928333842
-0.65028763713677
-0.597453290456164
-0.522793474052562
-0.650946283659745
-0.56251187934983
-0.583137903810013
-0.509736265753656
-0.621198458588508
-0.467150981465825
-0.699451560361076
-0.554494264971389
-0.633636955776319
-0.70064654553283
-0.522800114001658
-0.555534676856923
-0.578318527708191
-0.544929317954047
-0.676604158612315
-0.611067539497376
-0.630634550490191
-0.663149195396835
-0.511540212171637
-0.70872813773402
-0.724066711633744
-0.544479713122592
-0.553224852890025
-0.578720000961074
-0.4513347255521
-0.516564629425482
-0.580706838969547
-0.45550251533692
-0.604405016329684
-0.524302605909723
-0.593827580387626
-0.4730918637893
-0.67249934958964
-0.578483847202306
-0.663726270520373
-0.47969260459325
-0.536172731740095
-0.588587434287894
-0.603336423551173
-0.510960817032329
-0.605749733105736
-0.572828227404454
-0.57576727298038
-0.500522439664458
-0.405037270506566
-0.514325899945959
-0.515554919746387
-0.514488690965206
-0.436879659301611
-0.471874982878457
-0.538967903595679
-0.458907859714054
-0.475603845898149
-0.544136576474625
-0.521611890439248
-0.661602472331126
-0.541475192868699
-0.459837897992538
-0.570087098310273
-0.460952660316936
-0.541496858923628
-0.427113463904613
-0.559518940885316
-0.446147694864084
-0.423006086837351
-0.328997716463627
-0.589786572571729
-0.399851941292373
-0.531621171085363
-0.568510193062755
-0.458083480202657
-0.423070868127987
-0.517390621445878
-0.473623177921897
-0.325645034008661
-0.64839259919773
-0.54451412041366
-0.479749571965798
-0.543444118037046
-0.388711632668802
-0.51339514294038
-0.395738422897005
-0.387748323575178
-0.548582739771492
-0.555224779175021
-0.347456242770746
-0.403344725975231
-0.518603527910784
-0.461541543011909
-0.431451444602905
-0.326805119992257
-0.489126698914551
-0.434424438322981
-0.288880133438036
-0.426255312457374
-0.405597525693985
-0.435345786754931
-0.441367204870877
-0.481853204579295
-0.482386071268626
-0.50747128363081
-0.402178689497867
-0.533016996233603
-0.426611536051124
-0.288850205072698
-0.533723669633639
-0.439869352629322
-0.440111957416251
-0.508458037279199
-0.290648065227697
-0.483728092728482
-0.41797882942549
-0.434825682647134
-0.468548242484368
-0.48385660145807
-0.321744621377941
-0.441382249124323
-0.408061773330367
-0.492310733915202
-0.431839848490931
-0.383710122330988
-0.52342332594459
-0.433061527152013
-0.368994638762055
-0.478603853417195
-0.40646073000379
-0.598224258254144
-0.335283376128378
-0.276141216587082
-0.287708628862349
-0.344235885369324
-0.48102967142067
-0.308894915326334
-0.33605920477565
-0.437258295973939
-0.238592651837938
-0.429926605805569
-0.380894620269288
-0.434073257209365
-0.364124692726921
-0.211217931829291
-0.281876689245496
-0.326721954400482
-0.380474125470384
-0.335161650668849
-0.423276387628069
-0.257870491839001
-0.381690213325365
-0.329268164218107
-0.306270908451425
-0.344377806024595
-0.324627396585304
-0.285203182857199
-0.376367780808563
-0.244416056037605
-0.198732245085829
-0.26477634976085
-0.367760234129091
-0.170432158323456
-0.24857136961147
-0.432992237827057
-0.332769223879464
-0.267240331000679
-0.331504691905609
-0.368004400081093
-0.327118546482426
-0.158284401304959
-0.200681906665054
-0.159943742413761
-0.148928507892936
-0.208271283325182
-0.48755287169893
-0.337342745409388
-0.194059364560957
-0.278323011812009
-0.307469496382793
-0.313614360672877
-0.282167519753207
-0.291013538425751
-0.107573307339911
-0.15098009108677
-0.220182103066596
-0.40333481212628
-0.258989883219897
-0.117476341471226
-0.253707119156135
-0.370226050170253
-0.243233254006269
-0.410996276328313
-0.184233770996675
-0.262727414191945
-0.0796383534476694
-0.146472122479428
-0.173027624761148
-0.228839008344858
-0.218672041836075
-0.243651472231592
-0.323007977234875
-0.221356766970245
-0.14418328726687
-0.121160706087856
-0.279487079437094
-0.1671360840304
-0.203515878899229
0.0109363947381189
-0.325221222840521
-0.120339003255654
-0.258836313662184
-0.0818531294375189
-0.103508952419205
-0.212170223339636
-0.0659294314737203
-0.232050131160525
-0.293775145777736
-0.278511380213105
-0.0903753984687546
-0.157043712194938
-0.112445261011824
-0.112318925423215
-0.11399609854249
-0.347475082522915
-0.218511935980311
-0.248380748436117
-0.255297116647245
-0.0585294137385197
-0.126174935166555
-0.237833390682366
-0.0806506216967051
-0.134301315753104
-0.0959462922765604
-0.192118147823733
-0.160104220790935
-0.210042676865139
-0.318742259198641
-0.235899850891017
-0.176269378027993
-0.30050224589041
-0.116527278866458
-0.0975239055806888
-0.135948129266361
-0.0445367535047217
-0.132905948832709
-0.200127943895087
-0.0779081877342425
-0.144193160692824
-0.0603946189435263
-0.202767714813766
-0.115103440692531
-0.0363481553452554
-0.206656371250463
-0.139682980024117
-0.084324275472716
-0.151508979191506
-0.119587985465929
-0.113223071425882
-0.0387824825895043
-0.0530750233459079
-0.0847903180810324
-0.225132292139921
-0.033162131954531
-0.0598933512172942
0.00271234490528486
-0.108940994345304
-0.0392249514673399
-0.0594364172713229
-0.0861210974326893
-0.115434546163974
-0.12537517937684
-0.204970818110651
0.0874092154378782
-0.0288177051848378
-0.015264787570751
-0.137298529535308
0.00327036636011494
0.0842594114579126
-0.0192853563591555
-0.0823192515169868
0.0118578541013872
0.0625988333163758
-0.110273916387539
-0.146678535340449
-0.0599780362452568
-0.210137653661438
-0.0134209764907419
-0.127021847382459
-0.0341336443805862
-0.0222911938605257
-0.0438352433424145
-0.00655675465245406
0.128598154498058
0.0434034683468444
-0.092978765670024
-0.0503337039262041
-0.0284686077485253
-0.102622574833992
0.000754037181218209
-0.0881683900363301
-0.0821923534298108
-0.0248031461576161
-0.127057818713875
-0.0776372890551475
-0.164625463217541
0.0354882284206342
-0.0603046166250424
-0.0306655697350497
-0.00108232722011341
0.0643682317710946
-0.0875543101042407
-0.00618376657666103
-0.000819411515603255
-0.0357103632985496
0.0708420047520826
-0.0889054643782172
-0.0737120345688978
0.0497880589510224
-0.00977237627318428
0.00257353963666941
0.0441904354997418
-0.0485002474125311
0.028029454684233
0.235451957214026
0.021967110802184
0.0221519687594322
0.0682854576875806
0.0324615396485716
0.0524071681439621
-0.0773268988472698
0.0958825669768539
-0.0426572023103087
0.0493698532465498
-0.0479491645839437
-0.0636267486015653
-0.0340695378676763
0.0881196329615968
0.286245656675902
0.0103886037187765
0.0941787847285147
0.0330179514823097
0.0624401139056891
0.162810637731608
0.10728355122827
0.0582524911306763
-0.016670608536434
0.156100260638912
0.0112196457242143
0.187921512985732
0.0652087062842864
0.208646151649288
0.210631234523408
0.0632187323861514
0.0569258663938629
0.103458461232599
0.0786127621277198
0.0225807547685245
0.142334415470804
0.1682261850155
0.166747405284572
0.0574257060994368
0.11455493635037
0.0127651868950318
-0.0627228538136215
0.0909089497696208
0.147043105643134
0.068953757758944
0.111260162519778
0.213751194979372
0.147653034889583
0.0900858044555887
0.124508075084048
0.0854673894703637
-0.00677814760922286
0.169678807786596
0.131050668220422
0.185811409819106
0.0194884056815319
0.126912545099207
0.301412422675613
0.0525721312658745
0.131580188781977
-0.00736278447681486
0.107583004679236
0.134076565667192
0.14830818548503
0.139280273678558
0.268377804354743
0.0811752265396872
0.151967931202847
0.176353642566042
0.222783211424706
0.142337092045707
0.105884929883159
0.284980500042098
0.0423881636394558
0.223841549301821
0.212255877522449
0.0877889028346763
0.15550173669688
0.29694851171788
0.249502636281719
0.211718481617039
0.129359817437333
0.163125271013147
0.0663795542071443
0.146424410018938
0.113151719838231
0.210901324520742
0.229761722702162
0.206082062214289
0.145197743346901
0.254120372178907
0.247860257302261
0.222350361589652
0.262411364265062
0.198119794250707
0.186110993728543
0.16317658596583
0.224031018230621
0.171839555741691
0.230197600418242
0.285633479907145
0.209532033596578
0.126118203413444
0.206025431105139
0.15825131523613
0.204780301105295
0.226356180715068
0.260978795701498
0.188258420468876
0.211003358987167
0.154096958367208
0.154511634490779
0.253425151654884
0.172551098516108
0.230618668202229
0.26218981537346
0.390958303647775
0.480287175201439
0.257729241275006
0.208510390741404
0.207570659096986
0.208724647408733
0.210682227044381
0.208338961097625
0.16788740060329
0.322596974344604
0.115706046337745
0.357562409953874
0.425271975350895
0.194346343962764
0.247509687934329
0.178120834630249
0.395448060196743
0.246507865897015
0.204426881051161
0.302580944087085
0.311006303414907
0.138987680137162
0.292813593994472
0.339995645591717
0.400537361501572
0.168548247213596
0.332683580698169
0.434611479190476
0.279660658396987
0.223593611493163
0.342086855019883
0.163253487945283
0.400542673063791
0.364472456114122
0.322158009039713
0.475231072473245
0.416034725441609
0.268851367848734
0.300719613204354
0.338669599550161
0.196364361868645
0.376854113595949
0.224000560663276
0.261692380309113
0.360205089867976
0.301564286025433
0.259483203369495
0.425575050323338
0.567358459734529
0.458051707985334
0.269741722521298
0.233412731172562
0.436900934442499
0.389024710737827
0.361899601584934
0.326420791010155
0.381677794236273
0.395593270172402
0.408724068460775
0.355098796134765
0.256956542205351
0.378827241349379
0.393447860177198
0.343398075030151
0.327673876090233
0.40493863186665
0.363659866937693
0.410503664307813
0.344830008727507
0.465316544740547
0.292831998862804
0.354301479754184
0.262691528347682
0.206716954515139
0.469258007201436
0.426300397170886
0.412741421541107
0.316264319584284
0.405673004198657
0.458164592277291
0.506705923407449
0.393471049677969
0.350523441201163
0.431645256949991
0.426281714084428
0.470041582318212
0.439254217911901
0.347194335274857
0.607475915695087
0.440101679116897
0.545429417523773
0.512726249264862
0.507071403624941
0.504816742894948
0.419050753823132
0.460697543270296
0.555738425229424
0.517565331312962
0.405384953215607
0.521069339447043
0.465328199143353
0.464907265116378
0.428579796955156
0.391267274917967
0.318672834516322
0.326635701016617
0.40753244915667
0.40033179042509
0.427354906122303
0.413161037635594
0.509603395178543
0.430726117660174
0.474296795316047
0.445200002740672
0.489074093131982
0.510690604267269
0.542060847923359
0.378280409335671
0.557423703621896
0.527048286803737
0.389127001706511
0.414985059749651
0.395246964388432
0.513724673256273
0.338134197248962
0.590981231386339
0.561278583033301
0.430967983537147
0.505482827127344
0.618974263821125
0.533162905762466
0.565928464103209
0.597752610913235
0.422560781292698
0.409102522475611
0.549613687865565
0.56089799721393
0.417485610636103
0.374532860773237
0.657015345587202
0.546955568624377
0.547892788708143
0.570593682280534
0.543104146615823
0.520890334560201
0.517007832727199
0.589465015724173
0.459340290451909
0.600161946672902
0.547663153930076
0.429654170002594
0.662284965493497
0.582816419825897
0.650016187366716
0.488924041043901
0.499184109451622
0.478527918500237
0.671000121869313
0.506048883200341
0.611475696267965
0.60213487224116
0.519438801222143
0.632049999696471
0.614872129555088
0.589836349371004
0.662333739593539
0.609762170544972
0.694888359289337
0.520164478480496
0.582824011472456
0.350132241212383
0.531974852890803
0.51105276392766
0.530408738845142
0.647533207286927
0.575380027524963
0.674346923964491
0.501974970185497
0.489909155795572
0.617898864182246
0.769519304102646
0.693012025230924
0.653906977042054
0.466208596778583
0.594483363393877
0.62228832224006
0.589463565422715
0.687042034462783
0.642620484422926
0.460742460930722
0.628475550964911
0.664934032955766
0.584847900024835
0.694502496137946
0.766651544361707
0.448137300904714
0.769640291139125
0.561301632191228
0.759738950211435
0.448805612189182
0.560840771621389
0.698876511972191
0.630454482770375
0.495601736500983
0.645305327501725
0.564136771560243
0.704160528863159
0.719192652405071
0.68874000031363
0.558650056221098
0.806962362738847
0.756678536216213
0.516200999642152
0.641601470371587
0.802276149769716
0.783131401138488
0.647064496107704
0.826420105441497
0.563699299110799
0.655909836386659
0.733421829825261
0.612424808226743
0.66417861591739
0.756047754552487
0.693523506081112
0.754058563438218
0.654265603869587
0.657443215473311
0.742519283524691
0.626923380392426
0.73969476822872
0.636697745462498
0.773812051607133
0.695529162240562
0.774039440476854
0.526776414304218
0.850248012028411
0.745392321999353
0.754620109821701
0.706289115360282
0.748567873628026
0.63133973910185
0.697504866102415
0.813709132562628
0.788794815486747
0.769548490002132
0.670875829961194
0.554226791029465
0.570198372497584
0.815229443000099
0.768413220839983
0.682706090951531
0.772734573979987
0.735979318428872
0.693538411700111
0.858408471901492
0.877437720152396
0.69859080915575
0.762710848685423
0.774659628911922
0.679384783955744
0.790498370776203
0.814659644325002
0.840558471361025
0.860475693463783
0.818770984196123
0.764775701118188
0.590506865227338
0.815307832140828
0.527789514332202
0.871498461126583
0.826637755210913
0.877876551118877
0.785006696427835
0.703075500783066
0.786557802981618
0.764630303091878
0.767379605115833
0.771615667828127
0.852588682832334
0.795007695308224
0.757190576261291
0.649609208996104
0.957908072355455
0.72912353237916
0.807195658933201
0.754509692802421
0.778944457682702
0.846045736831809
0.965727657187177
0.879415865093458
0.754186867347698
0.872907042522269
0.745559843272774
0.750690299640159
0.821396007716899
0.826153831043772
0.787728474353245
0.870713449568557
0.788303710584595
0.934748382936811
0.792502664320398
0.939362323776981
0.90213990654336
0.71596454173523
1.01116146394746
0.812808837386297
0.884853709056289
0.79757086365809
0.845997322790904
0.93093551852035
0.803908101410202
0.830859214332643
0.91660662460658
0.860274353165738
0.93095959834213
0.929523086458017
0.934076790109255
0.943765471134067
0.858038053141705
0.870633636639013
0.849618211706776
0.90007232270866
0.823079908116197
0.743401624663403
0.915023663536636
0.913221538551748
0.975421504260453
0.738054235183449
0.874258374038347
0.914993510867153
0.845319429325767
0.735826729718179
0.753718566175187
0.797109521137745
0.848074203193217
0.801959315873422
0.86812416187241
0.899080087240967
0.986092314506204
0.990845003410275
0.992609318247271
0.78741519428148
1.03095777617636
1.0059579053292
0.96456352796162
0.918581750203952
1.07776309912772
0.949248467063276
0.866103043958901
0.992799634821308
0.931791394217482
1.09660887905984
1.02480660561908
1.01038869920924
0.799875125593366
0.933602199503388
1.0085965637863
1.08995770842807
0.959847575406746
0.97202902052286
0.894209431379098
0.936764487514228
1.05257006655938
1.0664132502029
0.964765118251076
1.00205042114023
1.02663736254744
1.11394891010911
1.04481001056565
1.05696411451579
0.930408903300822
1.00273481437929
1.0347165631527
1.0146021372147
0.885290404106018
1.00991854272045
