"x"
-1.04108071323529
-1.13533328848929
-1.02688103818308
-0.938832599320515
-1.0414967136901
-0.993836206463274
-1.09575903247188
-0.972488816948808
-1.15090921295301
-1.03000233199416
-0.973823042400607
-1.02635947192821
-1.02936582632079
-1.14101176191286
-1.12744360432383
-0.978641484011191
-1.05791792411338
-1.10106054857177
-0.845810705988289
-1.03635869811105
-1.00954287032259
-0.907201518710829
-0.910441834643546
-0.964091680443196
-0.901284984798312
-0.870542626931228
-1.00025282571164
-0.849055796576214
-0.930280179143001
-0.883818256166149
-0.917841817485949
-0.930220070378732
-1.00951528936333
-0.839804488517182
-0.881172237924235
-1.06335044337089
-1.03769655289599
-0.938546773453139
-0.905098929825518
-0.962472672378958
-1.05062408586788
-0.777123722671734
-0.979512022084432
-0.992861777888797
-0.951005050825219
-0.946293704582334
-0.986735352599385
-0.918970413015676
-0.869050832140221
-0.974684814601333
-0.905076525035089
-0.960586295071734
-0.882443891071437
-1.06129121413579
-0.885379075314758
-1.02953015090269
-0.925268690543354
-0.730998526869981
-0.798382019947895
-0.894152550887193
-0.891291611129356
-0.877351287368668
-0.722321815415236
-0.884203809492389
-0.956052451678538
-0.860721428574723
-0.926566157357051
-0.985201685621423
-0.98841514460608
-0.811565936271784
-0.780848261762933
-0.869785957043592
-0.813506926157004
-0.81762215250618
-0.955885141422811
-0.853886707330901
-0.884344659789472
-0.663077241672946
-0.853071433822626
-0.734271594180956
-0.707154253566682
-0.739570794765787
-0.856641719763994
-0.904606610046421
-0.996792785469647
-0.795222000553809
-0.792721321958369
-0.896943913127329
-0.787796726198047
-0.865708981598373
-0.751996879946605
-0.854267913297302
-0.919079690602976
-0.784212858121474
-0.8038341845674
-0.718220005935917
-0.732284365998225
-0.725981772530616
-0.698696447695579
-0.715778561860859
-0.851929474191017
-0.741869304056176
-0.622116778541837
-0.884611271077454
-0.810261200791924
-0.8124044118214
-0.874624391028217
-0.803071373882767
-0.747523447511223
-0.706776077730643
-0.704061219797506
-0.796212311450243
-0.730842105361976
-0.864061053677197
-0.700674872293911
-0.909233842916071
-0.736404243793074
-0.901765677801776
-0.669397974527099
-0.882498526573783
-0.718284250841911
-0.816979313941068
-0.828390412710823
-0.987686133018466
-0.74922035554345
-0.843554138725984
-0.722724516375771
-0.644847161847328
-0.721214316856473
-0.689192704153876
-0.718136575009875
-0.783713594011134
-0.794548530175136
-0.864891945704304
-0.915636133768339
-0.792889948040759
-0.628758072922661
-0.608565593784535
-0.759104755630443
-0.696119751722472
-0.804342109086051
-0.455725950882462
-0.670977305973855
-0.747468398730918
-0.626242926767109
-0.515513373337534
-0.880612512307828
-0.551526933156836
-0.665750909759635
-0.599713089674142
-0.813306677192655
-0.679334329079155
-0.806068578199431
-0.718739491481658
-0.60318057010635
-0.642926395573009
-0.599000741493556
-0.626310853838133
-0.614211084975791
-0.674583102782259
-0.616093464769355
-0.706128947712394
-0.623194569565165
-0.534030974014867
-0.655909702025311
-0.641693191619214
-0.70568995082645
-0.604746497836885
-0.591882513262731
-0.690606143352189
-0.762409671976548
-0.595607359944694
-0.650550613251674
-0.624367940611156
-0.59253843563398
-0.508397102553462
-0.574308517523444
-0.582400591089636
-0.651258843318998
-0.667844002860733
-0.740927927168651
-0.692779950703548
-0.44355921381313
-0.604101095572502
-0.624087486963164
-0.686257298915837
-0.574817258272088
-0.576245634873958
-0.731267198521161
-0.583500595513692
-0.69267639879124
-0.601112387752166
-0.740082673486211
-0.702829492930215
-0.50432049279806
-0.626644548258951
-0.654727134444353
-0.66428954478114
-0.726126589705001
-0.497817869167128
-0.65673295447504
-0.610063947255872
-0.649318711446934
-0.609673607837678
-0.58674793137362
-0.512697748044348
-0.650335301139654
-0.594548591155597
-0.627050770738657
-0.488676075605191
-0.501763783626075
-0.482863671466535
-0.584194328546154
-0.484551601272938
-0.511575280999064
-0.54681832253411
-0.455720423449045
-0.508473202574698
-0.61078791684149
-0.591287399412353
-0.553520862154988
-0.576842036212267
-0.593471204058057
-0.530797171896469
-0.432703611761917
-0.578046684162215
-0.494039933154366
-0.612550891287174
-0.526254229684401
-0.479908265361925
-0.424862550357109
-0.605587804413439
-0.486166687039244
-0.522151163976178
-0.526937377952252
-0.480868096468447
-0.548196828147032
-0.544855000623435
-0.572979244034197
-0.538603943081328
-0.570622644433856
-0.562932662237623
-0.469289915420838
-0.639813441190224
-0.505288077915947
-0.534950599861931
-0.517203988892871
-0.560340760310693
-0.455767393973962
-0.530231941492587
-0.528263501451884
-0.592482192337693
-0.390621950959354
-0.631917021661763
-0.46903148605976
-0.559038741377832
-0.501939099423217
-0.524419824376195
-0.459163577345388
-0.516296701829081
-0.614159759190807
-0.60578293670467
-0.375271347836273
-0.55645471436159
-0.41880886157158
-0.501521031390231
-0.420374005677369
-0.523092634448475
-0.421372745960589
-0.394047940808705
-0.330396408882541
-0.447284359285104
-0.579313129600477
-0.445313323134547
-0.421399122441358
-0.344517046991564
-0.467312078342046
-0.492374776955879
-0.512167458133691
-0.42319083041645
-0.486611437456043
-0.53579646336388
-0.329917832210087
-0.437903002108026
-0.432428448827327
-0.371103422586023
-0.398092987995765
-0.32243373050703
-0.320737539642149
-0.343020276293535
-0.457046276995039
-0.269196528686383
-0.313068883406152
-0.531303109206954
-0.362285250841435
-0.3978480998133
-0.451816142424943
-0.23307480797221
-0.428684741871744
-0.4377607236028
-0.42352175153691
-0.380773222163551
-0.364235049904235
-0.480295284346418
-0.309258078160779
-0.390095519979555
-0.372353366119753
-0.464942113231321
-0.472962723095433
-0.346657992112804
-0.436677947232791
-0.320621078996395
-0.302937068909083
-0.425781566522422
-0.344640468551103
-0.315551066914867
-0.428669812578914
-0.175723697257574
-0.452477062654719
-0.265307500700396
-0.376203345001359
-0.408001777075163
-0.40366446026286
-0.38646256513674
-0.361982203208859
-0.475858728273399
-0.147843085004614
-0.343947590291286
-0.365691676783688
-0.178676110819931
-0.335095360139358
-0.264573001317097
-0.354364866401566
-0.301867743270693
-0.345815552217333
-0.406592280637949
-0.342140564477038
-0.412853073711429
-0.398166390986904
-0.232694395744204
-0.319014701876357
-0.36915199688406
-0.246807293869739
-0.448209395253206
-0.376027926509798
-0.252636974218872
-0.354656408614518
-0.46073377164426
-0.436306059197785
-0.208536315926689
-0.323440487411191
-0.277085564830907
-0.208707381081072
-0.280826290441251
-0.213414909408417
-0.256961892588342
-0.305168175994635
-0.281476841297322
-0.441047262809551
-0.220984172629167
-0.392109866243261
-0.383453706714041
-0.292593757020317
-0.269527406686745
-0.182075474139583
-0.410985615899182
-0.294153230926274
-0.317592928747559
-0.169926585192193
-0.223457500034654
-0.249970407381293
-0.312991238186668
-0.248845015754289
-0.37978928167448
-0.237481761235308
-0.203957539383079
-0.297982804313176
-0.263615148283395
-0.316292327160128
-0.380455705406481
-0.289219260753561
-0.237502232922713
-0.379365633068793
-0.231355417975493
-0.361078717650007
-0.305370084009189
-0.385713976168375
-0.168738598953777
-0.219162137629537
-0.225020724218692
-0.196250137157559
-0.151308077025227
-0.2920289927876
-0.0770261308675812
-0.358144902484332
-0.230124885182273
-0.206168354061173
-0.150153734244617
-0.301618319682059
-0.334260699378876
-0.249791615126007
-0.115734922904359
-0.191401667353157
-0.300242447647073
-0.338830872486565
-0.056641726776945
-0.0630848601476494
-0.361840873341585
-0.21721025653741
-0.221979352879517
-0.286500841159765
-0.0297184012036304
-0.159090098037368
-0.223142685330693
-0.201249749012281
-0.146170583019841
-0.233913455072546
-0.161967175973165
-0.0671202327678476
-0.161798317010383
-0.0859606387568455
-0.19264840462882
-0.128249440385384
-0.174616135904715
-0.218673879003424
-0.074897322177759
-0.103660595734978
-0.171212925895085
-0.073204795877277
-0.0180952142712196
-0.101070494072534
-0.0946980702376212
-0.251329004212657
-0.160619552484602
-0.074277082714592
-0.0590427441679928
-0.0840440629628537
-0.0633481925240655
0.0658191246473098
0.0156607003335425
-0.237524382397972
-0.135754716405725
-0.0792625742731652
0.0980148009991921
-0.148484188271114
-0.0621118566114961
-0.174002261765301
-0.0412613442280303
-0.0872488233080881
-0.280534668682878
-0.137951202233577
-0.10754004804891
-0.128981271200943
-0.20121286188708
-0.0327410260440974
-0.108670535192587
-0.0275788868611215
-0.0357121384951555
-0.0359747003505836
-0.0995955349401634
-0.0776327314554704
-0.0174437653780777
-0.0311608326609939
-0.0322649673751196
-0.177035038665988
-0.0983628215768063
-0.0674514745205645
-0.127296155379113
-0.155156832107322
-0.131027722723461
-0.0814911551496548
0.143701809033956
0.0953788115012717
-0.100721313143387
-0.0245349068144275
-0.0364886226392609
0.0581030567355949
0.111227860409775
-0.0189020975271666
-0.0631888154140191
0.0272195983717949
0.0862821289987818
-0.0138936720271705
0.0144053284229392
-0.0212287115970242
0.0102725563454888
0.0246732392726908
-0.0976228590365184
-0.0696680485455568
-0.0112311363287483
-0.00336636532054746
0.0132956258622197
-0.151869515792961
0.111370316282821
-0.0345781310786736
0.0397915233257864
-0.0166100380360486
0.0316899354830798
-0.0880472508911287
-0.0169222625367637
-0.00585262243525827
0.123429887423534
0.0436049026791605
-0.0492984172456461
-0.124820988929115
0.208847497709522
-0.0111349210101973
-0.0261328246127436
0.0827626807266678
0.139010160972286
-0.0306485738606533
-0.0232764067751546
-0.0888096694925848
-0.00559472529274671
0.134674333757643
0.0591665632776608
0.152714426787185
0.0437715621287611
-0.00983065201066868
0.216013977036978
0.106836340058314
-0.0605592275599498
-0.076497987195412
-0.0405414235320719
-0.0883604747859613
0.0455396654908599
0.0919516413250137
0.189606405701617
0.144947326263444
0.0446523543778603
0.0701910160366193
0.0589263726043717
0.0449907773752315
0.122109054696863
0.352590535968645
0.116180776866045
0.0631914048248697
-0.0247141788321084
0.0739151911360166
0.085542741975566
0.116670079243592
0.15910358832517
-0.0335049881901841
0.0746843958940456
0.214738123902069
0.0642076328479741
-0.0360284886250382
0.113640792722461
0.0249028368453174
0.0826538157110069
0.101321538369936
0.10193481146544
0.166576835622798
0.0735179578358439
0.0553470389936311
0.0927706199835863
0.023431731610024
0.131218507932594
0.129837301032671
0.115486380365304
0.194925109449775
-0.0570417090258409
0.117887867260007
0.178122343612228
0.251745813292136
0.0187442333631164
0.0370441639007307
0.192957397265575
-0.0184376078613424
0.177347496196703
0.0265786074619595
0.274394338958369
0.169631575706093
0.156356055130028
0.109760955627103
0.0747561920432347
0.246131114577069
0.087086257634864
0.227852478414075
0.032866007360505
0.252164264303563
0.220217085167004
0.115836172301986
0.0810416211049585
0.34903030432857
0.232732762451097
0.228501686769511
0.177784988488823
0.0946354010769809
0.0541624479428602
0.122235349386235
0.0254717424133079
0.268405460418467
0.266149854992676
-0.0384005096408525
0.28712627054543
0.307075294670507
0.25372118953893
0.221406650843712
0.192487233739498
0.135247133624232
0.172071499295347
0.285482421270686
0.0815532178510015
0.327027849840908
0.291864355829996
0.168664906976025
0.238064144516456
0.226220334875388
0.270057826654271
0.286516027285308
0.106166394132519
0.209685466409441
0.264797375100069
0.260192411368224
0.385752995398732
0.252929900797727
0.224038529858668
0.26590236989415
0.239295656176671
0.148408892778477
0.239592792569949
0.306253451082039
0.0746944994910836
0.206534121933929
0.232007113628018
0.377273777416964
0.169643877678431
0.386621373173311
0.376978782695158
0.269767237574532
0.145998482849866
0.292504377215327
0.251035525572519
0.337778561910598
0.189903969685193
0.375669184873281
0.432505424891592
0.276673758397791
0.265014654332458
0.261062504534479
0.229354618136481
0.407130668972271
0.440524779553179
0.327543375773123
0.197498363664203
0.136140026958395
0.454206621795345
0.307441461182736
0.21258326909717
0.335055261088754
0.234262768250377
0.390588904989545
0.260709623342905
0.287771385984942
0.251426871806466
0.242841960622004
0.387797148559401
0.286642417995579
0.470693090166603
0.289672142964876
0.387640638041063
0.344876598681247
0.396204008541234
0.3098331537451
0.257970367768148
0.391703864178066
0.329664558521915
0.455678939136598
0.328445494252602
0.439075066447021
0.337479632572943
0.301279018983845
0.356950134248651
0.473730173411711
0.45957242674795
0.387470491188867
0.358681605558131
0.34393981684137
0.329890556872854
0.175974697219308
0.437925908861213
0.189291606197199
0.220744087749945
0.415493730459684
0.431563100701286
0.41357447806981
0.343632606076625
0.353176347548572
0.348149560173261
0.349219561633617
0.386291923841328
0.344528696439767
0.345720603880722
0.365807713457991
0.335032260830378
0.275721480520085
0.367223359569501
0.433934615147065
0.361988316174918
0.412055201600948
0.323950261401975
0.333932212681143
0.305554901617465
0.24114339506683
0.56776197719771
0.457187366725408
0.344156190604052
0.425601193926163
0.526907373605298
0.429912178298092
0.458503048693674
0.348440292965019
0.370712682553937
0.401326712244461
0.350779177047047
0.295582883630107
0.417071795383873
0.296079769812283
0.42816559497328
0.506701441265302
0.48841937044571
0.462122669971332
0.48364673743487
0.555215064117917
0.464483907226676
0.502224272366267
0.409547936787764
0.646135926685639
0.378584473323661
0.518228644308779
0.436247032279652
0.405412333292432
0.525001132859885
0.435292123615158
0.566079772414705
0.514044938315349
0.327697864883295
0.380448243175003
0.406873592786873
0.391894582061067
0.600675631826032
0.626823793709567
0.677054584547167
0.460302054605865
0.477601564055522
0.594371821885538
0.500498318027346
0.427251832215751
0.48549720678298
0.436173313488731
0.546446799160775
0.50761403385773
0.640171738606601
0.361665528033362
0.588166401447594
0.582797911883531
0.46075407453172
0.640990831229295
0.560684816328037
0.580712456093295
0.664861030686342
0.516607748699673
0.460647907832489
0.461413171739702
0.605957619406117
0.484290363531335
0.473704697398511
0.614825569620239
0.567472677525149
0.514376232520039
0.577878879108623
0.516531544660816
0.735616249531385
0.701983599978355
0.408086729719633
0.454653373777963
0.571189713450291
0.580743406184852
0.488632629304937
0.36309668026377
0.457297635392651
0.548909854672326
0.575821820212161
0.57170594637725
0.452909465002336
0.692898547587688
0.639233049933122
0.590151614298988
0.580748739531684
0.70616102463991
0.425806538727146
0.369207818293322
0.529164769869763
0.547414958421918
0.537552160171459
0.483200724248671
0.438409080151439
0.560630702408793
0.556945076176101
0.85305124439854
0.676488997746664
0.595453325729762
0.623097672388347
0.709250395749242
0.625126498715493
0.660779295175534
0.660179195478128
0.59065443338089
0.592903441484694
0.557949042168543
0.658239600385048
0.483767143081158
0.691878380484581
0.696410395777167
0.684197044020749
0.73663072755482
0.598682822156915
0.708942643494246
0.629293510709403
0.672836324672103
0.589435641727612
0.733249464372248
0.831744266090067
0.8161905044826
0.628285745858773
0.617703533756654
0.670610033733413
0.789485429673619
0.651219733678999
0.732091665755876
0.691923097662151
0.661518513720859
0.52947532367036
0.589860629687333
0.630103746441189
0.563798815801093
0.785443026126197
0.574077926843365
0.610400931456767
0.479178175587195
0.607350400170348
0.647487697480195
0.509343849152043
0.680616317672066
0.665377405669043
0.732228373474821
0.621343444463613
0.733049411560225
0.66921382769916
0.554895797531282
0.60020967118078
0.74655965918272
0.802204763947787
0.803576542841471
0.741113101022985
0.749581568535258
0.775860484964397
0.625976044793942
0.605175133646489
0.761250694064453
0.721346927684527
0.72843317091071
0.763615205503931
0.786060524369662
0.691110513158975
0.783438770071851
0.800936440446836
0.665639178858288
0.668531371807511
0.666974228145938
0.713195724284696
0.854289997633143
0.859868634612937
0.585579473890135
0.695246598216073
0.883984400010929
0.790359520979594
0.798689993127142
0.65092396177466
0.850763374025567
0.792326841507963
0.811876488008636
0.752444147956674
0.795945508358797
0.913757642650468
0.666093674919717
0.833883255067319
0.823834643629878
0.780999477703289
0.722667375301505
0.756959341458194
0.893430008598492
0.779304461607058
0.812478604249442
0.802263326317851
0.776110601160664
0.762337504172631
0.774384972498791
0.859887884512185
0.703979689712409
0.600868497117824
0.956741603184804
0.688357044107297
0.901276478232301
0.865886028409684
0.861881912558518
0.707182365190355
0.824904490922167
0.905188609441083
0.726653840195494
0.806643304620777
0.821074014296651
0.875730629750894
1.02599468259169
0.861100252692184
0.650392859245305
0.774457381452675
0.794267417631487
0.880036381426557
0.781975821878033
0.840933537023957
0.864201331424003
0.828037722399061
0.691437156273186
0.883488608013005
0.831148847635909
0.94735976984192
0.910254833531817
0.723273172261788
0.951654506268569
0.848453126531281
0.805860915603746
0.746316399966465
0.854045464456949
0.786494506939729
0.857360035998325
0.934228781991496
0.863593334568149
1.04817115143956
0.849583560001878
0.880641821177367
0.681556767075115
0.982617087250498
0.972654295277578
0.963506464677386
0.86103703588924
0.944576894643848
0.853637697090504
0.813822345541886
0.820810926070484
1.02859241286131
0.941524663976925
0.870516959964081
0.905049559167366
0.893570513743204
0.903704652340014
0.957785642863935
0.942558003701185
1.00507359682282
1.00518475820206
0.916238508839827
0.796712739445292
0.82958594354208
0.892352248660517
1.03725230507722
0.934094645627586
1.04378246729628
1.03924727511729
1.0081149899491
0.899488536864775
0.832734609126425
0.894846020006634
1.01084969993298
0.843965821568061
0.90509802560167
0.974631689162162
0.914941051185152
0.857128363643983
1.07990362956352
0.908265020173078
0.769389166075611
0.87649532765931
0.879441077231743
1.02485056838041
1.00827178966387
1.06344536339036
0.952824043190147
1.04490621739607
1.08578512216392
0.974172827701906
1.05440056347909
0.982562386195077
1.09354113932483
0.991908079792245
1.00881646834644
1.00332923748884
0.923449664255523
0.945449985441223
1.12864459883743
