"x"
-1.1122742165078
-1.02629931763066
-1.03966777350088
-1.02923871072012
-0.92840248953951
-1.00511718945711
-0.890266768068334
-0.947980247917549
-1.08992970584058
-1.08970488879694
-1.01749727190387
-0.975870385811112
-0.912194978601799
-1.03725866039317
-0.890987946939254
-0.958578284986154
-0.905155258921395
-1.00804250203039
-1.0064284514221
-0.902055090025225
-1.08446657400802
-0.975202764104203
-0.891941675929943
-0.847649515394637
-1.02067784331607
-0.920058593359281
-0.896833412661499
-1.03584176973514
-0.960151442713871
-0.921580481839863
-1.07126366542386
-0.864510155626926
-0.900937361709478
-0.807514405426731
-0.823013944489945
-0.897965813119537
-0.815146427997342
-0.918518928464174
-0.868518771249689
-0.958963910091006
-0.884012373584753
-1.05814501870409
-1.07318454921713
-0.976894225758686
-0.829770472149782
-0.919272091550563
-1.01510311218377
-0.856505817277434
-0.777058937285347
-0.908756352446903
-0.873638505171949
-0.878809309673963
-0.850235191111134
-0.841650797288709
-0.858765022607653
-0.84915213195298
-0.904464415895297
-0.834942444885277
-0.964567798914792
-0.949105362238986
-0.845705344015102
-0.880363188215919
-0.893448269886413
-0.831118783300443
-0.875913886224115
-0.946513260376968
-0.914878393980723
-0.830737348842027
-0.896648992938364
-1.03809825174889
-0.964024844008103
-0.90107392376383
-0.962998936321403
-0.807539794920984
-0.841851817708603
-0.853069577585591
-0.897074659113582
-0.881279934158346
-0.882281143190244
-0.669375718954288
-0.885340037777061
-0.828698252439913
-0.828635066859612
-0.855462496520574
-0.905854621089788
-0.83058947054313
-0.798491198250621
-0.883339117310767
-0.773950060972448
-0.912294076498636
-0.805254174035261
-0.723774704320386
-0.847904366617269
-0.846195189357823
-0.780623335649302
-0.870649437258231
-0.824673392444542
-0.703624871885378
-0.785814889354506
-0.715982798708207
-0.819451488379622
-0.746031298389155
-0.732956265961328
-0.703386712362486
-0.722700476699738
-0.901968237113083
-0.618128815100579
-0.720026507878743
-0.739978983824819
-0.813944896561021
-0.844332140865031
-0.872544114086384
-0.797399644753163
-0.808197344006633
-0.87903707481258
-0.828224194492953
-0.89449451891904
-0.589004250385426
-0.788868232526135
-0.748249728630183
-0.747767727442106
-0.883225045285373
-0.819687560206982
-0.59467554976389
-0.476082108337791
-0.661283104482377
-0.691564077854335
-0.746357124720016
-0.740854594215369
-0.841411476242989
-0.745331923495274
-0.750943592902946
-0.757567073554975
-0.704398285042902
-0.645912150585172
-0.798697657567187
-0.810312136548591
-0.831665594442353
-0.575818223335336
-0.669503622632159
-0.657108632135757
-0.736654918653087
-0.665489277303441
-0.700835170791348
-0.629775964848519
-0.740244207027845
-0.791950459953348
-0.764877066052048
-0.649755222040312
-0.572945811585034
-0.561671684469209
-0.656316668830711
-0.671918621747494
-0.603669564765111
-0.710587612225587
-0.682287717737618
-0.841246900157984
-0.77465455482278
-0.580076466894227
-0.640807736697254
-0.692362779224573
-0.690522642363442
-0.7729908278218
-0.797515931157037
-0.703050676777572
-0.824710926763947
-0.607998205538641
-0.553250395803554
-0.685916450320292
-0.544776457991027
-0.663916001330861
-0.655131974559691
-0.642491399563575
-0.620542398758498
-0.642628640586399
-0.654189988512069
-0.510641589655503
-0.587877559354842
-0.546864126066115
-0.752015128670794
-0.668303395284545
-0.690156559538926
-0.645335181436913
-0.602273119018287
-0.569328247572641
-0.603474817353036
-0.63854046456478
-0.67153158182622
-0.545347998445308
-0.706109338652236
-0.603195611779797
-0.587788109810219
-0.616070717403407
-0.465277114308333
-0.593463995629716
-0.625478237686209
-0.590905065671127
-0.638336205722608
-0.660045184111965
-0.544291338664475
-0.557266151961403
-0.591555785717462
-0.652399192618587
-0.611370348201298
-0.475618888102946
-0.647200860219001
-0.549714068400329
-0.561322079405931
-0.44379358517184
-0.552582829688623
-0.604911588931381
-0.531423080206479
-0.457051589253308
-0.498592712883671
-0.574094370286065
-0.499725987065691
-0.374143699034041
-0.537452801758581
-0.545894382192377
-0.50168853202936
-0.598345292079336
-0.548478005896514
-0.711615119653156
-0.546377211283264
-0.567072124511903
-0.44481477876072
-0.468889420535129
-0.684146322931193
-0.432393736310053
-0.558681559346613
-0.535642205142263
-0.594993848417354
-0.449832696089841
-0.591219247336595
-0.555900717589271
-0.523721186196343
-0.367013824613483
-0.431660016273858
-0.533803603085176
-0.531486670211289
-0.505732083390683
-0.550607843073325
-0.675569100158673
-0.565476297999918
-0.43103391952576
-0.690959609495566
-0.317075034819241
-0.590952467460739
-0.500041088214249
-0.537033825029014
-0.390088271277238
-0.643937369328291
-0.326480544050962
-0.71003591281776
-0.607076393213006
-0.456524524056451
-0.476469616581027
-0.531456983726902
-0.492227183936971
-0.481392787678861
-0.416899679973817
-0.504425679120699
-0.461486455038551
-0.282644919404644
-0.52056407538422
-0.6165367906912
-0.432773776381042
-0.410828368712974
-0.49426259714072
-0.479334339687133
-0.326250907542443
-0.367492385056199
-0.55285674348883
-0.563456065433745
-0.351786394262209
-0.366557452568747
-0.370841271313083
-0.425656240772605
-0.597908035263623
-0.518663501310194
-0.561106274854309
-0.304859370197412
-0.543619977895459
-0.393693235082036
-0.35097729121186
-0.32797350871674
-0.319438445251851
-0.632021584380979
-0.376572611474923
-0.537455909907418
-0.650504087295507
-0.338032455228237
-0.568044018601701
-0.455901392244597
-0.445269109887687
-0.394814701160842
-0.405960569942864
-0.446428559702076
-0.429749521965998
-0.300626047096609
-0.322892556770614
-0.533550795046306
-0.417658553230457
-0.500192081535514
-0.505319653263221
-0.410059269833774
-0.343281474387324
-0.287056899074193
-0.461686320585949
-0.281057279372432
-0.447109391965966
-0.371134088638703
-0.352596157064715
-0.406866721388378
-0.309246287025039
-0.461287294602706
-0.22992817658983
-0.261537062313614
-0.344874175626023
-0.479495546198507
-0.33437771994936
-0.450134423547094
-0.39988046795785
-0.352958644952771
-0.461246761519521
-0.314455708972252
-0.219522799244605
-0.299470350684147
-0.408545713721933
-0.308195622891619
-0.349760977807445
-0.34633785712458
-0.309388235862098
-0.129686447154344
-0.397770685267442
-0.30118979982366
-0.326167388224811
-0.402824279500779
-0.544309302850912
-0.343976921572525
-0.423611231587688
-0.185304955565265
-0.314379348540777
-0.345908812171649
-0.197847905785508
-0.129074827967765
-0.339679189791993
-0.151760137878267
-0.384837144505532
-0.296613177927934
-0.286813399400876
-0.410054601822339
-0.100044964887517
-0.211057691177339
-0.349409754344174
-0.312665404322572
-0.313998286239453
-0.352726481830416
-0.311731312710018
-0.322248162990631
-0.26665074774933
-0.404752593429125
0.0241825775163551
-0.420394030179746
-0.195937238069756
-0.332771849696135
-0.283878794557531
-0.107634431998556
-0.359892265179766
-0.315278383060868
-0.285149473860413
-0.106156195913244
-0.208618362082559
-0.140507822819028
-0.191016808292691
-0.176858494787289
-0.178044869843957
-0.26016504510652
-0.252117640760698
-0.451136055059094
-0.237152282408394
-0.297415100086221
-0.199172725611759
-0.0667081805600064
-0.325871014191105
-0.213217812147081
-0.325285110719475
-0.254193975899386
-0.281279397649047
-0.296795585457902
-0.250786630715696
-0.0869474732790296
-0.0796543645992053
-0.18606510784308
-0.25592558300919
-0.152493202768229
-0.257563655562181
-0.321547271131955
-0.19787795760795
-0.265780117998029
-0.192195502504432
-0.292449998603927
-0.128849682090985
-0.3563446712367
-0.201327073534616
-0.221142801083944
-0.261496193288503
-0.162404317548187
-0.209965451771503
-0.148420719746173
-0.172647690373037
-0.0814829621404555
-0.0285127803657496
-0.193448004450797
-0.142204964686144
-0.0294197865007255
-0.215590366211744
-0.215876600395637
-0.1941345508463
-0.186819395085503
-0.0803333151364962
-0.230241135610545
-0.160989608961067
-0.0694248606636472
-0.24416951515027
-0.195649445305192
-0.0610774909929133
-0.0720862139655883
-0.151265588594586
-0.161238432569527
-0.123429972187305
-0.180717444170753
-0.287235476830583
-0.0982200455472823
-0.081752342889537
-0.170687964303392
-0.218224084997079
0.0196404389659618
-0.194566637029992
-0.189842657495921
-0.114707999622237
-0.0915529491002431
-0.00885562205560696
-0.0172095079039582
-0.152165973306825
-0.161309502602334
0.185137512345447
0.0188045903152901
-0.0800605610304311
-0.299972925119558
-0.198963454855212
-0.220715482958568
-0.126123904678303
-0.169130620628471
-0.0735200871003773
-0.140411053704618
-0.0605033493753956
-0.0928401955540197
-0.128787944686472
-0.0961135854744618
-0.052709234489288
-0.0170511339871059
-0.124528685336255
-0.136443152862482
-0.127579558658261
-0.0304562917317166
-0.00263641781919096
-0.0807258687910379
-0.00102179343864689
-0.0889233125545764
-0.0163243652950226
-0.0642299984954052
-0.151522014403337
0.0561462059114462
-0.0647688718142714
-0.112653916113373
-0.057479930679614
-0.0440849006483238
0.0477722037541222
-0.130711861758411
0.0769653538907601
0.144581402563755
-0.105309340761585
0.103934591451798
-0.056192869643881
-0.000561632345048884
-0.090833709893303
0.0190891553849274
-0.040660054304049
-0.145865064022959
-0.0162368909742753
-0.0772604160485836
-0.0443649117343851
-0.0386933626843951
0.0823029160969931
0.0772336098319884
0.0156315340062178
-0.0827920164751994
-0.0254142859533031
-0.113195593084946
0.019923778252341
0.106047965901935
-0.0121705242840862
-0.013506878410395
-0.143739734676854
0.183563020418889
-0.0862908974162927
-0.183125688832236
0.096032226459652
0.00918276087470541
0.0585176694016274
0.10124189511948
0.02733661046906
-0.00502589954051924
0.0480075908034068
0.050347390246156
0.0812403829473382
0.101267426268337
0.0840157605921771
0.0229352558226689
0.0773708038759568
0.0784637895044741
-0.113615974319462
0.188710465780159
0.0641734803321193
0.0365674420706375
0.150895844079643
0.094758059740383
0.0552731332583984
0.00984939200941488
0.116500924313587
0.0908475440904547
0.104839658611595
0.0834512537254414
0.19885548742088
0.0178211816472674
0.0382152841959199
0.0138534368169651
0.147269280422901
0.166093593345982
0.101986936620279
0.242614975657867
0.138359859296438
0.0178380558173
0.0724032115250568
0.161451033572748
0.105754128096342
0.043679464060696
0.0173677933749804
0.0496962702090381
0.128269311483335
-0.0364132832284515
0.0872503830171807
0.00135008726823331
0.196216559124594
-0.0468648139579245
0.167342546952267
0.163696928287144
0.114061146612799
0.26957584892227
0.282715211333294
0.227220435017422
0.138674164538722
0.118466905246019
0.0355838567551587
0.19934657968719
0.0469620287058813
0.0536779157827914
0.168622265519227
0.0182624767680909
0.174296397239931
0.137744725511604
0.0569632833470174
0.136185430144814
0.179123582421726
0.0847132735857763
0.260681335981739
0.26010447655083
0.120656368826006
0.100348472406313
0.0915461824634087
0.106863535318336
0.200445592526766
0.185532136919066
0.16307493552447
0.242447200133076
0.0672718092319711
0.355662669384094
0.238468651543878
0.143607123741364
0.192509703250514
0.123987139660233
0.214371863067939
0.274926592089871
0.0402353998421271
0.251542638406738
0.177163860925914
0.0219486759223852
0.168069243021091
0.13781411597449
0.228800355855107
0.159910830060024
0.278639304070001
0.224780332877225
0.129178422883177
0.394389262268997
0.30333653045539
0.0905616404714182
0.182078866011852
0.111686778171021
0.235888294235032
0.282604943435186
0.23742702020281
0.327946829397306
0.313479227026413
0.245184965305395
0.266798240460289
0.322390825647786
0.283077499916408
0.144150438352879
0.195507525075485
0.262531625009867
0.182657338671532
0.312516754840117
0.277981051812034
0.350678787897263
0.263109409664921
0.274963807346783
0.261972415862293
0.322911496630602
0.285079472734304
0.30797711761033
0.283714445905306
0.330398089132521
0.303902116529851
0.224554228719212
0.326902238602076
0.344300229901493
0.264183626932761
0.208102886086839
0.277425913565991
0.332346627684766
0.377051453995417
0.447706385391928
0.267872874806428
0.255338302974928
0.292130818801665
0.395095058669769
0.305365057214563
0.152394916268856
0.347401194763638
0.180969452551682
0.277164765262888
0.283091476177289
0.265104870087645
0.361403525032173
0.359388785402379
0.460399080708136
0.234087197280881
0.330768186997788
0.277203850326848
0.307767932943245
0.263757737324284
0.264038803502583
0.219085028833238
0.400091163708067
0.406812337989583
0.198023828777732
0.325017181259848
0.220609995598275
0.233370106227718
0.204355245149544
0.260038003106732
0.409253311026319
0.378519569483692
0.348730598184212
0.307731896781875
0.260284549127481
0.465155017960463
0.450478611867439
0.57245609415983
0.518352678846994
0.292645735810286
0.385110756860827
0.460291310008962
0.34974034305306
0.417003823775721
0.526920378270842
0.288869777895267
0.348103456699593
0.447033455517563
0.361424530678967
0.358075810290726
0.505280270997825
0.397296076133693
0.306734772759693
0.244334076696741
0.451094690349238
0.298457824704624
0.303990470147583
0.349214529653088
0.309170328883254
0.431827474635979
0.434772694511579
0.342655861514464
0.409236031844292
0.276508192364726
0.410488346760264
0.340573777684852
0.527662221140489
0.447981159955231
0.506450623147888
0.400911239501203
0.385143484898931
0.256409732245827
0.42908210916721
0.549647069030788
0.393102265867139
0.3736815715464
0.453095963838642
0.455827048677407
0.469989026882802
0.376025677218798
0.462601715546891
0.52552884441261
0.500037616939257
0.273261462892545
0.42814627631146
0.394904167394434
0.580923947430427
0.533756083592104
0.397195999551336
0.408239299695663
0.49254248334152
0.46249664838541
0.485168658599844
0.368810298884688
0.443290898918959
0.473565542213392
0.589191052456204
0.531191397556535
0.597195107753906
0.423237197798402
0.56108090848149
0.534059690633977
0.546739324932905
0.476241930411992
0.623607448317052
0.539295790180597
0.511205507448644
0.366030339560803
0.341200353357675
0.471449368113569
0.392555674613699
0.567640981622736
0.446872279499127
0.602374622550312
0.527232983629409
0.484500384203811
0.690761469342194
0.613582368832318
0.646507939084984
0.472029744773992
0.519997259139083
0.421402018772687
0.567969265682271
0.540039317743299
0.51116188789991
0.629348196266609
0.577240249521175
0.538459808629768
0.501834052629223
0.67055696593751
0.615041131932578
0.527625528870969
0.511880231843404
0.628171894374958
0.600111338302064
0.624582570432722
0.363584272853258
0.499202692861229
0.690821474490329
0.536975029777401
0.673829914736442
0.588954223567722
0.620130777819046
0.584968061858701
0.684654200432046
0.617955720336418
0.628286323222464
0.691220362181778
0.545322288208551
0.545339573225519
0.581134544390851
0.48455760705072
0.515557062420827
0.530246633684696
0.607479518151319
0.641232080987932
0.472856963578781
0.607708422964602
0.504256811895118
0.682080872261094
0.641996900678331
0.533427402692111
0.580235751841434
0.48945975044317
0.54397413484918
0.637537147730508
0.633948405761837
0.571547109133579
0.65026578903266
0.55440421371442
0.679491469306052
0.766527638339726
0.434728025518162
0.506434340413416
0.528497176336461
0.641976135987479
0.634435264649332
0.572581469922598
0.59043373507724
0.629569905052599
0.64947120823293
0.688311182763076
0.739327782387511
0.613574854915306
0.758887605435867
0.510419657138077
0.618494291996591
0.726038876823582
0.711729149018019
0.61183347419302
0.554041659153307
0.752879176993747
0.808919421310516
0.612586569538681
0.829287159922032
0.776070376945883
0.636005298326755
0.688413063354713
0.837499636180628
0.76407914031732
0.635859133817734
0.664042575031093
0.669929835307893
0.662517210057482
0.653107197908299
0.592885712599812
0.726100193076356
0.514996441309093
0.780182655331384
0.839388316002016
0.669877580386609
0.59269297525282
0.665588768365453
0.712871724738412
0.672592537943445
0.662167355910705
0.634609152110985
0.678406355651158
0.605771513180345
0.78924572013897
0.712936868931329
0.669394911959018
0.716771858041849
0.582885423186453
0.568914425898345
0.716450852970787
0.825328335260547
0.78910308384236
0.751408339784664
0.622018094472117
0.780925977967856
0.520498357966206
0.863800613104965
0.73261068887405
0.774104482953045
0.633935376885473
0.624396806065438
0.627321034077309
0.854541297978123
0.659601650974193
0.8851638134079
0.773473317147506
0.737110568466873
0.755154879313679
0.649312132369062
0.76323767742218
0.78644036052074
0.701688750619533
0.687966261323862
0.792171101588118
0.760459866399623
0.740003905323193
0.789439623887064
0.827853364239231
0.806302066511542
0.923455434951129
0.8059913950375
0.857063685087899
0.865703364075418
0.834605502681304
0.788313144882035
0.752658548976
0.630953723040648
0.910640870141674
0.866492787563311
0.880587885743953
1.06016526698683
0.889372861803847
0.857620733848619
0.780998284652155
0.837876763231834
0.912617811198941
0.752895507549682
0.789401244963597
0.859949864434145
0.982548306021926
0.83939455356055
0.817229967763342
0.748824295214075
0.853978261246533
0.901114425190938
0.855521000927281
0.901659960368026
0.73875814754155
0.721388348016565
0.862506411500243
0.870946776516859
0.967494303341365
0.812075042397528
0.928893098277006
0.860453047154496
0.891851093712592
0.79560335883744
0.989284654140654
0.843885576059596
1.04229592006737
0.770512659113776
0.819455040316776
1.02531126201498
0.828524266632167
0.977486489397193
0.917487111156768
0.836653614684004
0.785651394217621
0.956246664829073
1.05381033878384
0.781873082770572
0.945029159961167
0.882605530297669
0.839295945510524
0.986152104956077
0.983211947220806
0.928310702783533
0.845926418207813
0.874375191399691
0.986233117768141
0.836558069435728
0.823275869494412
0.907076824506929
0.933763620702719
0.838598081572568
0.933716986338747
1.02617796040264
0.950153067477685
1.02675360757965
0.886889213484323
0.815027584495021
0.835013976914935
1.01474022242786
0.976938554163583
0.829632528529484
0.93044602549625
0.941462098219558
0.895432617288553
0.913865084058215
0.9248931723174
0.902102975875993
1.10109444190609
1.09190552130561
0.891026326243857
0.983133146347446
1.02180170782717
0.909384281972243
1.1060198528227
1.01252681812571
1.06158942037642
0.969879159879403
1.06564368253059
1.04030489812357
0.905173031387099
0.944886382961968
1.01093754368898
1.00417904921728
0.945228384933336
1.05253917475303
0.950766396646693
0.894190812823116
