"x"
-1.05107588152854
-1.13029430782575
-1.01866017173552
-0.92901994919095
-1.03540328130708
-0.974989861104678
-1.07059095383235
-0.960176944529311
-1.14791420855423
-1.03007867379034
-0.956613117174375
-1.00944777443667
-1.01354693612408
-1.14055266547279
-1.12311102985567
-1.0074171418278
-1.04861349362476
-1.10997123737053
-0.843672355054989
-1.03568764871706
-1.00775148594305
-0.916323563877951
-0.915442953063825
-0.965269652080024
-0.894696079149893
-0.873882902382438
-1.00827278121302
-0.858982482230234
-0.921017388653963
-0.873330485408225
-0.933311267076361
-0.917963189163497
-1.00843369715335
-0.840124811085007
-0.864584390331732
-1.04213850812386
-1.04352328768738
-0.94792833139112
-0.896781981259242
-0.96552577544955
-1.02896769279421
-0.788847991268107
-0.986343897407715
-0.968111258602827
-0.950435847508098
-0.927205567005126
-1.00940234584388
-0.939520185365635
-0.865220213607169
-0.980632153106268
-0.89580489933174
-0.967942103982178
-0.88985256335038
-1.06882629194623
-0.876714604678431
-1.00778643646982
-0.927512147683701
-0.732197097356389
-0.793094548158892
-0.868466194256586
-0.855052224448804
-0.893553587360676
-0.721004990345843
-0.881103508115658
-0.943965811248576
-0.8496793833632
-0.925266702849822
-0.984786734640973
-0.980156454231684
-0.820716179174472
-0.775202814349821
-0.869624377852113
-0.797920170076162
-0.838104037939561
-0.956368545673466
-0.836515692565741
-0.886839848577954
-0.637326293494693
-0.841221327874432
-0.739840979278983
-0.711834327628264
-0.752945302325558
-0.852255809668676
-0.88819737749734
-0.994593724212407
-0.813113525661193
-0.806819457886436
-0.898711246597542
-0.796582566798121
-0.877259303243258
-0.779837490389844
-0.846629346158132
-0.935842549166276
-0.783950812228477
-0.790204239485796
-0.721099864546202
-0.729663120479317
-0.732408232816602
-0.728592776059746
-0.716140219552646
-0.876341805203864
-0.735822314994308
-0.624045184892392
-0.881816387986483
-0.815052847198333
-0.782620853885897
-0.850263795027186
-0.81768390715412
-0.757819760494876
-0.693156144344241
-0.706387818840914
-0.796476904267892
-0.710526869854058
-0.890086995870076
-0.709970371194607
-0.92031159579907
-0.7348923959541
-0.903351041809879
-0.684751898753328
-0.878470990105825
-0.743809502330709
-0.809335261672138
-0.828241323911576
-0.97694899153043
-0.742775666626331
-0.851234271433133
-0.754110862771526
-0.642213799919116
-0.706364842276859
-0.688347898005815
-0.708938932132687
-0.783274915941703
-0.788636374567093
-0.877134442250457
-0.898960924216055
-0.800881227782836
-0.618432862219019
-0.617215235440268
-0.748820129715737
-0.69336254709067
-0.805998905530536
-0.458653256358371
-0.680651120945664
-0.761029387566392
-0.650643144162753
-0.502319711279558
-0.868824578305562
-0.539226183525582
-0.675031464881509
-0.624832442052799
-0.810527973546259
-0.671046731019004
-0.790007539086818
-0.740188887701504
-0.600874279649166
-0.642777239221907
-0.589368141315037
-0.639131324623052
-0.618926116728181
-0.684505220183176
-0.610600660640173
-0.727235425644208
-0.617135222707611
-0.551502376908044
-0.646455989905326
-0.626411487323377
-0.720134254787276
-0.592301719662837
-0.569515314818595
-0.697657923914126
-0.746420621952688
-0.613477422528788
-0.651484317596084
-0.639597015599288
-0.602277355822986
-0.522671506254791
-0.571676560741161
-0.586832247366054
-0.648937452867861
-0.682323469433052
-0.748583215487469
-0.709055665002499
-0.434070372880185
-0.586074613609317
-0.62354432910407
-0.69160107076973
-0.569033806940502
-0.593333386859628
-0.730166819549009
-0.622162891751315
-0.689076292671241
-0.625563998310517
-0.732664364471715
-0.700119998408793
-0.501425055514413
-0.647373419520495
-0.650587306789921
-0.680061460789679
-0.73545976477157
-0.505231751908638
-0.669533865723497
-0.603913081810561
-0.648256506605726
-0.597284444917302
-0.587208367293534
-0.530166777131201
-0.638825862374568
-0.595478750125997
-0.639776318732845
-0.501535277860841
-0.479787661017395
-0.485270587051407
-0.580416763713785
-0.495817972547428
-0.510727115230637
-0.534890194160783
-0.458135999935482
-0.497286805249713
-0.597859154288519
-0.582163829292951
-0.562023470352867
-0.597712590043296
-0.607894807291991
-0.534437832876181
-0.417405520974715
-0.555765604123683
-0.478296899948338
-0.584325588313733
-0.534136447745547
-0.468652629361341
-0.432887820370125
-0.602806318780109
-0.492753564277791
-0.52761670625963
-0.54131094527832
-0.478538570315823
-0.546943351791684
-0.525919138405101
-0.577495599096655
-0.516887368736484
-0.579667228977261
-0.559872452796716
-0.466452840483448
-0.636640704074786
-0.531230221939329
-0.522675818617028
-0.519441366397865
-0.55430583005065
-0.473974641446833
-0.555550240392661
-0.506212916582635
-0.590883968733951
-0.384962977399317
-0.627569513310842
-0.465194653723144
-0.549934710673909
-0.488707113215183
-0.531255814598178
-0.467373947279623
-0.483803750133008
-0.605418360987746
-0.625548811718164
-0.345961392417473
-0.549230187991583
-0.408044102286694
-0.48443650489655
-0.431065268403901
-0.547848796107998
-0.412691447332477
-0.404028385342076
-0.339715470277767
-0.454052590371732
-0.561275402138746
-0.44846608526381
-0.414737569856456
-0.337279294318171
-0.463935228546046
-0.504628056687415
-0.535958849809559
-0.446483872584353
-0.463675144100439
-0.539008452773349
-0.311382290788568
-0.422585103638808
-0.427518631667852
-0.376097948438649
-0.367160522958664
-0.335312304592858
-0.320775680867175
-0.339609065906877
-0.444145901213645
-0.272652913731156
-0.308812688167819
-0.526486598774355
-0.352120105783362
-0.39625774469945
-0.461545870512997
-0.244546640744996
-0.432435322195236
-0.411426352682159
-0.426848770735306
-0.375244577793449
-0.37302762837653
-0.487363450591851
-0.313414358552818
-0.395081554902196
-0.372138692070443
-0.459169324211869
-0.474844994837273
-0.356801947945829
-0.434540860279003
-0.301715740197968
-0.325879585171435
-0.39854664127287
-0.324966191120024
-0.317436348510168
-0.42107176886994
-0.17888370241685
-0.433925755875113
-0.236986082119544
-0.37962159079003
-0.41882756425493
-0.399121618663042
-0.399236904125107
-0.362413437621865
-0.483748737254357
-0.12326136782365
-0.343230573621728
-0.350519224261833
-0.155841124425858
-0.346850172735715
-0.252154579045673
-0.350213103457646
-0.317968185779262
-0.333272104397408
-0.437059661978562
-0.325585293795431
-0.40536103829575
-0.395787035080067
-0.248819382039613
-0.330129354508832
-0.376637022303121
-0.243711145656458
-0.433433160896236
-0.376037805919465
-0.234606455614614
-0.352596145635858
-0.486939797555306
-0.402297566997417
-0.200443860257401
-0.300464175864026
-0.298200485155398
-0.205962665922984
-0.269169821675178
-0.198792150661457
-0.254284718859947
-0.328170801686859
-0.275572044419896
-0.428326861615161
-0.214446714994185
-0.407452453465855
-0.394490345653975
-0.308895322781595
-0.255236575846018
-0.19509750313354
-0.388023162720743
-0.298867641653181
-0.306719077582989
-0.165161648390725
-0.180660420697168
-0.243642660690755
-0.30117476016433
-0.292884655731374
-0.390714946867363
-0.242625812314127
-0.196890139127003
-0.312683757199312
-0.255485603492183
-0.330737123303713
-0.386111061533388
-0.280883801812374
-0.234264798688132
-0.360496369683135
-0.225274518411564
-0.341161411999459
-0.305513430960161
-0.384397995066439
-0.172847309406069
-0.22126495569253
-0.205919139756208
-0.194703263312805
-0.172788059049051
-0.273075759437752
-0.0668109256422192
-0.346528485823466
-0.220868961368864
-0.201768403886712
-0.148799188518317
-0.294702977537781
-0.323154491050948
-0.244484485309252
-0.109527500449598
-0.218740605678828
-0.281940923249581
-0.342170267436115
-0.0388110502675253
-0.0628090266152228
-0.377985530891725
-0.227055991533496
-0.241617596437963
-0.271028300923476
-0.0507778234132716
-0.164982811527721
-0.258872249280892
-0.205664556820597
-0.149130038500053
-0.213570187108047
-0.178049252553573
-0.0692822378340368
-0.153262214106584
-0.0824932275283929
-0.189818643745377
-0.162625528228755
-0.187826692826345
-0.209118312501028
-0.0545228732146955
-0.0769023865415941
-0.176182139996819
-0.0760584755263781
-0.0203905924291744
-0.0930235690915765
-0.0910680642141124
-0.255570177002612
-0.146057614862081
-0.0620171632450333
-0.0426610713299502
-0.0886885847317091
-0.0342910695004782
0.066951699419186
0.0138489920155561
-0.243120264472524
-0.13102872121439
-0.0743930788664377
0.0831559839442997
-0.135559279434163
-0.0805720141711014
-0.159442121136795
-0.0532696137898199
-0.0600339297012526
-0.279047135937948
-0.128334993979386
-0.124398821978432
-0.124834152045746
-0.215163001422506
-0.0150898525932534
-0.113818985480572
-0.0272893311157779
-0.0397176826082469
-0.0499357317541607
-0.130749302101934
-0.0872008121971583
-0.022165140359868
-0.0433084881648637
-0.0448761953800474
-0.170194618345928
-0.0992533637446757
-0.0369774100760433
-0.134753917913295
-0.150884855889112
-0.139155033754742
-0.0790179593408583
0.172665027774215
0.0872611020492629
-0.0994138796441575
-0.0051270340227281
-0.0258308371665199
0.0424753537254848
0.117118026492594
-0.0161808841455325
-0.0492393958285021
0.0220290545208971
0.0978644447729281
-0.00184358712249256
0.00484388415281988
-0.0318867193751002
0.0157072464088506
0.0450937784512421
-0.0871548944357425
-0.0618377036572649
0.00266639756542044
-0.00689808972954786
0.0111434634370099
-0.144191855374194
0.108959313190976
-0.0573711691004106
0.0610036937536965
-0.0259590784104348
0.0237934478052552
-0.0598937868181127
-0.0388433540228697
0.0157671844086054
0.141276810509762
0.053504316945297
-0.0518038570758099
-0.129504794337714
0.177890652058532
-0.0281544902190319
-0.0337368685397766
0.0896434872903026
0.158391314088383
-0.0370984759729733
-0.0309386546262885
-0.093249956505249
-0.00499795396367642
0.135743300516921
0.0435015994179567
0.159524764896995
0.0486213298685679
-0.0303747488531032
0.198452172988547
0.123855717095352
-0.0512799589135268
-0.0988211629102723
-0.0420537137885997
-0.0585018259522186
0.0321008960412943
0.0872590204914666
0.182662609808889
0.122953344723071
0.0236487282174225
0.0587635834644172
0.0594710988342735
0.0283082942966624
0.114653320798201
0.356090836763603
0.129090852243765
0.0631532548019645
-0.0396567352240861
0.0754706126442955
0.0868138832807451
0.136601606651475
0.163694127400767
-0.0271950050707622
0.0865715051633068
0.201549261734087
0.0721344325277732
-0.0180054048760926
0.123935513279378
0.0119278503975209
0.104106518138375
0.105977275590596
0.101498156935561
0.165601903227813
0.0662931523899486
0.0501269233203832
0.0651832652608829
0.0370402946455279
0.123528144779335
0.107603517853532
0.132229358984034
0.206817578515472
-0.0387399519287634
0.0906003186366965
0.164386762695204
0.242417030214056
0.0491264802893524
0.0334582281154805
0.184686324348925
-0.00869448688814319
0.196120522315926
0.0257579812157421
0.2619110653274
0.183034172123253
0.138508697608657
0.116825413184265
0.0850388585200075
0.248618288657318
0.072256403132913
0.221261685045625
0.0131151138761694
0.250378665255489
0.229671783991133
0.12462344950481
0.0763527747985892
0.344523953606921
0.255491756991295
0.250463207869531
0.192135726962122
0.0841370291726054
0.058200339951493
0.105937386916194
0.020019647745235
0.256679505589089
0.287883753566412
-0.0386779818018993
0.262549264647845
0.291881457940846
0.232924718494497
0.222117381339835
0.201323186554887
0.136232553946067
0.18401525952643
0.264760573302733
0.104014897090514
0.330263187674869
0.286197930111939
0.163316340701681
0.209814033592277
0.233290377515623
0.263317633793304
0.306176313207983
0.107444248145169
0.195302635997633
0.267058612377463
0.270788861015199
0.394304920224361
0.264606207654699
0.228654731614791
0.276017525535807
0.238953657365515
0.135862844610968
0.277649858046012
0.306955268643355
0.0539410830320519
0.199740156335055
0.22045935821409
0.38152459807345
0.148664477195772
0.370467854068641
0.362851861350354
0.263701504743896
0.149787401881215
0.26665103307957
0.259085045876053
0.341290486898013
0.186020516459006
0.382786363646604
0.443653572021623
0.283389590994031
0.256972480244203
0.245224184594296
0.227799605852703
0.398009882389212
0.455588368778468
0.327215062240643
0.190053065623104
0.147810726196137
0.462064317609128
0.305467113732918
0.216299198173611
0.318594767758023
0.2745863031325
0.39428633457425
0.271028593604407
0.285373060337104
0.246276001588196
0.247648497646209
0.387140508251122
0.291323237673331
0.471224836490686
0.292431293327593
0.373130019102603
0.351822814462658
0.370857047858033
0.304200775796825
0.246631052344478
0.403908584997959
0.335675645272216
0.463602446591145
0.309959814080954
0.441482011965815
0.343942738009578
0.294992547193054
0.377462716930877
0.475246244613348
0.44931665663764
0.417563104895289
0.384444549879621
0.363896290815387
0.325201540269463
0.173149449590835
0.441715292251106
0.193328271748506
0.21473427833118
0.410709522576063
0.429947068710277
0.412662220645705
0.356304446970904
0.35151760537669
0.378254231714942
0.381861566366858
0.347596123682853
0.329087671407994
0.354157725256927
0.381793738966745
0.354819787831771
0.269775591822642
0.37909554158809
0.441063161687094
0.373145240877703
0.417316309409263
0.324599974867045
0.360511276576043
0.300033279939712
0.225647848350379
0.555406391615611
0.474959186129542
0.334582740993114
0.413465902051811
0.528177156266042
0.435955569000178
0.459059096558347
0.322657550674954
0.329294074660757
0.415416074581112
0.363431589958654
0.310169068629003
0.40330231965665
0.3188750067024
0.435734032216348
0.530639249777275
0.461726905841904
0.461473830065685
0.488128710369005
0.548825717015108
0.451789055480317
0.503665103974461
0.394258255744648
0.62543285478521
0.361112602781373
0.550787260283421
0.445089403575878
0.410563529369722
0.515845703799652
0.400488217122641
0.546114659406355
0.503499342279384
0.31380726548552
0.382576343009658
0.405108487534824
0.389752426965053
0.573571201906747
0.61720042927919
0.688551625526996
0.454407089875767
0.480171543263209
0.600529366885717
0.498463993274881
0.42368709903882
0.47028570944761
0.459521171381027
0.524850649822152
0.507626056404542
0.643888483594196
0.364068951778236
0.61325500056235
0.58385176620786
0.462670848998339
0.639827021366968
0.568715853735711
0.585987709743319
0.637764997070389
0.529097455725297
0.432105331495138
0.462566832727975
0.597503462893581
0.470774570646845
0.470360898624821
0.594844168194579
0.570736536141323
0.513471049221007
0.578578407058564
0.486196641589569
0.718694862272139
0.688128230574609
0.38793681701924
0.450506541767617
0.56930342937085
0.558509006991657
0.479801392611945
0.354286228664279
0.469620921286846
0.530837606933663
0.587999331583247
0.60729167903602
0.434549239968958
0.696847789579753
0.659960791117528
0.581284228220056
0.604964869856501
0.690339105678206
0.433523566324449
0.348970134005006
0.534805627119262
0.527766047397484
0.527357553684996
0.470622016459994
0.437252976756789
0.581241594223743
0.57067388409152
0.82498303473014
0.68242712201526
0.581124666573208
0.653540535216193
0.69219022650996
0.627746464634155
0.68306478092592
0.650060903193814
0.591789637206749
0.570103732803454
0.559490503913998
0.692715448186106
0.535243665371742
0.680156811988224
0.664866064451062
0.683262445014326
0.726047365750171
0.598932115322212
0.684359098787399
0.635824322942829
0.667323179616261
0.611057576938393
0.746453266125262
0.849485026258404
0.839617919778471
0.62948461105141
0.614118159799237
0.662068086706899
0.815315096075854
0.651750260646587
0.719041615423285
0.693603692071422
0.676281554026247
0.549367690036167
0.61091791961018
0.644050490062946
0.564931265379887
0.784365524321136
0.572838483441952
0.642805866718694
0.487569090866746
0.607656872809335
0.653991967012499
0.525887764968736
0.653847063516201
0.648805085513668
0.743686583811422
0.630617888854662
0.729239013968061
0.657736551611947
0.545663406930951
0.617926649879858
0.732992148481234
0.78928508625364
0.815412430908206
0.725923234751202
0.723741423632317
0.751701284540874
0.637603230294343
0.600554787083575
0.768128242883245
0.743598552261778
0.728544243169463
0.760260359362233
0.814498202401693
0.669933873334075
0.801764461144138
0.814692366064182
0.680534907577691
0.652009143244006
0.663169120850742
0.695071943344079
0.828797788544141
0.858267317699938
0.576127290275447
0.705553452729974
0.873937172748355
0.789196340169231
0.811654017774913
0.668087454194897
0.865212517370391
0.791791856303374
0.826380879853126
0.759453178168147
0.785743802965164
0.899534568509958
0.649916741313199
0.841954214553302
0.79925692849888
0.791723749701892
0.722930479960433
0.792906057348898
0.884225310280626
0.79642387090549
0.816668378536363
0.783145283865328
0.777993425263168
0.752679875217331
0.778775435604015
0.839046430622886
0.689358198189338
0.603227761069509
0.958214738737135
0.685342014308887
0.899391531781791
0.88082557332249
0.866730827596004
0.708536951047779
0.833707637283903
0.914229744891413
0.724240281953895
0.815297299097223
0.837090480659029
0.898202462325366
1.03037300437572
0.873936367534127
0.642983270330165
0.759887996877342
0.814390345708108
0.88148700241272
0.813523956361228
0.830664539451117
0.856117807061894
0.817015096996438
0.678752078883277
0.890656355943989
0.833330194492919
0.96092508642032
0.902964275562198
0.735279332156962
0.954714454412387
0.84511148381334
0.806896525884245
0.724218702059311
0.84761831127226
0.796436037114631
0.84968515673699
0.936308113538751
0.854167105525197
1.03959719505225
0.854697974191249
0.887500796143992
0.685768181462014
0.976012215828475
0.950084647347022
0.967497714594976
0.825910255305568
0.938798221825577
0.854961074726653
0.809278118231251
0.813623782579417
1.02953158326744
0.95839085831987
0.858633766617674
0.907620784132956
0.868038544486534
0.907563488657827
0.951700722657917
0.936620838134274
1.01490218113829
1.01072562946673
0.912710570794488
0.816377856622275
0.837454890703307
0.911340488038747
1.03001833207754
0.917895347584867
1.01171964411033
1.03515946447568
0.994898088918058
0.875391966948174
0.823917364080404
0.884928515423594
1.01662607673292
0.851487854513956
0.922633205993708
0.955698113638825
0.908432958355135
0.841210813209402
1.0616821685976
0.918776551362013
0.753729925588123
0.896361469434662
0.868539746057547
0.989854862983017
1.02063087628293
1.06424709576666
0.940042769586497
1.05923801136253
1.09593811274093
0.964960442511818
1.0570417335272
0.985452232289359
1.08307654191407
0.987791697701292
1.03713343595993
1.01366822484934
0.939250764657618
0.940192616358609
1.14393316124581
