"x"
-0.925324934148921
-1.00493003886456
-1.13647049396687
-1.11268796657211
-1.06643038129094
-1.02102084611384
-0.927302919318067
-0.910360636217536
-1.0662849564484
-0.9669194726297
-0.940530337238187
-1.10449863960134
-0.942351739626019
-0.852393560417787
-0.80987130356647
-1.03900108597951
-1.08342241622636
-0.936377023595544
-0.993947521477644
-0.820782652840091
-0.830978591732169
-0.884866517267553
-0.961516637222529
-0.975126636431689
-0.837605837336114
-1.09044238609919
-0.985433031857829
-1.10706779143716
-0.937592994977506
-1.03200064149579
-0.907445535684942
-0.880947252438661
-0.958342012931455
-0.998818236318141
-0.881846728328124
-1.01184804741346
-0.884282536390113
-1.05669121500107
-0.860188215396996
-0.919035684314241
-0.962920418426025
-1.06951864228068
-0.96397575822842
-0.970709092358072
-0.886936045606065
-0.944087462176254
-0.901874625410305
-0.680229025472466
-0.867699169927393
-0.951835694337658
-1.00740043324254
-0.917101974315807
-0.820276812820337
-0.800846417981425
-0.897900008751471
-0.919179526084229
-0.828455718513308
-0.892963524040226
-0.888761986946568
-0.784114430831854
-0.88619927397564
-1.02316344496887
-0.875968819461903
-0.838628158161872
-0.88869386243328
-0.866804689437717
-0.796361878090405
-0.866073728539001
-0.84763020874673
-0.964808799799557
-0.720257183586086
-0.736767736750463
-1.00816773359012
-0.886357514580813
-0.793280191363564
-0.857096903741236
-0.959529787352724
-0.747766893197261
-0.894753379576141
-0.774888923889857
-0.849963543581086
-0.75637676159796
-0.972227296085411
-0.766580406409455
-1.01416314912911
-0.814461302074383
-0.997523613789656
-0.83547818024619
-0.739821499928396
-0.728188766556082
-0.774586854522543
-0.82433317533566
-0.834606280836328
-0.809968627458191
-0.794752662917567
-0.803839712449252
-0.759736799125028
-0.700030674424774
-0.909945876636133
-0.730940286140723
-0.744250747980001
-0.829927140816052
-0.615898621868231
-0.692274406841688
-0.780897651305396
-0.781788728513583
-0.725867902568982
-0.671738673639404
-0.818262725440889
-0.739682456849767
-0.603249131355339
-0.818243082315478
-0.845786696596822
-0.756054118157901
-0.858356798434751
-0.857637703555278
-0.767521525900951
-0.777383143188978
-0.603986886388722
-0.732826551121505
-0.631081043306299
-0.887348448693357
-0.823277163261048
-0.855348849639392
-0.854352827797722
-0.710502634313509
-0.854996212311087
-0.759527218542577
-0.803143129789723
-0.687757376350555
-0.667936244039321
-0.733090375026414
-0.66662553032021
-0.824174820018405
-0.731071766283011
-0.763355207067936
-0.680763513810443
-0.823693625859339
-0.664538137213033
-0.662499446035584
-0.623866428708682
-0.569189768592602
-0.880727597629057
-0.551511950144882
-0.656070137644606
-0.761396070878159
-0.772990598640907
-0.697349897756997
-0.67707666920045
-0.642690465180099
-0.592643523067479
-0.555695166908595
-0.650283925731144
-0.758016170103701
-0.731838793174134
-0.626704366494857
-0.702807647270573
-0.619717321540058
-0.681094368944202
-0.660545273788909
-0.782777662606386
-0.618383540894284
-0.674667228948515
-0.547732259869072
-0.591494580243017
-0.742543049569893
-0.729505366467871
-0.630785381732596
-0.74554350878171
-0.732899858772303
-0.583353487313281
-0.648172908725875
-0.535761222993912
-0.676014437178906
-0.704597376994784
-0.655237172277314
-0.719117723822549
-0.636727749660863
-0.810349845709939
-0.630852041707145
-0.727828595887309
-0.61712288423692
-0.62285060096181
-0.67349134455136
-0.669724083438733
-0.619577838007117
-0.618773660584455
-0.578055356317788
-0.613954172316841
-0.745511580512608
-0.63314905720455
-0.745572756948121
-0.490937811791135
-0.606258415429783
-0.672180640937413
-0.572893201326678
-0.653144405762021
-0.574550761984746
-0.632214117364031
-0.697132629201203
-0.71456052539917
-0.535527586051057
-0.560734483012667
-0.527540324798042
-0.668517560084882
-0.638452145350861
-0.389184412412141
-0.594438214113801
-0.474712182135856
-0.308777266476309
-0.52771640533
-0.515088623870871
-0.650736948866442
-0.522857348889903
-0.639209073322963
-0.525748197831121
-0.326938550630373
-0.503752047451196
-0.720400149868903
-0.720791253758867
-0.61961423581336
-0.618544242330146
-0.412936572797323
-0.810924840804408
-0.699019248360873
-0.615214779707204
-0.442515428739157
-0.52045873088188
-0.387728683751452
-0.576401742312375
-0.636645165173813
-0.667816595468038
-0.599417426090043
-0.584571196676409
-0.515492934642841
-0.440681836694381
-0.721194892810634
-0.454497256801284
-0.54068276677386
-0.476063360914188
-0.515214782900595
-0.574876738376292
-0.493601032976164
-0.580804120025879
-0.582727467370641
-0.381171146893998
-0.522695782530423
-0.427240010204798
-0.433777347347988
-0.649843040674884
-0.400370885539015
-0.475181800542731
-0.4360596620545
-0.3992899305109
-0.622996932458214
-0.505966876411021
-0.510487303156898
-0.497941855136451
-0.456609807296743
-0.378397901021201
-0.589012283574158
-0.539049396850635
-0.242734586591962
-0.517138515765696
-0.621231452736031
-0.567359172154693
-0.425580727014742
-0.528765007609452
-0.538715272999423
-0.473572963738149
-0.483037350535536
-0.3567151180224
-0.415472922798318
-0.394487818007509
-0.434690677876572
-0.653327567297217
-0.463138632605826
-0.492828522044814
-0.426323357191685
-0.470329237904465
-0.42129618977735
-0.437578985870519
-0.477451150542828
-0.427400708113878
-0.474491403617053
-0.491779841545159
-0.371757252653518
-0.414608675906776
-0.330906389432552
-0.629401228369636
-0.473022048556949
-0.394131927471744
-0.584950632445912
-0.437856228611086
-0.398814137116631
-0.444566250890824
-0.449192596761864
-0.44838369169204
-0.303563231532209
-0.562491563172149
-0.469038822358762
-0.455446513268019
-0.314871862933794
-0.408872175354
-0.253644216745874
-0.376892138010445
-0.539435012012392
-0.168092884067425
-0.314138991714701
-0.315142141955475
-0.344788611673283
-0.33050559702469
-0.402140142690431
-0.20825941410352
-0.404258898417983
-0.347067447298195
-0.329993869232287
-0.163553123643604
-0.454281843633342
-0.428931458873647
-0.317161562725247
-0.380978577083676
-0.340659151455731
-0.434543279113284
-0.410530803026229
-0.414921148628805
-0.19078178042576
-0.299899829024168
-0.368319431723862
-0.453974294933849
-0.18142546653957
-0.225008218295121
-0.277878742592004
-0.296637525612868
-0.285782370386325
-0.356604572016799
-0.265045132422634
-0.261329854112507
-0.334223986745033
-0.230544485204198
-0.296011156034473
-0.251830842999406
-0.339716182517071
-0.225232659404646
-0.345154526942099
-0.362554643178995
-0.283778949266996
-0.372141945430506
-0.28321178561449
-0.414378163309999
-0.193747621858676
-0.281944832513244
-0.312743121600594
-0.164307576592341
-0.402739055744737
-0.312473319127107
-0.266899947199758
-0.308465554286609
-0.250234901553331
-0.274778568577867
-0.252624127825612
-0.365513563762239
-0.275987248768858
-0.140099200611119
-0.208329936291408
-0.268606627659344
-0.291303356106721
-0.205631094168897
-0.211343977159861
-0.291556143729466
-0.211729580581888
-0.273241465287084
-0.146300694380772
-0.148034047752561
-0.26493000700562
-0.280255306567781
-0.160392525227663
-0.314624906741495
-0.157494874437153
-0.245167685542406
-0.235433957143783
-0.312551427949081
-0.1647376891839
-0.194863914295586
-0.198909534945315
-0.278000120816755
-0.296879276349596
-0.259759269400002
-0.255905036895594
-0.162128113907172
-0.302712561094774
-0.155190588757451
-0.233566116744275
-0.26000070673731
-0.273130173750187
-0.237411258193113
-0.0617617103515232
-0.323527530737514
-0.240806478790483
-0.0364166135868549
-0.156953552622917
-0.326357721942405
-0.0661591814823297
-0.171578836548576
-0.312956435965954
-0.271745148769631
-0.0193100837801567
-0.322777011842608
-0.24452449173368
-0.104073261663502
-0.199779108206183
-0.0963576428514634
-0.174220911288503
-0.186192914253469
-0.131898292592604
-0.134042531044674
0.105974125535651
-0.0336563151741818
-0.0769767595618882
-0.175330390719125
-0.140045508711763
-0.166528170836288
-0.138148992769192
-0.131873737974907
-0.126527926290734
-0.206013969071222
-0.029862844851412
-0.0415970944779255
-0.05238518915191
-0.179925173677397
-0.23895277592593
-0.181439711438703
-0.0927287996147467
-0.0652559906059605
-0.100112564064013
-0.114014168850765
0.0436493320590144
-0.0669994237459672
-0.0942557174451245
-0.135382556701123
-0.122060776203016
-0.20287521997122
-0.261920832348389
-0.198446163377607
-0.163130885205491
-0.188628752913769
-0.15744746956917
-0.303424991678293
-0.202049654217115
-0.140861856965408
0.0715962655945056
-0.0528662613224492
-0.0197880623621786
-0.125466162616818
-0.0129789485436905
-0.137672683961211
0.00506044386211198
-0.114875777954692
-0.141072060772486
-0.167487502159797
-0.0848675058691514
-0.0305992724711667
-0.0831507298438426
-0.0623054118106258
-0.136845563331912
-0.190870480931739
-0.136111112817698
-0.0252028443950643
-0.0302894209951087
0.0157712164005174
-0.092429517874283
-0.134827557470637
-0.0168042438836895
0.00253160384974812
-0.316865970359845
-0.115811407618986
-0.246083447738819
0.0220140019616453
-0.0690889213623494
-0.0422403192772501
-0.00636060633374763
-0.0903909527945961
0.0502476643145829
0.0254096452845421
-0.0580463909835856
0.0132194804690217
-0.199697011260072
-0.0205966178292388
-0.0828095585645129
-0.17567340523325
0.00197855673339494
0.126541428353782
-0.0126907261322534
-0.126935189015118
0.0742574578917835
-0.128176159555635
-0.163877617047112
0.0384591089044694
0.0218741903381546
0.0346165615261686
-0.0264015918543948
-0.0110089377238745
0.0333269953218688
-0.0147881968658711
-0.0533840746639798
0.232475742775131
-0.15075113093278
-0.039352486521784
-0.0384181636590464
0.0529242365415129
0.0404494668937409
-0.0566175844439504
0.0238331998418762
-0.139574010149227
-0.0303886147545404
-0.0171206413923303
0.0589805431304277
-0.0326157832848738
0.00523901167338032
0.179845527619955
-0.0943890475094191
-0.010381711727486
0.012277375060134
-0.0799595516898064
-0.00690416243831786
-0.0525772852725714
0.188895888000371
0.0938996636000102
0.0913289357826
0.195554803973126
0.0501263052282378
0.0217810960587465
0.158662365383245
0.156445931543524
0.11410433744157
0.19123545159923
0.0977860061711801
0.0753384849305147
0.186386427696809
0.116672320841248
-0.0787751991554857
0.131466928574067
0.0700715986649739
0.034908656602362
0.0102596293828302
0.0872850539762798
0.0729374052004692
0.141550368442385
-0.0167643758936089
0.100389600586425
-0.0082130349444774
0.19627899821218
0.113260691305722
0.115561311888632
0.186719198726677
0.0577144768222704
0.109948409100011
0.159442068373775
0.120519951141769
0.199110023587258
-0.00266986336841678
0.0168434108404558
0.0541453752527089
0.0323417719356675
0.361069728300654
0.259486549114312
0.238920253105046
0.0205456752945708
0.197030136910255
0.00287242392409823
0.125848811967656
0.254490483691978
-0.00173999025061817
-0.0122557417568893
0.112621948758515
0.20717978042716
0.146959972530598
0.140826337196601
0.189219603798332
0.252659391239232
0.167930681858175
0.223904446697746
0.0846542952767971
0.183043169466139
0.103714774277033
-0.0187137458649982
0.121126766992769
0.0958674687018196
0.194320120021432
0.286290991640197
0.207124297597095
0.155170850722942
0.256411913256067
0.18449762798594
0.181269035369113
0.205442225359318
0.224692965538002
0.192400767702507
0.141089594215849
0.130516226030915
0.214792173198711
0.222109478271785
0.223422850131584
0.363651781262172
0.21880211956938
0.022727397930405
0.222443595633583
0.204105728941037
0.383837679111578
0.145711902556691
0.239283212912431
0.258883883664155
0.150718448516826
0.384163648289142
0.29229850572061
0.219561742273559
0.263830702460232
0.134071010404075
0.319330525440942
0.453864982130632
0.352162738325965
0.157035982057251
0.269142840227408
0.248466664440203
0.318349781509732
0.291758097733694
0.375896812169642
0.161102743821186
0.320548950996995
0.322738029909582
0.196296818135657
0.194950907210951
0.259944919278414
0.359406684980669
0.231217107079937
0.424550670284788
0.308601032069231
0.445691122125606
0.259712564026592
0.279890962863926
0.298454327634965
0.282566923667942
0.194248761761969
0.245977111353473
0.206544329819056
0.357767467013223
0.391106993876216
0.358039358980185
0.249557078264441
0.453646530246442
0.524385529904741
0.412877579200173
0.358073566158959
0.346730931492415
0.0892559357795784
0.337239716934386
0.394076494007154
0.186864799396107
0.451371517485102
0.323317219572763
0.337410065569418
0.37120619616035
0.323867413809676
0.422309493563492
0.283790373621813
0.340553099040992
0.29991661468645
0.291566632901843
0.410313206784777
0.323428290150901
0.363693210657976
0.365088663762704
0.253168164241494
0.43164355311308
0.356455490301
0.282073937894451
0.303346051699233
0.364953221549159
0.387602853963752
0.460006612544327
0.323078183071717
0.386986374011146
0.385448945581863
0.50212308036131
0.431524568345395
0.381353684750227
0.371725022108616
0.424709214562044
0.363300150859449
0.383481440195837
0.480653002391714
0.279486492643998
0.484394921743118
0.40029829239172
0.386684718363285
0.365154929955314
0.362443583043035
0.46636633472842
0.428144781487539
0.506507774855435
0.323543242331529
0.276195141900875
0.386427246531363
0.621579175372056
0.390696289501813
0.558281608961816
0.350066357922303
0.299826436293186
0.342889236012745
0.443947614466213
0.419668525665641
0.384416931094148
0.367533483278382
0.476508812308306
0.453515364645583
0.649787944428057
0.450000811914595
0.486521655638326
0.483330099451551
0.387511189685349
0.502859018876288
0.420518283881383
0.37205419346624
0.539029140710803
0.613153508800513
0.279208205341742
0.519962330835453
0.464114778195829
0.62648142742438
0.322404174026519
0.424938333201844
0.546662934643472
0.457835545883335
0.524025428070974
0.528453579355292
0.393263330139647
0.552912772326436
0.533345164376291
0.536736974978896
0.253671841651963
0.43284296676814
0.41779455818094
0.346130940606356
0.574066259077944
0.410024937327315
0.501220984665667
0.547598700487467
0.415537614179479
0.345259811528885
0.576312376495013
0.445816829035896
0.394424403712052
0.562460418630777
0.483042224747574
0.495490378437292
0.359100646694419
0.483273347205834
0.567346767873018
0.467201965894492
0.531259239920148
0.529389250411284
0.458526101181552
0.448176851315083
0.569880767697137
0.424340383296595
0.532591016609144
0.55125509095736
0.563241938320532
0.498113351459244
0.475502723635931
0.476262611448847
0.418221439824877
0.550396060719666
0.541133139421189
0.66099017140649
0.631796757779712
0.582453011388502
0.358886998436619
0.548842184145234
0.497813012460776
0.594712310309645
0.490486945473585
0.47015563378392
0.600756488364764
0.57195009058506
0.442778755794148
0.569701210437327
0.521505433980788
0.619165358209316
0.540796456552415
0.448475221899746
0.738781607916418
0.59321549938698
0.625011228582097
0.571976206362837
0.647384047173221
0.513378875864439
0.599882151685604
0.428387177962543
0.66835050770993
0.538065700396362
0.556220373851237
0.657104010136145
0.771289272986181
0.613911189296782
0.723926000644168
0.579864032357392
0.560652896934044
0.667035430643256
0.653918049988334
0.768553908848716
0.719842183890159
0.579642757568119
0.637416668888537
0.686598934088591
0.511942277766103
0.640551567050101
0.546480066370495
0.609547824044279
0.531744197308433
0.539511910330968
0.629805587960202
0.517804866560902
0.649810106467236
0.785960271566813
0.557095852841334
0.743929892730662
0.780841601556257
0.662809955138793
0.67737700335426
0.614047008926721
0.612559380091792
0.681809610111453
0.809325064124299
0.649910540535513
0.557420763301887
0.70199813688289
0.584111769923851
0.521322240171833
0.645126596806561
0.603837509973313
0.753630296785324
0.672819560987353
0.60847959363515
0.55785362538144
0.607279274954975
0.717270669996513
0.695300423221038
0.748619399922222
0.670965177678427
0.732120678324072
0.877420031022896
0.852878296811647
0.55983903318652
0.787801756776782
0.730655198433383
0.793076392495915
0.647179166356235
0.706485924344814
0.780292511049769
0.723051762631772
0.758602274635452
0.750727549696885
0.678577306410886
0.711949280013249
0.770617636049617
0.694237774875356
0.705434211746083
0.712226179183812
0.64559873148713
0.724516177687293
0.749512202832532
0.68482017533445
0.69784467482215
0.657376401101638
0.826452925267858
0.695283365126566
0.660816238066376
0.737522695324154
0.622625822057782
0.672736578554874
0.761462890595134
0.724448714561229
0.771368741071748
0.616814700820481
0.647378570474423
0.632499706931192
0.770876291926328
0.722389369006211
0.895517191396247
0.807222280933812
0.731258919739398
0.869794019815712
0.686333821176302
0.753998330938605
0.772677821261884
0.798938428393765
0.787962243033418
0.877258560327392
0.755875003152833
0.823256214252739
0.739520851027192
0.804122687197908
0.989259817064512
0.900542216132463
0.850512707526766
0.820211488099868
0.938355889825023
0.770246683627365
0.809887541653168
0.808138926441024
0.827144438891226
0.945956655924913
0.789313427735712
0.786536725914859
0.83762191643302
1.02900882446307
0.645351087142576
0.812173974370879
0.781351162866649
0.870759159185202
0.830398773852088
0.828803841746603
0.789891928841754
0.928640977060602
0.615890747091514
0.934014202682785
0.856601709285591
0.667566744131906
0.895295698992357
0.914407574729171
0.955953819859009
0.873003395316777
0.954685739126928
0.788910607645087
0.812265780079258
0.879543160340166
0.981499347692131
0.931950614895578
0.856560448113409
1.00723638434954
0.830472883879455
0.781498725711685
0.976659632946519
0.955708164910812
0.807799790707947
0.837777651473526
0.883664122541644
0.961047578553107
0.935035632779909
1.0022323040396
0.987538210226051
1.01082585562572
0.937289768009299
0.822825118910658
0.88787111363838
0.963692349468374
1.04823307323307
0.938920880352626
0.91548341687624
0.964565585047663
0.955618280432954
1.00463786104318
1.06595670936768
0.918506773852368
0.906541325682991
0.845332150599666
1.02299023824255
0.946199184326889
0.934764936812057
0.875355236385033
1.06628122041196
0.962540853963596
0.958812067620426
0.926738994666465
0.953784989228668
0.867834938434997
0.941367136691679
1.05134099519782
1.01513244003489
0.844252446469804
1.08379728710197
0.985369672877114
0.834833854036035
0.929971329025417
0.921685781753168
1.1218909055663
0.955869214592235
1.09736264291603
1.03781920767575
0.89906152314849
0.784185823593998
0.997217552498311
1.11364371780691
1.11808655396726
1.07476884053223
0.92118238936311
1.10829491155687
1.00928352091657
0.999108074733326
