"x"
-1.16605511889254
-1.09255520167383
-1.11759762762745
-0.902311123291658
-0.933673125521339
-0.944766628372241
-0.997742604526625
-0.928908127995395
-1.14019392614726
-1.01228982332838
-1.00678307117166
-1.01150292754163
-0.91229970370523
-0.858431281109891
-0.910747744494555
-0.962437652023436
-1.00413541422001
-0.989161392703506
-0.963024129447527
-0.878306054948886
-0.922684517721279
-0.976035141009277
-0.844204665780966
-0.906669561658136
-0.963764744249584
-0.796255840244305
-0.930290059822595
-0.882310511192572
-0.916843015660853
-0.967070792455853
-0.965884497880835
-1.00532878648177
-0.916838340196987
-0.917904499178086
-1.03506120160833
-0.944399803419069
-0.915605652813938
-0.93443665582203
-0.827719037036706
-0.835307301566771
-0.917650779212204
-0.77199830534127
-0.81040126675479
-0.802867744910028
-1.00408297988233
-0.905988136782008
-0.881315365697642
-0.940365894007921
-0.877746953705756
-0.883057420229772
-0.796056507319578
-0.984779931528707
-0.859826817639311
-0.871963096495667
-0.8944839534834
-1.02737511690797
-0.923205103571303
-0.919682919317143
-0.965064850779141
-0.907380338639624
-0.717710675933782
-0.943719929055935
-0.899454515098159
-0.780534954328866
-0.81673923509083
-0.726346906219951
-0.898850579900942
-0.84843533292065
-0.821828441152163
-0.815798677761356
-0.861581634173128
-0.833318966700493
-1.06395453200586
-0.972988668426021
-0.95269609484046
-0.9261390522906
-0.847086160766247
-0.717565525436217
-0.76535628985411
-0.825531351852757
-0.845026669569836
-0.835223648352153
-0.870188161677088
-0.830637719705233
-0.79008325012988
-0.738528152360307
-0.806384573936513
-0.889388612092399
-0.86100180247181
-0.775130940658344
-0.723554568459994
-0.737057023065612
-0.772095876669202
-0.628073391508865
-0.806014963239328
-0.916041832121115
-0.854529134578271
-0.706616662426998
-0.791003588470669
-0.737899863386424
-0.881978353325594
-0.791591537266432
-0.839978445468406
-0.871503216029866
-0.808729574994349
-0.853378374343933
-0.795706836593395
-0.806545446874851
-0.827623098992551
-0.78946222822875
-0.819953338896389
-0.803668143207888
-0.784183161295979
-0.61979499029063
-0.785652982767591
-0.873089117040686
-0.675119636980809
-0.712679064453242
-0.644251662010856
-0.66532435985332
-0.683035492523298
-0.788634575461779
-0.707301086408902
-0.794021172051816
-0.730437709187022
-0.676981258400659
-0.719134669197306
-0.580873326628052
-0.669106108363905
-0.787306360739641
-0.675527077164491
-0.874903156286928
-0.612940590363249
-0.624192564034218
-0.739856374369836
-0.779476096708794
-0.743251440839632
-0.719134064731213
-0.656856106444818
-0.771954948919282
-0.675368688448099
-0.766545784096885
-0.78869548071441
-0.860083649591324
-0.606991964314453
-0.776316434665964
-0.646694461216196
-0.760831314711346
-0.756555426279965
-0.739812116661214
-0.5594118973425
-0.64266455076698
-0.770961811530958
-0.594918061498945
-0.767609578269882
-0.712593339516668
-0.573539841238407
-0.716479818844959
-0.766333204708098
-0.733606707523843
-0.712406087533198
-0.777530552383334
-0.590323098373936
-0.590797520103389
-0.674356529854778
-0.562914060721882
-0.550485093930162
-0.709893437578245
-0.534448559902697
-0.755945217994137
-0.734035300895494
-0.664680684925619
-0.736769718325014
-0.543799246092825
-0.736981339329192
-0.675845524834183
-0.700974340201933
-0.6213658706708
-0.688099056831972
-0.685387212928472
-0.686004193677566
-0.600254195338366
-0.603145363116255
-0.592965907068086
-0.679177601231778
-0.63052597109928
-0.612102170205774
-0.676127534894351
-0.675195408117703
-0.862127681097597
-0.529200724511582
-0.676928062229064
-0.616949057786242
-0.642256245683158
-0.62477220157097
-0.664251322010054
-0.544130355241124
-0.739893941210148
-0.542461918037872
-0.575725141268753
-0.589458046701823
-0.71797595715333
-0.625207440202801
-0.652044716326442
-0.628195932026093
-0.664204518943587
-0.416941341579424
-0.507461188563253
-0.752980963158238
-0.663938503651049
-0.546437067983739
-0.478061830207358
-0.537488458979511
-0.526963876599112
-0.692429321899273
-0.436531787887407
-0.401066678371722
-0.721706339648341
-0.600886682771549
-0.556277713476631
-0.535903739179243
-0.499995822835153
-0.627408933102557
-0.414326796716004
-0.4861188192636
-0.644755726617031
-0.684096595448328
-0.472388724504051
-0.394836334934309
-0.446578867486612
-0.616366731430643
-0.564105169032136
-0.377583855353256
-0.562199431638507
-0.511625444191829
-0.555625552749057
-0.602998000533557
-0.420980791247165
-0.57723076753161
-0.516567311409358
-0.565195296259407
-0.410491422949142
-0.58234383725493
-0.494207354122455
-0.38777875100959
-0.522667487593701
-0.571188147002618
-0.567075637757138
-0.431743477088635
-0.469606781342243
-0.565018398497671
-0.533408487406115
-0.544219212711506
-0.539377125498853
-0.667324266949743
-0.478579778640215
-0.414947294574825
-0.35556929569646
-0.477390977887646
-0.544686874203921
-0.485094388420618
-0.420364474698725
-0.536149627864106
-0.372876966579654
-0.48939179161072
-0.417005405034977
-0.477586716126267
-0.475471421367171
-0.346272546663306
-0.354550210662168
-0.465560476610211
-0.531852015764393
-0.485861106792479
-0.289237578587865
-0.467317412102433
-0.419353394538746
-0.394802194397893
-0.508011816036247
-0.538504422584565
-0.463540534732257
-0.332253826822725
-0.374375477494005
-0.531333810322258
-0.417535573717598
-0.377371893476086
-0.349329103947335
-0.454974690806191
-0.467822139944033
-0.31053793695941
-0.352230732675765
-0.402107361828878
-0.572736436578942
-0.388163013205703
-0.421436081043032
-0.412179292386303
-0.314309904585695
-0.551751393364545
-0.357657303725376
-0.476451003671693
-0.495833755084648
-0.358086538196527
-0.396549251393394
-0.363150390734635
-0.383027875920652
-0.220357127409627
-0.244134901085018
-0.369856497482328
-0.455510229896346
-0.29301148353061
-0.478175660252589
-0.312319984415142
-0.555202965362609
-0.470582024480103
-0.252779160632803
-0.389093047758508
-0.273668678001193
-0.391894974090112
-0.533971755185131
-0.264628434464769
-0.293997437728202
-0.305653302912229
-0.345154116726639
-0.220994577749686
-0.222937476586837
-0.335924241903954
-0.32423693471319
-0.351759253404673
-0.290051713344831
-0.477464137068037
-0.365053379665686
-0.365343715277511
-0.325075478873461
-0.136232839890976
-0.416039293743473
-0.467407876327844
-0.439384839276032
-0.339454520874921
-0.395003837809185
-0.283679326032523
-0.407105750715929
-0.273267910911914
-0.385019431922588
-0.343013624060451
-0.263379472863373
-0.323194023213349
-0.27214751466377
-0.415362530222069
-0.294527191384803
-0.26237030756572
-0.291283121700152
-0.472485190222988
-0.348908459575503
-0.256174863433926
-0.209566754967281
-0.304090295779543
-0.341939732677258
-0.285359387503326
-0.361035816586152
-0.204591792053324
-0.320360055413589
-0.253689487168936
-0.385006492815755
-0.34805343086269
-0.338601765849581
-0.27140100514292
-0.370664007470081
-0.280811974377437
-0.248658240134773
-0.122213750161095
-0.135109408067744
-0.163732033073568
-0.2931811728096
-0.302018067486609
-0.210445191820014
-0.314075751370423
-0.166353562496087
-0.275488753720451
-0.0646765977968218
-0.258515969439168
-0.447911500176713
-0.34164360997937
-0.227806590328136
-0.173863478529315
-0.380608155015871
-0.37047659171063
-0.246742113571004
-0.156848431404382
-0.132930180026794
-0.280771075280348
-0.162228586091229
-0.285731112580313
-0.141989676675208
-0.135794608191327
-0.373560820293242
-0.159188657205365
-0.28618645179749
-0.18681489555213
-0.182310216877949
-0.181685414530817
-0.209547478910974
-0.130044051882845
-0.187671739354881
-0.359510408172328
-0.220230504909924
-0.0666058827055627
-0.325345027988702
-0.19002784638893
-0.198226739276026
-0.0185922005171601
-0.189669775181436
-0.152866944737952
-0.0884209011233488
-0.237603075062588
-0.210300085253551
-0.148022908891554
-0.356811714358339
-0.111100067090515
-0.313807437453086
-0.133526807339031
-0.0854469846905746
-0.25142381448348
-0.147121853845188
-0.219856034892099
-0.270341243978333
-0.264362358495445
-0.107708826186551
-0.131156958581934
-0.0100960927797671
-0.182875656600814
-0.0536484183676125
-0.241521267467865
-0.302897199134753
-0.237965889996893
-0.194693408959361
-0.259294578073471
-0.0744145397364519
-0.167182977008308
-0.0164542389645006
-0.0718995995503473
0.0614832701809962
-0.0316468900057257
-0.105955098689049
0.00584592668851971
-0.170981995509534
-0.16328318904672
-0.117453785093758
-0.0966356378257372
-0.022398030653313
-0.190685217459613
-0.0894940766291484
-0.0993831257486696
-0.0134502729861763
-0.191225565009583
-0.169532507832259
-0.153385335252632
-0.0711687711976192
-0.0863709874150802
-0.00660721354156252
-0.19119247395836
-0.194649080993903
-0.147954450460774
-0.0300757057029203
-0.176382655395488
-0.17886335180028
-0.149364800594845
0.0308376784328952
-0.0788093002515847
-0.0300351214182773
-0.142470141094246
-0.164824709049631
-0.148789067262881
-0.145613622286339
-0.216065171110043
-0.134672780019267
-0.0811973751738721
-0.129142328841034
0.0962268160974755
0.0274165977589664
-0.15055251419312
-0.0956469816919922
-0.136286513654545
0.000488281320515264
-0.0960006958133227
-0.172727890318085
0.0913650410945526
0.138480420194599
0.0667337318782027
0.0393168031552115
-0.16345114987435
-0.0539686633000505
-0.0370990647342662
-0.0429090597379822
-0.0297676531013846
0.031448856489523
0.0383278459196252
-0.134793140884676
-0.159602610699342
0.117102483185227
-0.100103800599911
-0.00784341455196783
0.0629395814362421
-0.0855273079841936
0.0468906956924868
0.0536636269595631
0.0176359148995307
0.0414175105886229
-0.105977466671426
-0.199753624652449
0.0962483621947555
-0.101026967516501
-0.0388166094743754
-0.0140936199598126
0.0580891597243767
-0.114361071673014
0.0404522309853896
0.178881154126516
-0.0413036983767209
0.0579903640389145
0.111154454361297
0.0847538830697203
-0.0334910165626951
0.11370124721962
-0.00706523263284691
0.0411494767102314
0.00218636880842493
0.21492519096606
0.144606981954069
0.129234085941343
0.052054672406279
0.087161851159241
0.0959136489417537
0.0585574692336454
0.05105086161489
0.123117084462051
0.0507573934590265
0.128854041667614
0.0501564922205241
0.0120570758734682
0.117697065972171
0.000126242297551142
-0.00681621065971264
0.161103661490757
0.0827363431920679
0.0128725479255959
-0.0611127034727462
-0.0124902260135275
0.191026379990129
-0.0118958558455598
0.131947111945973
0.00040938910707774
0.0460511651801825
0.0949534599045141
0.00277523141953098
0.180701260054197
0.101943757476061
0.235781274673605
0.0354429945279819
0.186972505592637
0.0339715226016876
0.155767407305744
0.0570034003555518
-0.118723879947428
0.123166651251691
0.0843181074256722
0.211705991265867
0.249472103146445
0.246751617798287
0.00990439351599877
0.147749131140443
0.244748688472774
0.159269684158963
0.106533746537521
0.13351573378069
0.0670417087549907
0.174944027086065
0.144098365723898
0.0325994544287639
0.134910096702483
0.192009312643549
0.0940604787009607
0.350065888610395
0.0614403764534632
0.205095133226777
0.217227192305687
0.165483299475616
0.100027520534422
0.244602147730369
0.113761042638176
0.186574162561063
0.29207860481821
0.290708596967959
0.25964496301346
0.122702622497527
0.0774540733424469
0.125600770991626
0.191108638306301
0.135061654537726
0.216134212130378
0.145781001757673
0.295772473693826
0.107924286217786
0.0550980587801089
0.198174684286056
0.171255112520948
0.38537892533575
0.320772108048865
0.187749204075416
0.355882545982037
0.23761755920407
0.237678087467237
0.267051096097932
0.23090165052231
0.192693135008528
0.138319927154112
0.263533603188289
0.310401369498404
0.289544537154126
0.23268124195062
0.346999127566502
0.249028416851093
0.360772868678835
0.212096746502142
0.143847182720712
0.249936100336809
0.293968895068293
0.259525387887521
0.169242194946869
0.337080491569608
0.246042371862647
0.310247320142455
0.2887108942298
0.128036720102598
0.0671549153892776
0.199097189716619
0.381186026550728
0.288008996934455
0.260945173112383
0.327047162486716
0.344092384811023
0.216757511966533
0.0725358243722862
0.379881755605284
0.298422070540315
0.218581066220752
0.359399694490587
0.0677421910834784
0.317065887486919
0.200897267163338
0.245102640040998
0.272095892425227
0.267660875835634
0.269470589308796
0.389715395478775
0.336154409697115
0.384013342931216
0.385728726986266
0.443930921404874
0.227471112876077
0.400394194092296
0.288541643686378
0.330262050820561
0.207235012710847
0.378338396291466
0.228901071009913
0.527149797583958
0.462184038139574
0.291595145978809
0.323201172100958
0.394191740580969
0.367045513957942
0.250115046784852
0.259723241423127
0.290168794209088
0.321124035453914
0.404767040893668
0.387515398742339
0.251732038975599
0.487514045826675
0.449531296702077
0.423276841105362
0.477432405378621
0.501635036340131
0.348306513952912
0.401458712557406
0.52728953918778
0.180509902105417
0.362717619304146
0.439234513443568
0.262564665430309
0.309693666319673
0.230303135810656
0.531395249840363
0.377506253767869
0.30967590370958
0.484768267412109
0.434787448625389
0.395980504525948
0.380890396797563
0.438178251329849
0.340901248161624
0.495381902124333
0.412040533386535
0.435992514168191
0.384114261607405
0.44769544893645
0.36760905149007
0.385410528374456
0.425996341854565
0.385158487384722
0.405420329584296
0.425712678422686
0.286992678293772
0.417235869441379
0.402018353946801
0.475664404477097
0.393838932368149
0.482645448024406
0.375036352166393
0.430799550220183
0.431730069786425
0.277407679742063
0.400935655224108
0.560948861360476
0.487705631961404
0.567699825651134
0.607046522415789
0.438492939750499
0.475315354089547
0.321238667413
0.538391944725448
0.466721007588297
0.344472684030396
0.546223943613026
0.508625041138483
0.473972336510277
0.577199109749333
0.454919706237236
0.514328092161386
0.536049787353854
0.567746508117638
0.442674722125901
0.573288670893324
0.440025587202449
0.558179921225199
0.404701892382768
0.391774667371771
0.456554918674122
0.726117041472867
0.522097990706492
0.499824529632792
0.415003646478526
0.515707709744839
0.570015916039004
0.542537641293228
0.383767964455858
0.578367280410839
0.673942823365739
0.447675772102061
0.445570809802249
0.43397976901977
0.383278304410895
0.529447727680453
0.567422371445043
0.478759890285999
0.54784205949657
0.506685096619205
0.441584285484071
0.440900138443925
0.552827033180668
0.521092138884495
0.600706876989971
0.656698091609833
0.617483748847643
0.376084927429297
0.506427794626713
0.56843571249385
0.603207035483114
0.596236773626605
0.425358053429348
0.550982074925735
0.618903889086815
0.607107494241916
0.555103314343779
0.636638895124615
0.567003583252597
0.532496399752866
0.623336139887242
0.568633241007065
0.652981203440037
0.565916284601376
0.616816174801079
0.392274944142553
0.457880756037152
0.610609526055216
0.560447224418183
0.63224555412597
0.542133768387538
0.550068594116852
0.55002021116889
0.561993199090634
0.629147703190688
0.568922036818191
0.452767745576955
0.831132159216271
0.645722404091319
0.578039283726639
0.598204849000232
0.689737232565511
0.499241272578093
0.69379124801905
0.613344233967724
0.594956200799345
0.587617603759287
0.635111395639327
0.637916470362813
0.631863840665093
0.729385211952849
0.574580292819655
0.744281746205764
0.563170529146778
0.608342275229651
0.683171756667117
0.607002067165205
0.590896800953894
0.78892617113046
0.761162255904159
0.608419135932665
0.654999267721554
0.694125369592201
0.714257531138158
0.70698310064245
0.656167042934179
0.759915427968631
0.764862179099477
0.742603583928818
0.56895557091304
0.612541681718217
0.695542256786572
0.728820542434756
0.723702520521865
0.658241836200659
0.518867471319293
0.622436575281254
0.772231342962393
0.603503122112585
0.717260844265413
0.697326646206208
0.815673593609158
0.660191639418966
0.623633090554702
0.58870095114375
0.768527019418294
0.748608018573567
0.615019569777842
0.675521012835228
0.68776229134024
0.68404642713727
0.71213918366333
0.663762991448119
0.741294054839173
0.610964720168709
0.881299675694303
0.622225796517691
0.555110522632207
0.780935164265914
0.737650213785589
0.77111369992838
0.674177232876747
0.8437318006572
0.683280747880887
0.719311060291166
0.7178113199786
0.758156732081502
0.716282600866702
0.82975033769324
0.873939096069068
0.909725463738076
0.741998511402336
0.669964845619697
0.567225288042088
0.717931169827061
0.72004586179251
0.835199798250382
0.756157585711165
0.690157022172073
0.8722741067056
0.69052833547859
0.850207487231148
0.76580470063247
0.670155363301758
0.842327074535428
0.714638538907537
0.941564776118293
0.74201355884079
0.666661059930385
0.845958968092795
0.832206018501875
0.697019893431128
0.780036507471657
0.74794878560228
0.829100700534257
0.776225797253278
0.821833172374067
0.65786370248832
0.661252768440884
0.86852913121095
0.828744785229505
0.811442077833942
0.840774217658505
0.862474846331397
0.928129840419449
0.840441376601277
0.773594741100363
0.916786717484355
0.966761593213671
0.773205184345153
0.903911058990515
0.675397860150519
0.74973519915818
0.82609813662061
1.02829714211623
0.757373720311226
0.885961379053845
0.815450716336822
0.689900087016468
0.848031930583177
0.919714736978938
0.785933380817294
0.777503526615073
0.885881884486875
0.865980304776588
1.01610460274681
0.861677677709294
0.896834959489366
0.904161201250853
1.01133221572461
0.800380244820376
0.858060146859457
0.9525006370947
0.782004437625297
0.952989514996721
0.939661883424231
0.679838992230135
0.869809783496425
1.03369963099332
0.911208846233407
0.732073886136501
0.953678411245357
0.780424726555017
0.926630020523697
0.869611116410239
0.768674486832792
0.870096861809654
1.06817876126298
0.848213258768736
0.822678485618956
0.992872601702363
0.935301345707339
0.89424212682473
0.957093166532194
0.899974588030799
0.887646700633283
0.916593976119575
1.04068193004617
1.04576495886955
0.84583299257736
0.908817795218857
1.07540052354067
1.06725290006431
1.0274327872291
0.998597257816359
0.94217577236124
0.829381529127426
1.04069756517889
0.993403480000718
0.905225672860744
0.800257667373569
1.0284323956189
0.999121252859561
0.774055884340511
0.763076808327288
0.814051236519428
0.959031229200839
0.835148075736696
0.961214376896467
0.830374583699203
0.972328852534641
0.992854702563475
1.07675679411865
1.01125037140226
1.00041501518512
0.998831291113886
0.98142110729249
1.00861664975459
1.02926766292755
0.980795654859455
1.04012946163217
1.28320483578968
1.13578586857308
0.998447409404455
