"x"
-1.10288765793527
-1.02509237732515
-1.04547161710194
-1.01984708801258
-0.942478711163229
-1.02253708315928
-0.877771773795559
-0.95458819214408
-1.10105156524389
-1.09087966587449
-1.00213815351352
-0.965232344075125
-0.921690884172826
-1.04961088651402
-0.887549087965252
-0.971746752012099
-0.885651902370701
-1.00623660826706
-1.02847265950873
-0.888300088539062
-1.09429206013864
-0.995126240736963
-0.873470703552033
-0.863599156680353
-1.0228907030863
-0.91013685419723
-0.90012363247006
-1.00969126606081
-0.954461623299707
-0.922699674086897
-1.05460713394899
-0.865663965491043
-0.892260440416574
-0.823063695982524
-0.862983834884592
-0.898494181444361
-0.796872709632829
-0.925863569504339
-0.874619372144379
-0.968429583119999
-0.889413031880023
-1.06023050433983
-1.07874082653398
-0.949933590850345
-0.825345425958692
-0.922745732497817
-0.99319657246183
-0.847686589595356
-0.777488406931085
-0.900156324995849
-0.878568198083311
-0.88526350208164
-0.829662493887453
-0.855689250837932
-0.861117777121898
-0.859473203974093
-0.925083502438981
-0.815987445206758
-0.981718728002739
-0.944018582256737
-0.845182301062429
-0.86830459141747
-0.905046643817369
-0.842148665662769
-0.882933838154812
-0.941937000382694
-0.911188485477531
-0.835403367627634
-0.926638694313511
-1.06320531147023
-0.972209051761408
-0.896695765119746
-0.979662715264396
-0.806637866068045
-0.825541125836715
-0.864663609216097
-0.897431699806142
-0.911719878731446
-0.896568021717863
-0.663390227819482
-0.885617108121512
-0.841442053418598
-0.842795759596892
-0.867198236577296
-0.930239743244372
-0.851951295160676
-0.780186870068904
-0.868615915387802
-0.788596692022265
-0.939701222697342
-0.790680206583631
-0.707708967080064
-0.855000444972268
-0.828115726098969
-0.782791079441088
-0.835473566184129
-0.845631699059128
-0.716690345712331
-0.787469842914823
-0.698211241503494
-0.848486133174154
-0.756602789142765
-0.737682796965241
-0.691855156204347
-0.753761790611114
-0.890420474882527
-0.631868412685511
-0.715570935244883
-0.741934161807036
-0.768790886958994
-0.844418449045641
-0.864026899712746
-0.781708598231084
-0.829136757869137
-0.838519444346766
-0.831372426921046
-0.885725734696586
-0.58788676763035
-0.771646471610426
-0.739700402758765
-0.767841409411183
-0.859957640369607
-0.820061676337054
-0.598262482358285
-0.481608859141692
-0.662168832127265
-0.716426808192624
-0.741752573262409
-0.75198635251728
-0.814466757976904
-0.754663180260124
-0.734307373709058
-0.750715208092941
-0.717351668467681
-0.651068923438519
-0.7891875855253
-0.788509060543666
-0.846252906480705
-0.574082560656282
-0.675601536120958
-0.646632183514423
-0.699759167768462
-0.701094587320556
-0.688994289728764
-0.623162502434178
-0.749964097072
-0.781545697771419
-0.762821243818425
-0.649320534935691
-0.569549813397287
-0.571561232557551
-0.653690269897664
-0.689597960559817
-0.601408380009257
-0.734760504571653
-0.670118813663187
-0.84093013407647
-0.762876579056363
-0.583973570795976
-0.658349069491224
-0.694141721944093
-0.690959552996456
-0.803568259746937
-0.801127349943318
-0.673843814175851
-0.802976428855758
-0.621575779176891
-0.553942447230906
-0.669874193045782
-0.546105244289633
-0.62611392794611
-0.630428781914179
-0.643656712081299
-0.604382219614115
-0.64434847764876
-0.651714662067273
-0.521334201597314
-0.583144287796429
-0.55246588049902
-0.727722060264699
-0.697630452419209
-0.689780453152333
-0.625207969697668
-0.612313951144817
-0.570938178210785
-0.610381152508361
-0.629592760027823
-0.668131652937087
-0.549795108110968
-0.709731179213152
-0.60326642266662
-0.588043248895863
-0.618613391242608
-0.455667899174198
-0.596934297551918
-0.619133641320629
-0.604269359543473
-0.631521711408435
-0.668515539852584
-0.538727676510103
-0.567151582805665
-0.599360129387488
-0.646579699017553
-0.615752846873651
-0.47765227169382
-0.657945575168182
-0.541979210901168
-0.568614176907765
-0.436130232073615
-0.542989070329996
-0.600140427521107
-0.528745039632153
-0.441144969507216
-0.494227481388513
-0.549910470838852
-0.48351229748781
-0.367265924953157
-0.560744873814095
-0.547579953959901
-0.505993979260725
-0.581998522237185
-0.554952157410495
-0.724947027973306
-0.557352565179674
-0.574471900958207
-0.422148093024937
-0.470808129414864
-0.690079742480934
-0.442749437668473
-0.531404909457749
-0.547340216428016
-0.585807329563985
-0.428509222502939
-0.577191023958618
-0.536423976618809
-0.508117378308001
-0.362425680877
-0.444934224489808
-0.510534887239862
-0.530187362311221
-0.499804616717644
-0.54197553984698
-0.667141832257316
-0.587892730170088
-0.425551326648081
-0.704773535603551
-0.300696597503053
-0.599232130276371
-0.488488946806916
-0.521089099566789
-0.397639293690606
-0.637781289002986
-0.327340128240287
-0.696354485601598
-0.609451146883583
-0.462274028061387
-0.483135578910193
-0.537392945413988
-0.486797347812881
-0.501452964211081
-0.410667136275228
-0.510835348216775
-0.48777480026431
-0.29988472373475
-0.531469000716744
-0.608684618670691
-0.434846817357553
-0.413050423431002
-0.50606355319902
-0.475748604273174
-0.322246764138236
-0.387337388597837
-0.557577651025383
-0.567702182055453
-0.342061841206453
-0.364240689650948
-0.380702582520453
-0.4153871031915
-0.587067228963328
-0.514000676914841
-0.560762539819726
-0.305765662973757
-0.535511940011837
-0.392176701508751
-0.354982195468714
-0.326501659613815
-0.324247476661117
-0.622923255828833
-0.370919196342035
-0.520391285277033
-0.657164596261845
-0.34411263020403
-0.549679051137931
-0.469344900431314
-0.432651493016466
-0.38983064503982
-0.399177220114468
-0.439726549260613
-0.433337337006568
-0.29727770984065
-0.332721062468203
-0.524595611648428
-0.431483734811737
-0.482386329133616
-0.511757845401557
-0.379173051388976
-0.361743784542665
-0.293199549943317
-0.455404684390309
-0.295167435094369
-0.450868355792762
-0.407021782707734
-0.373661958758371
-0.423356675963027
-0.312314651590014
-0.477826315695139
-0.226542814273072
-0.246409604203906
-0.330322144713641
-0.463096131349047
-0.341877822829919
-0.432364380501576
-0.41574072322866
-0.372462911731708
-0.4643084197347
-0.314318481859869
-0.223904295210768
-0.310387113584731
-0.391077151537092
-0.315373532569883
-0.338718423381361
-0.336865400460454
-0.303747452147151
-0.134312223894577
-0.407005054492458
-0.291094448938229
-0.310239575634977
-0.403801700566929
-0.546541068489864
-0.3420970218102
-0.432922448341403
-0.1848850694009
-0.305642970024647
-0.36098291590987
-0.206820095100247
-0.160148065104039
-0.341240054495974
-0.140434008619175
-0.374191217504922
-0.30122636496284
-0.285598676317791
-0.406788307650955
-0.0826834319906359
-0.201699423978081
-0.358084418800622
-0.311635818213462
-0.331383720430555
-0.350062090621383
-0.324668944810802
-0.341397203451371
-0.244898427947601
-0.421614375404852
0.0101220163191622
-0.427078057304345
-0.179947304707169
-0.339169869950939
-0.318922505561915
-0.0896063751763237
-0.356321579104827
-0.334386107557103
-0.276898260704881
-0.115828114463051
-0.200134406131867
-0.149584881158436
-0.19202514406346
-0.20649104291092
-0.198440884170285
-0.243136664730037
-0.260983582167301
-0.464864843719927
-0.239326407546753
-0.285445197822998
-0.212590918450474
-0.0613605916794702
-0.326907291808573
-0.20583989186081
-0.325639378194743
-0.250322206106199
-0.2796676296361
-0.312119960844936
-0.268386669829665
-0.102431117029897
-0.104639769951244
-0.174433199399308
-0.254130261667371
-0.179309806854572
-0.264268973320467
-0.326213416029461
-0.203029061200854
-0.273998479841474
-0.184629866017068
-0.280637843154107
-0.126644793465385
-0.361753202988771
-0.210518422936432
-0.208869631230929
-0.275728904278327
-0.165300243680134
-0.2001765606989
-0.143204077403146
-0.160133186345385
-0.0807079797623478
-0.0280581817379067
-0.179671141869516
-0.129084284761632
-0.0172946481000069
-0.220771545024137
-0.220929305020137
-0.17835674469596
-0.175310559211024
-0.070046197584244
-0.246104346292665
-0.146977624880853
-0.0846881542546944
-0.244181044563802
-0.187446467984923
-0.0843992246292708
-0.0506541961068107
-0.153020538773028
-0.15647643256134
-0.14027240213179
-0.158570478716163
-0.280247280120528
-0.107092539548167
-0.0916080782948952
-0.182894253635622
-0.211565770695362
0.00779674843177603
-0.188371153563697
-0.165243561351055
-0.105236661633154
-0.0890836669632848
-0.0259920260946101
-0.0169089918376738
-0.14333905068499
-0.176263460350331
0.172520157036664
0.00300350868087947
-0.0759956687551184
-0.275402907450776
-0.205964284131294
-0.231411722546859
-0.121467990336083
-0.16433545540656
-0.078121784767563
-0.137848547765396
-0.0532251687865428
-0.0874381028115664
-0.131994041624407
-0.121091601024021
-0.0513698172809578
-0.0155993065856113
-0.127606004652558
-0.145749966238853
-0.119654333671013
-0.0192103304544817
-0.0179597631217702
-0.0816784174001647
-0.00085698201682472
-0.104792676355888
-0.014422729139692
-0.0699327692089458
-0.146548714298679
0.0639229663963308
-0.058361596074634
-0.113918505955578
-0.0479986675033365
-0.0399334792848718
0.0340829005246982
-0.124454464069362
0.0670259246741474
0.145813570490833
-0.0972708443191391
0.115668895157143
-0.0652674601365189
-0.00617206508818751
-0.0658653925094168
-0.000344159935747932
-0.057682880749989
-0.134557392029784
-0.0110658535272035
-0.0464235915737262
-0.0557713254949736
-0.0231747905867548
0.105697793242846
0.0764103729480444
0.0146865942031995
-0.0701526811274511
-0.0475351721318718
-0.10413834562446
0.0138512340935913
0.126808968845015
-0.00646941015051459
-0.0143502167884761
-0.121789000522787
0.221879232439092
-0.105045805596649
-0.188133270962639
0.113662106044963
0.0159268322980718
0.0532584834961446
0.0919103405872235
0.0410220550949633
-0.00798941521413998
0.034542048606273
0.0559089042541758
0.101259481539519
0.107252021490727
0.0836817189684158
0.0208410594784226
0.0831887777761742
0.0797778694938387
-0.119589229203645
0.18955214106182
0.065350943582995
0.0288867379800221
0.142106270427733
0.121841437240699
0.03740485622161
0.00793084654786916
0.108352946711206
0.112739722360802
0.0930727820701763
0.0853387635467071
0.207326261167389
0.0300154305939698
0.0585674215182247
0.0347585115311212
0.139904654481484
0.149092091686647
0.11655194950392
0.245368016574437
0.135029439670551
0.031374675539258
0.0773475843375237
0.153644758825816
0.0903963635292978
0.0615272393592218
0.0255087049183532
0.0522362532211022
0.124601548364779
-0.0320444776748955
0.0824665083755451
0.00315504985824058
0.199306418002253
-0.0550590693030906
0.16017072320226
0.166740451110604
0.107500581086952
0.270151997074457
0.296919242176685
0.218706658313735
0.138757855436631
0.125688022421194
0.0563278345413539
0.203057746314387
0.0693920440466234
0.0383250916469093
0.16932041297078
0.026490663810082
0.170618707950651
0.135715657785904
0.0542639110336279
0.142370693409792
0.153738341676045
0.0640089799824286
0.256711690614979
0.260276239664566
0.121111777709828
0.116564946898709
0.102255048375242
0.10064115019246
0.218178702796799
0.177169962502622
0.144891463912515
0.247058080499928
0.0561302897507043
0.33049190693586
0.223023314478961
0.137338788749719
0.193415895345969
0.103934095039344
0.203034975780861
0.268046084634933
0.049331157075671
0.246994991128986
0.186918026969279
0.0485161168220775
0.150978439300267
0.119422462325801
0.235664042474812
0.140946328154159
0.265021480722859
0.257377409062822
0.151147155122672
0.417180433572995
0.304700145275812
0.0742425518923513
0.180699168499951
0.107390433740525
0.242390696064064
0.280441696408975
0.231435603149476
0.312846538801653
0.319390534230978
0.252417394916568
0.276354037854328
0.309449992171223
0.254547881366899
0.148891367806068
0.171619395216246
0.260945861550603
0.186259064305671
0.340836768807442
0.272266593551923
0.341234277540583
0.282868793844032
0.2794485080131
0.244582214726348
0.32400524130059
0.301423209911041
0.313065348017303
0.300656127570939
0.31759833279346
0.295678222364324
0.226383934580894
0.32462388261744
0.347400943504217
0.253946120889513
0.222798976573097
0.261449545530462
0.34389030179815
0.387005507898142
0.437048062763361
0.263233882340744
0.259912812494641
0.30500797470993
0.377171932885551
0.29091204060002
0.146138015782447
0.345028977346145
0.185930849918582
0.286192870031634
0.253059094543869
0.254850437602435
0.373928185190709
0.387300421285448
0.442915570783485
0.223631260431311
0.342569169511057
0.288609167136365
0.304522452624433
0.258796593943555
0.26440381505095
0.237600397913098
0.397775966370066
0.407735084912653
0.207123980515282
0.33153516054679
0.219037926902579
0.255892539590731
0.182047436812903
0.288295902504955
0.400924623485146
0.354570607805172
0.336719343309198
0.300143934607084
0.238765829811847
0.480844818464465
0.450677702805914
0.55932461529789
0.522944728335173
0.302782812769903
0.393495296362056
0.455782925987256
0.367381642763512
0.432916321839454
0.529335462476911
0.294965823916395
0.340784782135269
0.446191338081305
0.363468756905393
0.35322112987846
0.523775686801691
0.405112003468047
0.2716120083428
0.227865516428671
0.438382529339327
0.29770073720654
0.302316444080846
0.365151618628051
0.328646321868501
0.446475485682793
0.419388679776037
0.342093329971702
0.407716038946475
0.247192045320055
0.402940469154111
0.362582284474855
0.535781091378673
0.449548864953541
0.499457194166738
0.41072275979747
0.386561153250851
0.265719016860603
0.420256338145803
0.543620062496037
0.395648653221364
0.351575094785759
0.465739394103778
0.473012770584006
0.454042020908856
0.360062614940173
0.488110606394982
0.504249248266796
0.452949764034862
0.272129643403066
0.441445473023805
0.417814572356196
0.556035886706304
0.545022323779248
0.399474397548887
0.416922344415489
0.466500102329275
0.42845610358444
0.500787791707078
0.374513746390182
0.453619479032273
0.483028199858764
0.598297928690816
0.505227549429677
0.597315089617543
0.422140031398243
0.581904981292438
0.522516739835625
0.557804328904204
0.493423639132146
0.634580097327132
0.552355765841482
0.489742392187131
0.354896342154727
0.338068884343971
0.482618423718598
0.4408080352936
0.574356631047914
0.450454547372644
0.582280341180051
0.521278060046466
0.488770724412724
0.696515124512826
0.638187227305881
0.637097412376716
0.454051514518607
0.528398518741123
0.414754065257598
0.557060734213812
0.534415046913527
0.513984581137241
0.644161153352459
0.578634438055333
0.53087463367379
0.51857877938668
0.666372502427576
0.60093420943601
0.518853610192063
0.498122512681002
0.619964068983893
0.580047905675295
0.644188218049951
0.37246457514768
0.511931018891294
0.708101160174878
0.524484666111328
0.659876122253606
0.598639685115938
0.621709121211919
0.593781970492906
0.710411790125401
0.605093001870549
0.639293415586873
0.689011901171466
0.533052198266958
0.537329722608291
0.584346686422031
0.488075372470512
0.533069903980175
0.539754650265909
0.630373483533681
0.640430057250453
0.497468925495665
0.611530600160847
0.491320407047371
0.686618595332209
0.668856580905269
0.525081415187569
0.581086669583131
0.479526372342453
0.53167387578446
0.63715600965159
0.627156951632841
0.554386447357823
0.639497368280329
0.563888468341705
0.684846443297583
0.767972967313454
0.435261695457236
0.518768980311364
0.551717814686587
0.651883201313805
0.624491509670611
0.592968662068202
0.576426934055713
0.647161195262594
0.649744460199018
0.66576908573723
0.767512467768161
0.611659931376809
0.744937288593325
0.500044262569086
0.611529084706618
0.708538536521121
0.700256074803007
0.636171245284022
0.583528046413134
0.754944371651226
0.834927061466949
0.597359213258121
0.835841783122274
0.782548421912457
0.62372078142156
0.698614400978317
0.837243514426356
0.766267175080326
0.629283557629115
0.632290217321405
0.696984529574011
0.64885939291547
0.665737827690363
0.593385351451023
0.722369913543172
0.541861176257787
0.780113634159527
0.840932736132987
0.670503649403509
0.600548092719695
0.653635290622069
0.70278943781286
0.660574236535988
0.635110192413765
0.636832713915935
0.671589354812033
0.607149978958171
0.80398310390113
0.722927532151764
0.672509697440076
0.712980302678174
0.588666974016237
0.55753256153016
0.712733708857305
0.809030028229907
0.797815326497513
0.757969445631141
0.611120712219604
0.779651645217873
0.532066155473321
0.873162377708997
0.747505321192313
0.772323380270599
0.635448365497668
0.66134717312438
0.623601519282511
0.888524890440515
0.671529559105785
0.865600067103091
0.764704389509517
0.736970331889081
0.784259326634776
0.666474646850801
0.754554621339974
0.800205901561167
0.719409503366069
0.692290195557171
0.791712200541156
0.731889859394178
0.720639405313303
0.787838494838701
0.819505584920825
0.804481805585409
0.928704190753908
0.808161197596284
0.85593734051003
0.864159329633922
0.824374710412602
0.796895445956853
0.746720847067092
0.605001663168824
0.895000629591596
0.865576198244263
0.893319959337762
1.04558927851906
0.910836089006653
0.851121082495742
0.783126118145884
0.821395697777394
0.913465527659083
0.756750898723046
0.784019216654009
0.872578177407301
0.961638922799721
0.816612916829091
0.834687362827982
0.739308072706545
0.859242218260427
0.879122822315613
0.885571911910946
0.893940041902294
0.725171073349313
0.727280414353539
0.876292246633469
0.878592590494158
0.965703698996594
0.817131923236298
0.93511052747594
0.869436775980932
0.921484730957341
0.787788941157089
0.989143063906214
0.843441989756722
1.03951237922322
0.759558983441127
0.812561148766227
1.04216106077882
0.832812891802177
1.00185997105778
0.915028097410873
0.83642130083117
0.79283365811222
0.951956604068638
1.0579351843946
0.786301765497672
0.947372002713872
0.870651535232344
0.824191359294135
0.983042665241971
0.977174607185867
0.929788753707291
0.872454266822544
0.893954749512992
1.00314655705343
0.861381027511451
0.830375779392649
0.916757144210611
0.933623415369868
0.843261325619278
0.927282278559385
1.02159546630752
0.94386881741554
1.02731275470186
0.879157385789419
0.835751685353554
0.841059836693073
1.0244672089508
0.972413043592953
0.816251971852208
0.921115994153152
0.928859199296969
0.906377751925963
0.905083225399483
0.924514388245093
0.895403105089718
1.08891872101899
1.07728468762562
0.897406177934875
0.998374879379671
1.03192534091924
0.902695437740747
1.10976041881052
1.00874280249493
1.07656271425426
0.968843983509024
1.06767251162354
1.04335438545636
0.893589289324799
0.931878045704186
1.03437631233835
1.00953035883468
0.931373325742303
1.0403015567925
0.950185687607106
0.907479939995947
