"x"
-1.18895238309075
-1.10333385450128
-1.09815774063197
-0.91573613160283
-0.935367681301167
-0.940663271329141
-1.01011004953574
-0.896379127907984
-1.15786328282296
-1.01757377433206
-0.980727209387151
-0.992981767729049
-0.907036166418993
-0.868830490346741
-0.937398674308222
-0.968399650077046
-0.986267582719409
-0.962280422288414
-0.963874564546907
-0.901689112148294
-0.929112850746547
-0.973046138385147
-0.848007281782856
-0.916484053544341
-0.98839690923501
-0.828886091882256
-0.930650916397695
-0.869046165037055
-0.93329239072401
-0.984702854405181
-0.965204250866887
-1.01968119598829
-0.925394473425209
-0.899883238827563
-1.01930675442342
-0.946250989800173
-0.909413914630421
-0.904105213672231
-0.817073492218953
-0.827377742972813
-0.903159497773062
-0.783753390822329
-0.795117199524578
-0.787081982794203
-1.00669058275305
-0.905027484508922
-0.890081134244824
-0.935002974218349
-0.88224535832981
-0.874208612150865
-0.79280840929735
-0.988695287396417
-0.859516914114154
-0.877149303825338
-0.900403909843654
-1.03128947449468
-0.894964994597539
-0.90917885782876
-0.957085282366898
-0.919897369760617
-0.712219775019381
-0.928215094261704
-0.903834329248394
-0.773578119650674
-0.807886092655346
-0.697520519619016
-0.88365174793538
-0.823666105269132
-0.820051696294624
-0.841097390551057
-0.854472955073032
-0.852073938014526
-1.07020093641589
-0.962470231623828
-0.944810868426727
-0.928914260182525
-0.850420182333364
-0.720974125194349
-0.756790003793932
-0.830024189041455
-0.829903137834368
-0.836969752481627
-0.866230182971787
-0.836223262390372
-0.797126017630072
-0.752085318300286
-0.809861325595002
-0.887766280917507
-0.872736063622305
-0.798839040290234
-0.741228693375555
-0.725614617074883
-0.771603726569272
-0.617713059858169
-0.817082435250078
-0.925041692932027
-0.84613509330763
-0.705919115094825
-0.794865043905868
-0.732020796565194
-0.869554562455417
-0.807404640485717
-0.833272353074904
-0.862291278510279
-0.797938616208117
-0.855282795374496
-0.776547386283679
-0.807695900540267
-0.818245831454085
-0.770014380761599
-0.800831115785138
-0.797251307985199
-0.788415255386009
-0.605319071981748
-0.7905906633279
-0.887187498319706
-0.647556557386372
-0.700852337690902
-0.636675977186172
-0.65761652745581
-0.64926943716342
-0.765854099745399
-0.706073594704438
-0.789126192067137
-0.708764464159428
-0.693108775461304
-0.723193421756491
-0.587059901214083
-0.683313493978298
-0.788272755454943
-0.6716943447153
-0.887694495849088
-0.60449507396425
-0.618797047899224
-0.727787262799326
-0.795516740500413
-0.753322449824272
-0.705851386904093
-0.664097454710548
-0.767355878081736
-0.672104126472413
-0.760866857384353
-0.787832328444311
-0.86349876795732
-0.612278393801532
-0.772184335798639
-0.639249751502139
-0.749585315503553
-0.745613978284539
-0.722316204027299
-0.551442840755461
-0.646229024164636
-0.76981706249495
-0.579922184188038
-0.773554497012948
-0.726909545079348
-0.593478116575022
-0.718240782128071
-0.770244540416846
-0.762122260890448
-0.701426152029482
-0.767740054282553
-0.600333266386076
-0.592284962607729
-0.67653811407952
-0.570148571316457
-0.554798207254307
-0.7031796629151
-0.557803491455164
-0.773837442847156
-0.734186363591065
-0.656258724684544
-0.740911330042468
-0.581983999196237
-0.715586007880235
-0.669201486884358
-0.689702427440898
-0.598261912157813
-0.679287278514807
-0.663252910937265
-0.677416012918489
-0.58736390710168
-0.594591981684433
-0.574716625509992
-0.665935959969313
-0.625399681916857
-0.609840363424637
-0.675200388290028
-0.662281823715229
-0.832488439552114
-0.534732162321466
-0.674813196063502
-0.655980969882288
-0.648361136126873
-0.632915201044182
-0.679103873283562
-0.533027789209849
-0.744006150953779
-0.555816135696237
-0.577750244365087
-0.609021286012102
-0.691948847538419
-0.636476368397304
-0.638833377035056
-0.638808448023932
-0.649558085950626
-0.43003781910006
-0.505374832955671
-0.746443973624998
-0.652691647457443
-0.566440794700123
-0.465656873551255
-0.52897918811096
-0.514866142857348
-0.690405811387514
-0.421404354628174
-0.408424064255281
-0.714044579187033
-0.599640123207148
-0.547024312279226
-0.526339167802066
-0.499170353775931
-0.64583277585314
-0.419407627343099
-0.49756217785236
-0.666290797878173
-0.680052506213744
-0.464851068347305
-0.390014181744198
-0.440365870547445
-0.625772060981033
-0.562206890831501
-0.383349793613491
-0.564890925094708
-0.524222545273001
-0.546207190059992
-0.576174005537946
-0.419897365689599
-0.596164995044694
-0.505399405194258
-0.544277088230175
-0.414758493496421
-0.576665771945536
-0.46419700088993
-0.389441411187692
-0.522719718696053
-0.584275166072674
-0.562476445359052
-0.439137042528332
-0.472496723883477
-0.555415254586303
-0.543549678845234
-0.538383363216268
-0.546771198932352
-0.661319100503456
-0.474521157176673
-0.423726752008661
-0.381854140066789
-0.459059072888712
-0.534339600639712
-0.473377769946933
-0.440958271231118
-0.532747805055213
-0.39019572335969
-0.484135608404934
-0.42549212045632
-0.494316371602654
-0.494551612345549
-0.350437450404129
-0.357385250652619
-0.477625753763787
-0.52939895977175
-0.479907284763499
-0.298567466855045
-0.477471023569811
-0.42510606984216
-0.384560002700309
-0.503641956206316
-0.548961429028302
-0.460317547281037
-0.32294972079786
-0.372883456149423
-0.524030804449821
-0.427751286024927
-0.385477854700036
-0.349035396799385
-0.456129653769115
-0.465347731794633
-0.303500771028975
-0.343397682428219
-0.399824436060291
-0.578434171835363
-0.393004602848088
-0.405542270325732
-0.407205042599605
-0.311444694756131
-0.54084736951816
-0.356100736249919
-0.480609642444914
-0.496503545370319
-0.34151671134538
-0.399926769563981
-0.353166053743638
-0.398544927218078
-0.227714503991048
-0.242944508238129
-0.377415203668923
-0.464425370869438
-0.305684339027508
-0.474242486176348
-0.322897237194859
-0.569503530286089
-0.46655957322622
-0.261515596595789
-0.389832449979622
-0.276668334968181
-0.37187692907634
-0.538194560278523
-0.271966803386348
-0.306499344094617
-0.291525318984078
-0.348785663312589
-0.22631715302999
-0.197708424886979
-0.319091890429006
-0.313715623632462
-0.372162504921038
-0.320603512604587
-0.477312628438483
-0.343121426278648
-0.338414815790174
-0.309720567559931
-0.146277283195465
-0.403519299340162
-0.446462705131936
-0.428300785163475
-0.326555858555908
-0.380833847882039
-0.312879475105819
-0.388940308966025
-0.292679267845591
-0.400414703323237
-0.322710078517656
-0.238177556927332
-0.351692892094873
-0.27438546241579
-0.450169469836205
-0.30484666039906
-0.267796567890822
-0.278727090077682
-0.47735107054113
-0.365477691571633
-0.26037369651338
-0.21638834619725
-0.296013067627195
-0.332000693192218
-0.28089550888892
-0.359835487318201
-0.184757861214908
-0.322998598383593
-0.2357202951254
-0.400223924866253
-0.339382975146652
-0.349520666006333
-0.26736677795515
-0.388178972850586
-0.296197722438554
-0.270030587578584
-0.131493059291892
-0.124697814270597
-0.150372558482451
-0.306111796422237
-0.310002478150157
-0.213657636294293
-0.312267090447226
-0.168314809412149
-0.280135464486699
-0.0676249787631734
-0.268773949596995
-0.433292363408727
-0.325568465126339
-0.246937964735043
-0.168626944998158
-0.392053033990911
-0.375699920015066
-0.265931680353435
-0.171759569663079
-0.161640895539233
-0.236555852717437
-0.173311713452555
-0.283127102606284
-0.145125839466529
-0.128687389589904
-0.378044654820603
-0.154162825708665
-0.311725990227302
-0.180481029383506
-0.177693990456415
-0.191953570875992
-0.207636942825375
-0.131973878822285
-0.198835080587972
-0.353695570322562
-0.215446350870432
-0.0622195876578531
-0.326999174922598
-0.181710533496266
-0.208810796714143
-0.00044128211616584
-0.177882788936977
-0.165314566568541
-0.0786584802945452
-0.235738952585586
-0.188857715546215
-0.148477581416642
-0.348344446613422
-0.0911084644662492
-0.311896294829333
-0.13431882191064
-0.0857819356361499
-0.22897632246543
-0.138900360702488
-0.236767388299001
-0.267143220981057
-0.267897098004049
-0.125727040364979
-0.101076436950021
-0.0340723474464934
-0.155623134483987
-0.0510969007872648
-0.234668962120377
-0.287400877629226
-0.232634792001179
-0.166604225485073
-0.230750357856725
-0.0576696617239203
-0.164712145096222
-0.0210185268872526
-0.0628997325339633
0.0412500755196101
-0.00667261266395782
-0.0879595303699638
0.0110306482196834
-0.181382588297688
-0.184722962702618
-0.127862252393937
-0.104584554141927
-0.0296050837261857
-0.166004300744139
-0.0705491984489087
-0.101423167474814
-0.0295020530850677
-0.16684968313265
-0.175740754360588
-0.162445987759298
-0.0508242503370254
-0.0789434492011514
-0.0172390777238637
-0.210554761037146
-0.199747924036663
-0.118550673784142
-0.0292001973104655
-0.187452925520654
-0.187940970940091
-0.176657275804318
0.0414418315414196
-0.0585142070279481
-0.0600933152551453
-0.156167567985898
-0.170814767645589
-0.153064025772926
-0.140625192729626
-0.209259986427996
-0.12450585140239
-0.0671871444001395
-0.116888734858078
0.0926211685751269
0.00936073625138078
-0.154062503418626
-0.0986904082075985
-0.138233366980603
-0.0284192813382245
-0.114210814783342
-0.189752160886316
0.0877177603649994
0.119633058474617
0.0528323222235545
0.0309870820170135
-0.189684752513282
-0.0497840696334149
-0.0286486593098893
-0.04308910614093
-0.0208690133762414
0.0405456454802474
0.0426847108643283
-0.149532405179245
-0.168901720202258
0.11833010824435
-0.0631935847728655
-0.000863542625517641
0.0384638258766657
-0.0891204801024366
0.0451305394074232
0.0410537303846904
0.0348674578838652
0.0650778017941501
-0.0867758669270465
-0.19491528479075
0.0933105423171544
-0.116995186756978
-0.0255057931929052
-0.0017355714195594
0.0704221877790304
-0.0900423874196783
0.039925142487685
0.174300178922115
-0.0549207507961706
0.0637429866124226
0.13595689288684
0.0674204728658883
-0.0166278870842206
0.105289552783767
-0.00459702705238003
0.0404320274161362
-0.011077522181472
0.210012193910277
0.138213636787595
0.126642130277508
0.0397184495885223
0.0882980253462832
0.108367897296159
0.0318211881997343
0.0520578489261369
0.123142110282293
0.0484012238561612
0.132400197253547
0.0295034110095278
0.014928424139833
0.0928781387580396
-0.00653257626889006
-0.0185486535817006
0.147601529351537
0.0928666409171082
0.00727195938154866
-0.0647947042233705
-0.0106921971879475
0.202074626576564
-0.0181520396165337
0.1387454406164
0.0132678293909025
0.0488423063316999
0.102067066768994
0.0240100770318342
0.17858937849302
0.0884744605537808
0.236599200661191
0.0595122343947882
0.180158888389245
0.0345197438720092
0.152024531215329
0.0390196412363385
-0.111403838990071
0.111043994205616
0.100542609166266
0.215611471618041
0.251274354432228
0.255199954215473
0.0136199508027283
0.135070785342591
0.241033146559049
0.134327384930979
0.102435636940426
0.155596319161854
0.11747350696118
0.153039999353011
0.150308786265224
0.0262935135227275
0.132833690608529
0.172800994818553
0.0684551593512981
0.334853840282603
0.0521504554992702
0.205392533892563
0.192853212134851
0.189806910572325
0.122783506290913
0.218335148114577
0.118466629619145
0.155005356049921
0.292005140197642
0.300550002480253
0.25462806335883
0.126756299450064
0.080804760376724
0.139733386607964
0.180388516090311
0.115557402381967
0.188914425326194
0.149600850327767
0.29318944776392
0.0956682175162292
0.0634979516647594
0.206310781272739
0.192688081603826
0.37911402026657
0.307521668871083
0.185986083369322
0.347222066768732
0.235047683069089
0.249540387869012
0.245594569536827
0.226733356238884
0.215594740198658
0.155839978531513
0.258151253508666
0.317180556409655
0.275083166796209
0.23906662720272
0.351996052804894
0.261388148610307
0.35320051572083
0.212750539356545
0.145395681315802
0.247125678124496
0.289707483574966
0.293968602662064
0.156865858622183
0.359183312841523
0.23176966828356
0.292488892622191
0.279391720413899
0.131445021845632
0.0867096738286676
0.170890972535928
0.4190774494826
0.293901222366789
0.264822196705685
0.297774064347416
0.347237979936319
0.221573756390641
0.0750662987207829
0.364248415672309
0.305269290425771
0.226072672679292
0.352435730514229
0.0628955542790946
0.324130556674932
0.213316960489479
0.240776709253178
0.284452059251905
0.298840579343282
0.258551709308673
0.398267246391027
0.310911384478241
0.425594398954638
0.383434555310323
0.441475595987674
0.214687988881998
0.406211961880639
0.279039923823301
0.3151578346692
0.200053342046488
0.389264870267089
0.224071597518593
0.520636487775983
0.466014590371096
0.284637100437296
0.333945960070035
0.392106570922057
0.380749560933213
0.245408613889283
0.256236577228184
0.297869764104801
0.359578309440713
0.402180604952199
0.366156839459053
0.256348544827306
0.458951816171557
0.438365798849175
0.40657469882451
0.504066985687423
0.492880807893145
0.331917736454921
0.40487877914398
0.540752249427364
0.187310009480332
0.35463517825903
0.420229150842582
0.256623215499507
0.282363710697222
0.236003267690532
0.538030938820111
0.410958399494431
0.31982608018354
0.507502072126225
0.417665152825357
0.398276872803349
0.365693112365484
0.432728776663273
0.326670741620618
0.483425210388853
0.41490601559031
0.44404898343217
0.385532953556247
0.443016970885712
0.350001751292251
0.37781075323328
0.430072447962078
0.382033516484221
0.413382386015865
0.408803063792038
0.281051966595685
0.390190257614899
0.400473500263508
0.479640530210709
0.39020291532302
0.457501610429102
0.374144235106718
0.445081167645037
0.418196789093837
0.289138442719921
0.394582073626434
0.542402201267341
0.468939564111873
0.559722005145453
0.636105695323392
0.455341286886024
0.471671645416832
0.32969206564224
0.553288851160219
0.457349295403992
0.346414012705398
0.569767154469545
0.500356311282095
0.463342511422676
0.591167047262383
0.435734909272987
0.541353295392374
0.529198404096079
0.566048555557052
0.46874030347864
0.572047471689098
0.431700277900462
0.552762420032658
0.411911804237169
0.382055765747255
0.448547834730322
0.73824757497198
0.532449762391602
0.498763799725122
0.441970551796381
0.501427430982092
0.556099656795481
0.555638051446236
0.374480124283528
0.572942332608059
0.686097138749219
0.450801142355091
0.46350288707031
0.443784980725788
0.378964780473244
0.543507231311786
0.565664815752657
0.492163584753369
0.531520211829533
0.513267284829943
0.433491491212177
0.430831669495082
0.519163557719216
0.542193746270656
0.59024564640299
0.639197835845006
0.636128682949046
0.356747198140464
0.508499821534159
0.559661946231303
0.607665240187637
0.575326442759353
0.428011748051032
0.575024651173382
0.616301711579623
0.608493639476288
0.544281166664831
0.647137790198727
0.56936372708964
0.529963456071759
0.610281845969413
0.558609604160347
0.658412022140173
0.559642724072732
0.598623200903304
0.361759811343546
0.440583142075923
0.606638968714131
0.5445430367958
0.629489960898232
0.527148185068712
0.568777302170298
0.535220170991389
0.561479639948578
0.59534957839331
0.574581092406601
0.462223184359959
0.838248886242261
0.662148595254262
0.581968668752433
0.609655550203516
0.709819928805182
0.524465542967149
0.71036344628344
0.600810910883505
0.607743248431718
0.599323761327878
0.629630911032775
0.611167679461664
0.624160699776179
0.721410050443768
0.595651986489923
0.735927426131491
0.559263147692736
0.585384712011018
0.693368360871168
0.582851396102837
0.587147644279835
0.770734548719274
0.746442115294992
0.613123687074198
0.647570160852705
0.674007344809019
0.72681056174981
0.699089725562544
0.658293932590623
0.757537428038001
0.791512528446652
0.729781477250345
0.580971606973872
0.607056030906553
0.700199070252234
0.741904848093822
0.720495938284924
0.647233478579998
0.53692479977183
0.628344599448269
0.794569328621791
0.635971592785904
0.711785996831242
0.693449225694314
0.821666137981275
0.660610857367001
0.62564022689889
0.577094217342756
0.769496879591775
0.757364400352009
0.617859884142618
0.679563955191291
0.688372278114148
0.692284199064801
0.699733473232633
0.665614632479875
0.730982076589882
0.570807834110216
0.85584845888454
0.632972428574251
0.552641455160095
0.74675567784241
0.743049328516622
0.759070796544123
0.695622647421572
0.838477661515048
0.691841630305085
0.735733455698299
0.702733836623088
0.728077377518674
0.702992471358924
0.825013539823389
0.891148300555781
0.881375371516055
0.747875295731389
0.682733095665968
0.570884691932171
0.718610807645194
0.72516691647469
0.813293173320594
0.759944437339324
0.701692078212998
0.884416133002948
0.692840062352816
0.860089469995827
0.769601083086825
0.668092414652305
0.833838648909079
0.730827419140206
0.944895112565507
0.742666063564676
0.665675578599313
0.818371432824042
0.83080757350954
0.690417255853881
0.755770072589148
0.738111421389162
0.857468595752439
0.758415812440419
0.812214160419945
0.667381260382415
0.64890768771964
0.867977782341352
0.828106869881012
0.807380889570106
0.838278922849103
0.851974391407763
0.925739822250442
0.829415342684659
0.779965213366617
0.902982367927621
0.974259268946442
0.768162561067716
0.900535471767861
0.667729829561447
0.744978025243592
0.84709003511357
1.03043037827431
0.757475905652997
0.876206344522236
0.820657502660219
0.677564027148784
0.844124896224277
0.932177604652942
0.793458918290636
0.76530697700809
0.880202801538027
0.893673429949143
1.01099279768838
0.87766435068285
0.899370835120581
0.886658518654716
1.01920274934513
0.816172335497028
0.86572303072898
0.945871778104081
0.770762518026111
0.97200634679936
0.94105593105256
0.683563375300484
0.886809556580865
1.02327781160195
0.914917699424847
0.750153222289713
0.954088525353608
0.809946380491719
0.908527102324807
0.884253642947835
0.773855008080137
0.84832530554866
1.06994772427636
0.824490395383076
0.814243357212136
0.987770711985562
0.952942559702002
0.876523907255739
0.953826803587434
0.868630188161348
0.898653796438209
0.920801132805036
1.04189439404465
1.03192500146041
0.805667919615096
0.920550286411483
1.06112172390651
1.06250269264007
1.0165204852917
0.963945958726429
0.939666416923724
0.834669486102298
1.05385802611673
0.991555335910563
0.902116247149398
0.805613528125393
1.0233987064324
0.995000481189352
0.779547703172136
0.768482882699669
0.82547611929099
0.962400919874542
0.844647319347529
0.975700723503244
0.832081904172184
0.970836139833905
1.00769787291398
1.07739076616189
0.991430046502296
0.998871851115779
0.992157845747777
0.974368162794917
1.01291107032047
1.02534793643026
0.974370345166171
1.07074858235109
1.25669100443288
1.14809888000351
1.0249747971505
