"x"
-1.1670363314848
-1.09639788735762
-1.12488350584682
-0.888905483426284
-0.927093326842288
-0.953713372513769
-0.989585658156355
-0.924008098385849
-1.14041096214891
-1.00300860733667
-1.0070136504707
-0.977425350076215
-0.90150368070798
-0.842161558913865
-0.944280281944614
-0.98146082090794
-1.00989988586637
-0.979133439791736
-0.92876601731848
-0.909524235488547
-0.919198297221985
-0.963972946294113
-0.830938600447188
-0.89797529707165
-0.989324766507263
-0.833297524567409
-0.908997682793059
-0.877087354969132
-0.924848414134781
-0.963224166762057
-0.965202976985041
-1.03375886812618
-0.931172106062756
-0.932240026302523
-1.03597076056241
-0.948671793534279
-0.914649923670336
-0.921573483174657
-0.819052286779898
-0.834576134721687
-0.9171442692899
-0.795235190773938
-0.794663561016949
-0.789714939947843
-1.00011912240475
-0.896946645526037
-0.895963546017627
-0.954825718345216
-0.870340310516703
-0.881325006643512
-0.787579495621151
-0.986209606315657
-0.875725252003014
-0.874095051154237
-0.924849422934132
-1.02688812154554
-0.918053241471497
-0.925051655770943
-0.96204707193922
-0.925812644586675
-0.70980239903711
-0.961230093560924
-0.895430116714628
-0.762579091284301
-0.805426443014154
-0.689361792160943
-0.888408588907742
-0.843385251078657
-0.79805951344353
-0.851104340005841
-0.841480125265279
-0.824456562424781
-1.06574739768518
-0.967386042114326
-0.962068396244353
-0.927562224597509
-0.862020154362764
-0.732813547618648
-0.748172316614267
-0.823273459898449
-0.857819740010614
-0.817014912798314
-0.871243614339676
-0.829541714683939
-0.784123845827667
-0.72624798746353
-0.810437648633785
-0.881204893845172
-0.865581177949021
-0.792541634397238
-0.713057492165672
-0.73133052003012
-0.758548231743518
-0.6302795627541
-0.811850134648289
-0.90497681660978
-0.843771604274755
-0.725894564321541
-0.787724414015363
-0.725561345378957
-0.861104299619017
-0.792735244094575
-0.832091891906431
-0.883566193262739
-0.838777531956867
-0.878572481056412
-0.775173325089882
-0.795802086100988
-0.825498482566339
-0.775879671562595
-0.783544219167312
-0.800315087654692
-0.775186047808422
-0.597057524690908
-0.794729310450962
-0.87707734638963
-0.672435325273486
-0.716096021542417
-0.639095419313413
-0.660829237246429
-0.6468643123765
-0.776264315030767
-0.698844769956386
-0.793129542217788
-0.723375384626588
-0.693872078087926
-0.719896519173256
-0.576119063509846
-0.677055967119629
-0.787708734793836
-0.664401985269526
-0.874343738231602
-0.620065363501511
-0.624058603918294
-0.739758923249882
-0.785753243028826
-0.764679480612666
-0.745146437808747
-0.663319057718343
-0.780609623868271
-0.667071930164968
-0.77921733654149
-0.789178682839712
-0.864252396530189
-0.625549057588744
-0.774382694848542
-0.634051188549504
-0.770659986025122
-0.777863389009383
-0.743330155644884
-0.549435667623955
-0.650702713489102
-0.787391582073205
-0.594389593586438
-0.764536989599666
-0.719901840353802
-0.578001083473075
-0.718938858545837
-0.75634837887552
-0.762575155807592
-0.662210075070652
-0.78724832082249
-0.598560240013341
-0.59533681170073
-0.674306485203217
-0.563142055515119
-0.551153575654581
-0.716799380406173
-0.550859239498614
-0.760489323424206
-0.718045333372956
-0.647424005029878
-0.726532352888349
-0.568337759836159
-0.718603263901643
-0.666367852137877
-0.682894017236814
-0.613237184736938
-0.681112039891005
-0.655150914104788
-0.712102729980919
-0.613953058503037
-0.603603455840036
-0.56394299235976
-0.682182529390201
-0.620162094201158
-0.596724797657467
-0.67923728790151
-0.65286821323994
-0.825841320716381
-0.525020875098644
-0.676928186625042
-0.626320244408107
-0.641725748538039
-0.62746385886424
-0.69774962294521
-0.556389798975871
-0.724166550229699
-0.561609203008236
-0.587174974464607
-0.602134551183554
-0.699275457587846
-0.645861252483802
-0.652211171666885
-0.616156018255548
-0.649597880399317
-0.437537297076185
-0.516924842442429
-0.753624282518722
-0.655755742240433
-0.562784666924843
-0.4725008962894
-0.546706227626781
-0.505822533066006
-0.691834089412998
-0.408121765569062
-0.418222579240791
-0.710203003062644
-0.62340775059202
-0.548008772751081
-0.536547836456936
-0.497993469768012
-0.638876695454653
-0.420791698467941
-0.483654167689476
-0.636395328952016
-0.671791124768618
-0.466568845487548
-0.412042314528597
-0.429720973242529
-0.613965990015721
-0.562644864274646
-0.381858819433645
-0.579591975144445
-0.506689579128038
-0.574093833466186
-0.583524488763452
-0.419743561636241
-0.581480131750657
-0.509130021247322
-0.553056856648659
-0.394608277967084
-0.572314994927343
-0.479007770318748
-0.391675137043117
-0.530126912087937
-0.574480127599721
-0.576937507017006
-0.424983248656359
-0.475113980226421
-0.549866643063707
-0.540761154596454
-0.506730352163025
-0.522661143466967
-0.66977054831203
-0.479193019188462
-0.412509557390225
-0.356870203452902
-0.4857077877673
-0.543257280899865
-0.469403968141398
-0.429452495108638
-0.551817778123817
-0.394774017769867
-0.496242681405796
-0.429221903841961
-0.477338208800618
-0.473860203821368
-0.343694082955634
-0.343519699506029
-0.493136554420317
-0.518879448432131
-0.48858953637795
-0.288445515368211
-0.476335080633856
-0.409487619110418
-0.385447328859717
-0.501747964357798
-0.565426031661494
-0.447910561658079
-0.327661020745459
-0.369971216663262
-0.521863530259084
-0.414452697919966
-0.375983127568372
-0.361044848479136
-0.452752433416022
-0.466057835200912
-0.297662147778558
-0.358936779151386
-0.406522152213107
-0.565500994242882
-0.406786322141044
-0.405543342423589
-0.419185354017839
-0.314453157108216
-0.552254810327665
-0.36504452426367
-0.478494767541851
-0.48377806849588
-0.343193489928399
-0.398333137079897
-0.354590437658187
-0.409426715472182
-0.205996130672787
-0.243978541212551
-0.379584356220222
-0.428698113738092
-0.305560747226496
-0.4712700354308
-0.311789160531143
-0.558671181191153
-0.478714176353186
-0.244802963760303
-0.408269174856926
-0.29924986359651
-0.394741208139048
-0.533602488330697
-0.278258669989601
-0.292563727903714
-0.285101874041044
-0.352623602230273
-0.226401536411231
-0.218551246285179
-0.346777821176272
-0.316928951422303
-0.374219251511029
-0.29717811824183
-0.476399524727303
-0.332484470296125
-0.341740795952185
-0.319061276508841
-0.149185848820309
-0.418391018947513
-0.448308262184511
-0.433409472853264
-0.329701914823594
-0.392037081337463
-0.298673519631134
-0.39107391250024
-0.295717464882053
-0.396056958979188
-0.337269318135872
-0.254363224103798
-0.336226060060479
-0.298633760498024
-0.412043186279983
-0.283541162530103
-0.248293936856466
-0.280785511915647
-0.480112721908661
-0.345334989470269
-0.274042327196487
-0.211832582337199
-0.281330408197427
-0.339435337004707
-0.29474524323753
-0.348081777337175
-0.179883062712164
-0.330614594331064
-0.242612353263694
-0.415609298226224
-0.354155467825112
-0.353763903989041
-0.300464589449809
-0.378641890043372
-0.294797117226658
-0.266414849433784
-0.147065125616916
-0.117025688440218
-0.139946961076014
-0.288921786508527
-0.324511454579699
-0.220728348865184
-0.309563684655601
-0.158656763307884
-0.252990399571224
-0.051425128036226
-0.279060055846619
-0.456365962765737
-0.332540234481214
-0.234309568208896
-0.169152615027738
-0.380602532727838
-0.338079011562718
-0.249970174411312
-0.176166346069484
-0.13401180099131
-0.245032812215042
-0.163145353393029
-0.273630736180093
-0.135842352267632
-0.116345378779002
-0.353772100534316
-0.185376865068235
-0.285466980226455
-0.183366097856807
-0.170701161238405
-0.194538511376558
-0.21451027571837
-0.111173134808935
-0.18143682965237
-0.341035320619268
-0.210373047543099
-0.0653073490708355
-0.31406810135149
-0.180163601639404
-0.228166877033247
0.0014779878139906
-0.182415574921459
-0.166643340379503
-0.0821445902304531
-0.233456105949782
-0.181637823597309
-0.145067047986338
-0.348301462829141
-0.107700968761348
-0.307415686035167
-0.139851324325672
-0.0904992911932818
-0.239231542072762
-0.134205876347943
-0.195860703237929
-0.248322714882501
-0.259740544395227
-0.101344195207315
-0.12035374189604
-0.0202401912192271
-0.175206616368603
-0.0590267197100927
-0.235391277214045
-0.270205347698275
-0.226543750963986
-0.172305951398873
-0.237054959005394
-0.0835061788100849
-0.153526814717349
-0.0213447249347518
-0.0719574147453263
0.0519296648870643
-0.0149305950738978
-0.110106055608489
-0.00110745515095105
-0.186754422692472
-0.189092980685334
-0.130119934619235
-0.106297593659371
-0.0232756214230171
-0.1736509263442
-0.0845342926589972
-0.130484529689919
-0.025257089290362
-0.176250788598162
-0.170264969930627
-0.151946718285688
-0.081041174954852
-0.0823281523233446
-0.0273570320782754
-0.185471905274851
-0.201970173631497
-0.115762147786303
-0.0114790748643207
-0.174625568119136
-0.161779958829161
-0.162650501324015
0.0487623008434403
-0.0676169065972517
-0.0616408687752304
-0.151557649309953
-0.151305716818231
-0.137748082569374
-0.134524809114585
-0.231574017221837
-0.123720814049867
-0.0846135298033176
-0.126483401097396
0.0933975591250862
0.0181244330375137
-0.148925590152286
-0.103222186368306
-0.132430840189149
-0.0217959953313114
-0.0969496377685164
-0.189632275604722
0.099520897286827
0.130554849114649
0.0545204356265867
0.0501316723152277
-0.17856201895969
-0.0513934318812062
-0.0370866677991297
-0.0282091837289472
-0.0207514133171659
0.0371865741998584
0.0400253354669661
-0.151728537366349
-0.174076649953867
0.119447296087883
-0.0686246885743392
-0.00364917671764644
0.0456054680502746
-0.0985489216078087
0.0487599866143436
0.0516748261129363
0.0222836015609334
0.0404981631088009
-0.101446803191331
-0.174190388591036
0.102502904440611
-0.0889175448055798
-0.0193911808209157
-0.00830027639928107
0.0629887750882641
-0.10578713401063
0.0174916320607046
0.173013094798246
-0.0398401674417989
0.0657404370486836
0.126299798304188
0.0778971322166507
-0.0176466496303362
0.105848631268149
0.00685951200500163
0.0563908660116141
-0.0170439452430071
0.20922063814927
0.145541948241165
0.126290810191838
0.0619704978546936
0.0765972021693528
0.107964542588519
0.0428503580683132
0.0231861717618822
0.114336937129483
0.0502272719645283
0.116270639011456
0.0383840007599348
0.034436736099398
0.0993917694657476
-0.00175861425438515
-0.027834741334639
0.167443535382511
0.0864011209045532
0.000783389576612226
-0.0590784497409471
-0.0174275479082357
0.203514583631276
-0.0269222981034507
0.143760013156755
0.0144697867275154
0.0288917891417269
0.0820274026724784
0.000535449270250638
0.157696422702057
0.0889442652224821
0.236524915802427
0.0481336353536884
0.181291249617598
0.0293722468068126
0.165753432554953
0.0392174788049736
-0.0927356454112581
0.110167744073169
0.0869424797778377
0.214764403226869
0.250808788908323
0.259103570004609
0.0360376744677215
0.138409412409988
0.249090182917127
0.140483526346258
0.116654544681886
0.122763610114938
0.0990166903407489
0.154803488625233
0.147633021174135
0.0373887433391314
0.123066713276792
0.189845322857343
0.0856183742970363
0.327433808902956
0.0231417731773261
0.219836009711669
0.209614562012984
0.183502474306458
0.108622041165153
0.228283357396829
0.109023046711493
0.150387678950188
0.325813503955364
0.309795681151357
0.271155796604834
0.120297508807102
0.0799617241479956
0.144531679830643
0.181812416376156
0.124577515840931
0.204705167622596
0.134364561787068
0.306964706023088
0.102905668418009
0.0748204591573609
0.203712293393452
0.184141004685273
0.355950285329576
0.321308237865226
0.196332557007036
0.34436978119541
0.222583657973707
0.214365884182289
0.251672930354013
0.250175048534805
0.205659162540339
0.136031811349078
0.264518305733188
0.30192782558028
0.283889035000322
0.227410311546767
0.345737941332694
0.265758335144273
0.348534018600882
0.208700303523221
0.147010089215695
0.225465050545483
0.280816891133923
0.286421161815235
0.168265110580527
0.362845366873719
0.254031526503646
0.297419695799703
0.283397572231276
0.135881474418719
0.0971094684042811
0.198672895073071
0.384453679211816
0.279908762980956
0.242584157025406
0.313522966360217
0.354276706865249
0.231431805867452
0.102907335764005
0.390358656288871
0.301785704788908
0.212194147060053
0.351366752422389
0.0725398609845959
0.333082562887462
0.203489650290667
0.23275780237319
0.285991426096884
0.28243908742781
0.282551837891304
0.381018033192637
0.343564372960915
0.41434800817035
0.392129514724089
0.46490359672273
0.231815621909719
0.402263783692331
0.287421957109201
0.347399822244402
0.206817067031419
0.35679392497009
0.203650367563248
0.531414487924735
0.463229861597869
0.284043346649699
0.329548771604784
0.382179683921396
0.362576584702296
0.254635694451366
0.263099666937256
0.311446603790463
0.345774429541199
0.407033204570998
0.392666185091033
0.259739478366822
0.454102151526207
0.447441926424388
0.410492909012576
0.482314326041099
0.498478385671798
0.346010088758962
0.390221804961979
0.538914702307534
0.177802786174845
0.359251057169176
0.408000788609837
0.257291365312014
0.281487458098005
0.246336157519775
0.531089108139715
0.402112294618297
0.326543507623089
0.496480377490528
0.413677546548155
0.390791528274029
0.374834733728876
0.445348796928979
0.350453089525338
0.499289036704791
0.416968146777318
0.436864907526788
0.381431708377693
0.447563172867884
0.35856253572158
0.398809266782237
0.456465308851077
0.3833551039141
0.420560408195261
0.431337851145591
0.293651911177984
0.3855924854892
0.399493265754731
0.486200013020686
0.396594572355734
0.468089860134284
0.374080313864059
0.437918011537421
0.454256379509933
0.287574920133278
0.387578503689201
0.558394328605471
0.477528819379489
0.557303503199509
0.612541220711696
0.446939855916812
0.463810192374469
0.32310919134746
0.545272297201264
0.468021259031467
0.336012124223134
0.569442803750546
0.509306288966968
0.458159293198441
0.573614507279099
0.450151924003952
0.528041423716664
0.550500534378914
0.556495896622845
0.453968041036015
0.56767680099587
0.430649233951272
0.5534908744513
0.422052125207543
0.369393444189298
0.441759796757592
0.737741885846524
0.518127638790911
0.494133637318235
0.433174880621142
0.505695308609899
0.561863610189262
0.549803739322717
0.387339252152727
0.557338918088605
0.669582869969265
0.443921833387
0.446851913751963
0.441499795126274
0.363311043639984
0.525444294574912
0.554515513118499
0.491454623876274
0.534935120018198
0.514565703833624
0.449971215866671
0.444011572989524
0.532683255099982
0.546010618385479
0.624339676295968
0.635113061714754
0.617750025357623
0.371838020520076
0.509322085987509
0.572523952673592
0.593921806935659
0.582033915206173
0.436224445621388
0.558768175273322
0.62688911251496
0.610151693658531
0.54636122849328
0.652378735137311
0.579642388637054
0.545102843351507
0.614668125775118
0.567900928500756
0.659081354037755
0.569012181358436
0.603619166996954
0.371631718008902
0.466239504079938
0.600297069696463
0.546486057273225
0.627512126704558
0.520159043452299
0.572690080782938
0.531555915282024
0.556126993922179
0.620831610332337
0.566940332767623
0.437237315881425
0.849386097108264
0.668185135565069
0.578019289838046
0.586060716897315
0.714559831103716
0.52032365970704
0.691537617798323
0.602992949954986
0.599670851075762
0.595823445968267
0.618420437945049
0.61401831013728
0.630255827029855
0.72691379370645
0.567647011472922
0.724944579002639
0.550828977257216
0.588472999168266
0.696139461180887
0.604856314864833
0.593270640042416
0.780807482089584
0.747660806479761
0.631779000820592
0.643580917563353
0.66537607140787
0.697627941708942
0.692613999759058
0.644548396602012
0.774453420495579
0.772194192643007
0.718011447887953
0.558487219052329
0.596875578108278
0.709289068719841
0.740672957884047
0.731555964227272
0.668664967663203
0.526839720471332
0.65264895399743
0.787787436140266
0.606699014961231
0.720730949257361
0.719786275244249
0.805258185823463
0.672162488352826
0.631632135583177
0.589709299764798
0.774687481460713
0.762157476656453
0.6164175357577
0.663407178094642
0.694791084622314
0.684589499917351
0.705761652985527
0.657466530995175
0.728347963660616
0.60450083959091
0.885722520500539
0.63091540917432
0.55191898007401
0.77648551376434
0.752281108194555
0.772779518786679
0.682112033805387
0.8474141339963
0.694568386394604
0.732227408626428
0.713713941189964
0.733253357478416
0.717823055448574
0.824137612069689
0.903371383153802
0.889606827258312
0.738361741620166
0.66881755106381
0.555837602389461
0.718953778972649
0.719624583222454
0.827732519264656
0.750365625402207
0.697810315606051
0.884780463383844
0.731712320933004
0.846741004550252
0.768162176342983
0.676275260555086
0.859135736839416
0.713092978827472
0.941988199327118
0.745578781719419
0.646662894622128
0.827352325187911
0.84684391567166
0.699793016466044
0.759635684684723
0.746504911255947
0.861423382210744
0.763147623320432
0.802572273041265
0.676588266788037
0.651698343013261
0.859871612153988
0.831977974615453
0.833139938910309
0.824158925077024
0.849950606419449
0.918272244001502
0.841717298872357
0.786942842074544
0.907957876631105
0.957284909772371
0.770307713287427
0.921445719858549
0.703247438441763
0.740566400878921
0.830640671637636
1.02292961300408
0.768046692972147
0.894746135205692
0.818143422488693
0.694362207954243
0.85082697047509
0.927825618413724
0.78676931328284
0.767649652917805
0.891058338575207
0.875427144406838
1.01141055672247
0.862139735417086
0.893000960242288
0.893993289710879
1.00065910487438
0.813937166145063
0.859934623863536
0.931702126109846
0.765363280922619
0.973669378386581
0.947737930333221
0.675659948163189
0.897945307656892
1.03549038874702
0.907133032857575
0.74503472909839
0.960696707957727
0.792631084053836
0.896671169250997
0.885814991306882
0.767030519437392
0.84911876282222
1.07801576292724
0.841335864111539
0.822878843523446
0.989060123314973
0.945796144192978
0.888155242503049
0.941928236455558
0.892638696372052
0.89327029026984
0.90529060115915
1.03765787869639
1.05640317486786
0.828720371297703
0.909254514297727
1.06459399166131
1.07181321441496
1.00578598360631
0.963990989844541
0.958201091339885
0.831237385996505
1.04334313532858
0.968021327242168
0.888977729672256
0.809837141093641
1.0123793928036
1.01144132017455
0.7740516479998
0.77595025954533
0.823679404553504
0.980969364173597
0.843020438893193
0.959771034941146
0.840004725131156
0.969163251231213
0.994851731642505
1.07056392669798
0.993212568366575
1.00117372631687
1.0006452224587
0.969050965892291
1.035293078139
1.04733699461208
0.985611949121803
1.03585486394534
1.25788256184678
1.13548433763075
0.996957659142165
