"x"
-1.11743202933021
-1.02604192960177
-1.0676159513147
-1.01971943815137
-0.932641512575194
-1.018657020486
-0.887320962075083
-0.949510294875721
-1.09617437186397
-1.08224731354965
-1.01262921658193
-0.966734122151934
-0.927683883582675
-1.06283956588268
-0.881676795473783
-0.968309873193623
-0.899431563278256
-1.00656923132944
-1.00210229677992
-0.914000174828107
-1.07975476721524
-0.986324573539476
-0.89539819653054
-0.850963415559679
-1.01533200156024
-0.904052396338959
-0.886520223323689
-1.00943964921495
-0.952456166571653
-0.92385063002876
-1.07798149335234
-0.870073544122626
-0.888448896809507
-0.8193794308671
-0.844584286766357
-0.889937322273365
-0.806343298185427
-0.914281040197608
-0.878090520578736
-0.949581748735152
-0.888440999790918
-1.07662344460814
-1.08473738170002
-0.979876765140593
-0.830613881822723
-0.928691656652163
-0.985618024074941
-0.853207997806995
-0.785955962579741
-0.914042000535556
-0.876915438753103
-0.886068229294575
-0.840397360607367
-0.835369068340484
-0.86252621826204
-0.848696020006658
-0.888336648104695
-0.838584796633411
-0.98975868236309
-0.982272186902096
-0.845140824201013
-0.89099476504284
-0.898890094727848
-0.851894296440928
-0.901596526333829
-0.96302418923757
-0.912941256718303
-0.812880556765674
-0.886264242088317
-1.03223387858079
-0.95127157085337
-0.889247577557975
-0.973966021289155
-0.80679809022682
-0.837541548287208
-0.860647284792908
-0.893498299675858
-0.898813639662248
-0.87447815197234
-0.665400148420127
-0.878704345237552
-0.844761514415998
-0.833982990912448
-0.879081164270689
-0.919642627309148
-0.831614611409905
-0.792692471342704
-0.878552610151406
-0.780721761473055
-0.929164656759953
-0.803310796030763
-0.726547756842363
-0.858959933234661
-0.824640834572587
-0.792339929424055
-0.841316410137511
-0.835607830386809
-0.721073331819411
-0.783511482914716
-0.724830920300702
-0.847011305756907
-0.746014870476857
-0.737770514806365
-0.724036520945154
-0.731385177807714
-0.90445763442775
-0.62671149880322
-0.718045946691998
-0.745979637043372
-0.800467638651527
-0.856997398999561
-0.871248366123263
-0.774910371922803
-0.806174648701827
-0.863962743015692
-0.827743127084764
-0.871704808574799
-0.582437224740581
-0.773293820653719
-0.736045605756122
-0.732551361053149
-0.877642415543484
-0.807031962686726
-0.584296706010146
-0.482098607228998
-0.6673406876395
-0.694843958880478
-0.759039910445991
-0.761772560777389
-0.802689321693928
-0.761558083560868
-0.720667670812265
-0.754909575277299
-0.716317053463732
-0.654299106041252
-0.795943648469743
-0.787978453350217
-0.823966456945244
-0.562020926111091
-0.689466228082529
-0.655692549214846
-0.727508181168792
-0.700208704955309
-0.694431882655504
-0.633048400250625
-0.751834196917055
-0.7968572618701
-0.765665185823731
-0.627174042646044
-0.583571184158664
-0.555000464559972
-0.666823808047863
-0.670661769530858
-0.608837917534273
-0.730233569544345
-0.690590248983705
-0.841474356231458
-0.766060029798668
-0.578856189864701
-0.642943164146592
-0.68670421837224
-0.691288050590619
-0.801533937642911
-0.785121032517549
-0.689514903951232
-0.825357187540985
-0.599874027310715
-0.572777193329296
-0.667086091912492
-0.539333888070139
-0.643276805451509
-0.632895044816471
-0.644714394588386
-0.601289345696476
-0.648261127363261
-0.645779507000222
-0.514205329125335
-0.589522094553108
-0.528743710280215
-0.720158947232159
-0.679215895197691
-0.699471989354155
-0.636133357751185
-0.610580033771878
-0.56398083407426
-0.602394961734987
-0.645001668723064
-0.672067347308436
-0.561179209080152
-0.703406813766916
-0.613850658936151
-0.604777224626667
-0.595559024810949
-0.472727810852348
-0.575567122874186
-0.634985636181243
-0.615272986468146
-0.647988887080597
-0.67189740274878
-0.540873985880409
-0.559517091020574
-0.588618987298635
-0.659496740056668
-0.601562801425035
-0.483408527386049
-0.635260010051848
-0.562938853293632
-0.560050121298921
-0.441040351228714
-0.543495026351379
-0.590503618099835
-0.5242030491624
-0.449303924985781
-0.499757496892283
-0.565582637147157
-0.502956513983569
-0.367475793874169
-0.539694006492515
-0.570971075060732
-0.49125522752868
-0.58171907081782
-0.536642758620415
-0.708516369685188
-0.552189602919343
-0.56966961529199
-0.419427843085055
-0.452758550757611
-0.674435918460979
-0.420114042691301
-0.556259054677592
-0.549438984940123
-0.573025756677961
-0.45391917911342
-0.576518149413075
-0.545514866194796
-0.523911884880916
-0.372128951066129
-0.427967550042088
-0.511297379361575
-0.542269010451258
-0.482994485599243
-0.547301925302989
-0.669052916388359
-0.567698634187542
-0.454558433057112
-0.67819640986048
-0.331046766885109
-0.591843209482327
-0.505142370683604
-0.517437638591035
-0.39303039280225
-0.648844451337471
-0.307625838603917
-0.716502137673045
-0.600129042577664
-0.454894527740185
-0.476668890999909
-0.53500893122969
-0.485910148801959
-0.51651857196002
-0.417238701697415
-0.511247116372957
-0.474740252161253
-0.27978055758265
-0.522479893067922
-0.61960994205825
-0.446521197856781
-0.427460131137072
-0.491192813710286
-0.479407719360197
-0.31904822695159
-0.370259450928508
-0.54013356145356
-0.573960339621318
-0.355020194517926
-0.370867835131148
-0.358634788930724
-0.403353722553537
-0.601651784492729
-0.515004084380269
-0.540392699969372
-0.305680938514796
-0.547584783088021
-0.382589991067899
-0.357593735082942
-0.323904809555483
-0.319926195206508
-0.634074162474762
-0.372013515574166
-0.515329031882284
-0.678802452148318
-0.320772691699105
-0.561943352037756
-0.443574542780641
-0.422497487060692
-0.407757086194929
-0.401856061182139
-0.440350867764713
-0.420989999453817
-0.309570060116947
-0.332671323557896
-0.538908180517347
-0.419165285180364
-0.49245834155435
-0.492388135030059
-0.396065692103007
-0.367710020308262
-0.30048937330037
-0.452404027966889
-0.301065658654877
-0.439862515208275
-0.402010509700534
-0.36267426784758
-0.425989330985459
-0.290909575507039
-0.482109872342302
-0.211856455191601
-0.233253979384656
-0.324744047973927
-0.477442629051832
-0.332638089460808
-0.451710470882333
-0.40755077319912
-0.360164289266077
-0.469269692576826
-0.305522021749837
-0.242088431074806
-0.285438027842224
-0.405168047309842
-0.33375759985804
-0.344685980472941
-0.340728196821275
-0.30048287971184
-0.137327620201338
-0.407467732381797
-0.289334874384604
-0.325386896295923
-0.411821619324021
-0.537052350833416
-0.358162400495042
-0.432732841469067
-0.177852866622863
-0.313843087442135
-0.339334760772623
-0.200082823745985
-0.141193014350091
-0.350238143487773
-0.154348598086433
-0.389209245891662
-0.304148660282046
-0.28044836766832
-0.393593499593932
-0.104902121009187
-0.193377781239884
-0.338668626967367
-0.314208534442735
-0.335806030324215
-0.36828114097686
-0.312469859219421
-0.306882693841505
-0.274092377889589
-0.403825782895092
0.0131012149524147
-0.403837595473796
-0.208819552990571
-0.302558829069471
-0.292503284735467
-0.0869042140196705
-0.352647397878347
-0.320360079324412
-0.282245846765657
-0.0995876652433837
-0.189574747212167
-0.146022780078266
-0.212874185901407
-0.18897025854339
-0.196164422494853
-0.239850393658769
-0.245510727611568
-0.444408761019083
-0.239836271217649
-0.279889741841324
-0.193626938714334
-0.056420756006672
-0.341461646167883
-0.21091521466893
-0.340886044262925
-0.250586459693404
-0.291002811155624
-0.314890026312575
-0.2858843890219
-0.0919062241061111
-0.0997177352951455
-0.193121346875086
-0.250192509703245
-0.173790771934515
-0.270422054483753
-0.321025846206922
-0.183060503063269
-0.286598091382542
-0.182820079333667
-0.299771359267107
-0.12352004108138
-0.352969942330794
-0.197924582313777
-0.211859966601629
-0.26511944253773
-0.1557129494919
-0.209553460881802
-0.142956899947332
-0.162482567331765
-0.0692632279878977
-0.0377888184386647
-0.171673292528681
-0.136397082438862
-0.00859006983604336
-0.227229004611494
-0.211660336900491
-0.185675766627559
-0.202136369269202
-0.090597373914733
-0.24136307127127
-0.143613287402011
-0.0696745592233066
-0.247691845982452
-0.217890000112782
-0.0914509185422158
-0.0532885750034837
-0.121656567000926
-0.160828852141668
-0.126305124292717
-0.157688772763043
-0.257167521163076
-0.0769212496819607
-0.0546959709423903
-0.172761834790666
-0.216103969214096
0.0153007487936994
-0.162133211607536
-0.168878207193792
-0.0984059871585881
-0.0959697185388153
-0.0331559604042884
0.0266064360038136
-0.155919497587918
-0.158878337801337
0.172185420417343
0.017181075311238
-0.0645240491327591
-0.282860860932839
-0.187446066981042
-0.238975459214576
-0.131037146239564
-0.163385691132764
-0.105602521554987
-0.143329964495576
-0.077439182302967
-0.09554131717192
-0.157096765968196
-0.115938465838204
-0.0681737699947877
-0.0356521978590627
-0.143071549635472
-0.151318019826192
-0.101786209931446
-0.0457494858408263
-0.0310756225873684
-0.0842973388578815
0.00828701064281676
-0.106571414058059
0.00211856609470086
-0.0797778247765604
-0.164675437386819
0.0507825407399105
-0.0680844989105603
-0.124016759402834
-0.0479607079067929
-0.0300837262081672
0.0375915583805351
-0.143313081922264
0.0577932381558012
0.149065392856864
-0.0955199539558205
0.0967135927556373
-0.0738164458168829
-0.0105747485681297
-0.0723343855820181
0.00124365856601713
-0.0564693527518818
-0.150976345932344
0.000800220318373857
-0.0565393024058368
-0.0366833886855559
-0.0121313731947642
0.107268457774566
0.0638967248460558
0.00519575100481174
-0.0780167638851205
-0.0374198263463828
-0.0909248797778315
0.0117267321309738
0.122541090345709
0.0155611929083694
-0.00226131948688304
-0.117005552739273
0.209904125004104
-0.110709236320903
-0.178512877772133
0.110990415833038
0.00916656684998842
0.0472331805290285
0.0782750451761966
0.0544040472307545
-0.0202752373619865
0.0456247245889984
0.0455390314541361
0.114564606968639
0.122639363813979
0.0790396063697982
0.0256828839490886
0.0705590300766636
0.0895181026018975
-0.108503090759486
0.175804902683495
0.0611671555653717
0.0328378952407397
0.133920455848785
0.0938177271276728
0.0511567783966632
-0.00125796897375162
0.11021794049784
0.127936896666494
0.124208656209214
0.0651762985113268
0.193613710000646
0.0169863103463219
0.0447500828885253
0.0138739566252322
0.137657338668953
0.155454708621705
0.1078665205143
0.241868524299124
0.109674557972693
0.0343375713653363
0.0654345621422128
0.154524353783993
0.0931445330412664
0.0353887374186708
0.0248603984334206
0.0512043426906264
0.114294177523775
-0.0178815266461913
0.0555242111025548
0.000441616410968544
0.190997677899981
-0.0415976462732028
0.162958760481391
0.180757526873361
0.109804437490839
0.277007121632817
0.297099935253316
0.231375160982595
0.145348495587485
0.124710902170235
0.0524617381056472
0.197211106527512
0.0580567368455852
0.0444991747240191
0.179645060042207
0.0355370920160476
0.17178469762532
0.140524985331645
0.0525483861863392
0.115266668768056
0.167532111840912
0.0818919681848899
0.250310971245234
0.272701113251901
0.135539777332259
0.100490537767727
0.126853006635779
0.0848031500341472
0.214720281683325
0.154135559803883
0.161893713114953
0.245604914659117
0.063886782071625
0.357388193453713
0.220060463856222
0.139310540527371
0.190947975508698
0.102016884354643
0.203141892978513
0.273533882138779
0.0613151983480751
0.251283430985195
0.171074342116689
0.0423447582439459
0.15982177647819
0.140523709315265
0.231939247067911
0.159129967302871
0.283764833594749
0.251142827421117
0.136981953431332
0.391237164174658
0.297437385137688
0.0735676005632273
0.158969093840215
0.111323435576052
0.244052176819486
0.274563244181452
0.22811617673931
0.322336344856996
0.299664154100859
0.236186910151188
0.249435636364243
0.301577840223595
0.273105697507902
0.12523598120856
0.15708733720722
0.250536843720975
0.197831181477301
0.318886709111534
0.272166526310401
0.320729229858742
0.279452499093891
0.260796831754349
0.267006848407908
0.328543085898076
0.285723864606372
0.330667214142847
0.279339176623897
0.318382113075244
0.302381690855012
0.25136313613776
0.319405587508345
0.335942698600401
0.258244736362201
0.207849684011009
0.269861136676893
0.32623740296715
0.390000345636374
0.438631824288626
0.274144208985764
0.264025236535769
0.296168541630038
0.372952090140615
0.308524339529135
0.155258949747275
0.353361048808197
0.170972904396817
0.294175729645864
0.274995088379021
0.23480585071108
0.363949082514716
0.367774474454096
0.447158255938428
0.219243979879575
0.323169265249312
0.287503685408553
0.304234886999009
0.263799057081646
0.263333786040226
0.245684435660022
0.384683606489441
0.403761423578184
0.21020505031409
0.338841770317062
0.232144421160816
0.250835886976801
0.210963760484285
0.281914793362672
0.423927012047848
0.376215710884507
0.324450929998646
0.302563686457783
0.251281814408625
0.471615328353626
0.432901489692324
0.570073189658505
0.534960430577863
0.305583980362293
0.399415506008468
0.453335545340527
0.364933581791907
0.420116481963994
0.520015507984468
0.287978825622435
0.351028349320451
0.4530440423813
0.35889334786361
0.348955486183839
0.493164784042331
0.372686322398929
0.296224293527938
0.233934703224756
0.453941501166054
0.291335221560287
0.294965785224839
0.371088007048524
0.327280520170159
0.448609357472302
0.438228502760073
0.330763327669971
0.395678135359682
0.267098285624966
0.410726609679981
0.345304432039948
0.51743717010073
0.457826033330127
0.509999667634161
0.433860350657983
0.387488370398176
0.267967924351228
0.424931079110387
0.536358442456807
0.398671845636169
0.348872411083534
0.468623114272549
0.484242516226767
0.463015327990931
0.366122347936511
0.505269052927596
0.497408246417763
0.46796785895249
0.301077431285619
0.425480224499805
0.421583458380655
0.574256537435725
0.545831815091211
0.402813606226015
0.401153215421926
0.476126958206732
0.442935222037965
0.491833040762461
0.38663941533697
0.466427400053541
0.478622119101744
0.593398637093016
0.53061292153795
0.595073535207916
0.389973775044718
0.559010243974536
0.522669919878765
0.551440767516634
0.493833441606349
0.63714479857968
0.547829801444414
0.50678756401527
0.370032088717868
0.335040438326063
0.472655664724096
0.409919190003564
0.576458972417357
0.442817140115565
0.602212828491581
0.539890830999913
0.481389016407631
0.715907958353933
0.639172439716208
0.62653954005243
0.50461926330495
0.542809995985646
0.42257504035263
0.554493042032295
0.522635959902824
0.521747149842081
0.632274314538716
0.587833826932514
0.540780670892824
0.501811555393964
0.666684388845044
0.604338871838415
0.528288706060341
0.505546914612406
0.620073421948879
0.61028305410996
0.649522031532483
0.367518657211307
0.505811843013427
0.681357898580469
0.525598676213227
0.662487567548938
0.585309260814112
0.627207860272296
0.647843556338728
0.702505209985658
0.594029708087271
0.635007060810711
0.700839672409704
0.54803990289819
0.523987992113543
0.587425133895884
0.490651534308174
0.513142761387563
0.548926523704121
0.627758743756437
0.636465889247524
0.487098094015613
0.619263741991404
0.480940611384195
0.664763384754004
0.642468733587663
0.536464995733438
0.576647486872973
0.498326902248579
0.528134747773266
0.627904956498603
0.62707111735273
0.563788122779874
0.648920309317678
0.539906424303246
0.724515910229856
0.766003362634395
0.43216521042284
0.504566659362236
0.545531148751807
0.639941916010445
0.620240847429043
0.561762456322441
0.583001628064655
0.619366533599737
0.639779171034799
0.658208827229998
0.739920759075617
0.604132499747516
0.753164260177492
0.491398525254979
0.585589464255365
0.687139899813123
0.707411883042542
0.627757418854517
0.562995835376994
0.745368722860734
0.821869829051998
0.609539749011232
0.844042337769083
0.768958251479885
0.627692825579828
0.684402339800612
0.845714236988967
0.772557475981851
0.614589217552438
0.662990136805143
0.675041148692353
0.659320133501932
0.649505735927506
0.594129637545692
0.725794337222754
0.541022767471341
0.793407056102942
0.805727987126579
0.649082755401565
0.601390233132544
0.656092540315001
0.708050000767904
0.660912351205929
0.644545023470207
0.636433465338916
0.669689373516162
0.606810355388217
0.786915247686632
0.721333594431441
0.674427190165768
0.702070396945877
0.597800320859908
0.557373077858844
0.733047689700537
0.85281633092146
0.806840234304704
0.780801280116582
0.620275661627199
0.770102695103989
0.531462083221975
0.881665317047846
0.75425843700987
0.788136222284075
0.642834735368784
0.633130883037083
0.625830096271619
0.859476822827482
0.651649301759637
0.879569908467275
0.767905674821855
0.727168259166041
0.7873872455749
0.664805499818434
0.763663606214481
0.797475389822544
0.718177252580837
0.693706281131297
0.786488649071662
0.754237627582185
0.73866467280781
0.779707310334505
0.821867140241
0.792907040127877
0.915538436661286
0.799508154410258
0.863727888868106
0.856708638385871
0.850930239820461
0.808262423906128
0.747220226485802
0.609132643142985
0.916398402208526
0.855396278226289
0.878231627648528
1.05269520674998
0.892098868766453
0.861773344118858
0.773084133059604
0.819175714309787
0.914740751052999
0.746713023280188
0.771090046729407
0.859805072283072
0.985388323130551
0.851505569016536
0.824815221460365
0.745616311555684
0.824564888426902
0.897751071993648
0.868251157348433
0.889836913213158
0.722289002446566
0.725321979073507
0.875450400704273
0.882907110667211
0.956050019509418
0.800780537010492
0.928819294413971
0.860437549577967
0.916742789797233
0.813431052920742
1.01278895733531
0.854570202364256
1.05649890683515
0.755226377061809
0.81584927601893
1.01725273140915
0.821265891082917
1.0036829251664
0.915557288430414
0.85120116028872
0.775784522930665
0.935018642203239
1.04765380835033
0.786466238618873
0.932624706021468
0.867519609370102
0.837070019385853
0.987285714568302
0.983921700791568
0.907771305405175
0.871913060072518
0.886211271432465
1.00680357113491
0.831848108255502
0.834418628051593
0.928089596574132
0.930036546411514
0.845382484376962
0.931637837090141
1.04903076104989
0.952512814342286
1.03318929820908
0.890860096372658
0.835062954396673
0.832639764939815
1.02052684836049
0.981934937273386
0.828035521442744
0.949856355335895
0.927585777425143
0.908570778579421
0.920293613981667
0.930415426401222
0.900610937461034
1.08915388772465
1.07008398135737
0.871363740886679
0.982234690692829
1.0319574182444
0.910087641252075
1.09397796900635
1.0104440043732
1.0769210017174
0.985131896524985
1.06662711830889
1.05530243394415
0.916301283793311
0.940362279306338
1.03852299779547
1.02560790407057
0.940597034976555
1.05550226805631
0.954702083469081
0.920681933481079
