"x"
-1.1817530436046
-1.08680491612772
-1.11663187965392
-0.888319797042357
-0.943811079471763
-0.952314588554524
-1.04077196803525
-0.918097215689632
-1.15487789690967
-0.996595372634504
-1.01233931919889
-0.978534773153359
-0.934420839100265
-0.85998660412768
-0.925619418632362
-0.98035496621911
-1.01843929507271
-0.968634415398048
-0.943359654832767
-0.882302157938524
-0.929544908944547
-0.992322140239247
-0.860988594839138
-0.912493158577709
-0.985424563964149
-0.854406600415209
-0.941699840127367
-0.86650121438366
-0.940414014542552
-0.958886943040154
-0.968004394066747
-1.02287505759088
-0.902262938505363
-0.910838502522153
-1.02978604898811
-0.94703683914945
-0.913481054656798
-0.925157939834431
-0.83371432305184
-0.84574370080584
-0.891826196853139
-0.804577648565498
-0.796344977493481
-0.815771590713216
-0.994272524664431
-0.908991076344946
-0.900560348221164
-0.971403433067093
-0.882220357035938
-0.870870016670548
-0.794281987621378
-0.984537151868288
-0.870331344067897
-0.869250213076364
-0.903059446987365
-1.0586746012229
-0.919325311030248
-0.908826762713387
-0.953729983068649
-0.925013168572924
-0.695947332993283
-0.93612141069215
-0.897154761069706
-0.772558086016725
-0.80588295678935
-0.7115252896263
-0.874676871608617
-0.831391904821975
-0.829355763151006
-0.815734036389137
-0.856562612785065
-0.846819863299739
-1.0477905537021
-0.967689707924264
-0.930606721797739
-0.934442241754377
-0.83519530755121
-0.709787825525648
-0.763290017540489
-0.829235033073373
-0.848868965316924
-0.845872972433562
-0.883693846755332
-0.832649660105244
-0.808633819271188
-0.732031247624639
-0.805897869394235
-0.879354954573358
-0.863838604882283
-0.794322448173111
-0.714713197693732
-0.74056860063903
-0.74846921445725
-0.631447130882199
-0.815806255349326
-0.926266146754725
-0.846593952906435
-0.70043088729857
-0.804435069687255
-0.728343898383004
-0.877961307106971
-0.784982709685639
-0.829771159307425
-0.849849577014033
-0.816196485224376
-0.853811743279121
-0.779283390136928
-0.800216269053631
-0.813117490515018
-0.781703350867526
-0.791933752507876
-0.802932405699002
-0.759060516823502
-0.607731139105596
-0.787710730755433
-0.901041306688993
-0.656263254186678
-0.702945140838602
-0.634514682530026
-0.671912166844362
-0.670085181891561
-0.778916282478026
-0.701764930019161
-0.798206449225823
-0.705886388221228
-0.679846784771458
-0.729739760990787
-0.57906529910122
-0.668494585355079
-0.772822411370851
-0.675370852086442
-0.865856612432563
-0.606598342762448
-0.625256366511293
-0.722980519004009
-0.791525823497896
-0.752793434790917
-0.720742922466218
-0.660783470798435
-0.767149247363097
-0.691205148380328
-0.776211144960473
-0.786512039986201
-0.856035862571853
-0.619299191816178
-0.769368025990047
-0.639337798440692
-0.777110607678053
-0.752691751560643
-0.728877262779449
-0.54769928787388
-0.63551097047591
-0.775402872684472
-0.582368488626414
-0.768803442888322
-0.716688284822407
-0.605124381341293
-0.714310335027923
-0.757698904038746
-0.752116718199501
-0.684166871286183
-0.789885486471807
-0.610937378632387
-0.581462411348046
-0.673002072715832
-0.575191564745632
-0.551866241715059
-0.716626897085024
-0.554562419885306
-0.770902332647077
-0.719286422732994
-0.646523224470214
-0.7309630405945
-0.539435480266878
-0.689437464772603
-0.668526538898763
-0.687688661179615
-0.605182413417003
-0.677449321517369
-0.629228602032781
-0.698013093632514
-0.598918835832318
-0.596051176067527
-0.589186119353483
-0.675797235203288
-0.623963541056725
-0.610834226144951
-0.657121309959494
-0.675340823232867
-0.836995026134014
-0.513546121112071
-0.682115121263778
-0.641624295633879
-0.6542689797036
-0.641469815408231
-0.671830582827221
-0.551041862996156
-0.75088124267182
-0.579527267931569
-0.572024649380238
-0.588973328162057
-0.687218873102213
-0.639120144919904
-0.638694631100423
-0.637763598186335
-0.660501843373422
-0.426421086652817
-0.524023841219473
-0.758484428427519
-0.651326293591095
-0.573636505142221
-0.455887122503206
-0.528814179132208
-0.514208170004265
-0.691385809810861
-0.433739822998103
-0.426832160998949
-0.716206455011201
-0.607496210058427
-0.568221446161682
-0.521580817485586
-0.495085229288562
-0.626831771428364
-0.44071392933151
-0.500951437110017
-0.627508848519033
-0.680657152875598
-0.464801378337746
-0.390158096933245
-0.441626191547112
-0.630781266294141
-0.56769123129781
-0.361738812377719
-0.565950744016833
-0.513730150544333
-0.564682059103869
-0.577108978589638
-0.433149516154979
-0.558988775963612
-0.52280993868405
-0.599731267504791
-0.424104727601228
-0.572933648778425
-0.483246301064442
-0.381037496932565
-0.521825181378946
-0.584958123522318
-0.542547239376906
-0.430630410455008
-0.463446033534598
-0.576937057004029
-0.538881546631903
-0.514895700189171
-0.525654232768537
-0.655150226366622
-0.48069302313876
-0.420697496742529
-0.369468225072745
-0.473878103850888
-0.551080191711954
-0.4718946681312
-0.402829951320022
-0.549679094002395
-0.408426558393467
-0.517666582914014
-0.417379065959687
-0.454929381294337
-0.46954111558417
-0.356721853821416
-0.368052716627454
-0.49875308297154
-0.547370387145072
-0.478845050906584
-0.304486292750407
-0.45315843883058
-0.431273271016268
-0.398259868390593
-0.5291583831987
-0.569458523177305
-0.467053850043391
-0.304210895099057
-0.398517482419508
-0.517936192185143
-0.410396863785253
-0.39519253036149
-0.359944750923452
-0.466930552153518
-0.465170314351322
-0.303777078380962
-0.349138757132383
-0.394401193181501
-0.568192906786855
-0.377946979038486
-0.413881552218201
-0.417751321196649
-0.301822083698395
-0.543038590571739
-0.374738112827848
-0.470065665408498
-0.473913756085208
-0.332442858177921
-0.39080156531809
-0.346026789498797
-0.391751236806863
-0.23475855195187
-0.247385255572893
-0.385678311429209
-0.444164138543534
-0.296573625424956
-0.468566745198669
-0.311226903586762
-0.563456371707432
-0.475898046875042
-0.245581378206666
-0.398665692723985
-0.297075622240813
-0.394997998787929
-0.533013055601172
-0.267848845931495
-0.301314174342368
-0.293475666856984
-0.337715029030402
-0.240843300941452
-0.203356875579769
-0.335294947484724
-0.325730176529031
-0.348982682142193
-0.290921601918138
-0.465115735894659
-0.361540238084448
-0.350370641465831
-0.321772225193377
-0.12415734791737
-0.412903108726791
-0.462734362359429
-0.452356077602615
-0.337020509815672
-0.383125610152644
-0.308960978028947
-0.4251506256595
-0.303680921855982
-0.416723757250983
-0.33512402764633
-0.24425454628693
-0.338770960329549
-0.293425187431003
-0.421529523239496
-0.289745400862884
-0.240248087048078
-0.280557812288024
-0.477727444267303
-0.357646054975018
-0.239895510561111
-0.235172567113347
-0.302791003925314
-0.336194170511395
-0.286671517413445
-0.344168089728841
-0.185761597835159
-0.304914553503868
-0.251217199547073
-0.384134957360369
-0.360147312590446
-0.335459943246354
-0.263487508534337
-0.392789831889523
-0.2936759267385
-0.252451113715116
-0.127804531401847
-0.135925379060067
-0.140285006482521
-0.305761165284711
-0.33504154341589
-0.217853168026905
-0.307934427125957
-0.189084283629674
-0.291324465103168
-0.064863465334939
-0.247317496164236
-0.444935504689696
-0.330980275185879
-0.231953411091409
-0.168148934189125
-0.396472773605414
-0.370351665695491
-0.264111567615011
-0.165532289056148
-0.151040358855342
-0.221277870566481
-0.158286102369635
-0.281937790964503
-0.125119720123201
-0.12296967704543
-0.373633613950562
-0.179815162278382
-0.298058664110615
-0.191151480626812
-0.1824226441428
-0.181993699880524
-0.222639873542818
-0.0970889685256574
-0.199737113536242
-0.325717375099955
-0.213531017731958
-0.0766130584265248
-0.335900806264754
-0.162610696757668
-0.193168714246593
-0.01134331932995
-0.184824965544306
-0.16482916621969
-0.0840468074357407
-0.24513566674066
-0.193804014805559
-0.165708850565851
-0.361915072360591
-0.096940059876145
-0.319418802041468
-0.144458947411341
-0.0919466032452674
-0.240102721496605
-0.139766293602696
-0.214855435556042
-0.236994309834921
-0.241676873797262
-0.088405102443988
-0.125696609183422
-0.0181665868158363
-0.180056142509512
-0.0610556405303917
-0.242916264558291
-0.289790016185883
-0.23348548861712
-0.185867033209057
-0.254936042864961
-0.0578613847762197
-0.161786479667708
-0.0257266529515819
-0.0602180653232466
0.0163685455995611
-0.0176078937607734
-0.0983896181950502
0.0133370525713205
-0.175304085155163
-0.183204019473143
-0.116114288673614
-0.106880756231005
-0.00967245836983603
-0.180630786387934
-0.0874240803838754
-0.10755528534159
-0.0148190545041706
-0.174347760168758
-0.169267690522069
-0.14155264581163
-0.064780790721607
-0.076729818010961
-0.0222230513680806
-0.185043303896064
-0.206523307697155
-0.128538228838484
-0.0261920014937844
-0.172414406386065
-0.174864839428552
-0.153441854873952
0.0510339985246886
-0.0841241477697658
-0.0432314700041914
-0.139326906768794
-0.171364568183313
-0.140282994846141
-0.148696446694717
-0.220515366958504
-0.127205911759653
-0.0645201808853837
-0.107541309334845
0.0852815666950887
0.00577962279006151
-0.12319426122787
-0.100233186564355
-0.121721883052185
-0.0279350618851528
-0.117166765348729
-0.178862418499672
0.0744521976130162
0.111198141194024
0.0654230731050532
0.0411166557280814
-0.198969311431548
-0.0325028640276882
-0.0438450916323823
-0.0466404234572877
-0.0293529095588091
0.067028449735427
0.0432910721039368
-0.136474740869534
-0.188277480707272
0.127099827883294
-0.0949864419304875
-0.00723544701270777
0.0638751518853765
-0.104110852344307
0.0630563748201936
0.0433564196090224
0.0194435774959933
0.0434775893511158
-0.0989959095997487
-0.178647551643688
0.109082912430206
-0.0951684602079571
-0.0212117549629962
-0.0240438408212105
0.0728396034203148
-0.0908254310096368
0.0225163731560947
0.179470506052899
-0.0464237980741314
0.0437787267553246
0.130754447078199
0.0720319905005659
-0.0207693677239866
0.117770402273732
0.00927985169309618
0.0334700183265266
-0.0241393204925045
0.202914587648658
0.13562070204174
0.132206134742167
0.0531175489515381
0.083908957637484
0.10890606438653
0.04564424611864
0.0331137087958776
0.126921568598265
0.0650466847065235
0.133285600537678
0.00813482766284419
0.0210637841906638
0.123233539630359
-0.00546109836058162
-0.0142783432713141
0.158010402577099
0.0945296296592408
0.00292455306129882
-0.0605481289402814
-0.0117341172294911
0.174464572680678
-0.00576380721617447
0.132087390521985
0.00603911340847867
0.0356228548577741
0.0858702722996597
0.032937700706601
0.16475610238435
0.0927150037367351
0.229113886875308
0.0168488719457824
0.18596640385029
0.0283021769922047
0.17822946107749
0.0334209969958976
-0.0917871206745099
0.11556528674732
0.076735770995564
0.222856428241897
0.251410187688914
0.257989799290472
0.024240117875335
0.129372064633971
0.237060855139508
0.142227923621323
0.118940968058703
0.149611529389895
0.0954834976759124
0.151534856722751
0.156407953738645
0.00695420427415276
0.117290446699485
0.184072990854666
0.0846800629983013
0.345811260297454
0.0421972660659118
0.22342047576692
0.210502969489596
0.178243257456768
0.110057871251393
0.211633047492
0.108378599869488
0.148640937282413
0.30689520463835
0.319756656718727
0.25262439522503
0.130551631641273
0.0867801291920338
0.127056664404681
0.202731391129087
0.115016309751939
0.223221816931707
0.151471741935494
0.293816291685568
0.11349847028317
0.0608826431798442
0.185348343599883
0.190064448185866
0.368752822080005
0.311095060385599
0.189029090186705
0.347576690298114
0.244282922459132
0.232539504943972
0.254265886893956
0.221077817012898
0.195837824388743
0.140027580141007
0.281574550593733
0.303788912565573
0.273920332376979
0.212680923476336
0.371373314286041
0.256896740749595
0.357498400807102
0.216375202594831
0.146249622222328
0.24518964979713
0.278744457481814
0.302033076974825
0.166068523557812
0.347244673440001
0.256193099656996
0.281552205212411
0.28974675213725
0.130653487741961
0.0882359547185654
0.18767640171579
0.399661031160318
0.283288319350959
0.264000388608438
0.31133184199882
0.34400324140942
0.209271257237189
0.071789019794554
0.374840916406736
0.301441618528801
0.226789429805529
0.380533386042869
0.0632258440203253
0.330610033633
0.194293576447714
0.226633248189172
0.278717799960333
0.272480354776405
0.254490907486899
0.378476044955645
0.321560046801995
0.416032140076565
0.390085867769864
0.451516120079011
0.235067549580557
0.396142077038995
0.26299310733712
0.318084867019352
0.209064461476165
0.380352989551119
0.210566791041546
0.535393915254261
0.449198111774642
0.298454947959068
0.341215925987365
0.380264585147003
0.37513481244955
0.240925467762567
0.258883233775762
0.315869037132205
0.312874818259055
0.406252553341272
0.382120858423306
0.269521878966818
0.462186908751041
0.455613398930887
0.421320784454284
0.475763035273763
0.495628506769333
0.335883880280054
0.399132680706524
0.534500662332515
0.203054884219701
0.371620020276998
0.439302811226807
0.254717213070838
0.298228308583697
0.243343181019499
0.517668868169519
0.388465218929472
0.310007891413968
0.474499765435485
0.417998077266574
0.379331861090671
0.380923597511839
0.422667748590583
0.343646530923755
0.485254848264801
0.422256026894986
0.433818376243714
0.391051715269598
0.445848162546949
0.367419794854086
0.382426656436581
0.44592869000658
0.392336822239905
0.411596243963173
0.418335194880686
0.298731804199042
0.379706713091477
0.391994485756405
0.501024209151898
0.400339014618971
0.463074665264943
0.401539812672729
0.436525119892676
0.429302828323565
0.280036846951163
0.412565702394325
0.54165920935863
0.459520480133899
0.561000056219955
0.637473055503387
0.458658650031515
0.452994502029609
0.339870878172641
0.54921887085899
0.470815810482462
0.358548978930612
0.562032386590582
0.487953384974446
0.463511670240687
0.580327437206037
0.444068153534289
0.541581975200378
0.534228971480349
0.56531792708339
0.449048944752734
0.570556537005289
0.421279641503481
0.555137916466887
0.424850648502631
0.382300826409017
0.431753428655097
0.741792395598932
0.518096775036448
0.490673890365015
0.442718868760687
0.503016560460635
0.556835079063091
0.5605145858928
0.395087293392079
0.562085601196108
0.674507294064519
0.457943936244605
0.460515113424508
0.429777485365718
0.375624269318573
0.536748850066011
0.552366576061208
0.477247606451889
0.55481812714209
0.501652625257129
0.449703851191581
0.431508555109155
0.531130852466971
0.55769749191835
0.613858185311153
0.646545226071726
0.625686479718648
0.372752473415761
0.514567350310731
0.566400429956203
0.607439450832748
0.609290433537925
0.42217954366172
0.568096786556721
0.636007443444306
0.601389752067875
0.546386393698725
0.660167487510489
0.563792332775278
0.553564416565175
0.617585248906648
0.55116263225135
0.670826737919149
0.558750503980989
0.607750260137633
0.375212461792425
0.461818466307595
0.594957761716243
0.539388404181107
0.609784354356428
0.541068630995846
0.564755438129438
0.521066370801242
0.553445625375648
0.619247914848059
0.56258249643614
0.438407976523759
0.811913077984301
0.651481365881443
0.566818802714558
0.579837690846195
0.708528336135732
0.510611610889344
0.706265306455651
0.627646966611597
0.600218922168073
0.597205663136065
0.621314201829194
0.622639091779026
0.635299604986356
0.720807768694796
0.57444980722176
0.731871996516353
0.551043432112167
0.591828623035242
0.68275812552665
0.602854896151432
0.579212839792386
0.76893091948209
0.756047454485603
0.605356576095505
0.650761333023122
0.678340872810136
0.727661847090528
0.714226463118937
0.656785348507461
0.756001700456057
0.772810604841373
0.721754411958458
0.588380082797299
0.593848654879884
0.701235376842399
0.738732569060248
0.731760439230865
0.647478477176412
0.542572615443617
0.618681768881679
0.758464264214718
0.624437338546354
0.722181053845531
0.70548871936018
0.813145057253747
0.653499561188878
0.648671179692168
0.578064600313072
0.771295118974057
0.743426801217123
0.611678836987991
0.66604417616871
0.669764965350106
0.674849526188873
0.72120198154053
0.656015198911311
0.733550586573386
0.571537250438866
0.880232958376233
0.61072953051116
0.550831834725974
0.793124529000149
0.738230839417163
0.766007721215812
0.680722201219447
0.832106688995297
0.70093780472716
0.739253576276937
0.713819994112868
0.722040513202868
0.707207308657998
0.853406100702232
0.884235510409316
0.874148709873506
0.762875103297194
0.658594880502585
0.565448098187931
0.731136869012932
0.725133779114357
0.834808819850185
0.764080744663792
0.696272299256655
0.891047305079351
0.686031399380342
0.850843622891206
0.779902100085798
0.661575785710529
0.843232049178572
0.699800833046592
0.959748538246079
0.759749425557528
0.661707655964969
0.826233364824827
0.826341243920315
0.693077766998708
0.762399366771711
0.751077526599324
0.854987264647824
0.774428002483447
0.819373632585112
0.658340565791775
0.652843028245277
0.850692903393483
0.831071030107059
0.820155342440764
0.849457587461494
0.842492530777075
0.927067141679072
0.819412681673052
0.794063560671608
0.906957821669471
0.969822342092492
0.769521742873243
0.924521188266419
0.674763598615029
0.749751278747127
0.826919827270558
1.0369485549082
0.749427283508514
0.877426687364278
0.807792054114341
0.68736729553516
0.855247945817973
0.90706803567416
0.799150621391077
0.785881031973664
0.897599494790598
0.894494598344838
1.00589560214367
0.873027494343291
0.881018429576377
0.889284653959246
1.01438445758933
0.820630144524722
0.858313458874626
0.953880062976272
0.745600396661139
0.95576391345207
0.951756306359016
0.684745599362143
0.886759766109828
1.04352994042929
0.908647036105399
0.746355583157643
0.95246248389096
0.795636420353573
0.907956264948924
0.886375225362638
0.750146924848516
0.865405254886241
1.07296630278718
0.841127131443391
0.820783059394083
0.996440541154502
0.938345227450354
0.887812467010556
0.949313839745858
0.887858937535982
0.883299353512131
0.931142223318782
1.04609249446245
1.01860247710098
0.854879809130661
0.922454472379678
1.08424345889758
1.07887842715625
1.01069602143411
0.949660228897351
0.947446265748011
0.853936530119062
1.05310445279587
0.980275674656184
0.882124125659332
0.808939183049776
1.01384660368058
0.981095854740429
0.791877890363143
0.764538971401056
0.830699084774074
0.971400038847142
0.851458894863343
0.954921669168369
0.833349976886489
0.967651807764416
1.02150802232815
1.07034960831888
0.993404154177839
0.999472300581177
1.01968121698583
0.956482214892116
1.01383579234904
1.03088376302996
0.99456201974303
1.04772452223617
1.27014564146134
1.12468080966324
1.00433923215587
