"x"
-1.07373171047715
-1.12225280295411
-1.01592039449036
-0.934660023279472
-1.05789141569947
-0.985051238382796
-1.09188091987726
-0.975908891770799
-1.15742055535313
-1.02054670318084
-0.965611772134675
-1.00243174184643
-0.991428026662931
-1.13993151350981
-1.10858401944074
-0.992717764928458
-1.04699159911318
-1.09952396055277
-0.858113336956826
-1.0353906961009
-0.995599354259384
-0.889677072208893
-0.937956791599179
-0.968945145557042
-0.88929393640424
-0.875201484545492
-0.994048116892441
-0.851145624596353
-0.909313640260296
-0.886348723680858
-0.934496105690162
-0.915675231543086
-0.999084991580049
-0.818530164883796
-0.894633822322382
-1.08724485625092
-1.01634076518401
-0.949133612036349
-0.909221810747252
-0.981296275974104
-1.03621801276859
-0.793985552455885
-0.97408462619259
-0.977640030500498
-0.941795060839117
-0.943680575671358
-0.969052769342808
-0.940893965413301
-0.877562931986165
-0.981725408681838
-0.920256337531282
-0.950459822804334
-0.88178814535631
-1.06920123042669
-0.876720318693531
-1.02238834261112
-0.944728441415873
-0.719477056806395
-0.799798730148793
-0.88934268639101
-0.898215554010359
-0.872439119703124
-0.712474510335655
-0.871460818343303
-0.95426293895884
-0.841139983687898
-0.939406310172856
-0.981340315359391
-0.990230955278101
-0.821067144676923
-0.765390884993297
-0.877242478327369
-0.819317484721008
-0.814706835004141
-0.960284107404859
-0.847929471435808
-0.891013765473357
-0.652335484509112
-0.844966810611306
-0.749208591089201
-0.699884067086115
-0.746404707814868
-0.850290606495428
-0.881530066310104
-0.984452781223304
-0.814488830521639
-0.788029743576292
-0.891803486030134
-0.784975739028528
-0.87014781275376
-0.774370828136285
-0.849535071143488
-0.936392106236516
-0.806546331833378
-0.791914235293807
-0.734946652802165
-0.738472616682291
-0.746166765901628
-0.720233540897793
-0.729965675787706
-0.852968911641553
-0.721523217260883
-0.615475186014169
-0.866863738107621
-0.81709292924779
-0.800091986265982
-0.867793048609012
-0.791650403785036
-0.772347893800892
-0.718934085385955
-0.70419413958966
-0.803827223453964
-0.711670716939692
-0.850052331892164
-0.706428159651364
-0.928156982604954
-0.741589585880331
-0.895500025567216
-0.669664159554459
-0.893887255480008
-0.72904376421443
-0.803865525136097
-0.826214768151939
-0.978012663675251
-0.75378675941604
-0.826570920527028
-0.741264964947917
-0.654948360289381
-0.710519299006396
-0.692866807858828
-0.688116952350918
-0.79377677731242
-0.806973259354175
-0.892240502780545
-0.928813397492458
-0.781828361113949
-0.623606072643993
-0.615776088802504
-0.745700646839491
-0.690453140263758
-0.794645531991744
-0.446049696605178
-0.681664680354602
-0.769400268925785
-0.659204127229927
-0.526653784599067
-0.868923719668361
-0.564297319309327
-0.697235790598166
-0.595138780331868
-0.808839628428259
-0.70108020561446
-0.784414146164991
-0.750981628863708
-0.585710285628311
-0.656496833524543
-0.573491012863223
-0.624501963854004
-0.600543725693891
-0.680044360672166
-0.598885383562967
-0.709663992879707
-0.628205840111058
-0.530773520084236
-0.635595496747276
-0.631901940670146
-0.699182541016957
-0.587621947333101
-0.564239857858177
-0.675563575622707
-0.754255614337001
-0.597836886226313
-0.667792636545881
-0.6468041634256
-0.586957526141131
-0.503611314484049
-0.580456098248945
-0.578449211734389
-0.649680775646336
-0.669730678308626
-0.739093613361842
-0.687727759204246
-0.44800979419476
-0.587561066387123
-0.590476047910843
-0.700654257495342
-0.576778975570265
-0.547383926627661
-0.733820808943644
-0.614416458585598
-0.699508042806519
-0.618705169048086
-0.727157716648017
-0.697459534947203
-0.516636084678014
-0.664934341391248
-0.645791035783471
-0.662608893646665
-0.721355998541726
-0.513471896260197
-0.657914889827985
-0.635254481573729
-0.645136378296955
-0.620008860911105
-0.589530584558392
-0.5279447007948
-0.631037269588505
-0.588161567730457
-0.632095181046988
-0.483296999497539
-0.495464808928108
-0.482971977916666
-0.586823839807166
-0.501856313365997
-0.516485842226006
-0.539308468108944
-0.467859559957311
-0.519485627926592
-0.592651921990995
-0.577180215449955
-0.551275864980205
-0.586924724600342
-0.624945573840855
-0.532730920533236
-0.422577045320291
-0.576276306214486
-0.493422137243161
-0.59082952483873
-0.541006292915936
-0.474772481168594
-0.432028198266221
-0.614147694530827
-0.497012805731339
-0.513906973650034
-0.5462570882542
-0.471654378749782
-0.527646831041729
-0.540792870895338
-0.569504754428483
-0.517646499754142
-0.561273096309895
-0.571244592493534
-0.472791544882867
-0.633436468834443
-0.490634517710757
-0.549288665736368
-0.509813032910889
-0.573584615681831
-0.476245174513193
-0.540932072243052
-0.533594966616158
-0.599843620784112
-0.394807649731289
-0.657985746891415
-0.476834027865234
-0.570716693975838
-0.523586882881206
-0.516415661001696
-0.454623632608442
-0.490943494639458
-0.625795032543424
-0.609534991977517
-0.362215707095403
-0.562802547458319
-0.41731262269396
-0.490169263572389
-0.426038720163226
-0.525438630180782
-0.403724568012416
-0.411264520016945
-0.328956769402684
-0.424693638197805
-0.559790795584879
-0.448525610539964
-0.423776184967408
-0.331672922731998
-0.471038611740743
-0.487016353021809
-0.528323693461471
-0.431877939620252
-0.457440599075144
-0.532264851635387
-0.327945142166048
-0.423296885626913
-0.436634317879003
-0.367893015195572
-0.381451435429746
-0.324575805993624
-0.339029426569891
-0.352206129448155
-0.440727294713688
-0.263125040268339
-0.315152095893388
-0.53928965044826
-0.354400839438763
-0.402270188575924
-0.436944764110727
-0.225994632321281
-0.417903448326053
-0.424278918730249
-0.438201291931873
-0.366036742307703
-0.37884888119087
-0.468260142782005
-0.309674814883973
-0.363360883854206
-0.380234775847034
-0.453720683342066
-0.482722082092549
-0.353717026623492
-0.424671117158062
-0.304092100687381
-0.309436137568691
-0.406319529452021
-0.336677706499177
-0.321300927640427
-0.433660320698719
-0.193977148163792
-0.446939850431099
-0.247476527200504
-0.353083348086389
-0.413605077160584
-0.389191611431215
-0.417168208587568
-0.361073843027866
-0.463564417235593
-0.122764026871184
-0.341664828382268
-0.34998330108318
-0.16688613682102
-0.335851796846771
-0.252365794107346
-0.352727243314417
-0.333509962594347
-0.335393017853879
-0.426251981087552
-0.326016699745967
-0.392186578708424
-0.420847363063167
-0.209232873750217
-0.318624356145973
-0.37921556115934
-0.249763456649693
-0.44895649194923
-0.36160428752758
-0.243185320549255
-0.356365920468624
-0.486705974226359
-0.42148803804003
-0.213121965656158
-0.29270426239412
-0.287424436448811
-0.212520025497427
-0.280142645996355
-0.221420619227263
-0.258170127693637
-0.31183306583297
-0.282178313195635
-0.422338455729484
-0.213125528677025
-0.374662743851217
-0.363208119963607
-0.291182292928583
-0.292666306867815
-0.17748200726138
-0.398292691124625
-0.292835331622379
-0.343104066030684
-0.169598716018802
-0.211007423403843
-0.249285852554488
-0.311009308071585
-0.275903641164273
-0.396811379332912
-0.247566564432253
-0.217256352579875
-0.30011905699416
-0.279235331901937
-0.322142218607789
-0.38004039897814
-0.284986275802305
-0.235869821280218
-0.385931398882758
-0.233077849995466
-0.363668287986539
-0.317759132657214
-0.394080078054603
-0.185860445678615
-0.213917684350847
-0.210524606191803
-0.190132789140267
-0.166925390101095
-0.26000450796177
-0.0885502237155525
-0.355722063371295
-0.221303898465937
-0.205708291462908
-0.140805201729503
-0.301228907590146
-0.314412508295977
-0.243737933243222
-0.121833077030839
-0.221685425057612
-0.267798724751928
-0.334238522139293
-0.0505753862764762
-0.0774729307157392
-0.351989124094095
-0.214742191745921
-0.228723763449395
-0.292134055916981
-0.0207839465437001
-0.172151187211611
-0.232707221976628
-0.220424984219053
-0.159813911479256
-0.215931212709644
-0.180757734567322
-0.0795739165270412
-0.172574278321356
-0.0999386376886093
-0.187168437551175
-0.120931927389851
-0.196556325386972
-0.201392418983162
-0.0545757173594531
-0.0846408393990756
-0.179045718782437
-0.0954664107546117
-0.0124842178457911
-0.0905786099669915
-0.0911924224514787
-0.248764662057152
-0.148218596633506
-0.074995650243779
-0.0572070502982758
-0.0852154059766171
-0.0489366479416282
0.0661203746513385
0.00980045600709488
-0.227576684680393
-0.128440890530767
-0.0477420999304992
0.0725814712338467
-0.146262020032695
-0.0521537160244144
-0.164239482029735
-0.0692990655475128
-0.0641754073225866
-0.272506231059976
-0.121638465287079
-0.126102976039347
-0.145603507484531
-0.220021832465218
-0.0329023205333172
-0.100324988671769
-0.0399261754542665
-0.0281771459763673
-0.0451899713209085
-0.127446589255285
-0.0803814549254474
-0.0296448575583316
-0.0429103551444207
-0.0531638758140948
-0.188071235152509
-0.103990309737284
-0.0474994617361953
-0.151735723253512
-0.124628944132257
-0.139350335305289
-0.0822981150239644
0.166828562696333
0.0851825591224099
-0.104874689784837
-0.00978689481612089
-0.0529520687654616
0.0511912279111934
0.120634094920529
-0.0108712599163925
-0.0509310674970423
0.0334859429790666
0.0906440497543315
-0.0109171509553491
0.00672728730651673
-0.0225520541315824
0.0102828187778326
0.0545160766486419
-0.0866988422609112
-0.072895539550845
-0.0213040430766422
-0.0102937390818517
0.0154093208677731
-0.144156360878616
0.110396011730745
-0.0239815910345612
0.0786913210645669
-0.00246669680988699
0.0127872827490047
-0.0742320123798251
-0.00775745863002336
0.0134164944722155
0.140082578559138
0.0558772704514923
-0.046273265411636
-0.115141657882634
0.206338484043782
-0.00143264275816943
-0.0374743611389504
0.0840166415909576
0.157251810517117
-0.0139202774282603
-0.0305812202354995
-0.0924465766089717
-0.0172488882168318
0.15533675639664
0.026951499186301
0.143390457924666
0.0531310757454401
-0.0322045398244561
0.244203083320724
0.0987264755858694
-0.0479164293339884
-0.10200079762678
-0.0440303623766779
-0.0804999015700052
0.0492136095029866
0.0853280786513839
0.193685414770909
0.136843059070506
0.0375222959880747
0.0515998277833566
0.0667185780615522
0.0229301185480053
0.127271402024947
0.34327603247738
0.110516308612465
0.0630553813232771
-0.042815243358989
0.0813095915128129
0.0986556317364322
0.107714182970764
0.15740436071261
-0.0353008431847342
0.0719356161398306
0.196555469910759
0.0776766164088479
-0.0146133196818843
0.133548149400195
0.00698012761052848
0.100980583966109
0.0956798037810678
0.102177029306402
0.166424502687002
0.0610105026143
0.0669905226383071
0.099665899162857
0.0409984283162475
0.112563218209499
0.14202769632546
0.131419423898351
0.205957787967001
-0.0494040087287289
0.0877255246626605
0.166328717140142
0.245551201187033
0.022665772621241
0.029344607875145
0.189445539710162
0.00209135704678675
0.18698720054615
0.0207562106163468
0.266625605020717
0.186392113834134
0.145908072446341
0.121637242361896
0.0752298112965848
0.261545825885559
0.0596208643387207
0.228607580807158
0.0202762086581269
0.239218843828136
0.210539094395889
0.110997239897586
0.0772342959003875
0.340998583923636
0.233514772237803
0.242843673039868
0.184229689028998
0.0869479606255368
0.0336337423185213
0.116256349871058
0.00923719354733399
0.255541564585861
0.285865969267151
-0.0403379215399545
0.240663694677008
0.286211843029923
0.247786005722041
0.237986541549636
0.199350951390698
0.156570324786832
0.169461607093072
0.277404923000067
0.0957184391310129
0.319628019189192
0.293720405165456
0.162528200513409
0.213994215330539
0.235530899393613
0.268738313214773
0.292558850059275
0.109565803714859
0.198110663189889
0.268551667953763
0.274203770652688
0.395043468224671
0.26465648166193
0.21785306626209
0.259493946705502
0.22764540327018
0.150427698363709
0.25478880104955
0.305599239830564
0.062480445535701
0.214145977862603
0.244967617631242
0.369826789201581
0.171282873403211
0.361975380576734
0.368871056405258
0.293032735952688
0.159761309928902
0.286985202380543
0.263460612454186
0.338175511782716
0.204027903071252
0.381010800066676
0.416146756011502
0.288753853688888
0.257716981907555
0.235069061199084
0.220017403052668
0.399250461415566
0.473096332130536
0.340204355040716
0.20726152866805
0.117586791051594
0.433166186154896
0.2939456137027
0.237617382270623
0.326657904127157
0.2583703266551
0.385312004084654
0.273944245527898
0.289577565443788
0.260500960854344
0.265284132924917
0.388999238453918
0.304990990046869
0.476263657684963
0.313823074375187
0.358598397793068
0.372308260300654
0.381606135458299
0.295983684780162
0.25941258425424
0.404905628060832
0.336263125282764
0.437445903798739
0.302861629446787
0.457252917160024
0.351331317178501
0.30548910168739
0.350292844179741
0.462482194397553
0.460424536316734
0.407741321614825
0.360090027455549
0.364865430073321
0.308130527577713
0.182332719832015
0.438538703319218
0.197971386148167
0.225751597322595
0.425059617633697
0.429855459853449
0.417726304133331
0.373006722668625
0.341089261161943
0.360564236758975
0.358181771679272
0.347269750067753
0.343389128118167
0.356508817561492
0.379496418110022
0.332713668259372
0.282851102059206
0.356543415412642
0.450602901918715
0.350161601628292
0.417722777828002
0.323237742747285
0.35622338821609
0.289107404016235
0.236757242574303
0.570769733717515
0.489244481938874
0.340091591223338
0.433741470552461
0.511423313798079
0.426386584595911
0.450960002655566
0.34115997481095
0.344023769780553
0.426727934697675
0.361271620618291
0.332375591661238
0.401661624981546
0.299914676869859
0.438270661448672
0.511010686672557
0.477067288455952
0.471140632758506
0.481564570529797
0.531580136362948
0.448663903274213
0.512985901982642
0.411554709727065
0.630335418714656
0.381497035876538
0.530413029070003
0.436796720167981
0.409212273779239
0.495880028724392
0.42663699970076
0.548750096994342
0.510078499732413
0.342494856555641
0.372556605201139
0.404752296554143
0.394869875250005
0.564985606295702
0.641246831440632
0.67247719460557
0.458268417261475
0.491511317528568
0.589769320508761
0.51138661952751
0.420295508762277
0.478355597286838
0.451340357943653
0.528979693925407
0.483960358197768
0.63868149930314
0.357265734590514
0.619314743599953
0.593987344916092
0.464445916719277
0.641701248098184
0.578880997970567
0.601231617659669
0.647166010269187
0.524498840334238
0.451424391879823
0.468100965406141
0.596924411342315
0.492537810449452
0.48721175327743
0.595491157171667
0.567799458798683
0.515086074412036
0.582896516800285
0.524834397372474
0.735266394599431
0.712419069871929
0.39741279709076
0.456358193710628
0.566538595565261
0.570728246302978
0.46297698913125
0.353563714332644
0.466832285883895
0.550994789980059
0.568279411569407
0.612695803115736
0.459538630380616
0.706461488221167
0.644515705364722
0.561477374358861
0.575279531355825
0.703918661053144
0.434011182805889
0.357454750168793
0.543862756768764
0.547792101858611
0.517510692309674
0.476179633456151
0.431622595982732
0.578528051222234
0.566128559189242
0.829402608288621
0.659176519431808
0.573925679432068
0.621773867887557
0.698519757294318
0.643764055092316
0.67729353759113
0.657578118227498
0.566376758543644
0.582273773931865
0.561372783910407
0.698467538137271
0.52570206623181
0.664993434375103
0.675929278730549
0.675439249477223
0.758062296952939
0.571178028765193
0.696502824359934
0.629851077651726
0.673693394517385
0.574019265303038
0.737103016902304
0.832195866827961
0.824261999419202
0.645222266022064
0.640474349181287
0.663493767650911
0.798718492315886
0.659779257750142
0.72528598021208
0.66607599061562
0.650590048083497
0.586532440651978
0.592555983479624
0.64053075736074
0.59350470836276
0.809388356867486
0.583674842835223
0.641022089925962
0.47639301542858
0.598286150061789
0.634173649788005
0.523679043566391
0.665866685976179
0.649230973351034
0.753130246809871
0.633413578217332
0.71902156487166
0.647984717328282
0.539457646757851
0.616607294860642
0.737179541300686
0.783381096559253
0.797330255302033
0.709228579257316
0.73013029210762
0.782651355492493
0.63138862892593
0.583846964685803
0.751523696510721
0.738520981237124
0.733984079728723
0.765793491835484
0.802051256965957
0.682187994225901
0.799086206854234
0.799102214975441
0.657595607947416
0.650962793613402
0.661184531991258
0.701487874843854
0.843742736945227
0.865313317982713
0.577860131818662
0.699791196560918
0.879100560378572
0.779787611797233
0.824868200414189
0.654836631626796
0.851795779102389
0.781518090937342
0.807988407886155
0.769001297889934
0.781219965557957
0.90813498507301
0.664902945500521
0.850400471437833
0.808812875644737
0.787549034256492
0.72262180995982
0.772865741456497
0.865816274271127
0.790325599869288
0.821000125607852
0.789248567233001
0.773435790667057
0.755762615963628
0.775668430169817
0.850113450445238
0.712726065017423
0.608560036908346
0.965257202719508
0.689584069733673
0.900499703205809
0.858592152333879
0.880449409727944
0.716136060379584
0.821988337668586
0.893388815913592
0.728723353634685
0.8084518304559
0.81588131494032
0.898773525730597
1.01821079007279
0.847983859244992
0.654217174320236
0.764165752677381
0.801341471389126
0.895458069267766
0.794352742006431
0.828607673947718
0.837332769838903
0.832302338768644
0.696410853446095
0.896220498068868
0.821859593425742
0.96278726829285
0.893715627669587
0.747436606940427
0.956803902096761
0.851438197800878
0.804572774413745
0.748200334374859
0.844651478888712
0.784127941971772
0.862776722463576
0.954195368278215
0.849247118668065
1.04657582233309
0.877962146695022
0.888384742686244
0.684713718867546
0.95439285536724
0.948545661105568
0.927589703251712
0.84061261775889
0.922962442206623
0.850028610580934
0.815077983183248
0.842511540715169
1.02069235316432
0.956008136706345
0.863202569356782
0.921601240588773
0.878311750310953
0.894038646645508
0.93628455668617
0.948182996303912
1.02024678617925
1.01451286423975
0.901837171821199
0.795012890923687
0.825923021552449
0.896241450126303
1.02829446469814
0.91360105149455
1.02655124323074
1.04340412659909
1.01720368450815
0.906664681227918
0.823792353145835
0.887227220687542
0.992251501831469
0.859430110093177
0.914348027884534
0.980487401195597
0.905086101577576
0.848338466046442
1.09276754138025
0.900671518722935
0.772657404244465
0.880304935314337
0.880254582100084
1.01324345987379
1.01391144819768
1.0514179621536
0.942107647424096
1.04651919340809
1.10265383921794
0.979518435970836
1.05726809378444
0.964916694095712
1.08262346405545
0.993090926867032
1.01306401406274
1.00723093175544
0.934366645893417
0.932985761837869
1.11165321111998
