"x"
-0.929575137055321
-0.842138851394312
-1.07753202765355
-0.868632791998743
-0.877601232366787
-1.03589744068237
-1.12587360642652
-0.935780707819576
-0.937218851566245
-0.90332411096424
-1.00180275989464
-0.990442789956754
-0.956018914788694
-1.17415041736123
-1.00718941727071
-0.994259883741692
-0.993286563559835
-1.02089086800075
-1.04385125141568
-1.01516657624598
-0.965305727795734
-0.849325751500332
-0.964652318918846
-0.859247719731044
-1.0121320560635
-0.957179310573535
-1.06064293738708
-1.03186511030736
-0.966049370693793
-0.891813252995456
-0.970396910805876
-0.834093687785609
-0.858980437900353
-0.890223076480889
-0.789296975188254
-0.867456612932331
-0.716514042590591
-0.999494369810801
-0.866432440018196
-0.885677026374313
-0.902568825202188
-0.859382654648144
-0.895942663039647
-0.886359571073182
-0.851256819294058
-0.821521213727005
-0.90058394675557
-0.958693522546775
-0.994894201779112
-0.785213028800417
-0.876371726958196
-0.887479343254656
-0.715688090798943
-0.838065684047738
-0.833308940830224
-0.994215961531303
-0.863532911362779
-0.995884396145539
-0.855029063239074
-0.894698428809406
-0.764007948745462
-0.919421279803239
-0.79999851253653
-0.918274878477667
-0.958918647628464
-0.923290763297863
-0.832699742608635
-0.905046304266293
-0.894737349944798
-0.909863021299482
-0.787367965660057
-0.822083560101994
-0.955957387889331
-0.818661296998312
-0.74153146700066
-0.846543989024802
-0.818189754139754
-0.769121028603766
-0.722928572803046
-0.875524387433157
-0.807124715176772
-0.708175448413646
-0.901399838801802
-0.773746523836182
-0.831452914290036
-0.865881434399986
-0.861238036146199
-0.845065491719392
-0.837422696469509
-0.853671852992166
-0.718746701171514
-0.911186981478995
-0.896298406444236
-0.711176845182337
-0.859977015809497
-0.752971467327622
-0.747919739658201
-0.666272617672641
-0.743738668925552
-0.871795606942341
-0.828432739370593
-1.06168456939667
-0.751672540666624
-0.759635507179393
-0.550052885941496
-0.750637482766254
-0.847881115977599
-0.819468145480824
-0.711687251241598
-0.80679616727347
-0.740573968165574
-0.788044632236293
-0.799283154385129
-0.692583858442862
-0.802249283974406
-0.848697797952473
-0.732998431768685
-0.774743849820506
-0.649908395448299
-0.849452588418225
-0.621881474672346
-0.84716074258626
-0.884958012580994
-0.672364168804932
-0.896693708943749
-0.772970509472037
-0.800319014402514
-0.607203555374191
-0.894468977188749
-0.65238033025207
-0.685605314374457
-0.67479110564383
-0.683557273784876
-0.663800944833252
-0.707347883590123
-0.677768170463835
-0.717940313251884
-0.789281620701975
-0.699838759857272
-0.859195274626267
-0.779561485001571
-0.756946240050361
-0.69523655230761
-0.813524052752601
-0.699339862882121
-0.393385113815256
-0.68323774031289
-0.763579569817987
-0.786278549947485
-0.686319867884242
-0.752541685972381
-0.621385053432022
-0.77390791277819
-0.687639037639995
-0.731275645307996
-0.687108714170463
-0.729958360005554
-0.694985390047922
-0.779162715149877
-0.778293755557622
-0.769944644088764
-0.733636477235306
-0.59418271335277
-0.630689281971321
-0.574446006561953
-0.768173923826758
-0.606242565391393
-0.682492880987503
-0.637959328476187
-0.644338405185892
-0.652312372134277
-0.715907940524767
-0.690330434450431
-0.735804506180444
-0.729645475671998
-0.627189048667024
-0.674475764867546
-0.590243215207332
-0.729289417538872
-0.672043893280042
-0.782035626544166
-0.64327229694194
-0.696127080641351
-0.56168237093562
-0.699297647013777
-0.672014276015877
-0.613465506324382
-0.515684264117824
-0.649656982617558
-0.56639277519406
-0.585891353882574
-0.498350140938936
-0.630364431836085
-0.447168242171635
-0.692318628078639
-0.544444387659925
-0.631763893280595
-0.69266197197314
-0.538203322337817
-0.545981167558038
-0.573863051495657
-0.547427137234642
-0.676669080283572
-0.598806939053877
-0.618262446506659
-0.658245870478559
-0.528502957238592
-0.713022162875015
-0.676059374629154
-0.549978510511591
-0.56549866657386
-0.583779540752209
-0.452814457734738
-0.532697388483894
-0.582214137291432
-0.455478057187236
-0.621039042588687
-0.533899879509997
-0.609250353363298
-0.47540095111367
-0.69026059485215
-0.571228190609998
-0.660458670088814
-0.44993146865846
-0.53287494458431
-0.571471582253742
-0.587920341845371
-0.506130607857094
-0.627094153122706
-0.541498858988449
-0.57970072754423
-0.492381493145714
-0.371057720647927
-0.51695956161418
-0.526207823958027
-0.517451756885811
-0.415202596112365
-0.498281897143981
-0.517184777952461
-0.462675732768423
-0.493187744348657
-0.549665920069934
-0.513765518925379
-0.624829923449964
-0.542253067033508
-0.479939696430373
-0.570071537846189
-0.463298760635544
-0.563953537492878
-0.431884083709166
-0.550005407425977
-0.446491433300815
-0.41543937690118
-0.327799031514578
-0.596764244368349
-0.383930552281132
-0.513524288841786
-0.555172701820413
-0.472721317905578
-0.424197859265424
-0.504059680292068
-0.505051493989512
-0.333213127379166
-0.650710119059328
-0.55855727313741
-0.471800306940609
-0.550474136800609
-0.396669423270865
-0.493210912010234
-0.392912070475001
-0.402380667640447
-0.536564206404332
-0.559662107431358
-0.370944365231642
-0.404086079800793
-0.501766072084851
-0.450352603877789
-0.401342479043813
-0.358998517111388
-0.468886835506541
-0.424306303134807
-0.273721040831399
-0.435079933649479
-0.401761658206434
-0.436903068966385
-0.425802543291556
-0.476635153022465
-0.485007740930563
-0.502017868008032
-0.388583600461566
-0.542164581342238
-0.415215867242419
-0.314714539043093
-0.522448434186461
-0.446153709768124
-0.400389841765468
-0.507563467947496
-0.280469464740156
-0.477320334474981
-0.408738082810234
-0.422502516226291
-0.4653867367088
-0.476524632627343
-0.342239120867666
-0.447365282359905
-0.398129797518614
-0.47717405963907
-0.455515044019083
-0.390923117511124
-0.516830379140253
-0.418796232339343
-0.391660599734597
-0.469042254061396
-0.400454290102537
-0.607119700640502
-0.344901361273413
-0.257420175228522
-0.307081215613416
-0.337819808338466
-0.480435801473221
-0.325070778111085
-0.318365428195269
-0.429818584131023
-0.259058451671191
-0.433957536507948
-0.362111573141075
-0.439953579901547
-0.344259677383185
-0.204105025325309
-0.279519075081639
-0.316483228001632
-0.368240634646482
-0.345172709894051
-0.425377541531063
-0.250916401684506
-0.374471268836838
-0.322035816833975
-0.289264760458996
-0.360047464576119
-0.332714804454568
-0.28557721539256
-0.389916633998638
-0.243720057925745
-0.183964900330869
-0.274247942875603
-0.382169853379939
-0.18324805611338
-0.25229951169719
-0.405196165278079
-0.319883092007496
-0.267762103998673
-0.308410894082176
-0.342239055327378
-0.35135146447637
-0.153402141585998
-0.205384756203232
-0.161823820822815
-0.156168334880095
-0.222386265360393
-0.47846642082464
-0.327913305047929
-0.209044633118015
-0.267586236830479
-0.29987155943987
-0.305035782888858
-0.261440810007907
-0.292069200060734
-0.12221817392569
-0.168711089277212
-0.229260780574936
-0.414554210338801
-0.250279902688857
-0.106193247195913
-0.229987135677291
-0.37267196571624
-0.232478300860501
-0.43446847470599
-0.184894172345654
-0.271836583859843
-0.0746382694120839
-0.132795808850334
-0.16060693668824
-0.223894616391263
-0.204696504871601
-0.236243525119572
-0.32486603440408
-0.215642933264649
-0.12496779811846
-0.0867895816841109
-0.27538546824574
-0.168457285546989
-0.207342681438573
-0.00138665416785999
-0.306610592382273
-0.131317907929419
-0.232600194073396
-0.0885970332279733
-0.115064755823511
-0.194335559539216
-0.0609833666070053
-0.221441531183668
-0.291606361393457
-0.25647822791261
-0.105585880435699
-0.168096743129345
-0.114895617451265
-0.116321052548376
-0.113632814989194
-0.322030372747836
-0.213624010864267
-0.243127443576361
-0.230936436916942
-0.0480596223438903
-0.116374473288014
-0.225950274904891
-0.083103404405895
-0.143630287809134
-0.0799424191091957
-0.223389126640906
-0.17594827064145
-0.181709486118561
-0.314117223408867
-0.241692831590272
-0.177115940884515
-0.292220846732331
-0.130253536028017
-0.0943894721535403
-0.122659506037338
-0.0451620410404131
-0.117676499104094
-0.195203510677811
-0.0745829736845631
-0.142257572967242
-0.0677982901454908
-0.179230648214126
-0.113672547486945
-0.0321012704603371
-0.194167560366912
-0.13601985008587
-0.0666572556464894
-0.14328444763843
-0.131801208797931
-0.128605355025879
-0.0519088283520409
-0.0426492972413576
-0.0986745663712716
-0.221316821035362
-0.0290550707488824
-0.0291019889857941
0.00181521210373185
-0.129334136944994
-0.0583646677202627
-0.0923787279026549
-0.0919210638957961
-0.123996271147078
-0.122149346405465
-0.19389385891539
0.0564412506130752
-0.0378455262703035
-0.0273166904096376
-0.134190660286885
0.0044167167284277
0.0938498819306753
-0.0267943900820703
-0.0522207351416887
-0.00465894553337201
0.0530058745774018
-0.120670076869447
-0.167398482587548
-0.043748291183779
-0.197980690207125
-0.0248345443749019
-0.11573493811271
-0.0270600735068063
0.000147795669586559
-0.0568922346911184
-0.0203516825993907
0.120036639581437
0.0436079961317727
-0.092277902367513
-0.0452066875574313
-0.0247337764296117
-0.113410848705496
-0.0217829865630021
-0.0972886521318926
-0.0938379686363739
-0.00669621248062889
-0.118796340623941
-0.081047472544995
-0.175080575974016
0.0212118707502711
-0.0533751366746214
-0.0465511817575097
0.00260925860440473
0.0876300439717618
-0.0594958467926511
-0.0334730870945638
0.00563097040855353
-0.0409415075192271
0.057147290759017
-0.0942058389982535
-0.0669700717939711
0.021542920123392
-0.00670710446852132
0.019097327431453
0.0343903333832585
-0.0515528035503641
0.0181653269560419
0.231221958710217
0.0411515053054949
-0.00686412916239851
0.0666707367070425
0.0369193463896349
0.0678828732122131
-0.0874194040703712
0.102520109730155
-0.0419806373354607
0.046779907370478
-0.0713150426528013
-0.0787559627483553
-0.0320460780795235
0.118002952480888
0.270281883013899
0.00329149123011974
0.0879295196741192
0.0346468247825323
0.0257112186064697
0.176996113596239
0.110946975579685
0.045559219721212
-0.0221293582047637
0.179366287102255
-0.00459145781893904
0.181284064638464
0.0536190889532074
0.217204953822385
0.219426352454042
0.0588863362944065
0.0559757566598867
0.0994637909679452
0.0896781329616065
0.0147010934251985
0.163065754408421
0.163044648770224
0.163475316985184
0.0751725408866799
0.127358776409193
-0.00517946042453079
-0.0802140023342237
0.117616288510541
0.142038383626629
0.0720969999608707
0.114016279605653
0.224986723109092
0.156327727389219
0.0752255233241995
0.115957246148286
0.0924279867458509
-0.0204457845611391
0.144598628099224
0.120969552611668
0.195619750761068
0.0133025987151988
0.163788679699015
0.323459156835736
0.0636971772214022
0.148531880797066
-0.0202123103201004
0.088378494104407
0.146197471323941
0.129771106993461
0.141292628955992
0.276729103223891
0.0536685874699883
0.153885532957307
0.183696317469807
0.215465403567681
0.144515200663207
0.0956726640962697
0.27582521241269
0.0565553945186833
0.235686260361456
0.199098609631132
0.102624041369004
0.155243440975313
0.309751581754444
0.243276623187236
0.208186985908354
0.111183801792074
0.159050769263409
0.0704685533347632
0.118971307776655
0.119839371886296
0.210792457589758
0.234804845247249
0.225916638170085
0.154905600577287
0.267111233698462
0.235700171325423
0.228119221440404
0.263926753569541
0.186091533365393
0.176182195775832
0.150627501172974
0.217809966531864
0.189003677736563
0.228447710546922
0.286996844380267
0.190021832186764
0.127723991512338
0.204503990750438
0.185937071890377
0.204766642478676
0.226063064589764
0.263734185235907
0.164684369232299
0.212552305668096
0.145033179599156
0.164910016693593
0.248457647401925
0.203399465958544
0.224458214306063
0.280735194993752
0.379204346384019
0.478930704155053
0.26630741039757
0.208828960945359
0.200626322108613
0.215542862562488
0.223826010218161
0.20472287119398
0.16749598996666
0.318775852997674
0.1215593960844
0.34679510898926
0.41269203538795
0.162188164015024
0.246092554578442
0.168172680688205
0.398041659981078
0.256664425628127
0.18353684345012
0.292198942251147
0.297258482953736
0.148222563334588
0.282674528062295
0.337392001948545
0.404302478242519
0.143433239486839
0.352017416736371
0.432250843211608
0.26105714186112
0.213696045405396
0.365477903950065
0.154207068021066
0.405181839700776
0.366464694092979
0.338075987726934
0.461488136759044
0.417553105577485
0.2911668092284
0.316360299242961
0.343618326907772
0.214770517429837
0.354321654814339
0.214705936016161
0.270460591829935
0.358297201474785
0.300807443547824
0.265239528813135
0.404624812297217
0.558923956505737
0.465944778463393
0.273187810975489
0.259189115565312
0.457968248272979
0.394459863451537
0.360227326479257
0.319211608495573
0.410172212947147
0.392620962552413
0.407352225095858
0.320622131006881
0.236558801680651
0.361827794303684
0.387332755288478
0.34762005772463
0.321756090238901
0.434729567384084
0.367300904437059
0.416141649464652
0.333092589828456
0.461504669548741
0.292787140614284
0.351320681647581
0.257879801580926
0.203727159154888
0.462526479095337
0.425145164494189
0.414501279736474
0.328715310881866
0.421674768864994
0.437652979406184
0.495533636534649
0.40806459952649
0.3524500414296
0.432562043184224
0.439983103967542
0.496662719468764
0.444311660507702
0.342515386865277
0.614519993337401
0.42292971786438
0.576988853187611
0.52602534192768
0.502053826522218
0.525790804910153
0.443103815707035
0.474266109805483
0.554744747471983
0.507209290083439
0.408184815602632
0.533836833767447
0.459004617779323
0.482051224546539
0.440920977801405
0.402341918442333
0.317608171820257
0.318058652143541
0.407515757802085
0.408567717538126
0.431530817051568
0.416034060602059
0.49692641945185
0.433195100254785
0.470269108499784
0.472179378532474
0.489241271427123
0.520790559171577
0.548730538683556
0.360425643887447
0.579744250911938
0.522887622428141
0.393736106419334
0.408678131319181
0.378648383456698
0.530598041178986
0.358827526883051
0.592965268571386
0.545686333255611
0.432605446123985
0.500563298973061
0.617174490569545
0.529428678182409
0.561947068840423
0.576292799937193
0.422321845107724
0.426930609427055
0.531088196113422
0.555808821019549
0.424481254807438
0.381053112135226
0.629956634302227
0.558475099823783
0.544415331965041
0.56386734043955
0.556373427570451
0.527516266026606
0.508086056222633
0.587731163341542
0.460278189199987
0.578091103477417
0.53808006342514
0.420015724763588
0.655012406909163
0.56816750559223
0.647221407870944
0.469741100029049
0.504307475274469
0.475224907732517
0.656704343422046
0.516476250467819
0.592807234032674
0.618159407586288
0.5241061554842
0.640101995378667
0.629246178050291
0.610882989381959
0.676854733444169
0.608849415027196
0.696070249087132
0.52218457234014
0.561539309442279
0.368325640769429
0.529711323754733
0.52531160808221
0.539432768566624
0.626466614089915
0.575658335372517
0.67428611349168
0.494842357598243
0.471103472479231
0.613902386187094
0.766369330624471
0.677356009885314
0.624485771470859
0.470064939431722
0.615214401758868
0.621423090611597
0.583611668363159
0.68606023082466
0.634840761297221
0.492090972939681
0.628662070085238
0.654391704935678
0.558999792132543
0.693877836647356
0.766548039461592
0.448568484857513
0.754809564881213
0.541614371764279
0.759310707271878
0.469559948398863
0.593580026221771
0.698745017282312
0.640594912585688
0.4939544519016
0.656176721983962
0.562639517256851
0.734173165721744
0.710290337002126
0.709758279579812
0.573752146997169
0.802936637690533
0.748548851726739
0.52188370349948
0.651132825270548
0.797490879112833
0.801829775692008
0.620943015466278
0.805375252591202
0.575694810463639
0.654328783748577
0.714793337081713
0.598007715929484
0.675266009463411
0.762481542659816
0.691056110394442
0.748982652781117
0.668413449917931
0.65647253528805
0.747933160827062
0.597834199388787
0.739341214851927
0.642258344912657
0.808042646613042
0.670411572472412
0.780148794063951
0.51050703522633
0.832776793146501
0.765885938703652
0.742149985462172
0.713233524303257
0.757789479662142
0.634989119905436
0.703136966476946
0.813915196545301
0.801827210696875
0.743017586554403
0.664653112741742
0.568457270490661
0.577099377911462
0.804355582250531
0.77948891652699
0.684672184319145
0.775842329876959
0.712490234940484
0.678960350473463
0.833766303033393
0.885301984990935
0.700109329590068
0.767232442930038
0.775158784918859
0.696871380905423
0.761224483081291
0.820139643526402
0.838911258966985
0.870488959692264
0.80843469314097
0.740624969606995
0.611552682874822
0.82279847087941
0.526480398254697
0.879082002771006
0.835994919665753
0.877813092687602
0.793138904012551
0.709160173064906
0.759137841776647
0.783865731504252
0.734361833702949
0.779567067094136
0.834899701493503
0.785962219616691
0.759404468369549
0.630384521172811
0.98299167909468
0.715589305105645
0.825573396867215
0.711465939695996
0.807482912132619
0.855609953111117
0.990804189084446
0.860434044187372
0.742890325291205
0.890006420465401
0.747389810113033
0.728433524435682
0.835529040833856
0.794587922820292
0.787014472182955
0.892983220308387
0.79045807618901
0.925953455689575
0.762425743626925
0.93439730627374
0.909281465332075
0.714910840375838
0.99509319816415
0.798859731174233
0.897952967188648
0.783467854708902
0.828174021851805
0.948938845741998
0.82692422216565
0.847210628739316
0.895079654126794
0.850278917849552
0.925513227156161
0.930868544329658
0.918543961393121
0.917674023653318
0.856135162659288
0.880654302845833
0.852694955370764
0.902693898124942
0.809680815527306
0.752578183870539
0.895683764284825
0.909442325040741
0.967842510710047
0.736596137582231
0.846684520757784
0.913009940426379
0.829764298447432
0.751766546504091
0.751600525179099
0.807106064722371
0.86189554680628
0.801111795966474
0.869090096809883
0.892317747179063
0.965545486458037
0.982067516852494
0.982319692070094
0.772117794061718
1.03991402448189
1.03555921859796
0.957452559371212
0.924466552605462
1.05055610100139
0.959433814805796
0.892965141571924
0.97692926888325
0.921095491369122
1.0969139919086
1.03094831498362
1.01180773084361
0.784836139134304
0.91507052499466
0.987357357486683
1.05410384594383
0.954880270719846
0.970899677143152
0.907056172327563
0.936236340487615
1.06247049041791
1.04285621738879
0.970239328674784
0.996839787580491
1.03763837691684
1.12235857512171
1.05079310574517
1.05179334572269
0.953707211958375
1.00368198040132
1.03114230343575
1.00004320166765
0.884127645929941
1.02904824481227
