"x"
-1.20519151706219
-1.08778725126865
-1.09903785921294
-0.894811617820415
-0.922092020875953
-0.940735476628865
-0.993053416600745
-0.922189497946683
-1.16510928593466
-1.01938346346426
-0.9992644789669
-0.986198060773262
-0.918815840653584
-0.86548193010636
-0.924519991901519
-0.981304830419505
-0.984471388561229
-0.973952456128088
-0.941674500511643
-0.908198435002048
-0.930024332172316
-0.983519564435432
-0.847195133551979
-0.920968104652241
-0.969397262400164
-0.815279122685291
-0.923340147429392
-0.880232426090985
-0.948327277693357
-0.960007539025418
-0.970988391796328
-1.03697903579197
-0.9186805476622
-0.899626838214983
-1.04129482223598
-0.946027751497775
-0.904922588249515
-0.911084898187311
-0.803386921007432
-0.826540987356033
-0.896817120260347
-0.781244285321982
-0.80396594780444
-0.818876482294079
-1.00288420003965
-0.883110089782748
-0.907361373683814
-0.943073738258889
-0.889297422298863
-0.85572667897777
-0.800659950452011
-0.995836299215717
-0.871104865223424
-0.87595443119729
-0.898687634316001
-1.03065616863793
-0.9398288765126
-0.917518395921655
-0.98084327167153
-0.916842799201568
-0.73094930294914
-0.956294049866704
-0.905350981254021
-0.766029051572202
-0.820839257872985
-0.695338918955972
-0.883704425473348
-0.827610241674923
-0.823203770497785
-0.839221968838574
-0.869806230986916
-0.830827154112194
-1.0451852267725
-0.956689105542119
-0.929150838794355
-0.926198060031367
-0.855601645260269
-0.702326602573683
-0.740948035505489
-0.831720523909434
-0.829549119210854
-0.830041956186742
-0.875272098865164
-0.827913253935059
-0.801932802530948
-0.74832521522157
-0.806291613468416
-0.867961878477253
-0.871490855518288
-0.790219115327703
-0.726407735314584
-0.718230318831518
-0.788571237353982
-0.620826624421508
-0.808651798075911
-0.920703868651074
-0.849044761726859
-0.692883495227275
-0.779149702996392
-0.72834591165591
-0.876532868692314
-0.766048808325384
-0.836183308625133
-0.86033724831434
-0.816831617859116
-0.869175218139755
-0.771412815614839
-0.797098353796626
-0.818048404258982
-0.792419001330812
-0.800869179362566
-0.813188186877111
-0.770554524809428
-0.596784107679039
-0.793357624100038
-0.899306842656153
-0.666979735976421
-0.706973338137495
-0.635693989521829
-0.643221432597186
-0.66651546222988
-0.78564141638432
-0.722581631148042
-0.793465793311173
-0.730403961008488
-0.668052062953837
-0.702362618730868
-0.585285206898613
-0.679572906244321
-0.799094412355128
-0.648076106670695
-0.875415176266431
-0.61991923396019
-0.633693440371462
-0.7427114717549
-0.808702503719751
-0.7525416495121
-0.723303541285143
-0.663771986797021
-0.767511120749107
-0.670460913594776
-0.769310525252697
-0.794786977273557
-0.86309077971862
-0.612296054657411
-0.760350726799827
-0.642481792734975
-0.767197095357485
-0.768730365334313
-0.742223725527555
-0.551115948274601
-0.653306729700441
-0.762171564095913
-0.565962208605272
-0.770138396818943
-0.727070698997558
-0.595760143177129
-0.706657979388977
-0.772463230903382
-0.769340664492199
-0.703013206100557
-0.793851318525246
-0.606098357195705
-0.60071974529175
-0.679612871803622
-0.560454614878525
-0.587612593142966
-0.728456868008058
-0.55249187239486
-0.762523080001334
-0.698315959163154
-0.660878309243626
-0.749088249059367
-0.556208433329091
-0.70873819468287
-0.654085365974178
-0.669558222348364
-0.616678011032316
-0.687324616457169
-0.668145702011742
-0.698391457709317
-0.617463773105614
-0.589627047994346
-0.558708174462778
-0.662995185807022
-0.641878510470505
-0.611981284334616
-0.660096478294539
-0.668087853075409
-0.824823599509444
-0.505507849936424
-0.686848007843605
-0.622694761489451
-0.652622135919769
-0.628945381144363
-0.668013359400164
-0.544674338772182
-0.744254039715438
-0.55858006010672
-0.566153477072403
-0.610383216606318
-0.68790033226262
-0.642347600050604
-0.646174808785535
-0.629088820732236
-0.648077468594433
-0.434039105948928
-0.518307117388552
-0.745492181893813
-0.665787842242354
-0.555344771682807
-0.465205693191669
-0.526405917058723
-0.518064390666615
-0.690230872280226
-0.428802744958731
-0.401875772358584
-0.724686136415554
-0.602740043227769
-0.544876394940638
-0.519945656829831
-0.511907105567954
-0.642714106871704
-0.420749524133738
-0.490765383443098
-0.644693631383285
-0.682121711346801
-0.460748945632329
-0.397866554057403
-0.426295454851672
-0.58755285516142
-0.551169799130118
-0.38211023443129
-0.576138912181465
-0.501285163396518
-0.566349414580043
-0.589714093645066
-0.43313682017416
-0.593453781690892
-0.523609349175277
-0.557276976020163
-0.41440979221597
-0.574557240227837
-0.466995051144539
-0.37540814595411
-0.519688806961723
-0.582886995775918
-0.580594472137252
-0.448358935511832
-0.496430984725497
-0.582486991658036
-0.514233911046148
-0.515895096396678
-0.546277346467741
-0.682341832978877
-0.454501168364564
-0.416074869152191
-0.370469783594985
-0.456976924194748
-0.549856026081167
-0.47853457393467
-0.428906717625416
-0.543159548625111
-0.375333485406179
-0.504433070069214
-0.44400975588853
-0.474658791687934
-0.474940554025671
-0.353165545751184
-0.3466885550412
-0.475147631453542
-0.549032184563383
-0.476646925582258
-0.327856840782498
-0.466260112633229
-0.398094404324945
-0.382898873303927
-0.521220903661662
-0.536108741098004
-0.457442416226929
-0.309745034821738
-0.385296897780298
-0.542993633074761
-0.430876745741492
-0.371827376739153
-0.352257801838365
-0.446072607844963
-0.465295520473101
-0.311700909133843
-0.349891891126075
-0.402877161881977
-0.573124312665966
-0.373508858163926
-0.419478048057573
-0.419339852552611
-0.297566540680359
-0.52443284703221
-0.365158003314474
-0.480509763205109
-0.477470478172798
-0.335275656616716
-0.401816724743455
-0.352881317696292
-0.396176487491308
-0.224327710451059
-0.243821229286449
-0.379777398819629
-0.442542652254023
-0.304975527559738
-0.46420893319683
-0.312453028625693
-0.572547225518897
-0.469070652263328
-0.243114140712946
-0.394577561770715
-0.292836371789568
-0.38791597717286
-0.5146388702063
-0.275838223140487
-0.313158032271533
-0.30257213561549
-0.359723109940043
-0.233355224752996
-0.205817720978559
-0.340869609120276
-0.323835133693463
-0.353673943763166
-0.297594244377869
-0.474804820851454
-0.342835109106266
-0.35383194632302
-0.321428192298693
-0.123496941815623
-0.398059796584846
-0.452834766133436
-0.449465139241372
-0.349304188581949
-0.385470550117852
-0.296595203046554
-0.399388898816238
-0.274712890543144
-0.406880035185033
-0.347131142241809
-0.243888239458882
-0.330730064891554
-0.284687275951109
-0.441959644369293
-0.284620132672834
-0.263914272985721
-0.291946708761618
-0.47313383277894
-0.360255852235755
-0.260733468937177
-0.213129845195584
-0.284414190916699
-0.340822529266293
-0.29727181271523
-0.352745501914154
-0.174247839804454
-0.303071071705834
-0.244831619603237
-0.393946255716641
-0.341629519262841
-0.334467821578274
-0.270228138733395
-0.385543710550977
-0.277416790937774
-0.257983370593651
-0.142697651874097
-0.125949285064949
-0.161872040235905
-0.307253359651377
-0.302120343864105
-0.236660760161423
-0.290964508110001
-0.159145599141868
-0.276364050889732
-0.0506386141439878
-0.279607032080609
-0.45063201783603
-0.335699956389747
-0.238612968064627
-0.170132313971907
-0.389113721191594
-0.386223738928096
-0.26148033612911
-0.172114662297077
-0.147346534153709
-0.246831665639541
-0.17858013539898
-0.281273670680038
-0.154907650345536
-0.127919300601222
-0.381160020728277
-0.183814221935536
-0.303470183068202
-0.194415081202302
-0.186478597162142
-0.180570635643319
-0.207005336825376
-0.104753997235063
-0.201268267211806
-0.35027535173443
-0.230112875187425
-0.0720294429225111
-0.332005002656458
-0.164993646490204
-0.198718379202953
-0.00268471010740296
-0.183292673197228
-0.165497478231372
-0.109366172720121
-0.252831220012638
-0.209819174476467
-0.156265486606524
-0.359233364495592
-0.105638895653147
-0.319550880975463
-0.137985513404199
-0.0862900304159133
-0.244662269333157
-0.129633800124739
-0.216589919289312
-0.262584552020654
-0.256067294107408
-0.0987114911963699
-0.136834708743798
-0.0140058898673583
-0.17285209858932
-0.043996535966709
-0.234578868993886
-0.283412749138407
-0.233291625116334
-0.174651080202449
-0.236686750188664
-0.0782349365126084
-0.178584760051138
-0.0242885834002192
-0.0618674776881562
0.0605191528481167
-0.0298395675282625
-0.0874143074475481
0.0151583238397224
-0.180104851577573
-0.169550750586913
-0.116166041935994
-0.116537112684306
-0.00554380870127039
-0.186637286302094
-0.0813954848207644
-0.0995430204949738
-0.0139848526390598
-0.168105281220548
-0.174265609461169
-0.145832210758803
-0.0684703907418766
-0.0797352371022739
-0.0252727036537612
-0.198828157508295
-0.170309433963971
-0.137991568652505
-0.0503931362261434
-0.178770799229988
-0.171269520147501
-0.176827665272813
0.0502903248510702
-0.0674594164484811
-0.0426114236824919
-0.158665516789245
-0.16256262447623
-0.149464469556511
-0.14797935884242
-0.232558487373337
-0.127623394496864
-0.0750187028764742
-0.108052909855574
0.0976693270439877
0.00406367160769906
-0.143961692731015
-0.123113885345639
-0.132783044587193
-0.0123322261684634
-0.114945142302834
-0.166532635436414
0.0961360667544884
0.102717790400073
0.0539562514036516
0.0391139075013429
-0.17688886210259
-0.0579808111036915
-0.0330351618339772
-0.0239504372047483
-0.015646251588872
0.0348393512331334
0.0497546991655374
-0.142844614179759
-0.164271730789361
0.113537438738643
-0.0896293950072416
0.00770903660272773
0.0498716217270005
-0.0949266085186268
0.0583005277260368
0.0435130613638392
0.0166843880513241
0.029181168613768
-0.0873555359563179
-0.180770584374861
0.118594135558692
-0.0954707714876008
-0.0250878800749398
-0.00681195151965631
0.0653774343132125
-0.0975469541047828
0.0374449627242751
0.191997182248904
-0.0254451692064639
0.0465500134770577
0.121616381476175
0.0910088808577629
-0.016341354316306
0.130353556740494
0.00540148423226432
0.0206141449799311
-0.0225616576995389
0.191393863468859
0.144885446985582
0.119483516215911
0.0570728140396377
0.0938073131179862
0.0980730296353663
0.0596498686924376
0.0358756497708041
0.109045486570481
0.0556623648600893
0.129887377234748
0.0317433343848332
0.0299569384152368
0.106056126855416
-0.00216513172799689
-0.0401484575347908
0.141758224270444
0.1123204203233
0.0188282439124777
-0.0528726037352094
-0.0095931363804534
0.205992530646546
-0.0216036084367646
0.150563738340888
0.0154646194137519
0.0350969218535913
0.0965376370544104
0.0285188299144062
0.165312811881659
0.0896783902354483
0.250455969808543
0.0388447211630863
0.179604764645697
0.0267809668436756
0.149308908229947
0.0444997563383533
-0.0871554524339642
0.09914533362341
0.0824672901546584
0.208287822267655
0.24119416261418
0.247947892203963
0.0161628818861539
0.124693355674752
0.246694907698997
0.149771752105097
0.123670470217358
0.112744775582618
0.097964268079461
0.161803956995442
0.142609823057737
0.0287613337955497
0.146799573875925
0.196378872319359
0.080729598838241
0.346186886373926
0.0446729190834408
0.204181540769298
0.211568067830028
0.152540592644134
0.108194609485175
0.243361210691398
0.10878605677833
0.155990806307658
0.296586706150297
0.312339408175629
0.281785834393617
0.119872953352678
0.072082672223914
0.150798711178749
0.192102769802569
0.12931869652707
0.205866430722041
0.159571873399493
0.289199721532487
0.106953998313517
0.0785054820345359
0.184169823076946
0.17530836504605
0.372904095815197
0.330859972828
0.191995955695518
0.361333938233311
0.228997548938124
0.238769143241447
0.255617460330465
0.235042520043222
0.195807774720451
0.131805165681313
0.255368325738101
0.320360411740726
0.284079743431963
0.23999086441314
0.346672847860616
0.247624011318059
0.354997281364419
0.208656685684219
0.139929345027212
0.235598061788631
0.290403608444713
0.291795276389747
0.152057606865395
0.343183091167715
0.224260908469983
0.284915654593005
0.279003207454462
0.138958267523613
0.0910368353822059
0.180974564716891
0.380462293037671
0.282559423576289
0.243576521916317
0.295531522717874
0.368396162009214
0.205913028478363
0.0811792325995248
0.376444491285507
0.283592800612151
0.227508436319389
0.373314364022514
0.0900438758407248
0.321076862261627
0.209627797256931
0.2362728961447
0.262908294398986
0.275870806781896
0.253937722773583
0.365292186513488
0.315977452392324
0.419252061724673
0.402984385198337
0.440829103254116
0.217412051424842
0.392772958169884
0.284398896027339
0.354425779563525
0.207154597081672
0.379538121486722
0.21650625985316
0.516994873680412
0.456607205588095
0.281018881264043
0.32869440669762
0.371008427190342
0.364163320645092
0.244715279138741
0.269682497012818
0.305286173541206
0.33559465163313
0.41202989594336
0.37632702779896
0.267827266569073
0.448885458748703
0.45790969125552
0.413342361754647
0.489533882609492
0.487531921498211
0.328281516807197
0.401512887689026
0.557359486045037
0.189061748480407
0.389803939933228
0.417926779828419
0.256221577530968
0.292666967808568
0.242162750461085
0.529988127359504
0.403005508267255
0.303422755551786
0.488269128793246
0.400811850855532
0.401843975396085
0.411212456553588
0.433854561932005
0.367729570643576
0.494071417752318
0.420524592554071
0.454524885309792
0.390039732715997
0.450214977879217
0.360830216619776
0.400581877569202
0.443307030228969
0.392567521086628
0.421778297610277
0.420911400415641
0.289323948031734
0.371433002300688
0.400972513596406
0.49911355908196
0.394743229193805
0.455444488235688
0.375677326602414
0.448398983020387
0.417826943796495
0.28402449458193
0.406334110001405
0.564696912482604
0.482222178567707
0.570527983774429
0.622065163621195
0.439178717689083
0.459913061455938
0.332776944780382
0.53984742217409
0.479760268932763
0.344667698665388
0.561783796069343
0.49763346982678
0.465264697541789
0.591838513225412
0.44808536484526
0.527869203844912
0.530303882806987
0.569082775854932
0.437876457818898
0.564491216459473
0.418265770834549
0.5223891533622
0.401009469595922
0.372882889110701
0.433448895876895
0.722199874645273
0.52158367107679
0.505436590486674
0.420963060040084
0.496907483110488
0.557236895722844
0.556159490504219
0.400377835610497
0.575729247774307
0.677670423543446
0.440359245702893
0.450766101840031
0.438476138956009
0.400157989491108
0.536309011334382
0.558853049982942
0.479293912373535
0.521143310444584
0.493786559949211
0.444747063443808
0.449195167581984
0.53573076463126
0.520554627176524
0.591967415134619
0.63260625684211
0.631262295323476
0.362837343100424
0.522242899309596
0.573142993912185
0.608525171325833
0.566263251942874
0.428923666076052
0.546859454546991
0.609975365080078
0.615000675980826
0.551599519927063
0.649728711514608
0.570182656950295
0.534285240390902
0.625666692072267
0.562880074180178
0.662965971214945
0.577866623688043
0.59345769263755
0.374587565127492
0.4779200505032
0.603744991174418
0.554826284122666
0.610913030848345
0.523392112673912
0.562893233391995
0.532358337478703
0.542364278796705
0.610339726348441
0.568401316841578
0.450705976529892
0.833703138477931
0.659073476213619
0.581158314880541
0.601430277607105
0.693265359298647
0.519157783513399
0.704388642551525
0.604612906546819
0.587221584683743
0.611847768292298
0.644674631123393
0.615118659118792
0.623013952262394
0.727604236754143
0.549132516714645
0.736542753183939
0.555093141341335
0.5992988963267
0.66493147861513
0.609396102545077
0.583699205812946
0.780129935970476
0.73348980808973
0.621231813063968
0.662758341083708
0.673048917983547
0.720115992917201
0.722785658715
0.658790200905776
0.76601528221107
0.752803385010425
0.738525636359753
0.579394169838695
0.611907699590614
0.724535720716442
0.739351724125502
0.732886545548263
0.680046967092803
0.523978333504478
0.62295429664403
0.765019955818602
0.602612511449288
0.735040240288464
0.706435786019528
0.796054980924175
0.655203052593316
0.633953734764597
0.567540796559743
0.772871266218187
0.743773145670497
0.614474316503353
0.661652947492323
0.692534100872339
0.714175230154579
0.689750483415639
0.657610608989567
0.725606776483762
0.579982315744483
0.854745814419616
0.615864239079795
0.56102540786968
0.785121793879673
0.73461853718487
0.767493938979252
0.678555951616634
0.855587549717492
0.699909216669661
0.741756338831003
0.720235155859418
0.730636543873126
0.712536558572205
0.824572823596185
0.878141770767317
0.878631786451189
0.743076002038763
0.667344026755706
0.558342360360745
0.727323283225259
0.73173948942773
0.823109670588733
0.752203007178235
0.705978143254981
0.889919519906068
0.697885331278543
0.859620667330944
0.77524726197712
0.684329060526348
0.841659102035958
0.701115479663884
0.931304419071279
0.77419861523996
0.667418848181509
0.821001606038016
0.831119346717911
0.697536837021568
0.773378043204426
0.742701114000899
0.861960313050015
0.786250954600305
0.803706005089047
0.659506727146715
0.639996320168656
0.868575791956763
0.84802490691327
0.809986203080412
0.846986439586649
0.849796850706955
0.920677006751129
0.830144167825203
0.804471406097139
0.904641081717002
0.97519165918176
0.763945836770959
0.90403535420773
0.672923923237331
0.740215376263638
0.826532376658709
1.02147961711187
0.754823908843359
0.872917522115517
0.817593961663886
0.69027497164626
0.833132008130651
0.910161887106517
0.800299906330625
0.767092411082883
0.881072767879286
0.876438360547661
1.03422831889516
0.887090883191348
0.901562242866378
0.88128625819655
1.00642381319088
0.816052885491676
0.848628277798884
0.954601986418897
0.769460924364752
0.952799504631296
0.951120819685231
0.684430478535609
0.891111056134552
1.03246411911193
0.893813835583599
0.736411829351986
0.974363654433206
0.797994278671623
0.918308200912885
0.887126946775078
0.745403289616921
0.862346508937904
1.05916863337688
0.834146722456324
0.821079427454676
0.982546993636927
0.931934803797969
0.886211120372759
0.942579931197327
0.882975093145208
0.909033967452417
0.931070497361279
1.04243424280728
1.03972595845686
0.821087199619835
0.903114019435278
1.07607115356956
1.08182341731158
1.01203834817709
0.988996032875722
0.955110409961575
0.812494903129365
1.02453909075448
0.977113531058613
0.905390233118995
0.786570943507934
1.01763507620055
0.991517246753587
0.789791690057703
0.763551225660789
0.82661157366516
0.972624061983137
0.840882032984161
0.97721073141472
0.832895492419854
0.969189047021637
1.01092559345718
1.07174517666566
1.01089746815117
0.99052720375704
0.993272589501668
1.00451390155536
1.01907911626645
1.03105801522278
0.970292398663964
1.05761484745196
1.29749089693738
1.14985628212428
1.01338188782599
