"x"
-0.918037436094393
-0.839092545917471
-1.07203920715366
-0.867341793398325
-0.851717806699414
-1.04660068059381
-1.09648521309032
-0.921048467153069
-0.935535345868016
-0.916605858870052
-0.995633641464294
-0.969708788648555
-0.951190415418999
-1.17841789167067
-1.00541317948689
-0.997790097347906
-0.991582915658631
-1.02081538584465
-1.0517640674915
-1.03300254134984
-0.976820999218262
-0.853824992015093
-0.973206867545672
-0.859048538295922
-1.01219147080741
-0.9288299733005
-1.08067086897124
-1.02479379224853
-0.967271760747666
-0.908638606789798
-0.955568263967204
-0.833044261665946
-0.861546189125793
-0.90480803287774
-0.788650047739609
-0.873381721559139
-0.745887539385444
-1.00684374679701
-0.866981405252142
-0.90235427359599
-0.892433228658885
-0.85488337141165
-0.886390493732773
-0.887469915493196
-0.825207056246527
-0.834351493765962
-0.923941537716128
-0.94935780787302
-1.0038068368799
-0.79861485574299
-0.885672481033112
-0.875180285740045
-0.726574033168447
-0.853394213012983
-0.823484380402796
-0.991488700659544
-0.896827247422903
-0.989399003271773
-0.832462191997951
-0.88814332552121
-0.772353397613625
-0.918700109383898
-0.818774442563671
-0.922065135281574
-0.962771052637657
-0.900901451477295
-0.833674595302744
-0.9228423889446
-0.898541099733964
-0.888910323514628
-0.784304143680381
-0.820360502227774
-0.958198317835692
-0.817374435114656
-0.740539951022399
-0.855060708592301
-0.802419774967834
-0.766741519888643
-0.699355250722401
-0.872322025117128
-0.82463040560706
-0.705372833719642
-0.907974593640653
-0.773835448508934
-0.832700188452708
-0.875353790470776
-0.858433043358572
-0.840061026062593
-0.817372275154452
-0.866357662406959
-0.718765492958629
-0.901161379574612
-0.900189580849055
-0.701099011695128
-0.886202976795424
-0.767142818257213
-0.749161170758596
-0.656840266758536
-0.751622998286324
-0.875416158984958
-0.817596619794242
-1.04758814346407
-0.726078904217691
-0.788089580172637
-0.542776676670073
-0.727858694392047
-0.852140456213192
-0.824921757272572
-0.745489531534175
-0.802707601464985
-0.72463071194927
-0.766239618656369
-0.799970898491095
-0.706113583293353
-0.806977397180602
-0.827137745121293
-0.747349450887302
-0.777218753062559
-0.640574411943007
-0.835277381354111
-0.611778610549685
-0.852473039821707
-0.870697517580982
-0.693606621116463
-0.890726335334165
-0.741866087530224
-0.788154031691127
-0.604324674399353
-0.854380362600844
-0.650957314814602
-0.70431136865217
-0.686588340684601
-0.67778703983319
-0.671445328576652
-0.674982341503042
-0.674810199258025
-0.719994283830156
-0.777546289029072
-0.698554266551046
-0.863130215415498
-0.781870683572111
-0.758616682410987
-0.687985457917915
-0.806142598940732
-0.697627654953477
-0.423402414021338
-0.674090563183713
-0.749671075417835
-0.80485992395884
-0.647961579821237
-0.742579094127993
-0.622420962944406
-0.748105367728234
-0.673350090603662
-0.748948382879194
-0.67398165959131
-0.760902925797535
-0.688241277675002
-0.781092773166531
-0.762177494666876
-0.767494031113511
-0.726633308562709
-0.599514371234683
-0.659044702880879
-0.559399995360828
-0.781117307156205
-0.60685499263989
-0.679310394353819
-0.652236240663589
-0.646319201968321
-0.658062756644592
-0.714580845965772
-0.658272987906643
-0.727417944084271
-0.739594767665368
-0.627419222702333
-0.68300310397196
-0.588893397606309
-0.731513330141379
-0.675383675750932
-0.789265334794007
-0.662106561703453
-0.699358112572361
-0.559834772259529
-0.689051350166098
-0.650703531856718
-0.607122570284413
-0.52544190605756
-0.65264872450928
-0.571564860524384
-0.571196849026846
-0.495232743370137
-0.61442390781469
-0.448208705828591
-0.702850405477965
-0.564745154763672
-0.625775579690032
-0.701996574772529
-0.512462699868922
-0.517996405079028
-0.567401521504214
-0.544398221614565
-0.669448089940291
-0.610324527635207
-0.610001938309103
-0.674624818316357
-0.544406846131655
-0.692224843298702
-0.684010057478284
-0.559247725096831
-0.558542402685087
-0.567002797866841
-0.442296574079818
-0.528382418577321
-0.562506327846859
-0.439345790626324
-0.597392339981784
-0.516995002711065
-0.602900737724595
-0.495449236082393
-0.68065444414543
-0.584102589086533
-0.66216609603562
-0.476977165266096
-0.508194918117281
-0.600331184037204
-0.596177988838972
-0.487035627979777
-0.601240067107068
-0.573810339460526
-0.573667791863273
-0.492277429669936
-0.375117659431314
-0.51416981477625
-0.520686143772911
-0.511009097663877
-0.429961422638843
-0.49016127853051
-0.536533618675832
-0.445367855177176
-0.471939268507074
-0.54752685918456
-0.510825230283939
-0.65261648519321
-0.551092305897945
-0.468409381707337
-0.533520237511969
-0.483742546182295
-0.562707976136301
-0.418339930847036
-0.564852553261594
-0.450319722688988
-0.421530046210421
-0.331326046290476
-0.586515996333295
-0.389594445239964
-0.513431574695746
-0.563099709776983
-0.468554811629885
-0.435688273618908
-0.508305646116956
-0.494146453544924
-0.331001161564649
-0.640578170465875
-0.550354442037161
-0.467719360354362
-0.540261343860768
-0.41157261587778
-0.516769116276716
-0.370518665148318
-0.379268703927151
-0.514536071621005
-0.576303037697596
-0.361378136540315
-0.387071733180242
-0.533953995111718
-0.463380046400389
-0.410709167704689
-0.334987319066936
-0.477443368502341
-0.416658291908191
-0.298698876985978
-0.408185369015775
-0.397240135710943
-0.440879454522127
-0.429750156282717
-0.48215290419367
-0.495245577026048
-0.503809350146106
-0.386632402764992
-0.542893272726745
-0.434329173571414
-0.282497227901855
-0.498617643038122
-0.449258593302947
-0.421877420781814
-0.51127137457572
-0.288042457268861
-0.499752495672497
-0.411767461470343
-0.429473701976102
-0.451363501535217
-0.494150454608394
-0.348386658270063
-0.451761774149922
-0.422295226446274
-0.49040579761398
-0.435986872584216
-0.387040631338495
-0.515730802078421
-0.438193136347111
-0.372300805382223
-0.466825074845592
-0.415845881306402
-0.60795864568539
-0.345119323146708
-0.257345216522603
-0.303669188400455
-0.358548982968027
-0.484807358530523
-0.335083131029881
-0.332758240540221
-0.455040229587874
-0.250094381257389
-0.42192244927391
-0.36453601265941
-0.45433622085002
-0.356540048378023
-0.208545587452038
-0.274105078413444
-0.323273587858035
-0.355199034892528
-0.328114959243531
-0.413504231136323
-0.27476572105318
-0.386206170837446
-0.317278638384377
-0.276008790520501
-0.365209121933567
-0.319504178752814
-0.310445902450267
-0.377663401667334
-0.262451253430281
-0.184351098894266
-0.256638577583469
-0.369087180970627
-0.187371343682399
-0.258968490590208
-0.431321093380592
-0.331763828038889
-0.257712256463634
-0.338360601506515
-0.364314097236976
-0.337978039897248
-0.173731596918278
-0.210715329126731
-0.165918164547838
-0.152929261055439
-0.228177353227851
-0.464013065641278
-0.349775793388513
-0.189948254397338
-0.313795852703919
-0.286385459556055
-0.291620199966717
-0.267606132746785
-0.282739853438514
-0.107897090284301
-0.17206242408317
-0.214946105924991
-0.411946282563202
-0.254421262321653
-0.132780544302211
-0.247165866460897
-0.401197656024181
-0.238121560416691
-0.427587469835464
-0.189035731042266
-0.249090018104712
-0.0736684379772251
-0.129642481718316
-0.175064400557809
-0.23319822172781
-0.214918743528353
-0.228439081352574
-0.336127121577257
-0.2231466394253
-0.167210868187804
-0.091886298911902
-0.265301640423718
-0.136981262138608
-0.204494573973469
0.0217595283210456
-0.321422426122184
-0.117257713329779
-0.254106569506356
-0.0894582271642837
-0.0959377538543588
-0.206626415956246
-0.0895221841106556
-0.216759444428152
-0.311594890248706
-0.26110923567563
-0.0986662541554517
-0.149456657441024
-0.120708330673009
-0.126155918824691
-0.135837916940351
-0.332266552896979
-0.215609548396457
-0.256367638134353
-0.2406152848852
-0.0449596186364836
-0.119475469469888
-0.229798273984225
-0.0668214120757261
-0.120302907076849
-0.0828392344557374
-0.21958778602311
-0.174487603129722
-0.197801711293582
-0.319569696054066
-0.236515839937285
-0.16514054396219
-0.297684148265826
-0.105482865638408
-0.079034120159531
-0.130307132624724
-0.0169054577962991
-0.122375179404348
-0.184579197408823
-0.110307274738636
-0.166773257875025
-0.0530542315629624
-0.186478524070129
-0.103231998653269
-0.0277435103606189
-0.181631648818532
-0.151032540573064
-0.0763964067261402
-0.141460854413868
-0.107739990881467
-0.124058665323713
-0.0338777652195429
-0.0381828735737743
-0.0840317693679006
-0.22401075532387
-0.0263525311755933
-0.0373108731213788
0.0086068131027081
-0.109442063941117
-0.0216700426584399
-0.0928125630231108
-0.0939871260782198
-0.124145622813996
-0.120438580338555
-0.192593035043104
0.0696110130089351
-0.0383111347360059
-0.0208283343562602
-0.140266065743255
0.0098167097204463
0.0629077056449263
-0.0217693351287098
-0.0675321040615994
0.0159283024977958
0.0594702775562871
-0.126923698894311
-0.156837774002535
-0.0625849094263135
-0.204741599444361
-0.0101979557018726
-0.121221645732415
-0.0285134219458648
-0.0221158936250014
-0.0549606893632687
-0.0415574936588596
0.119557420907736
0.0426910241659516
-0.0907986566159531
-0.0585112002214945
-0.0270008842522556
-0.136150516760004
-0.0111898859065413
-0.0909795132736733
-0.0964592974408136
-0.0303668830210633
-0.14681922128965
-0.0553146137873236
-0.173255438934704
0.00604619497798861
-0.0595293148175226
-0.0384176636177199
0.0267428075785571
0.0680988077410711
-0.0477880048370168
-0.00662843436630777
0.0122910431625947
-0.0275410490000746
0.0579906662548246
-0.0971251175280366
-0.0722145649880229
0.0381602598500929
-0.00114751615824285
-0.00120444406675312
0.0373553492061811
-0.0643120314372875
0.0253946417522811
0.214180388614824
0.0363590881949266
0.0218784046167448
0.0683603297496594
0.0325460106445443
0.0450217585690987
-0.0789613942940011
0.115974184819721
-0.0133918684064169
0.0556569912221261
-0.066031297164557
-0.0763036046497028
-0.0522005122840053
0.111587968145755
0.281658329537997
0.0322819554186754
0.115976153446395
0.0229156128603674
0.0424242058317143
0.166922212745416
0.114236725276344
0.0619940284416951
-0.00902750838187663
0.169281848480415
0.00977900583088324
0.186608416197503
0.0900143591732569
0.215980785054567
0.208474683840256
0.0610152288887798
0.0674758202622804
0.100944307361588
0.0863959300947975
0.0170979085084977
0.135061407312906
0.16410407215681
0.15824970369667
0.07777949943597
0.114480181258092
0.00375415784519738
-0.0710048250333105
0.079480614520513
0.161749142401274
0.0573744405313909
0.113109176455471
0.205338163798295
0.16371618788873
0.0826690343468028
0.107376358294229
0.0991094829508111
-0.010477321223976
0.16442778826458
0.133091685025124
0.174911501121221
0.0403229279590443
0.164895799761443
0.331942152653312
0.0571457066737007
0.129797008625011
-0.00890884259330646
0.0906867654319418
0.15565924210869
0.135010225513681
0.142472252804688
0.258506596979777
0.076867098521311
0.134990537296583
0.201968265877876
0.22819898837933
0.158040564210819
0.114973202606129
0.316355941250654
0.0586111030440121
0.227424578537862
0.215101914701803
0.1103059984619
0.174238975458986
0.292115956613524
0.243275009321646
0.219822282972243
0.125119716858272
0.15432768655848
0.0653090177352466
0.146128926242417
0.12366955316545
0.201988724911439
0.228593817359641
0.229237196990403
0.161114891692128
0.258841835571925
0.236558562915699
0.224274291612187
0.24643198979797
0.190657234803565
0.197565596242054
0.154967773426455
0.219333626086948
0.190305299865511
0.239839957787557
0.284575010532875
0.173785755012738
0.117114045797421
0.213440930069187
0.182003485095374
0.212191609261896
0.199397603530244
0.256019149936291
0.167714908011882
0.207236864777423
0.139912751401635
0.160990199237579
0.261088284622434
0.174462961881235
0.242265333762939
0.260955849685498
0.38387048704328
0.476794987347354
0.258370945900413
0.224751864119907
0.219735171831584
0.222729572144068
0.209406387152494
0.202373807771303
0.175478999830236
0.327806153062693
0.125293199143226
0.36986959521402
0.409945182152414
0.199305719985134
0.262015436713236
0.169360948356048
0.390026969094933
0.255216576320921
0.20263021596835
0.312771945526179
0.293251920364829
0.145297057466784
0.28098398043691
0.351342445594902
0.410336777774534
0.170718930313912
0.342964121335056
0.430106785420146
0.263020542487306
0.243135205192275
0.359487378911915
0.144522584793219
0.414962769119593
0.382244930463032
0.339315230954061
0.464453009946113
0.418853119583711
0.28339285932478
0.294786761833458
0.348572225482675
0.186274523704095
0.384163440307477
0.231186455113097
0.252309384456846
0.354020492776483
0.316580639216841
0.260265062551422
0.418128718812534
0.553631276395333
0.45610246622267
0.281721540112979
0.219075595183875
0.452489467525717
0.375198567848467
0.359424595577943
0.297493574764364
0.403923181918826
0.400092105562164
0.429521169453884
0.352750120478938
0.244930797130602
0.378003619433284
0.391664394309895
0.363247462169482
0.3305017281986
0.429096746522125
0.367409997755404
0.405402893065307
0.326654915055237
0.458331853512527
0.290670339747232
0.354122741967569
0.273329477073092
0.216478835432287
0.448780006879392
0.418829018897683
0.392486409418026
0.331092325668705
0.41447331267666
0.457427375330194
0.513283086663948
0.407681252048707
0.357160459481803
0.426905981967422
0.413006802647674
0.46711574820266
0.447892898571021
0.328295355109397
0.611020449960182
0.434284955006772
0.578228527792402
0.511856450439552
0.491263588665537
0.500457863906965
0.430542616990744
0.456776173340702
0.551647488330083
0.510646246446306
0.407451542388382
0.533895453478618
0.466679082810445
0.478329337939515
0.440970374305214
0.407444401699446
0.316900027674643
0.320012052061792
0.411568959366549
0.412930843163693
0.433797096840366
0.408668628853727
0.502179275802559
0.435814326418519
0.476812344987764
0.448581611010335
0.487514402527981
0.491594109949022
0.5369887109315
0.368811307180255
0.587618511067152
0.532617641183311
0.379503393075848
0.418195118262129
0.393798428349014
0.510621168729594
0.358004747530398
0.580440953443131
0.562369890074278
0.39432425317386
0.499940019610317
0.623275021919003
0.54641446532932
0.552281170805765
0.596218287589649
0.417826974187131
0.397334642290872
0.550479034303578
0.560067182578823
0.401104818530074
0.388608821556296
0.626896456981837
0.540956858204964
0.547505138703768
0.593160422490378
0.577573196606271
0.54025313339674
0.500762475343334
0.580940357637787
0.455696404299608
0.596349783063728
0.567458131160003
0.422507115551739
0.646586909333091
0.585810518955575
0.646874796262699
0.45398944370452
0.494433844069938
0.452253471926383
0.678283734933827
0.50196906858939
0.592019469443787
0.619858775269205
0.536858018904145
0.635200302445835
0.643494016662324
0.612351520235796
0.693381603230436
0.602003466508601
0.711461783979245
0.499596690253826
0.598672374182386
0.369589595310062
0.520396963782005
0.527855668969825
0.523732225636295
0.654221151664315
0.585263845763268
0.675533484595946
0.509907226969415
0.474229763345957
0.616680172834427
0.745921410439401
0.681327764401555
0.650781941101909
0.447875276476882
0.605580217021372
0.627595449660372
0.58840870774544
0.694850512422634
0.645867093236602
0.462159533596453
0.606377831356175
0.66137775304616
0.573266067342902
0.734788474325189
0.779348743514285
0.450704529287522
0.764115483828503
0.57213486027064
0.751673543444396
0.44357712433004
0.603863000814306
0.699547758958427
0.619430038346458
0.501292879959403
0.648354765251645
0.556912936542372
0.726989880289938
0.729856179874504
0.701248097345355
0.589419436381703
0.803917223099863
0.747502959471704
0.509916105670128
0.65663921610849
0.798031090154658
0.792176288632629
0.640665177951148
0.806509476339555
0.560482955105632
0.667834506524138
0.7505212150447
0.610706821290743
0.664087723862168
0.741034301290967
0.688838622799806
0.767769860636143
0.664189073812967
0.656614472613888
0.755583254872081
0.619542040008863
0.747480208700437
0.637693205880673
0.782494056597096
0.69857938062208
0.75916608016762
0.52779910247902
0.84238503293684
0.732782035777783
0.749963694815694
0.704220343794483
0.734045649926629
0.645529869522304
0.695938582028332
0.814088338586921
0.787049776698741
0.753982072006263
0.685699785394521
0.568760978035521
0.573679061178053
0.810281310656837
0.778654461805763
0.695966977441916
0.784285902648221
0.731329185766267
0.669200519979432
0.836525224139976
0.883033542854843
0.710823905500068
0.770795962974389
0.765358603068146
0.698232596296741
0.799647635627694
0.823498205364817
0.821863934542105
0.875198814683884
0.810835828125821
0.767143198295707
0.578294766901905
0.810374113701554
0.545849725294893
0.859359614133233
0.828086106775077
0.870456551369252
0.779627891810824
0.693548030941566
0.789404974557536
0.765786331724601
0.74270498148163
0.787742242867061
0.853943434363281
0.786491637190713
0.746170141765036
0.656989527515716
0.983044369080824
0.719800732598026
0.825894376655253
0.729582015101421
0.8049718502473
0.852361507522367
0.949321517550197
0.862418244384231
0.753518136497514
0.87502225202734
0.722133637601204
0.737131916369253
0.851972745126869
0.824152868861177
0.78513070627529
0.869358448703892
0.801296227714547
0.943332485075814
0.770765124991914
0.955730181216183
0.919716124183179
0.718612576886951
0.996399468194644
0.785900541588171
0.901302616094679
0.801671301500006
0.823914647195382
0.917142719362857
0.826662927209878
0.825489564087772
0.897519573121521
0.852374863004111
0.910240650518016
0.935810484057058
0.922645163011717
0.951685275844716
0.840662029052889
0.881428877726001
0.839774700744386
0.900891425005629
0.850702448135378
0.744961113989268
0.906620175542455
0.907548840988043
0.979208866018577
0.724485850034439
0.862076876027225
0.91802329930859
0.830233143822939
0.750576840709158
0.755321281929109
0.792416706084072
0.860734566531942
0.8018537828899
0.866569153563897
0.886734752449049
0.980600898615513
0.995846165757932
1.00243638119491
0.763566176936816
1.03936110943678
1.03491724768113
0.977489676766001
0.920479691358313
1.05440309218234
0.959384031154334
0.869512239842869
0.995298723458353
0.913560817592564
1.09873140098753
1.00978154989453
1.0162852927826
0.800088190598174
0.939378116377766
1.0027521613558
1.06861435880052
0.975735792089373
0.987070382464025
0.911910968755473
0.928341381527362
1.0737087363475
1.03843959891464
0.99265588425732
0.995497428407198
1.03422168586073
1.13269702857962
1.06325332757385
1.06194736833248
0.942901544721291
1.03334100146743
1.02127444041226
1.01401607313117
0.911679486211786
0.998007941538298
