"x"
-1.10492424085117
-1.00892081705449
-1.04340393896136
-1.02771985024511
-0.934822860449854
-1.00111434764351
-0.914387921609692
-0.952164376263686
-1.07866621757121
-1.07753370499437
-1.02848487390415
-0.982985532853707
-0.92298838595387
-1.06099213374425
-0.905461254183382
-0.967170141152888
-0.911123957970144
-1.01147007098291
-1.02295533031554
-0.915904581466539
-1.10947927154194
-1.00067552249203
-0.877839505022517
-0.865260627399129
-1.01950331012926
-0.893643456641088
-0.884198906487246
-1.01479550576083
-0.95615880039685
-0.927352345874199
-1.07425615690295
-0.869597082180036
-0.885031787296672
-0.816912264344658
-0.835570425401319
-0.882489303262831
-0.79896700621408
-0.919352639168955
-0.880223474620784
-0.96303539677701
-0.890611255372505
-1.07898593184345
-1.09805871885382
-0.964346923272967
-0.845909844243075
-0.922646244277692
-1.00635990148292
-0.850612357577636
-0.782076255573244
-0.902353977621521
-0.880257665277727
-0.884289850255082
-0.833691743187892
-0.842241888473343
-0.861849519061558
-0.835134810783994
-0.90229788714128
-0.839996130345347
-0.971296261336993
-0.937388341019715
-0.850802737072552
-0.876280890728711
-0.885859703283912
-0.843423133673177
-0.900719987400231
-0.940810500021029
-0.907674792771314
-0.800707596214483
-0.915989107374383
-1.0448581756265
-0.963392675867161
-0.893713431265051
-0.979972907980068
-0.793643126228622
-0.833180641302427
-0.875460218910034
-0.894036196010938
-0.89542005328081
-0.88698270285639
-0.661009734499187
-0.892138242816203
-0.840732961112928
-0.817233484001542
-0.866651014471861
-0.91694768991495
-0.84970168761222
-0.780955632487285
-0.873709266606659
-0.792334980134304
-0.930172181402116
-0.796024577118499
-0.72470338158395
-0.852357845749926
-0.825373913870662
-0.769790323387256
-0.85337789308754
-0.838889545285201
-0.732927357330365
-0.769708809730029
-0.685511379009533
-0.836583603047577
-0.746551041745992
-0.733465965998537
-0.715870789614981
-0.737287931663565
-0.912064545379706
-0.613193800435529
-0.685290261282089
-0.734239440244209
-0.7756219959431
-0.818838527405884
-0.877072778796268
-0.780567719463283
-0.795414900592357
-0.862568796467036
-0.853028287914277
-0.885520260964897
-0.596313713282847
-0.771190042821641
-0.762170363584703
-0.758865378476125
-0.878666466614808
-0.817483322222954
-0.58283178396405
-0.471380133298526
-0.656904786162069
-0.716712500178148
-0.754461341252094
-0.758985802293098
-0.824235420894666
-0.737732822742792
-0.726308673137865
-0.755611734038277
-0.695938186023155
-0.636111534265934
-0.802950151603991
-0.80941862322853
-0.825192888268321
-0.549273198406286
-0.685452005601917
-0.633495861770362
-0.724461080808311
-0.682575004573966
-0.699955424481615
-0.632259628159777
-0.73200567371579
-0.798310739755664
-0.75241117966135
-0.638589278041682
-0.582668031039867
-0.548157225580812
-0.660393472317721
-0.682022499656374
-0.615854273411911
-0.723930723774861
-0.704265632820944
-0.835727973039431
-0.749504805981071
-0.568715113065483
-0.677131170664691
-0.712820165734864
-0.676265254138514
-0.804413084485118
-0.816323747918395
-0.71061833904405
-0.818711405713672
-0.602186012111432
-0.560585605703037
-0.667063285636001
-0.529402735754718
-0.643517951860479
-0.638644970651435
-0.643682388472577
-0.600684020086523
-0.643880062625652
-0.651931849457727
-0.526389596689011
-0.591784219589414
-0.532478338960212
-0.732874701891499
-0.693287668466422
-0.684316727698416
-0.660668767809192
-0.615616883281261
-0.57636635049098
-0.575172677109793
-0.640330730536865
-0.689110798446444
-0.544733451121983
-0.698795215407219
-0.613612311242928
-0.610751424025147
-0.629802667497187
-0.474784085513019
-0.602649931580924
-0.634183281532467
-0.614863792129365
-0.640250176061661
-0.672699617218321
-0.559398644275221
-0.555092788105202
-0.607289668352026
-0.656194278573585
-0.62278903277706
-0.489467213487565
-0.623290759157009
-0.554816602050705
-0.575527567007021
-0.441828731708988
-0.558518535461333
-0.619587998802441
-0.513340237079812
-0.446902611735314
-0.502271539890957
-0.563138076368225
-0.515468892276152
-0.37852153406916
-0.548859488769678
-0.538441965845731
-0.490448790827535
-0.584610961635622
-0.543782056800774
-0.711560446411224
-0.546760022807136
-0.589888589097016
-0.426864472317702
-0.481548236530571
-0.666018999712582
-0.439874792664351
-0.571475460609507
-0.55287803355272
-0.592075583681569
-0.437478604767951
-0.561536234514714
-0.541657350825319
-0.50915849658285
-0.371407919446928
-0.433354489410342
-0.514423444672549
-0.548324067727549
-0.490008806792366
-0.53314386036384
-0.674458376384217
-0.571998083848129
-0.4365662328596
-0.686640663389959
-0.324081876395653
-0.572338189111439
-0.50995538939177
-0.534076823269053
-0.396758531797206
-0.639698691093869
-0.320312729532162
-0.698816608367251
-0.593238040070427
-0.459405281104132
-0.489712538636647
-0.523649448551146
-0.478934896510815
-0.509097594631696
-0.417818841054323
-0.499391395995579
-0.49514517264987
-0.287560996096706
-0.510306528283057
-0.618010001850747
-0.449257571927116
-0.422755931466907
-0.490662293792771
-0.472936964281972
-0.320436447093502
-0.388294325100798
-0.548958898862725
-0.570557649471328
-0.365308420783668
-0.344578304044919
-0.370483300829067
-0.402063395549069
-0.602694368914635
-0.501685818181458
-0.570928808853411
-0.325772747074148
-0.542636441549665
-0.3714322828387
-0.339040908576282
-0.315391064242778
-0.316655472688605
-0.650380793392104
-0.37100282386329
-0.518660362738605
-0.654793211132878
-0.319869405945801
-0.565053583375555
-0.465171833764124
-0.438035084942424
-0.396059003700759
-0.397999064865916
-0.445832208473162
-0.403209941708847
-0.302074798545245
-0.344582208634177
-0.524210496568359
-0.43348885607177
-0.484057440402135
-0.494679641316681
-0.366635359747504
-0.370476089612696
-0.303957830594511
-0.464174788872361
-0.320289959066707
-0.439571855777613
-0.395203603314911
-0.351450190129039
-0.418260143385606
-0.313249197747042
-0.474909084715816
-0.240873261593895
-0.223386160135969
-0.328609687325791
-0.47040918002567
-0.335138584775633
-0.448315290763481
-0.431652821066575
-0.351163531602807
-0.471566367913763
-0.314131867844577
-0.228540040979614
-0.296942795423769
-0.38803598830331
-0.305336495848133
-0.34974211127754
-0.342210230425005
-0.307042719622745
-0.138707739895968
-0.416259744444531
-0.298954855548461
-0.333841940377947
-0.383119764921518
-0.550158885056005
-0.357387453594807
-0.439612147033028
-0.175956262461243
-0.338216988315854
-0.345869235706793
-0.205114309640252
-0.142683393646105
-0.344571005693138
-0.146421712016418
-0.405962681061647
-0.305459450973514
-0.313255132411637
-0.405322267472554
-0.0837680531021867
-0.199681310961767
-0.347270330784183
-0.325497144720543
-0.333609590529661
-0.339620287052634
-0.323216971370835
-0.342597133527753
-0.280244879304253
-0.405832439520927
0.0218264571763702
-0.402872464128594
-0.202549076703199
-0.353965836728447
-0.313546125301286
-0.0876897508100156
-0.352170542802624
-0.329168534291808
-0.293518307742319
-0.11985250703802
-0.223663096628033
-0.142896891641254
-0.177457228518766
-0.188808858569094
-0.209022991218176
-0.247547770336632
-0.278510759581078
-0.430707168222545
-0.23342899573718
-0.291866806653372
-0.186024828481042
-0.0673848059807893
-0.322133795714371
-0.195288748340915
-0.326494772288851
-0.260104317682866
-0.295359888537535
-0.305019355308418
-0.269095369806718
-0.0745578987842817
-0.0804304800739651
-0.178080151839385
-0.255144192766763
-0.174426266088621
-0.261595111523565
-0.316935610954612
-0.207073661283883
-0.268992786404784
-0.180107105857513
-0.289298928105671
-0.152576262386352
-0.343529288801445
-0.182480152434317
-0.221817924996229
-0.256581440566155
-0.164788969241162
-0.211069243222229
-0.139087689416551
-0.158895436222862
-0.084265271678094
-0.0326240163875424
-0.18851548402361
-0.130368389935393
-0.0156802067973819
-0.216113057753325
-0.247733864512055
-0.168955415572916
-0.170081398481818
-0.0689500429346479
-0.246986429906979
-0.148053109784605
-0.0748183500890928
-0.249116241237687
-0.200412229223682
-0.0794200826579452
-0.0585879889758533
-0.141186890995163
-0.147558270682496
-0.118196023495459
-0.169048080746064
-0.253736155513867
-0.112933191842353
-0.100764480386734
-0.148080443332577
-0.224070545446667
0.0198245090083032
-0.169979411637433
-0.179099579441559
-0.0975384881766513
-0.0863811055457248
-0.0236447625973688
-0.0029659379140869
-0.17121952573091
-0.16984277334431
0.190064058176677
0.0101768570919274
-0.0660518711784811
-0.272699217363386
-0.197660580511058
-0.229794868276969
-0.138761470310343
-0.177107051498242
-0.0958322151273529
-0.147759858730856
-0.0591225368093593
-0.0988657008953579
-0.116739648454195
-0.116259926181184
-0.0483396650293921
-0.0118607104163459
-0.126996284176987
-0.141091132999084
-0.128030756273006
-0.00683294217861006
-0.025601937035633
-0.0788549157299269
0.00901820675471253
-0.119627412321055
-0.0253247406331808
-0.0757521097923166
-0.150381301183131
0.0702923918295949
-0.0727992698780517
-0.123336449929443
-0.0375195948289811
-0.0431119473591979
0.0127970073421557
-0.111886287697378
0.0863597372842975
0.125022405446216
-0.0964604146542314
0.103505676293034
-0.0510006723935332
-0.0134797277032103
-0.0740149896019803
-0.00225400309579622
-0.0470133423572842
-0.14946930235763
-0.0148787887468799
-0.0853138408905406
-0.0449059774646653
-0.00204198729934717
0.0959429488779592
0.0846442755848572
0.00265552737808998
-0.08515645096409
-0.0433691951741538
-0.118196181637908
0.0336718206999419
0.106529015144136
-0.000858719538993359
0.00589271986599944
-0.125257391334428
0.209898220667999
-0.104755953773795
-0.186810996806391
0.118079516673321
0.0183871083759233
0.0380388147810056
0.0893104448225299
0.0637343036102467
0.00571284457174997
0.0361057780254246
0.039638016495364
0.0846400953233607
0.117550030262893
0.0866884495778277
0.0403130205864774
0.0615743427137424
0.0832769686028662
-0.101170524455299
0.169286452996465
0.0457194830275826
-0.0124757166585667
0.142889444679469
0.0983544123366553
0.069965196855349
0.0164247047949101
0.0968873718728044
0.108161053484626
0.100248629273698
0.0704298873632255
0.213032794229883
0.0111042360966316
0.0376303268639499
0.0262623475508673
0.14850822106179
0.154763566273623
0.0886009703965732
0.242726666074063
0.124293741276852
0.0141759790210882
0.0670997797949969
0.151407007808025
0.0751277170162679
0.0505939372111751
0.0191744489445338
0.0390673861509634
0.144556075647196
-0.0214079684459559
0.0931239217624405
-0.00174670616664298
0.17501363510804
-0.0364247454843457
0.155485202405131
0.169206986027074
0.113681122739453
0.277860891841264
0.271587786896187
0.23990658560088
0.125841005678965
0.136116191268042
0.0387753278501627
0.198946209636105
0.0736591610693152
0.0516764453175783
0.188178888076089
0.0171461682469667
0.163734407805247
0.148856857493478
0.0704066268970597
0.130765697547822
0.188917581639821
0.09309718340376
0.259401358543038
0.26187875119362
0.111170449795473
0.113159444014532
0.104918703477117
0.0922441564706383
0.209887688621464
0.173821367336533
0.154476005116713
0.242344728391651
0.0565086011708912
0.340891804190519
0.215469549130475
0.141781856267203
0.194680031537805
0.104489594310297
0.197513780754133
0.274672208340249
0.0407488115054555
0.255233288542023
0.201470901531836
0.0545255799694464
0.163697337725308
0.122723462558306
0.239926207880998
0.162499285190911
0.29036420454461
0.266349079707995
0.140942848834402
0.411602769869964
0.283418066661502
0.068726581029327
0.151122285103586
0.112282167009717
0.238632773054978
0.275207564623286
0.242040209463544
0.291767818681544
0.342350255747653
0.265977375009584
0.2739322192812
0.328109181400681
0.287511922281219
0.134274304748366
0.165520728574631
0.236259499079344
0.190247435389863
0.315601566000676
0.28189203148392
0.320972491563903
0.256790504537364
0.28243643417202
0.257024953117483
0.306483713947827
0.316389102671538
0.310210164827593
0.294540980008811
0.308813687243244
0.305918533348178
0.239255690888855
0.314347383738224
0.35375475322247
0.250766229059175
0.200598223330901
0.275167777395811
0.327765224051616
0.372264826360292
0.431083364330306
0.271391165703523
0.242035562557402
0.29726724897294
0.380554256692901
0.314636999942397
0.141092045045381
0.350217415219743
0.185148012817949
0.289236240781234
0.280814712987425
0.244094297402716
0.382266644326702
0.379872667484253
0.437395186749988
0.21468996793383
0.352865838052838
0.288074266335593
0.268734170328404
0.259267499400231
0.261956428513873
0.227882815491972
0.388290419602846
0.413502405181533
0.222611079944641
0.344345460323077
0.243025266458143
0.225970886482028
0.193505269605185
0.261632067846626
0.4067549298038
0.353717436072612
0.354510261693254
0.326595767748066
0.273300783516131
0.486272586647422
0.435496087024312
0.56843007457941
0.518497986516356
0.290110054671116
0.382663828128555
0.463738891465553
0.364234873078825
0.416520101197766
0.535712868660275
0.29086055000346
0.347992359509522
0.439847454576217
0.357111099993833
0.34930177133537
0.517154826115055
0.390219664266057
0.28877842850529
0.253885377235267
0.448952945599487
0.307808095614744
0.296303799413149
0.371672202486353
0.325712517427905
0.422291527436376
0.43122558492256
0.33776167435342
0.411743468923778
0.258763677984873
0.395508503321274
0.360049482623869
0.528954294033258
0.457736556560001
0.503119986459091
0.391216907769303
0.361533208628724
0.263135982838687
0.437364299544314
0.520310251296948
0.396031886602966
0.363811458540719
0.451046758377771
0.47291876262287
0.469599901841321
0.389778024210669
0.492101870558192
0.510342108020382
0.47727315686185
0.300506769589578
0.446149867328628
0.424095814721267
0.570808925738953
0.547873607446459
0.397215195181206
0.40914148626992
0.503278279349557
0.438772314010742
0.483853720806848
0.387417888013473
0.449937113126802
0.471233368541256
0.602236872522991
0.535536151516703
0.601595568168423
0.414174287423001
0.576043011823345
0.522337880798236
0.524266724467333
0.504384493733803
0.607828797527924
0.561012321674609
0.504866848992727
0.371881964606911
0.344707980315023
0.47933583859587
0.392784325294573
0.567666327333186
0.454846760415344
0.588527855130831
0.512183295967187
0.463300529696678
0.697406956567178
0.605705575282824
0.630541699972664
0.489310729498225
0.530573970176256
0.437913364292818
0.560231477511156
0.53483187143126
0.506449062966334
0.632319040058289
0.593574178496626
0.546640474843466
0.510047491698079
0.655700404339445
0.593790593768567
0.518979271935881
0.512385495939721
0.631188041037639
0.594707314386203
0.632083489501027
0.354897185410796
0.524768455965882
0.725651496669771
0.534990979433574
0.661210146408145
0.586682565127039
0.645686124215927
0.601413862682607
0.704959122650128
0.601401624823746
0.632055499208137
0.687472180459742
0.537086686470879
0.554686540961127
0.571979822046836
0.501527388156707
0.544525306591475
0.532091540337331
0.618571132696834
0.61679940764654
0.512282774146375
0.608188683146199
0.522464703810209
0.691738060623255
0.650344057708774
0.52661351460454
0.582896133734046
0.482591498704958
0.532514247166376
0.646945703119159
0.64478115270187
0.585976322625455
0.655444617063043
0.529896521721348
0.702222909177727
0.776482741410453
0.425142145076981
0.501023744070375
0.530760622198797
0.646490856464746
0.615710818930002
0.579380806345481
0.588620729365154
0.627638185958134
0.641746473237686
0.684658631855006
0.746479651589902
0.61068350363834
0.745814642203167
0.477766538814003
0.628129090350116
0.709128081131811
0.721494486021297
0.649638244786272
0.546756090544698
0.749135663294108
0.814681585640817
0.609184046890906
0.825388420066693
0.779438350142122
0.605265182252012
0.684240951972605
0.863947612511982
0.774434460211697
0.62647674340274
0.634437906779315
0.657887790194358
0.659411239682028
0.653813677090167
0.602350868562221
0.711839883204936
0.528229304200574
0.801791871914073
0.830541300054928
0.673591146682209
0.596366902379034
0.660857301165296
0.685541888501964
0.653887873541084
0.646552496399161
0.648267448327174
0.678202378034866
0.624295177709897
0.7928846510277
0.715466539183311
0.673989842666898
0.722807751287367
0.618590579350786
0.574514453233577
0.729341421692639
0.827540496647144
0.796387446983758
0.75575985073161
0.618314925602184
0.801665089030136
0.526301154784139
0.877244295895752
0.743695261120594
0.782709940415132
0.629174680977763
0.627608482205755
0.614408221600868
0.855529410716079
0.651718672798838
0.891597609386424
0.771212656873296
0.728604301455553
0.786584554123989
0.679040623677088
0.765063967321147
0.787529512584813
0.71579402388544
0.696918580697802
0.780314124515515
0.741151055379843
0.745972002997682
0.796938964622713
0.8264497018379
0.801907490014759
0.902441661131866
0.799677375992181
0.853759339876445
0.864422045379752
0.841023641923892
0.80611384908137
0.767229213706973
0.626247198544023
0.908981105798894
0.869480445036379
0.89664697227608
1.06581588906508
0.895776282227485
0.855375829981576
0.766637618232034
0.798256510665037
0.912000418348054
0.780341972566314
0.777703775147238
0.863969905560532
0.969283380292459
0.831242776616535
0.849379783310435
0.767429545779236
0.853776465028099
0.872472607834597
0.891198223707087
0.888049573858259
0.721530271691056
0.733952742854994
0.88289373567293
0.885861907030569
0.956995948779247
0.811981769603125
0.937453663454166
0.866348197913624
0.903828363044167
0.80248485447854
1.00398187052371
0.84079446264385
1.05677452953769
0.765063389032855
0.822125652565421
1.02911072609957
0.83672709931805
0.979193604344439
0.925023205255554
0.832988677959192
0.775227686832429
0.972565077090553
1.05826149196348
0.771171031266666
0.941566309252994
0.891893014426778
0.833117433193287
0.977169893520295
0.984425770494575
0.924085866116603
0.880494526906807
0.890782718796682
1.01037541341001
0.868975368360818
0.848567314404255
0.923822950641758
0.935614745335739
0.824163535201916
0.929888632754048
1.01600905352836
0.945454291016588
1.02648456276172
0.886293220954715
0.84318077502611
0.850279844905962
1.00727049540689
0.987723118277705
0.825606647686101
0.94711968258201
0.947209385799517
0.928281668605406
0.912939708451716
0.931373292254031
0.910976506554067
1.10067775316723
1.07021562309067
0.896492085487349
0.984625277932954
1.00316330341384
0.90505172629095
1.1020067090846
1.01935787197725
1.06283477163209
0.97410659737225
1.04884705666411
1.03756414576212
0.901321223981681
0.937402193481609
1.02188870647905
1.00269183865587
0.966251613372287
1.04496185601406
0.959973823224332
0.912428770264975
