"x"
-1.11943872618911
-1.03620733865751
-1.04281537758515
-1.01986453202145
-0.920579010126657
-1.01916502202794
-0.911365667766226
-0.949747565275914
-1.08594168274083
-1.07210082019971
-1.00694696885202
-0.973443493042514
-0.923086641722572
-1.04091132991423
-0.884399825422274
-0.979483031786016
-0.904945354188968
-0.992193359157458
-1.02586698982984
-0.907066972746644
-1.09076889958362
-0.993283404738817
-0.885268406818571
-0.863863543394099
-1.02151774320544
-0.924976716624689
-0.905446833633777
-1.01961378879413
-0.979890284684398
-0.931944728309215
-1.04749742522744
-0.860994628882593
-0.904897491483609
-0.802688898078664
-0.85317132389458
-0.896472567910422
-0.80481445241883
-0.923338866742403
-0.876060683569372
-0.955503896644244
-0.876629045194787
-1.05642815575146
-1.06914889595482
-0.958929342010614
-0.847497887805631
-0.941240013879099
-1.03341728755716
-0.844136002010556
-0.790643249433654
-0.905785582024679
-0.865201353940108
-0.88949756974527
-0.826945745491317
-0.833873342179537
-0.866408660282578
-0.83431323285016
-0.917658788153689
-0.839145360287903
-0.997698907616728
-0.956036620015139
-0.851534141270541
-0.89769383215893
-0.914223228370995
-0.833970027804467
-0.885885640083271
-0.964942986797792
-0.912586647101251
-0.825280786913564
-0.904065903337434
-1.04352517110311
-0.963124333720008
-0.90643686139114
-0.960184688654563
-0.790535901176059
-0.838469085899657
-0.870261310569927
-0.882236812841576
-0.89315371040138
-0.88587167286168
-0.659457949488555
-0.866498338991452
-0.824854037793402
-0.821554103308161
-0.855969546198096
-0.911998745203281
-0.854686918839824
-0.782801601778934
-0.867769281085768
-0.784577406953716
-0.907760909870744
-0.793506682205712
-0.730395963491322
-0.862679644620061
-0.839415627963325
-0.774397426234723
-0.85786870873468
-0.853707311971359
-0.723587688885045
-0.768090679971986
-0.696655160407173
-0.857983438198891
-0.752458498141258
-0.746884287364587
-0.696140269650403
-0.717384842038936
-0.89221356925607
-0.644456819879764
-0.713877898271728
-0.755459402923423
-0.796581810119204
-0.832034160853535
-0.883549641144864
-0.774777437846113
-0.821942880897773
-0.867925076308818
-0.834393016035628
-0.869066404432536
-0.57823367985944
-0.789416185102121
-0.761928464371617
-0.755997252740002
-0.874482624748528
-0.812011055775917
-0.583238015033094
-0.471302423263533
-0.675072015411094
-0.708587624089765
-0.758498159398359
-0.759655304747767
-0.800336288970111
-0.741847007617453
-0.724670249181035
-0.764420465287312
-0.70921175983741
-0.652581476414382
-0.798059809973753
-0.803740557475708
-0.836262889341483
-0.574815550187745
-0.701378596947115
-0.642421108874131
-0.716077891688412
-0.702942409339729
-0.689414651588666
-0.621354217254996
-0.754055008052505
-0.787375718423673
-0.739905190893373
-0.651821990087474
-0.557199202216499
-0.577284340181463
-0.669512402291848
-0.686043066022874
-0.60225682327807
-0.730996117369046
-0.680431249121202
-0.847993027715976
-0.782407525469831
-0.570859520150536
-0.676654260522334
-0.727382057048432
-0.675718167747638
-0.791943100916427
-0.780248838717579
-0.699162520949592
-0.794324244356275
-0.606794516411147
-0.552627732475396
-0.67501911899143
-0.531048705564741
-0.645629146164347
-0.621813666603279
-0.649127879121911
-0.581976150658019
-0.636644673310595
-0.657051283723597
-0.531196332761446
-0.588303251126941
-0.544810532287941
-0.75283799654129
-0.689099056058379
-0.690978084225809
-0.630999938952585
-0.615579695952775
-0.602274818205676
-0.606543363746743
-0.64753195041148
-0.676259650314495
-0.557696190743801
-0.700473728651519
-0.603262807901876
-0.590533838806332
-0.615709359617521
-0.454198835246675
-0.5722946205517
-0.631107861017751
-0.598761046637843
-0.628606175433916
-0.687557911148367
-0.528932869380434
-0.573456491246359
-0.587241158070869
-0.652130899161995
-0.607751831837298
-0.489742332902686
-0.638302590236594
-0.547778116162372
-0.554385439478127
-0.448026484288138
-0.547155255159635
-0.608403238446329
-0.523189267764838
-0.446718582876087
-0.498635823592228
-0.553671452606961
-0.494650691522446
-0.373825884563545
-0.556971959684533
-0.57786538087096
-0.493042343824153
-0.573248213125934
-0.544432395487185
-0.705058012040212
-0.554309899742576
-0.607284399398623
-0.438744072779648
-0.489314313192636
-0.669193003321878
-0.441716397312065
-0.540459712498514
-0.514263201551639
-0.602573743703961
-0.460050376396762
-0.558504593945184
-0.534711267345192
-0.549327882913033
-0.35996188457116
-0.437326959330144
-0.509999895942929
-0.52566823930376
-0.475586563467218
-0.540414035416172
-0.686453770583587
-0.578948662984774
-0.43625575690605
-0.675402264076022
-0.317595826242786
-0.592388472869752
-0.506051857494772
-0.538270706013052
-0.401766490007692
-0.638027874362733
-0.326190073929882
-0.70690896477689
-0.618171152571437
-0.469474216846812
-0.479163463011691
-0.516642774236505
-0.446345391083941
-0.499256564003325
-0.405142701292901
-0.50252289946727
-0.477905470917734
-0.286752956741324
-0.531262900403298
-0.615898072353518
-0.448132150516561
-0.420458210204872
-0.501353978688354
-0.4623300276172
-0.325383747371494
-0.375414298043665
-0.552089062194164
-0.568396158764437
-0.356903028558569
-0.375039087446879
-0.366239608843037
-0.421121784885279
-0.602356439665323
-0.49944796082478
-0.533254404806842
-0.315830736732671
-0.544920020649062
-0.371865561137915
-0.364889587024177
-0.316060945457295
-0.331220752627755
-0.640065041622031
-0.372910159924295
-0.534623800406273
-0.653300315263754
-0.336599987121188
-0.55453856762275
-0.454252493061325
-0.42792973479558
-0.416242372773378
-0.400254055629711
-0.445476275509115
-0.428357233075301
-0.314094308272651
-0.319259479018909
-0.524010259387914
-0.426545696166346
-0.512149263368591
-0.499162588713456
-0.379278801970221
-0.362723550795925
-0.308045674945001
-0.452177659493427
-0.302929809615441
-0.454013390992316
-0.393159066325726
-0.364253643152219
-0.419952390527902
-0.318312306691517
-0.461248485454121
-0.232465917862009
-0.234920423322644
-0.299986828135075
-0.443063449277638
-0.31679578260101
-0.441159116800449
-0.430787349489989
-0.362547042650807
-0.461190943700512
-0.298617320611151
-0.217892913434921
-0.315326222015621
-0.385781228333712
-0.324261398754425
-0.349568706798788
-0.348211684812708
-0.288125046398326
-0.141981778344646
-0.408754873909023
-0.285191255721357
-0.301221132397147
-0.420962071282074
-0.538089356106708
-0.353290556008327
-0.432398051776145
-0.162141501983322
-0.30908612138985
-0.339298502057853
-0.201533116048105
-0.140289485494371
-0.338305108377227
-0.133401964194376
-0.382012466880808
-0.289168299528316
-0.284579374286048
-0.397475760395618
-0.115187377450267
-0.186671836622582
-0.346726070854182
-0.335133750130695
-0.300914283831363
-0.360608522666119
-0.309309824174325
-0.313211271136013
-0.275475301193428
-0.409083101919228
0.0153896030764704
-0.41739912798866
-0.213456705705382
-0.329392486432256
-0.284846445433473
-0.104153495537631
-0.351123428020026
-0.331567053345396
-0.272403256018088
-0.122245920948237
-0.203148251296018
-0.127578158064002
-0.186755002441631
-0.193965744893409
-0.200983464221002
-0.24056253804178
-0.245161195405202
-0.436174760819053
-0.218375540854819
-0.286315797431307
-0.183503274762515
-0.0892205124575957
-0.340005313631026
-0.176247494266191
-0.327994147226625
-0.27537606002671
-0.284836433595815
-0.323193260296035
-0.269384957603898
-0.0639364457096319
-0.0924952657732445
-0.192912254304714
-0.260727013645007
-0.159155036133071
-0.25849298428934
-0.331557871306029
-0.200249543296276
-0.254728802816311
-0.178835884816815
-0.304005038769585
-0.128594125084799
-0.347847634722385
-0.189468745319434
-0.216396953738531
-0.273804154596427
-0.158287069842003
-0.238287773416538
-0.147314493311573
-0.157121176641499
-0.095923808388847
-0.0371091669058218
-0.167345575981481
-0.124020073047455
-0.0241226922638872
-0.222421024594666
-0.206521983084042
-0.173270458566192
-0.194372059593428
-0.0746274635911123
-0.24257394681808
-0.163480741968416
-0.0922575845575936
-0.256824474900035
-0.198729866982375
-0.0802813919411404
-0.0517154855160028
-0.152209881998231
-0.147277116889975
-0.146314441385032
-0.170524748665684
-0.268552860968321
-0.0914095276033841
-0.07969947088965
-0.179189539946485
-0.203787787576244
0.00329607363773878
-0.182706321506419
-0.175060574398524
-0.103905043051602
-0.0721456234363783
-0.0211982865183044
-0.00320807669000257
-0.145736646354128
-0.181156994963784
0.196757203686148
-0.00348759399503755
-0.0691044312814447
-0.280931090711483
-0.19930062551311
-0.217542027086897
-0.137608434925126
-0.174032388546521
-0.0989100513529919
-0.154052763882794
-0.0505822139837886
-0.109308189294293
-0.134014390962095
-0.132733655395406
-0.0843866820490039
-0.027712152254334
-0.126411195189512
-0.143453768187162
-0.117294913975821
0.0149934752672108
-0.0211398732151922
-0.102126703669775
0.00949492212062141
-0.111337192195796
-0.0424436302858213
-0.0697997290307207
-0.149128291303948
0.0579039476902986
-0.0772572292776464
-0.118416640781012
-0.03629041200456
-0.0488049117866513
0.0398187085776369
-0.114604600838955
0.0667018493082163
0.130575806740594
-0.0971993414328191
0.104569488449084
-0.0761686488320223
-0.0174100066563428
-0.0745268798449112
0.00468157347818228
-0.0519277883774274
-0.151441713161173
-0.00732848789326883
-0.0756532867725706
-0.0356849603987905
-0.0168359307139243
0.118500093326809
0.0713578091715323
0.0149976927028578
-0.0894800976129456
-0.026825331291108
-0.112492196654079
-0.0154901899932548
0.124162228624391
-0.00913355431265207
-0.00764038996099954
-0.125672911685443
0.194540197933409
-0.124699311483483
-0.184829790344278
0.110074895758388
0.00743871642869989
0.0444664298634461
0.0770308206840634
0.0369897950306964
-0.012304878049652
0.0384106400959369
0.0402862913317429
0.123441159216984
0.129558290341877
0.0717895336607339
0.0541049678931511
0.0883412230983751
0.083586474840618
-0.0999349748473692
0.177546828489763
0.0566117087069644
0.0222109715569901
0.164046918002629
0.107843793705347
0.052678645985303
0.00828219748025415
0.124923813276813
0.106155346200706
0.0973699312445857
0.0883975375147146
0.199120472623837
0.0258284036289549
0.044229632912926
0.00156296439083504
0.137610855357215
0.151112190295325
0.105006793458126
0.227307153667814
0.12824164884617
0.0185538404577172
0.0724672071638659
0.157923287243055
0.0958287127635559
0.0398153100076035
0.0280535268823106
0.0458871626521078
0.126060428581993
-0.0233501050507554
0.0868528684687017
-0.00330681585508119
0.194791781276577
-0.0337172750569408
0.149135299128485
0.173518600901241
0.101150645823094
0.24860423192813
0.282406907865117
0.224937012415781
0.137641158507682
0.123748795535312
0.0582781720167809
0.188699105829997
0.0694676422359461
0.0450134647199155
0.188242208034308
0.0325126537808795
0.164471886534978
0.136745704600717
0.0670563294251277
0.128506206249003
0.172541242276756
0.072496483441592
0.26347879528613
0.269526836573652
0.11926331037792
0.111827478309162
0.0886141729862669
0.11756131386224
0.199940484454897
0.18420759502043
0.136729350140785
0.246029235315698
0.0631643998924994
0.333998747078516
0.224255638748294
0.131842490118829
0.193682768175417
0.107010837593472
0.212469405662984
0.260075790255796
0.0511940667521692
0.252533479359198
0.179873813925935
0.0397276169492419
0.162455380915082
0.135234677135108
0.239095370290128
0.147275944290979
0.29983094404708
0.252162543604533
0.133695343437089
0.408101597050605
0.279253151627937
0.0726302723578453
0.148670415662724
0.116744665370014
0.231461446828315
0.27983606800506
0.231432449434981
0.327413065338158
0.345234075608415
0.266325120905042
0.280699342553414
0.311864301564214
0.266625314612664
0.146310169767674
0.17380188991586
0.246466379847385
0.203001585142537
0.313094680314053
0.277242975826071
0.334507421715803
0.258632995964041
0.288738728584139
0.255392651916585
0.316382587617312
0.292656021885989
0.324137491694813
0.295996120597682
0.289127326536893
0.288614017595176
0.232552070414594
0.336791217520174
0.329323702431931
0.266510850922195
0.213412672366646
0.269187460803777
0.339661483802086
0.382409175882492
0.432090647829033
0.247945639633269
0.247737304804761
0.295599946090092
0.379681471595545
0.299205933904952
0.138667134903813
0.351913496506549
0.187105196200281
0.277828960029764
0.295000779913218
0.236747747256644
0.386276712530366
0.381493329149093
0.447138865922334
0.220147113591973
0.340840408231933
0.276353890632573
0.30375265184258
0.250714781927153
0.26727854036012
0.240966242722336
0.398336272358444
0.425883132892448
0.212449161787142
0.339180414961836
0.223903808701032
0.248981755373917
0.204648632654051
0.26700587588438
0.420736772418014
0.372522336152509
0.370099807180376
0.295743617398656
0.248919709894793
0.472293962123802
0.440761145458469
0.57127900457758
0.511778231525182
0.315384336704787
0.392100952166636
0.465687317671543
0.358786449471622
0.428682229034295
0.531537656663549
0.304812229659769
0.337199972139973
0.448452786699997
0.354903620102779
0.355985482695713
0.49743031859057
0.399240416949561
0.288047621872065
0.250645333151885
0.433618418327099
0.300366497396847
0.286167982131562
0.3647527883273
0.333902046396946
0.438341647172077
0.427752192254402
0.317729489205302
0.407840337383529
0.263192294694041
0.410516131018502
0.334020577314659
0.546935342538799
0.437972629088764
0.514378338570802
0.398249404448724
0.377881767164689
0.283207941345278
0.422375614418706
0.54219441713208
0.395518497154046
0.364632697123688
0.45690933775347
0.469070919591092
0.46342252384439
0.379707482049034
0.460396711436126
0.509150190558035
0.465885864422654
0.290550044147475
0.428665779607131
0.418363736783035
0.574475369525155
0.53815546723357
0.394078522669579
0.415125814628738
0.482593625503205
0.446049513100919
0.48535457833849
0.353303163707757
0.446769745528321
0.499362790167791
0.587064238353807
0.528798355723542
0.588004559862162
0.417095919768173
0.572725777743397
0.512215897908618
0.535312102751274
0.486482087600043
0.613706034821376
0.563516721476141
0.489132588393434
0.381242216965461
0.344421032517565
0.484769534327478
0.386105794994497
0.571878829791884
0.431810654947343
0.60110928415638
0.51896596821578
0.476140954648887
0.699810454554025
0.631600826560565
0.635395512437881
0.485456346319775
0.515997556516173
0.412716590445308
0.568996433430911
0.530644492126773
0.512467591214102
0.648924802062163
0.579446719984963
0.554462546317161
0.509990567596541
0.677309551405563
0.589152324936418
0.535013167124994
0.496650392670188
0.638780667202226
0.616370672099068
0.636776004843576
0.353502713864892
0.532955785913132
0.701937279482543
0.513925098124595
0.654089997918709
0.590638917828305
0.623492202377808
0.611783547387076
0.701504026578984
0.60504321329369
0.634386342973143
0.701273684528907
0.543774277281977
0.555371139617979
0.566768608325289
0.511325608784338
0.538345018903494
0.536922592644392
0.603233069746298
0.652695762771855
0.4968579336903
0.613458996323943
0.496281166559313
0.691539513797379
0.659269098823408
0.532136875452092
0.576239656166588
0.49032986058784
0.527605237949714
0.646986048412443
0.649856331481096
0.582890752071745
0.658975635257428
0.550362067741878
0.702231445054583
0.789119617260621
0.430638126973121
0.518080377217497
0.533536005248529
0.64872689376395
0.647596524934349
0.574854394199025
0.585976550696932
0.640602535621105
0.658811699567241
0.678326367756982
0.760376994832217
0.616760949211136
0.766317088296373
0.497078314930413
0.624812685591221
0.718820608813795
0.725828311630458
0.623337419366386
0.533039360501265
0.762975688390839
0.829072746345483
0.596281342878795
0.844652114318699
0.764798591374006
0.623623832248774
0.708751637193645
0.845117825001731
0.761945652754304
0.608995151083918
0.650646306683697
0.664865244371054
0.665720846777642
0.650665869244583
0.585061891269941
0.716398138403504
0.500580970363906
0.791568865851631
0.830721094170587
0.684824324505086
0.59712374568136
0.660044420873731
0.70165173979102
0.667492888293777
0.673073121600327
0.621571111700132
0.673783418061063
0.611897222162447
0.779871849590418
0.713309755792692
0.668631676516246
0.694886087273197
0.619747462181574
0.582918075679482
0.73174266305981
0.845929292955002
0.784551947873002
0.763716962654102
0.616756089527997
0.774679161118055
0.513519914969721
0.859209945787763
0.749302902992014
0.77908180234753
0.636211968638761
0.635941493336321
0.612043092868527
0.867787534985176
0.667024166127092
0.879300060274124
0.778614531144081
0.72077269110995
0.794556504489442
0.666139235037646
0.747695950665073
0.792088160032294
0.722668517424352
0.702421755284092
0.783329545240434
0.733709806296997
0.730454529915733
0.803715810215292
0.832985204679238
0.801409414585994
0.921096679280378
0.802518126513124
0.852839262739361
0.86867673410837
0.844733087851946
0.79628422277669
0.774554953065179
0.619311583319715
0.919045803397657
0.856506733912286
0.900435188727562
1.07702755602912
0.901688206154947
0.868793273763705
0.771393194896591
0.823364494986079
0.925884097116122
0.753990565414389
0.763434650320407
0.85511728965979
0.983426762625721
0.845797672315484
0.83271783239869
0.765689876704154
0.839283908614789
0.881636825318829
0.8774885080155
0.891283171156808
0.740712791094353
0.748751119497995
0.880068530328938
0.860385680712641
0.966570867015633
0.82453482734178
0.960496696894483
0.862003469668846
0.92354866950913
0.813114309372192
0.996065262323738
0.856464491093826
1.05361771692732
0.784977698598517
0.830847853689194
1.02301932438586
0.844467360813171
0.995519986871818
0.911787148753542
0.826954744519572
0.786343792628042
0.959509956770656
1.05808271208227
0.79475097949343
0.940790354708452
0.891148576386178
0.846697705533519
0.974752727580123
0.981930099422715
0.930552015310828
0.867163922316214
0.886017186174659
1.00728791444912
0.854869965748636
0.833089132519528
0.947172505010841
0.925447009809618
0.824756252470306
0.925388326623527
1.03457355557797
0.930906954623783
1.02663494157696
0.880506491130565
0.836997696203549
0.823739344884476
1.01649193068128
0.962957246687752
0.84132638654094
0.920119442174703
0.93523368202268
0.898017994239244
0.917099296345563
0.929885042932831
0.900030701668425
1.09692315058943
1.06538532880229
0.88410285332146
1.00139617837414
1.02372104657074
0.917239686617304
1.09002731874639
1.0164896632821
1.07892165945077
0.979297548728776
1.07125797736163
1.04596502108574
0.897703958161183
0.959437264047657
1.0313573163662
1.00994201296291
0.940410532582445
1.05115818222082
0.955457720383312
0.898332999802304
