"x"
-0.958861317135974
-1.03107914421717
-1.14448592671209
-1.08079672614911
-1.05305096123228
-1.01663261716543
-0.922163204157885
-0.894208064510444
-1.0479002811039
-0.963796868888402
-0.92471853229244
-1.09348577910172
-0.91835865514593
-0.848558058767893
-0.801628863433522
-1.03042855603449
-1.08102888673179
-0.90204278255797
-0.989680914325657
-0.817468242253902
-0.831769569923982
-0.89439079577957
-0.956075517844205
-0.964320716115986
-0.849882749989305
-1.08679119131294
-0.980795578931979
-1.12856919085289
-0.942165140930441
-1.02816581071811
-0.930685352697486
-0.877934093925017
-0.945649955810459
-1.02058418906248
-0.887016270937844
-0.992994833078195
-0.882651927810545
-1.05567126966725
-0.853242966117412
-0.917595716125258
-0.962735245640486
-1.04427638108341
-0.970204212318056
-0.969116413517934
-0.898348830393492
-0.927809030864985
-0.902377123634649
-0.675145508909029
-0.880757217647358
-0.967489416613581
-0.999667210430538
-0.903978693045373
-0.83325539153469
-0.814004675456809
-0.914942143961146
-0.925579985343037
-0.820755299561475
-0.890485813745387
-0.883260728852893
-0.792907645381551
-0.869885944455722
-1.02704202905746
-0.879612036871045
-0.842309548995808
-0.883935402167446
-0.878180964317621
-0.779583827374924
-0.862174328654741
-0.847569148437814
-0.972593604239973
-0.713066793079416
-0.732260948183543
-1.0053795418466
-0.900743482003484
-0.796661089132709
-0.856906640720742
-0.935596973906927
-0.720365904738671
-0.890129859441666
-0.7799823771257
-0.828794045083805
-0.790165115883421
-0.9727106469654
-0.763459288313253
-1.01520463769777
-0.829032167966066
-1.0014202595362
-0.806003987061574
-0.739414200332446
-0.750084967319268
-0.769475532264839
-0.817883331175181
-0.842349046745111
-0.813083146136772
-0.800169669783964
-0.788530957285919
-0.76793884071088
-0.676438853019647
-0.907489442210881
-0.729042420590787
-0.765429992544135
-0.820729470055356
-0.62599330920319
-0.680890606905141
-0.767413509701065
-0.77200744541674
-0.744490903458682
-0.693434707425058
-0.824074263245408
-0.746786936358716
-0.591561160475733
-0.830449252459121
-0.847948198540834
-0.743947594855022
-0.85784105130039
-0.853965371839579
-0.743297623789734
-0.777914121759511
-0.59038378087513
-0.758889316631844
-0.662626945860074
-0.88853152812796
-0.824880803807137
-0.855266350535743
-0.847307936534552
-0.697152187670504
-0.868095424397908
-0.744048737477588
-0.801959024227321
-0.664162511622195
-0.699700576501134
-0.724867937876639
-0.646815560911582
-0.831845330933735
-0.742250036817365
-0.760761544451239
-0.680825425645215
-0.803950633607714
-0.639629512921584
-0.635024659579837
-0.630720995004066
-0.568385981648793
-0.888411512184301
-0.567872237167965
-0.661907876642591
-0.761943750240971
-0.788717822536624
-0.720969763251355
-0.659420806428287
-0.632212858319803
-0.549454463836571
-0.568598296783176
-0.649396997742144
-0.779209285107507
-0.735162227968132
-0.619411337587701
-0.69128027689731
-0.628610806464646
-0.677671213866226
-0.653759659096858
-0.773970710131551
-0.617259780054397
-0.637595756610268
-0.566208282050193
-0.581875225218778
-0.746700658130471
-0.737467593189454
-0.625265141770092
-0.738315983320151
-0.737882427878795
-0.590652850555289
-0.634756964796873
-0.535842125625302
-0.682593447092911
-0.697879492508413
-0.626611698930322
-0.719941015933244
-0.638199244582103
-0.785634398713879
-0.623760824847714
-0.740794134280339
-0.59490507527545
-0.673231412792807
-0.678581189091867
-0.681809107102304
-0.605007006521955
-0.602896344443155
-0.585381920412603
-0.613993204467447
-0.753941489719399
-0.638785242443864
-0.744713910597859
-0.496628900583242
-0.640683679506763
-0.661294157071849
-0.590701536525519
-0.669543679589822
-0.566230115110281
-0.630504457789267
-0.683877285666504
-0.69372335154989
-0.522396209097193
-0.575047614752093
-0.519509197938404
-0.676454727481733
-0.64495322193894
-0.390795739996248
-0.608218668044174
-0.450631532321287
-0.307351742343124
-0.501281542338287
-0.530811416311826
-0.637686303054523
-0.52076827973785
-0.630172059632445
-0.532186674926268
-0.359548383295871
-0.529545352198451
-0.72623603099687
-0.735078487108562
-0.610972942467009
-0.581951402202923
-0.398822724375796
-0.797997402328972
-0.690556922329643
-0.611144756765056
-0.446486862464359
-0.506231794903113
-0.391844579699703
-0.566017205986965
-0.655565377199096
-0.663895890083889
-0.599705324527886
-0.588674329832917
-0.53624340545998
-0.450736280195308
-0.704900336111124
-0.461661186886585
-0.513860285427312
-0.470114661823384
-0.528946464696987
-0.582725462040204
-0.49362330708738
-0.586604536715094
-0.585629206132451
-0.368384662633117
-0.516298740403383
-0.431231328606378
-0.426257770639919
-0.651878640251042
-0.392046876634796
-0.473938470123329
-0.421602309899755
-0.388216888749424
-0.62628821311246
-0.474340262133218
-0.49449243695667
-0.492361655982535
-0.453912855427053
-0.395183051816991
-0.600266002019026
-0.53366164499808
-0.265519199384841
-0.53011911843964
-0.612329533052612
-0.559615472824158
-0.415572591013834
-0.539371895684063
-0.542104823466027
-0.471121731460275
-0.472089753127409
-0.355451385840994
-0.411955576926138
-0.395833833159547
-0.434168974803721
-0.65110715396835
-0.440240005153092
-0.471034563949334
-0.448521375303066
-0.447647726492417
-0.420736767164105
-0.458108819438997
-0.491025219575318
-0.436763761794548
-0.460341587038018
-0.47629634483596
-0.378652250081009
-0.397527678345875
-0.348790497654961
-0.629078641006609
-0.452182960533501
-0.388583518977155
-0.600309624706886
-0.456748747263072
-0.368101106206112
-0.459289309911026
-0.455044697648573
-0.447586258457467
-0.306287550270919
-0.534892480487939
-0.462800333837337
-0.440472942004276
-0.332195539323251
-0.409805908256536
-0.22343912906946
-0.391104129218713
-0.542255336479985
-0.173636991847423
-0.315599080536764
-0.329876354257561
-0.344453044414946
-0.312649322520522
-0.385620619267531
-0.233385339011182
-0.405337116924033
-0.338059075046708
-0.332289792242787
-0.154038319302053
-0.448850688523413
-0.414974080365041
-0.294701981330246
-0.372802323281953
-0.3156164420987
-0.409489807354835
-0.407489842695455
-0.440254772783006
-0.20913968442323
-0.29857280397283
-0.37609116387334
-0.475514551265906
-0.178972225995698
-0.201515977867737
-0.254369545484695
-0.305283113766356
-0.300789884583987
-0.357795974482465
-0.268894840169772
-0.276082455860567
-0.319222026602277
-0.245564268487934
-0.285057962521112
-0.275862720317108
-0.364458658183893
-0.219174750804378
-0.33289291359875
-0.364432886202195
-0.273540106297498
-0.37344604988009
-0.274367196167068
-0.41390266822925
-0.212874615860313
-0.300936090716971
-0.305938602234747
-0.151417951329925
-0.414339591202812
-0.290288003807046
-0.260679834574198
-0.319764635368718
-0.244952800429939
-0.282063488939496
-0.26409597932275
-0.366990642862754
-0.275067230200217
-0.117306138656888
-0.194664962228565
-0.273902506650546
-0.315061651100686
-0.229748789485439
-0.204740556419121
-0.277249349114462
-0.221063057878787
-0.28305146095303
-0.143838925174825
-0.152607267865161
-0.29623805772611
-0.291213034397214
-0.157610579211716
-0.328156780372803
-0.183213156245919
-0.238320361140007
-0.231378941313654
-0.287632986579908
-0.15965866527691
-0.193081914091632
-0.18585534035584
-0.244315523241866
-0.285623613780157
-0.275634280768051
-0.277799979236135
-0.176220042253488
-0.278960164044808
-0.156067471929947
-0.214046996584629
-0.262579085880373
-0.253002839491047
-0.231620384730172
-0.054618948256947
-0.321846166734834
-0.245697712952697
-0.0203153754544567
-0.155480657397776
-0.3429822083833
-0.0845850034330843
-0.154042384137613
-0.283306440639844
-0.263453327359147
0.0078098912817833
-0.329882902307119
-0.243431917506516
-0.101074405976403
-0.194560581638903
-0.111226087151212
-0.173643307457859
-0.176484753716771
-0.139259086394906
-0.11093840860743
0.0925344373723055
-0.0492659748232301
-0.102297449156902
-0.169226648881323
-0.139041430804003
-0.158199055169877
-0.144598136008684
-0.124848231493861
-0.117763274028721
-0.189247697904765
0.0069499610337279
-0.0520314067309828
-0.0358548061920616
-0.187201875708014
-0.246915683874484
-0.182342788679025
-0.0925006931458497
-0.0754234706452074
-0.121006621329525
-0.117660086799053
0.0407302286761813
-0.0617732279912775
-0.111252908977524
-0.117761635210274
-0.0929460498752312
-0.198350598551921
-0.262536662354765
-0.204749112828438
-0.169214021933707
-0.201858177643783
-0.16968467348741
-0.288681425281644
-0.199817448111673
-0.11902365537321
0.0737461400880888
-0.0648172628388707
-0.0373065445794684
-0.141889234060815
-0.0424915100120128
-0.131635203337815
0.0207277284498499
-0.109365363990063
-0.145072552356677
-0.166534203166401
-0.0814796888772159
-0.0351496216878843
-0.0900662367553695
-0.0476038258756243
-0.160400961689622
-0.178460780044277
-0.145452123515322
-0.0243766213974073
-0.0297442608000459
0.00937907898822061
-0.084682051923339
-0.125017492408911
-0.0146051027988917
-0.0264498668715455
-0.332137504607707
-0.130643805437324
-0.253040586688587
0.0184375870831281
-0.0628900134950296
-0.0409535982806856
-0.00485084095615246
-0.0979632408128166
0.0708813961809332
0.00996756784009202
-0.0480780942358568
-0.013088549596351
-0.198797076342608
-0.0479751543952048
-0.0967655229026431
-0.1928843892678
0.0165103609827762
0.130556333787555
-0.0329903928976301
-0.147926844065044
0.0467851498849284
-0.141625729322843
-0.166558821514149
0.0149620642392648
0.012032189311486
0.0113165062669214
-0.0143882626638407
-0.0346696494316927
0.0257374642521725
-0.0297248786654467
-0.0666288230343998
0.223704853411249
-0.139519793942291
-0.0549813114494357
-0.0370907194549499
0.0620365559670524
0.0573549926632204
-0.0709814710259694
0.0148295263513024
-0.110632400647623
-0.023257789169507
-0.0297538913571993
0.0518738166095474
-0.0158471777768879
-0.0085136558594063
0.18451244899104
-0.0936601327882425
-0.0171509105371918
0.0317914939272631
-0.0791137817078928
-0.00242154653723024
-0.0513511692146098
0.190658536573554
0.0928367051113724
0.0741034540040808
0.196203683620399
0.0543669325793117
0.0294318805352693
0.164897564973494
0.131315845370135
0.106393636343805
0.212192143018585
0.107984799996937
0.0600530426958047
0.170448018234981
0.116637522144857
-0.0614321812226451
0.121649200272531
0.0764897947498496
0.0428690254333578
-0.00227586974983
0.099249735725751
0.0918665071628981
0.149025237578411
0.00948881270327311
0.0798249422482361
-0.00769047568798421
0.181362162298352
0.100162560971682
0.128014909071565
0.209806216845623
0.0494544985103298
0.121596534839505
0.131555712561282
0.133926693869193
0.211933694501617
-0.00983667672047491
0.0209149171335939
0.0570051660712977
0.0496727227908681
0.364004939013837
0.242651907513195
0.237431077451178
0.0373170974822452
0.189782749506131
0.0287843491498189
0.133147206133157
0.256547752881935
-0.0222226735143299
0.00102064726501872
0.0791120802091183
0.180624759827394
0.137197252852145
0.128040222585851
0.201140799417825
0.232139005243715
0.184046538071244
0.231254512311279
0.0798471308363511
0.189483102113779
0.093202299503223
-0.00430284638127012
0.121461113367832
0.0813706841291546
0.17316540395739
0.274989160538621
0.200718994917886
0.186051625114775
0.283271595304405
0.162695654842227
0.16138674234505
0.199119664015019
0.237936728488962
0.209517624792737
0.145584775288401
0.100532057499602
0.209584830193136
0.21715234571508
0.221473198818084
0.36626751128618
0.240911603559401
0.0247342022224828
0.224503137414064
0.231216713940678
0.374334136361523
0.133185270764147
0.256047325514339
0.263672543659649
0.162111026353945
0.401152609831068
0.297298824978511
0.21405446693691
0.263891585837695
0.139741388299295
0.298552801265719
0.448177913045904
0.345441337386054
0.153874884205089
0.272703220304266
0.228696387691122
0.30311891393563
0.289513555547303
0.373945955905492
0.185684601297174
0.323675509754633
0.333766986701318
0.20449278096198
0.223062169972427
0.288551416938518
0.331586626709829
0.26496683741284
0.40864191861154
0.299669542636398
0.453964028258375
0.281477359097498
0.283534258211828
0.290687323915774
0.279059971314445
0.217643155532533
0.246697796013115
0.18874274931686
0.359128025044611
0.40676275427244
0.351081933843408
0.224923172368654
0.456097998470133
0.541157753987403
0.400298130899063
0.351884701642676
0.363108594212777
0.0727369096400603
0.341879697248286
0.403895313586075
0.204400283307866
0.441790804710039
0.324269031530437
0.379841878317358
0.367067437480867
0.311925454896448
0.408997912277064
0.286990121459665
0.353721549117049
0.292457836748951
0.302566855155665
0.385954500284613
0.289339795658266
0.367704228760546
0.361680704176394
0.248144053715448
0.432254970022072
0.338734177744536
0.276416068014939
0.333246633179448
0.353257962993417
0.369310589398763
0.454691891298449
0.316438521211082
0.372025881063781
0.3844441217197
0.512672851313575
0.446508292369113
0.389337664841355
0.372717070161379
0.437127586043218
0.359934246530106
0.391198522092709
0.475642886502904
0.281364619210851
0.482003965295762
0.394409382906371
0.370477747808716
0.366987678264972
0.386290473447451
0.45217932438108
0.435071857643793
0.482659497528926
0.334651159230695
0.278049105722348
0.380868534020654
0.614853780899565
0.366923007626561
0.566589413131441
0.3341407747809
0.295721027962648
0.334150697984028
0.446969102347788
0.411742683725441
0.40161728552629
0.356818718431876
0.477803907747594
0.448014901024367
0.651238600830733
0.482471552720069
0.505903681537389
0.472970581876718
0.394075780061257
0.508117857051086
0.422588761726856
0.371740932149079
0.55184976325402
0.621610817150954
0.256467207608887
0.516910483307442
0.442362950613595
0.608628164392016
0.320422307796515
0.407896406374971
0.530389340523141
0.446549195341945
0.49349003039567
0.502366631966303
0.38838163081865
0.572432233191955
0.506603039378333
0.546295504972012
0.252392929431521
0.439229321602519
0.418109398928222
0.328037257561112
0.566488617982649
0.417994556934797
0.49042392214767
0.550874746195378
0.40579291114675
0.351143620889805
0.570332084000041
0.462387488251408
0.412816372446318
0.559088653738025
0.474568422750061
0.501226993744993
0.336825533277764
0.473023791269727
0.580108743262754
0.479665479321237
0.538482403846768
0.519957327516138
0.465835078841445
0.456986003993091
0.583646842421329
0.441773891238014
0.527456802640481
0.555698207345628
0.570619835089506
0.502982672316857
0.507588127615642
0.485229631054712
0.406566246707348
0.540039681516782
0.535122961099867
0.638173908363606
0.649758541437667
0.601164980020065
0.372795766255975
0.563275334051327
0.507977619674862
0.618335650466069
0.494483761731236
0.488515715024402
0.585636185549568
0.568790942969323
0.440876047326176
0.585164306660331
0.502776137215167
0.611590229855055
0.543541946110954
0.469529042817993
0.740756828262663
0.624627842201672
0.610817274656618
0.560059139173141
0.61880182378788
0.51282263499017
0.584850774758314
0.448886320804401
0.655323010613822
0.558290736023259
0.534268436651818
0.643516227877988
0.791784252137788
0.629280933106234
0.737535169182945
0.576696733755264
0.559032416316635
0.675041280920057
0.658301005828143
0.758656198922678
0.725090967783538
0.591843147423013
0.634748908300491
0.708931430133541
0.510003919191228
0.647744403895346
0.539361289924384
0.605606116527187
0.532771004635188
0.534945163746434
0.636360725014107
0.506634718138383
0.636281803118604
0.763493081310666
0.573976556178178
0.736326968454332
0.75924770337114
0.684710808783335
0.676926243898134
0.623352973113521
0.601021835646084
0.649563708324763
0.810718728461082
0.64907583081603
0.556088171196684
0.707730042008436
0.584760685746871
0.511564559670633
0.643972301436703
0.60141212836581
0.756487045062516
0.692886106190849
0.624182475675468
0.561872123622748
0.588743323592218
0.734120637345633
0.686241221197166
0.749176197346197
0.694626492801536
0.716077387895856
0.855693563861318
0.834427153555927
0.578878300776352
0.801169686938097
0.721475495416623
0.796944241546268
0.650608527194834
0.717930238781613
0.768658190207673
0.725725104073059
0.761285013869222
0.745252755021036
0.688930066315895
0.710555751728302
0.773824889454937
0.709357073001535
0.698508330858673
0.733806971790991
0.633260993276866
0.711127432639986
0.741876172950407
0.675383275013838
0.700551495423342
0.655019614701356
0.847068556955606
0.687178221029311
0.648186930025055
0.73038142668188
0.616044161581759
0.643423703666636
0.741696270413554
0.718272117159186
0.772759617831454
0.623702915410952
0.641619878095004
0.642532242412912
0.75750852030965
0.732471645831056
0.855098540535838
0.77254424538554
0.749568815625889
0.868233699432541
0.684738321585877
0.744848605251334
0.777248939967398
0.786842055020593
0.77229893082197
0.895282354676091
0.756506447416693
0.809366882730193
0.745677165495015
0.828700827300607
0.978688978838437
0.910783747196595
0.860093987454123
0.83197703857132
0.930183950400735
0.770998337723401
0.793432856994943
0.829662206746241
0.8212038528773
0.931135048241257
0.789572295111365
0.789509438127401
0.835229276907517
1.00447367045637
0.651393518314447
0.844343493489556
0.769629939599585
0.875587612084216
0.84729725417236
0.859418313822437
0.768698355364747
0.94840301072298
0.629820053524618
0.953159334007956
0.866670854898779
0.66733755076965
0.903646834530052
0.940115774233009
0.942069290473622
0.861345004772094
0.945954206523102
0.779922137310692
0.78553307761547
0.868324514545769
0.974591853950115
0.918530817812565
0.842365559031034
1.01405890617095
0.821109144870588
0.785230891739688
0.973122624520657
0.948488557977515
0.827837039598943
0.837619537983286
0.889420016738159
0.953619933446508
0.952931740388866
1.00246304683911
1.00936571890215
1.00908933163532
0.940257111991185
0.822636764722751
0.914458757903196
0.947018375778691
1.03257704427511
0.908349403246563
0.935860748388414
0.998060399503093
0.936017797249682
1.01160811556176
1.07890726225036
0.915661577253311
0.907974347166414
0.835430478437045
1.00965869584121
0.968166286343631
0.935372735993189
0.891736793312637
1.06930199934157
0.975571426955237
0.953485767492462
0.897045962160871
0.941939375135346
0.879122186771236
0.929194914910076
1.04729093708487
1.03151922758764
0.857077942809411
1.06130759408798
0.989108101780838
0.829832010088836
0.926201978377925
0.916293882567166
1.12015237339653
0.973769846360032
1.11395197913257
1.02890556308881
0.901080390327184
0.780452641899984
0.976751375849633
1.11435363153793
1.12289558923383
1.07821662967016
0.930906067320485
1.08674700971409
1.02513812674368
0.982703196931913
