"x"
-1.04472039085005
-1.12213030422293
-1.0178721211147
-0.934088957693829
-1.04353712342013
-0.997502105753221
-1.0769719569483
-0.971004964774326
-1.15676191043031
-1.02580466622271
-0.952695551291391
-1.00896878133936
-1.0177323597322
-1.1428963435742
-1.11188677404325
-0.980571892295551
-1.04553873118035
-1.10209928353449
-0.841890555312053
-1.04282344365484
-0.987830859237282
-0.910270071887818
-0.918093741980864
-0.976373847277355
-0.89960720568456
-0.857519492563216
-1.00517422915703
-0.868881415501255
-0.930941103337041
-0.895444154971704
-0.926732021209631
-0.91449351671931
-1.01091271247523
-0.824044634888723
-0.877368586399342
-1.06237937190481
-1.05291599018201
-0.960874899341326
-0.88165871223444
-0.966841557476555
-1.04449019458239
-0.776201028798852
-0.984080048179906
-0.989220503977285
-0.953746289480174
-0.949113425963727
-0.976574716112906
-0.947015667709074
-0.85906201342629
-0.950513557418891
-0.913769863736206
-0.952202084578089
-0.877455235225921
-1.07493027626251
-0.874643400351015
-1.01463986620821
-0.914143274523637
-0.717346729491744
-0.774908316006781
-0.914316570843802
-0.887910260052338
-0.896049902795485
-0.724809892140423
-0.863194152025032
-0.917413272032174
-0.860497820904714
-0.929157960596606
-0.967092185549435
-0.964951909166382
-0.821751053738224
-0.775851735559187
-0.871875119381221
-0.825212338187629
-0.824659186968669
-0.950143301889962
-0.869658739325956
-0.880689303068664
-0.664938550610783
-0.850387497081077
-0.750522030157596
-0.710988645276912
-0.750808891808165
-0.879840455168445
-0.886749388743916
-0.99442087651942
-0.823081646195909
-0.799261670922537
-0.906864746959547
-0.780852911021556
-0.863979759903297
-0.778334927362122
-0.852010113522798
-0.9113573867984
-0.783846453417769
-0.781312029842042
-0.718773051179236
-0.74820707540716
-0.729803979372626
-0.713609849413609
-0.740169623068532
-0.856792456336947
-0.733466291661648
-0.628382226886794
-0.879269992287763
-0.819939689318822
-0.780399970190728
-0.872826611059027
-0.803746025299057
-0.756958031105713
-0.700255289637052
-0.695184923013163
-0.809054644239952
-0.703699803285916
-0.861525687296089
-0.712378150490082
-0.899743347879229
-0.750468859400796
-0.885544949554209
-0.669046730103436
-0.880866529029006
-0.730351777368509
-0.813023429759175
-0.811574920990984
-0.967624605376283
-0.74122217884918
-0.838158530097411
-0.741314667593251
-0.643811840103488
-0.715832907789914
-0.688910325200957
-0.707582250508499
-0.793092617674152
-0.797805260933317
-0.89295087892783
-0.911346024699034
-0.792278688524285
-0.626054900084216
-0.606746894034704
-0.753886096524154
-0.691527589847523
-0.818029684146245
-0.466434025521144
-0.691626369180227
-0.754710010514954
-0.641531972946505
-0.510258744200113
-0.877345006023311
-0.567039140630713
-0.689591334079422
-0.633688201797843
-0.817649222515699
-0.683963004811096
-0.798729991600414
-0.729952962665921
-0.598224357758289
-0.633364551473951
-0.580055438700689
-0.654749323115316
-0.621962642465603
-0.702140717105009
-0.596454256693464
-0.716540354559367
-0.5994325587383
-0.544822613681873
-0.63978879786848
-0.624127336294446
-0.700422704169919
-0.60291810996731
-0.567740307813598
-0.686817198043621
-0.748096327708412
-0.598412253381313
-0.659525256803757
-0.642926778912064
-0.580373350850831
-0.497278538035528
-0.575201581652361
-0.577015318421129
-0.636129755621657
-0.700557533489108
-0.734691523821683
-0.683850952196612
-0.441997825117479
-0.585177653937618
-0.626293023047403
-0.686863662567692
-0.584634609261948
-0.593760186238755
-0.755872124388297
-0.605319650851251
-0.700983523222049
-0.611533054339661
-0.727969008131005
-0.692295497885159
-0.501322720083672
-0.655856503281119
-0.667591825551206
-0.666995353388908
-0.731225693797485
-0.493443731578798
-0.651074815677971
-0.623872756104209
-0.632871465154971
-0.609373028298321
-0.597637944781197
-0.533405434802589
-0.664386658571614
-0.589289294536287
-0.620073758211863
-0.505796419071499
-0.495736638140546
-0.485120535804292
-0.577557532790463
-0.50049335238446
-0.510848249969892
-0.51976873898173
-0.483359888400948
-0.511359569048183
-0.599266081641513
-0.583133419572383
-0.559663246283628
-0.603423399442603
-0.612905859746675
-0.536662868718189
-0.421345813546025
-0.559027254782136
-0.503619462380468
-0.5919291449532
-0.529126248623335
-0.47271857045912
-0.427772135090464
-0.612245560402558
-0.48637738044803
-0.505733824379199
-0.540580681269767
-0.478876179303041
-0.546830747220714
-0.540158476241789
-0.5644656217424
-0.51492206448994
-0.580489559563359
-0.55709627928566
-0.462352747941879
-0.620559516524372
-0.535893161297791
-0.545804050240855
-0.499321466415951
-0.569419108179208
-0.474666437900892
-0.53140886181851
-0.516218940483081
-0.601190980659082
-0.396383007780676
-0.629249962608681
-0.481651228368429
-0.577449294742337
-0.502008275944008
-0.533100694191439
-0.477817064635972
-0.480418948033622
-0.617427217890912
-0.625668693376881
-0.373110963343415
-0.562941678079306
-0.401026946703116
-0.479928279774978
-0.428994095164636
-0.513670042796549
-0.397460580355711
-0.407574431493092
-0.330507529617675
-0.43574200618492
-0.581825592398831
-0.450273919624411
-0.420678601833941
-0.339071159142531
-0.457658069232902
-0.487490824534531
-0.515201862159638
-0.411440442828192
-0.468358925758759
-0.515804993912138
-0.312940187572311
-0.435126129630463
-0.43274365873876
-0.365857296978782
-0.381045220003413
-0.316532594450307
-0.324402089510365
-0.338964501248426
-0.44096609774924
-0.268173655139116
-0.306380332122223
-0.539444959541113
-0.365789785180977
-0.395101774946619
-0.437576380149216
-0.226939360533866
-0.431075828660235
-0.41118308978963
-0.426993187395059
-0.36272892355162
-0.380648915636299
-0.472066963220527
-0.309139435597828
-0.373207070261625
-0.379051672578989
-0.467024130546583
-0.468871535331929
-0.345429911859044
-0.43738990875794
-0.315454240314281
-0.304278979093766
-0.438350259045877
-0.321680661804373
-0.317172732419998
-0.433917446901019
-0.199032930770073
-0.4334871961738
-0.231752461310096
-0.376622629870865
-0.421407310970499
-0.408741869000277
-0.410758411077058
-0.34906835981802
-0.473904842386784
-0.142682327209793
-0.352948357765589
-0.346855305390237
-0.176618055513496
-0.334678696499781
-0.261644451743797
-0.376945922692967
-0.340520063651482
-0.348947646146342
-0.429445106003752
-0.326545234150552
-0.400110282716752
-0.3870642428601
-0.233755878588663
-0.315850976416232
-0.366716256121515
-0.242938918706961
-0.438934469712653
-0.374006040762442
-0.22395697513026
-0.361266838257048
-0.489472279867221
-0.421453916977813
-0.199728059391227
-0.312509930680039
-0.31434409789269
-0.193113099566367
-0.272912255591992
-0.215675138752948
-0.259916276693107
-0.320639493375741
-0.281692633810872
-0.410201299759968
-0.217544789630627
-0.380589936286423
-0.382686283930619
-0.303092239650264
-0.272468952814373
-0.191797083404732
-0.412754847523582
-0.277514017739366
-0.324731364528204
-0.188044097532147
-0.207184019755882
-0.235903379556893
-0.300489381893991
-0.28162106425402
-0.406836858814545
-0.252951355478292
-0.227204445580755
-0.313405552772096
-0.261829603979852
-0.31771190953907
-0.392778009073819
-0.272148632983371
-0.225681714500157
-0.384905335139933
-0.228960930192356
-0.347560545283696
-0.337129983510185
-0.393093928850815
-0.178755112991486
-0.207479183258166
-0.209495025079857
-0.150997526071599
-0.150725513984048
-0.264266895510414
-0.05398522060374
-0.363876625737058
-0.235198189239489
-0.205618816134585
-0.14277593585489
-0.285764743894525
-0.299457696953677
-0.233026468966662
-0.101258518320113
-0.1956698267248
-0.287528515008606
-0.341672999470862
-0.0489152851771852
-0.0773978935241425
-0.354191385943764
-0.224004108269866
-0.232721313527322
-0.268496662083485
-0.0316108387948808
-0.152005529262678
-0.229370466654627
-0.204371038440737
-0.145937666883528
-0.235226007553805
-0.181106896169478
-0.0792382073221498
-0.157498121783175
-0.0812687164052386
-0.189177858092713
-0.157073523999368
-0.197026321461345
-0.203390002297607
-0.0619206827893078
-0.0901292115276731
-0.16606416343351
-0.0852998727842392
-0.00621638596855299
-0.0891201740343999
-0.0714896561653228
-0.249351444103514
-0.156610405499103
-0.0484663237376042
-0.0457842225927449
-0.0884071861990234
-0.0560733030802303
0.0709008207384518
-0.00938374776746215
-0.220869984679855
-0.138010592062946
-0.0657755462441401
0.0931248000069991
-0.153877145107615
-0.0612691977138826
-0.153666897328772
-0.0508913999367818
-0.0611509069455967
-0.288533427643997
-0.138920841931112
-0.105890228329433
-0.131114059745858
-0.208923243224178
-0.0251258191374374
-0.114332539847587
-0.0291188837911204
-0.0479297245892609
-0.0549638484802138
-0.113298536536072
-0.0975400180242476
-0.017414709839154
-0.0266303557416724
-0.0618266689313777
-0.191652347945239
-0.0949276302682543
-0.0374065674111874
-0.146998439589433
-0.14438529079539
-0.133838604719212
-0.0835901935762227
0.157454186924531
0.0806670231873545
-0.125182697796217
-0.0186928909201942
-0.0375466684734301
0.0405771479520403
0.111457000643662
-0.0131916426320448
-0.0628672173683894
-0.00951763446720925
0.0881922527903178
0.00263100499915486
0.0051467624628146
-0.0328615032848629
0.0109263603746506
0.0231781849430831
-0.119568736068027
-0.0675879538147265
-0.00815743356160049
-0.00191578576355723
0.0253767051748439
-0.130123816122178
0.119334013617301
-0.0453445223202389
0.0396135522651745
-0.0122790586012849
0.0424855653577562
-0.09365712768141
-0.017702224532211
-0.00136772801452155
0.124873911589748
0.0256245833316384
-0.0333442344559202
-0.128863350972375
0.204348382208334
-0.0174449367251886
-0.0280524442855682
0.0909018946106
0.148334521756346
-0.0448429740286643
-0.0269636727488298
-0.080787051252025
0.0024681467562644
0.146398869005076
0.0553395758195795
0.132257587906434
0.0480849644785491
-0.0232256697721092
0.218388476081048
0.122240584574883
-0.0599620762931496
-0.0789923084333167
-0.0420606198531969
-0.0864777133423348
0.0409354058215924
0.0964775358071499
0.204590946609645
0.136614912481312
0.0465362682471541
0.059929978885425
0.0723450536796278
0.0360885864615917
0.126022014549381
0.363477532897966
0.117924469907301
0.0721511439410661
-0.0404660692458381
0.0670227329413123
0.0768577343862033
0.131434731418767
0.172774514814865
-0.0282446691168735
0.0846392012700416
0.218246332864971
0.0790346226489419
-0.012996288136754
0.140994592276328
0.0220778505913855
0.102736308744913
0.100294119367326
0.108266555265486
0.160463495811
0.0659309535139504
0.0493014131098565
0.0998909568899917
0.024218263843915
0.113177310922314
0.126736241990944
0.1293809979494
0.214637474990974
-0.048660362537042
0.0867916355194237
0.154945492744908
0.24916270947227
0.0470587270218308
0.0471109510964655
0.173386565855885
-0.0259814674536811
0.190608375429961
0.040529068119702
0.24867574601317
0.175526384171509
0.131766128998683
0.135477039146497
0.0851787767851511
0.255834115283113
0.074457237122056
0.237456691541908
0.0193990941097248
0.25914963501102
0.232860027666965
0.12234820108432
0.100719097542389
0.34905840871649
0.238563930169166
0.245036939420466
0.191988591416874
0.0761854907589703
0.0470445586219427
0.104431828213582
0.0223608855974376
0.265242134981699
0.290828385622401
-0.0455271455279837
0.247026935723752
0.315199371424651
0.248518564199806
0.221110129151196
0.196110096623455
0.168431068149754
0.163395460369139
0.280418762402353
0.090146996988211
0.304389763816612
0.291891644486795
0.16136001870067
0.236346137704277
0.257129845056016
0.259788313214808
0.296088907406183
0.111855256836132
0.199438148050111
0.259913136492965
0.258272459128982
0.388670953915919
0.268465242729567
0.224403360028167
0.278158927830696
0.245064427767384
0.149224187669414
0.244941361944113
0.294167370744127
0.0495099474400122
0.201326457660958
0.226477046017482
0.362759830524598
0.172127206330979
0.360925697094667
0.38412336920142
0.259712695234665
0.147441421068421
0.288780238127257
0.269634150173146
0.346149462106255
0.171481608745959
0.376782145743019
0.449810195084083
0.283144750586084
0.263101669003335
0.266821421006073
0.221177289372327
0.400790793715664
0.46016141295707
0.332621615249948
0.191970505435845
0.114253767749635
0.441635639166851
0.293072065548702
0.216726492853266
0.33270282931313
0.257258028367798
0.399088163138347
0.267900026411725
0.288862326285562
0.229240000995939
0.228114466094087
0.398456238223864
0.29436369360116
0.496297366207131
0.301326216718866
0.359700800986158
0.361321537133009
0.395734075546918
0.283378242255323
0.250522328004978
0.42319266557348
0.349713041620894
0.455326619392944
0.313246253275859
0.435724484321587
0.334495043987305
0.279761380867664
0.368926106421589
0.46626541782817
0.439369105655455
0.391290527842426
0.354065038483947
0.351382339647642
0.311991676965736
0.173576420894494
0.435548634923605
0.201117371705687
0.197750306018575
0.433533874064714
0.438409351767171
0.427142581531415
0.375844269468117
0.341842907850934
0.375120041609615
0.392382148180433
0.364927805681993
0.34417895823227
0.367797304361239
0.408725908433088
0.325614889266787
0.283937243797159
0.38060450747376
0.439532611611673
0.359385385249543
0.444287885440854
0.325854055188657
0.365698554179707
0.309945876896201
0.225061380252864
0.557561748161761
0.473581634537963
0.327782102122289
0.412743246446225
0.530684304684666
0.439007320020593
0.447585590295246
0.334228453781996
0.356364725028406
0.417215779701853
0.362422254419648
0.307587811271653
0.420057951088494
0.295873580368984
0.424003273459737
0.521528854665722
0.475934106454997
0.477281196311582
0.472544634879022
0.539797121895159
0.44635498202451
0.487196113358144
0.412507545881151
0.623852485334814
0.363435803250816
0.538192166990173
0.409750632071064
0.41917848934162
0.516909545052538
0.421310978263218
0.546866966010851
0.501212092899413
0.330804750604325
0.388730398412097
0.401407438182721
0.391364856355872
0.598571733975127
0.631493885662945
0.676604728317338
0.461476157948553
0.477080614645305
0.575974582015333
0.51401153687639
0.409355203936393
0.465584428197758
0.45783515955807
0.545509065666631
0.495399155154552
0.655641369230785
0.35466288395058
0.605003606113377
0.587399362925837
0.456435304468317
0.617114790508589
0.546923253914815
0.573904431174682
0.651147298550843
0.524841856096513
0.43451144149492
0.470531903905352
0.618048683267878
0.507247117022351
0.492689791951379
0.589716864349863
0.591504213745528
0.528846780593191
0.564964085363809
0.509664398477986
0.75117602181769
0.713790392184649
0.379777212995742
0.448440264879108
0.564590950267717
0.573611540852003
0.490229684091592
0.363341282956605
0.453568685542149
0.550293514224707
0.593375929202025
0.592942515095014
0.443294221727221
0.695273231909594
0.652211804431352
0.57314969992513
0.588745456262119
0.692962030209159
0.427808146408762
0.361509507806931
0.519822273518342
0.530291274180816
0.52748447016944
0.488613505989946
0.420633758350116
0.584589847769538
0.554991468803733
0.841535984123534
0.670544520697658
0.591691918859679
0.616133116311343
0.71725156178587
0.637887803104583
0.677735829244078
0.64788115563388
0.589242879443858
0.588800862793374
0.558308094065146
0.678859744250908
0.530279137142077
0.670760626166193
0.681135243128547
0.672872747687259
0.747510317264153
0.579426610809709
0.69005159752733
0.62964254630589
0.671149235203523
0.600585843126943
0.73500612815413
0.829498592457317
0.813930918026525
0.636803888752063
0.612050617483254
0.692469707230061
0.785323333366124
0.651183700687696
0.708389541423386
0.697533530167628
0.658232217356351
0.56792452672847
0.597930647179935
0.640549742438717
0.564422514573287
0.79209329878728
0.596858740869764
0.617217197434118
0.487520435880305
0.614576260809747
0.66143627144305
0.5220942810416
0.677751928233938
0.654466232716039
0.725412996073072
0.592331152733531
0.71662154516714
0.674502019803864
0.515628178878115
0.602351602197249
0.737393293147856
0.793197196426026
0.823037944316892
0.730603698123003
0.710995708825516
0.757650268970097
0.625932618617245
0.604015575713459
0.740348653441833
0.720808549842285
0.73745279843964
0.744863939172506
0.800475445101459
0.682963512202324
0.7809721544594
0.829813407698434
0.675054257171834
0.64742511912089
0.670817065102826
0.712921766342867
0.849430301490476
0.838927568198361
0.577923354723541
0.688127393042238
0.879918086786649
0.792395414061937
0.820885627701966
0.655993297309833
0.869657784267968
0.779209183028498
0.836007609197739
0.76767059540222
0.794732359980581
0.936494365514339
0.669069369632459
0.847275279184699
0.796202554952101
0.762107692931343
0.734386404167951
0.783072146155122
0.884195648215133
0.817799140166722
0.818794986597352
0.797728820505314
0.771318911472585
0.76350876013333
0.775821330576965
0.848042453576772
0.72442077238185
0.5864558810721
0.980442338442118
0.697819864290722
0.886336033965005
0.884625980351188
0.874820033597742
0.705848657846949
0.831020714530165
0.860405719975897
0.725198228607466
0.800997684502947
0.827233167269978
0.895355401522914
1.04271170450326
0.85838591472198
0.65391924791714
0.775027170335864
0.8050220911201
0.891530698022235
0.781548887278605
0.825850529998709
0.842966455269869
0.813169797505382
0.712612284533741
0.874780847014561
0.848918759669605
0.980139454547697
0.899819863348117
0.735712265741459
0.947976022885908
0.83827586272055
0.827062686958543
0.754188255537995
0.832446348819661
0.78055510979279
0.856286490850317
0.933442467202742
0.863523306222564
1.05356994031195
0.858027154835261
0.881635071362462
0.674220112583408
0.985855092537628
0.975521124269986
0.951530407764994
0.844707031072111
0.949932246038702
0.861793357150572
0.824663253411001
0.823275845978476
1.03105223211596
0.936157185321189
0.852328324654509
0.921560133495672
0.865247803963827
0.910904748345475
0.931468283897774
0.941483888735886
1.02726318089554
0.99758089830259
0.89472508341146
0.81647255064317
0.830531093704185
0.897526550619589
1.04861171342188
0.928659051271509
1.04397909701591
1.02419931172387
1.01118311838682
0.890344748248864
0.825780724232245
0.89261468040772
1.01532329914529
0.875048181452527
0.918032272859722
0.961485123221447
0.907994830551563
0.83608566539667
1.08430274764192
0.908966241976373
0.758908296670232
0.877819652510429
0.882603583577696
1.00653304470506
1.0152637118356
1.03838981551713
0.934151239225305
1.05443686265303
1.10395460713888
0.973861720563101
1.05311614709447
0.977132551507258
1.07495120161226
0.980177125019931
1.01912853210332
0.985603982139567
0.934371267235259
0.934636215986644
1.10232435869974
