"x"
-1.11494230646762
-1.03825746441546
-1.04316269615602
-1.01308262873073
-0.917752301581194
-0.996055489467763
-0.903124891603611
-0.959097759734989
-1.08075977883037
-1.07046009549423
-1.00810212907646
-0.980717648917973
-0.918325720978609
-1.04267265349413
-0.881890222496886
-0.983464775243598
-0.900200436075327
-1.00387058566965
-1.00994722511701
-0.918134855201951
-1.09140041986223
-0.991181742372818
-0.89751913601512
-0.887662217880974
-1.0193989108153
-0.915337458370459
-0.89135443478278
-1.05040480745502
-0.966739417981971
-0.940818763912058
-1.04972148835497
-0.876649758172024
-0.882975842262498
-0.815057599467737
-0.852481598102258
-0.910409150942176
-0.7935604765676
-0.911240070820864
-0.874625565269276
-0.956800977794498
-0.882848699269846
-1.07717060609085
-1.08670027441902
-0.961050793400456
-0.838920815283038
-0.924086512573551
-1.01651274136785
-0.851133846174883
-0.794460926528878
-0.912547318593295
-0.894241243325205
-0.869427656202931
-0.858710562308518
-0.846158119212589
-0.876754397294608
-0.831318178468586
-0.902649417422674
-0.837431315572519
-0.986203998293841
-0.956195948450341
-0.835042102926492
-0.88243489300369
-0.909678721843179
-0.843288826885042
-0.87945242592317
-0.955861461040649
-0.91950654595124
-0.826198053891411
-0.915204504059231
-1.02552490011027
-0.949509899634341
-0.884760965432785
-0.9649666568137
-0.788544721460178
-0.853108516151536
-0.875097027313876
-0.87989899442108
-0.89775961947041
-0.882882323743102
-0.671305638365349
-0.887043706312092
-0.837346569701376
-0.808573061282856
-0.861998686758415
-0.921636513163224
-0.830636182378609
-0.773397668025294
-0.873080064915468
-0.805362239778404
-0.930546490712773
-0.808114844867314
-0.727443111025053
-0.853645564593842
-0.831637417801706
-0.780037439426982
-0.858157014553035
-0.843845960706582
-0.727620562576771
-0.759718259795054
-0.693621237538675
-0.854662305895109
-0.753327733967507
-0.751206478085387
-0.693445967115381
-0.727455716747065
-0.891238882610394
-0.64148993681033
-0.709371417331935
-0.74354102263282
-0.802189020585504
-0.824343631060992
-0.87288392986619
-0.759725087447933
-0.822226048190559
-0.845384895501358
-0.809919737947556
-0.892648258656437
-0.593520456285107
-0.777918650303111
-0.751214845730802
-0.747027526919079
-0.883283676469817
-0.828808217597456
-0.600215169639988
-0.480486090633761
-0.650884324627056
-0.706075866147667
-0.74333784255001
-0.757372042085721
-0.804136417680354
-0.755649077542353
-0.748951781820286
-0.752618929152734
-0.708955144792328
-0.648751281182143
-0.807551823442594
-0.805410165509119
-0.829811157971151
-0.574956994498929
-0.679500344346737
-0.653715220860485
-0.726113387841653
-0.708230261932976
-0.701272452972483
-0.639768996769615
-0.720081022924902
-0.801278732424224
-0.759042308165688
-0.645004264779966
-0.579483048683451
-0.561444610257854
-0.644789425154425
-0.671796801851795
-0.622788812090825
-0.724932570033116
-0.69101375243669
-0.842591388108449
-0.76750115320678
-0.579224808544022
-0.671595258806321
-0.698103199117139
-0.685152263414989
-0.783051148905829
-0.791315216423544
-0.703888359650961
-0.808413490806219
-0.594950356793694
-0.549504538603891
-0.668160679087158
-0.504896144974616
-0.644144235486155
-0.631695856357926
-0.63405959590555
-0.601162424768617
-0.627325623074667
-0.652622025288893
-0.532629393134049
-0.578039597735277
-0.536264849908781
-0.748693950127795
-0.673296394800702
-0.703153761484133
-0.623071248721048
-0.630255741920422
-0.575939099626286
-0.596317887472733
-0.63570407865397
-0.683680956685143
-0.561951142635487
-0.698665837225891
-0.603548784238725
-0.618740421821337
-0.607275582928579
-0.48396842553833
-0.589612492129575
-0.633318864488194
-0.605173566549409
-0.63818349747302
-0.688819243366035
-0.526260839002005
-0.571952008987271
-0.600876165142157
-0.650188539462499
-0.624151328772114
-0.50159657735105
-0.65245324669104
-0.545810431443267
-0.570851678225734
-0.443604677064664
-0.549290547613871
-0.596385067666924
-0.520910571715208
-0.442908974640349
-0.51017163975524
-0.563993864757622
-0.513212923339906
-0.376719971243768
-0.542168347886735
-0.542763066656414
-0.482684686668168
-0.58834939330996
-0.54514064430892
-0.708443439319869
-0.551285781993216
-0.591978418313201
-0.424303532959688
-0.449598752318267
-0.661555141726426
-0.446499802038387
-0.559733609800562
-0.526220054818926
-0.591958256799654
-0.431589267946349
-0.557513348137094
-0.557942334659537
-0.537042216308035
-0.394985296480931
-0.437973170684372
-0.511581451590688
-0.517272324028948
-0.505900286479702
-0.51920998477337
-0.674293400684763
-0.558221310893539
-0.432891912560978
-0.686577316786107
-0.29757741557532
-0.586259476642252
-0.488816472232744
-0.536209210238828
-0.406063496741629
-0.637833445328235
-0.323082311744206
-0.699905272592103
-0.60189332263294
-0.455364447797695
-0.482288056310742
-0.527138138831014
-0.463287238178944
-0.506433577161335
-0.418056635041122
-0.521988995412909
-0.496218790557825
-0.291519491739811
-0.526178984177479
-0.613619148826826
-0.424932869812439
-0.436353014123281
-0.492859640670212
-0.476628067048112
-0.309094289408196
-0.377008370876103
-0.549274524040522
-0.579132339665968
-0.355737860704316
-0.365397131568239
-0.376163228660825
-0.40966979689791
-0.591639285578542
-0.52287117959055
-0.537153071292913
-0.295879156355502
-0.545038034432946
-0.389347601931812
-0.367152090265596
-0.322338887203863
-0.328780916070074
-0.640486010417101
-0.380665527043375
-0.531365614700693
-0.669639592337208
-0.31847987961127
-0.58010017757247
-0.43533734462398
-0.443659630063477
-0.396066819185168
-0.408416267903002
-0.437082489550507
-0.395969539135391
-0.316402406241901
-0.354651450025438
-0.531545226681605
-0.397789232765976
-0.48926977620425
-0.494476518936437
-0.406739940416798
-0.368443319891465
-0.317555427841138
-0.46036611615701
-0.310601693244526
-0.455282558110212
-0.408946641516404
-0.350401765397841
-0.434489228670604
-0.316726174142388
-0.467510965223782
-0.222676329361907
-0.235380255029809
-0.321256960752687
-0.480760463435695
-0.318442196140685
-0.456232123357745
-0.426279212571333
-0.356516242084465
-0.471597276523226
-0.326195442374274
-0.223298312007765
-0.28839138231141
-0.380135967784745
-0.311424323463761
-0.355190181024431
-0.331458255550123
-0.294774371203101
-0.129408730794985
-0.41089383555548
-0.286940941605274
-0.317169028104105
-0.404851289953481
-0.547688955295672
-0.352965212080352
-0.450855335915266
-0.186429391503461
-0.325164100373772
-0.339768199324146
-0.208900695447495
-0.154687819251379
-0.324744723050423
-0.156442837716772
-0.379490207099907
-0.298924351565635
-0.280835783329736
-0.404475576447628
-0.0877334155234026
-0.204672078725642
-0.338362326814394
-0.317544477889672
-0.314068780766771
-0.35914836973566
-0.319021070731742
-0.333568246661012
-0.279539452267606
-0.420023100176498
0.0139164958744584
-0.412834493897585
-0.204667158223907
-0.329446409114682
-0.297159931577082
-0.0850367219172198
-0.369335828213032
-0.308777437452459
-0.283812112413929
-0.104923803204658
-0.213486435212373
-0.139606803654016
-0.191350786093621
-0.187575123668713
-0.214778342177266
-0.231310586024727
-0.247444145971562
-0.445508357651968
-0.224018435457113
-0.264686319316635
-0.183562258665101
-0.0689925132686654
-0.341390069495727
-0.182208382718831
-0.324273162450759
-0.256575805493945
-0.298510588898395
-0.295503847795557
-0.256424301110361
-0.0761157741326639
-0.118447209843302
-0.18890437530205
-0.251842103292847
-0.195650938098003
-0.265492467323764
-0.34084971243251
-0.178895632611874
-0.281032254335976
-0.193091917050925
-0.308899341652131
-0.12706303746875
-0.345116743909328
-0.191881896481048
-0.214429061074711
-0.241094166493768
-0.162370565441761
-0.197537483652215
-0.146317540929002
-0.160674451311659
-0.0754585283052187
-0.00904963923498716
-0.171373523498814
-0.133425884459234
-0.0236290789319895
-0.240279533253422
-0.217774099240466
-0.177524634738445
-0.191469675163164
-0.0813532411175521
-0.24137787187378
-0.142056497303635
-0.0760684952141359
-0.238920384938316
-0.198492063642634
-0.0708850634592413
-0.0343562270603565
-0.134060350389914
-0.157331756141802
-0.145092655625171
-0.148980722260786
-0.260734753837834
-0.0847637541383667
-0.0718599843647525
-0.173856581889429
-0.222537905798306
0.0113846049416222
-0.179904965075036
-0.165179840712097
-0.105912103521947
-0.08832537127171
-0.0245963434873286
0.0100430303879268
-0.161140768372168
-0.16436094484169
0.173893433546625
0.0166191405536707
-0.0660334691743324
-0.263970434462323
-0.223427218506174
-0.233324049728827
-0.142383585431129
-0.170088308456887
-0.0758553956972547
-0.131371561827315
-0.0389950736746608
-0.0885054780978982
-0.134447555414066
-0.117576304166328
-0.0670204435965159
-0.00700486891338665
-0.136325191918529
-0.14290027116347
-0.129211297389094
-0.0212535069188556
-0.0110491687692505
-0.0774901473952032
0.00396514437661193
-0.112230025149765
-0.0231202135857945
-0.0534660166530109
-0.150357327388512
0.0665576035759328
-0.0631037103589374
-0.0993460361797249
-0.0501108915943784
-0.0202120144875856
0.0392761550205024
-0.14592917483244
0.0828945440027208
0.143965000300242
-0.093720009498294
0.122953930371827
-0.0677976592543155
-0.0100397482830224
-0.0724322142900745
0.00906041374511389
-0.0430758885006368
-0.149684802773208
0.002768149587096
-0.0726969227189867
-0.0472124814160876
-0.0124750555518871
0.120560812618085
0.0753559090280379
0.000349306889395295
-0.0683839071291953
-0.0177225585539422
-0.0967581876363385
0.0121028459304757
0.138253952620585
-0.0097212826598621
-0.0165943335749222
-0.135509878237594
0.194457005859776
-0.115162148885234
-0.208284447135841
0.0888332979049485
0.00257474270930892
0.0282394493527524
0.0891035174306604
0.0421360738454342
-0.00881067981630575
0.0459723677350836
0.0424642120729587
0.106643435549719
0.127977785213162
0.0988290708770179
0.0491887572228837
0.0641947345825215
0.0753659193656338
-0.114467309734523
0.166137220943454
0.0519719137726614
0.0230803926518503
0.126409529061281
0.108938421546769
0.0417540589594646
0.00898066564949618
0.109572351168911
0.110192469766774
0.103983300705299
0.0716029581638603
0.204969515832188
0.0273380701266858
0.027408964507827
0.02376010205316
0.143219152861735
0.143450034268254
0.114460019632628
0.239703724814889
0.134398469430335
0.0250140399039996
0.0821211730065644
0.141676316475849
0.0946441173093433
0.0683297815498497
0.0291707493501775
0.0380655425507865
0.137627555213217
-0.00692821171434222
0.0720803586252009
-0.00301220042527199
0.176368019283687
-0.0496488025495555
0.156503369805724
0.182225692015106
0.118719966515104
0.27380557677562
0.280405730076454
0.208110095973327
0.146377462747759
0.140831203294715
0.0321563078142822
0.210920968832224
0.0641218684486284
0.0477137235342152
0.18230685138957
0.0223410301476854
0.181297044375164
0.153586394162879
0.0663614079705393
0.112528364656399
0.177987472011458
0.0676279199068459
0.261259811088125
0.242622816500281
0.098508994541277
0.102258189941299
0.115733659873828
0.094807310679188
0.215497140276497
0.163241180454383
0.149086828277951
0.229747349092772
0.0683236692580253
0.335064205442866
0.222397556655184
0.143722138140914
0.207020217234564
0.126248717546003
0.207756510381526
0.269598136582164
0.0688558160779094
0.252325124577339
0.190531163540597
0.0514407103900625
0.149320346779684
0.11693711903384
0.251206584482498
0.158724018074443
0.289419599114481
0.264814878229879
0.13252812500506
0.403089428668394
0.299748550298667
0.0765095877381194
0.15067532871605
0.101588252846174
0.247477212086418
0.268284636691627
0.248878817964201
0.334936213574285
0.33390618064383
0.256974105499556
0.256707202407401
0.314550176637194
0.275582807378435
0.134561522636006
0.174516917158524
0.246523986609012
0.181503708757186
0.3089711269297
0.277890651822083
0.318787385916344
0.251510152721393
0.279018288304138
0.257730975817459
0.332644041348073
0.291952427744483
0.320929952677264
0.296703025929692
0.316722655621174
0.314995363260937
0.250063610298334
0.322422819130697
0.329036196385305
0.271109923575989
0.203620175062774
0.263022206029354
0.337668344958242
0.383038015321023
0.414732987853633
0.279771536369996
0.254777430946138
0.296180718814151
0.365162676544052
0.306847283524958
0.136540687385396
0.34418932868278
0.190463695747185
0.271190146413333
0.275319981020296
0.248470172828677
0.381690764223423
0.389258436862505
0.447546209602409
0.218622949211842
0.329635273838336
0.285682499847632
0.293122639773704
0.271417054790549
0.267430100053285
0.228798522291027
0.381105757208886
0.426379871532636
0.191864283180077
0.344567199362759
0.221325162998064
0.251411455559895
0.202114650395461
0.28010813238575
0.411812603282719
0.366859839377033
0.349388732995287
0.32572702210637
0.262556393251846
0.455764245201018
0.441650398539727
0.566869780921316
0.494468160964239
0.311089872163721
0.392117251440178
0.463401009681615
0.367302518541646
0.411048330129527
0.51951363725638
0.288290543600631
0.343885311939348
0.456672285082034
0.372420003724125
0.344686618005613
0.510375336424061
0.372429098038401
0.292605647697801
0.247012877119166
0.425999557032614
0.288944367945244
0.313843085798099
0.363337638835212
0.331986864533016
0.441376523373762
0.436846054159022
0.313897918017461
0.416925626166415
0.254467511018072
0.400985804008114
0.312444790897961
0.542873569388602
0.441588335863008
0.513631806442946
0.410127590336445
0.37671232475226
0.260198761203382
0.430567130639567
0.52183398646986
0.39855196852945
0.369071445572863
0.460747760565899
0.49147668589506
0.459961844726314
0.364297351470533
0.48118611167134
0.514952336289253
0.484401969195266
0.293259691345866
0.446790128492595
0.406494450481824
0.569659886156512
0.525117492904579
0.39557149237221
0.379198884593632
0.486414058811781
0.42930441449005
0.494695685858034
0.372333907817283
0.440327962377197
0.469198935696919
0.595032928032347
0.509258160364703
0.592865668337199
0.420553076482084
0.564442274651945
0.496320661772883
0.522323081292971
0.490744887487438
0.622896368380007
0.562840213971265
0.530463007513989
0.369062180585903
0.343085057717604
0.474415469121303
0.413961942865283
0.57859484540942
0.444571041852677
0.607849766541932
0.52962574453041
0.48929321281876
0.719249271771703
0.63522041670608
0.633298158234371
0.484115890554641
0.508284947471651
0.416471943814853
0.54866660332037
0.522154929859884
0.519145553992499
0.637503002329362
0.585934704760922
0.540998286035359
0.497273719884509
0.661072846470902
0.600722404643347
0.52469779141315
0.516140439598877
0.637477966188747
0.598198556733166
0.647010295640936
0.358920893123575
0.523917023642069
0.712227222022572
0.535154545397171
0.66322380079646
0.583099938582287
0.616012380709623
0.630766688455827
0.699058043740057
0.625676721558231
0.622591443050801
0.707418148973732
0.530633489302204
0.549871123005343
0.5723313850084
0.489089845259088
0.530581006460965
0.53579585917474
0.625722638368353
0.628938523412389
0.485545436438787
0.625759330323938
0.511732845537175
0.690134859730965
0.648616193634415
0.536895982983329
0.586108801959603
0.474692736467362
0.522846367039719
0.64839015634428
0.637243950019756
0.594988069209227
0.643482902259191
0.556390099420182
0.681711331355533
0.765049102276127
0.431385023984708
0.506946396532922
0.557178227141913
0.634852442801918
0.630497284881949
0.54856362592756
0.578906385173114
0.619918912207849
0.634740159201267
0.667816158753781
0.741095987205159
0.602135460439299
0.760797376032231
0.485446583455669
0.623641631086077
0.717922297653545
0.735548926996505
0.605484523274857
0.55795395382146
0.751477204854516
0.821593315230277
0.605162173423597
0.833452220414877
0.768948312607975
0.612116593848523
0.690088163101049
0.843596032054757
0.759763613802861
0.623106798669449
0.649604877975166
0.68319654017162
0.658849979854942
0.651150056617875
0.585753576002718
0.72598628565706
0.531220534114188
0.78368207763182
0.814130349216377
0.686070418970938
0.59344758483729
0.677282458979053
0.709967973686905
0.655700321571661
0.668028151550855
0.631783673711178
0.665801920535194
0.607903598834396
0.787849699592653
0.730290585566106
0.659597348388272
0.688855761701968
0.595439447082005
0.565212625930335
0.716434583723229
0.839725913570903
0.788578640152125
0.774170487160292
0.62423280643384
0.78449327219268
0.527515301498445
0.863419254762641
0.746705893409713
0.780246580058785
0.64814816973114
0.624464790881559
0.602864771528546
0.849557339644149
0.652112601311047
0.878014562520007
0.796273825449604
0.718902582409291
0.797219838884776
0.664461963714
0.738593359036445
0.787750013655834
0.707791284403767
0.68901344630009
0.782625856839819
0.756901041601857
0.733079081991615
0.804962180746214
0.842116888225764
0.798345924438718
0.915985788909879
0.815368237040429
0.855121791890502
0.850309815698132
0.813646716688414
0.790992398310523
0.74131028525465
0.619571827914631
0.910722547824984
0.860711158479694
0.875517055677793
1.06159911123704
0.908252037793517
0.845066472122111
0.762177444186119
0.818449024912259
0.910386050140719
0.744380326802492
0.791461617314812
0.849795516209632
0.987583155160419
0.830125247594441
0.816615017320777
0.76164148358878
0.850294282433135
0.874448110414093
0.865457493891434
0.90992436443216
0.741183022112536
0.706449143275282
0.88821777542934
0.880679482560344
0.967861578166409
0.822324670961498
0.943620563423897
0.841616980881844
0.903388545792236
0.81344714973559
0.991580480090624
0.849949416791661
1.04959681351364
0.769889615852789
0.809402459236304
1.03134393263022
0.84676374880089
0.960719356709775
0.916341216524278
0.819803268993303
0.768077940793414
0.966436008401147
1.05083908120203
0.775989156694929
0.937989323334951
0.903495469665198
0.830291000970833
0.982449068112541
0.975904310291872
0.916663445970339
0.869441723023769
0.892082518617914
0.988032970836862
0.830833281025869
0.834445600707751
0.921377413657752
0.917235578356486
0.821550999021288
0.927037039369179
1.05078773474143
0.947729434176021
1.03960498482683
0.862186858995144
0.83109132369167
0.839060969028676
1.01420004103857
0.990563475905245
0.853050805883895
0.939592731174052
0.929655164104111
0.906980775538509
0.925920751785842
0.932582948772485
0.906569572086897
1.09283925054148
1.07342607531298
0.898572425961639
0.990251042029882
1.02315421996631
0.91435782892392
1.09506320660276
1.00116493460656
1.07188455684639
0.988121739027165
1.06285646680655
1.0544910582211
0.904635447450613
0.933002476284154
1.03843569435317
1.02730879413848
0.942678638452653
1.04884209125078
0.946185599353586
0.909459675641284
