"x"
-1.20056198147061
-1.09754911437031
-1.1060459649723
-0.903458668889374
-0.933957879803657
-0.960216821070678
-1.0130141044569
-0.894883860735362
-1.15720539886161
-1.0153503946482
-0.994481210396773
-0.997093273483804
-0.911533655134771
-0.865136060124092
-0.923858401399872
-0.965894686014527
-1.01101015093063
-0.973628763750179
-0.941240121389222
-0.890927388246497
-0.924653271251938
-0.949600997724151
-0.841914262917305
-0.918289800082164
-0.96761964811126
-0.820657193719436
-0.932604284628728
-0.870818355546682
-0.917635790783038
-0.954936542232538
-0.969288848280442
-1.00673819399744
-0.911036135686999
-0.907344278863041
-1.04143967379771
-0.956891359307524
-0.905662673340666
-0.920772782424546
-0.831472708511355
-0.823987061238572
-0.891286905673765
-0.78109793740498
-0.790922678446137
-0.801040675700412
-1.01417537248886
-0.893609992078941
-0.89903085866477
-0.944797086542576
-0.876838020877363
-0.870122362123075
-0.796135673232422
-0.974178663947667
-0.851839045993079
-0.881082021091683
-0.907824435565588
-1.05546502651987
-0.926614399697231
-0.917047799348617
-0.969142833457154
-0.906300649780785
-0.720033851516974
-0.93588688799934
-0.902544095840073
-0.762057015081364
-0.815993439421845
-0.711520713764454
-0.902037930247936
-0.83735926888831
-0.813145743423003
-0.828132757703381
-0.833928853056535
-0.853718155126524
-1.05675913348144
-0.975223944424783
-0.947719765206226
-0.925753207114957
-0.827316050420576
-0.728465485056791
-0.76687249750621
-0.836006375378061
-0.836589204236094
-0.82729381591449
-0.843980863579176
-0.830129976568106
-0.79672734933658
-0.724755472348483
-0.812943993358969
-0.88871083562007
-0.881000534935503
-0.782805577316247
-0.721760753344653
-0.729343456120412
-0.747268739280038
-0.635872217597737
-0.812751290079826
-0.924007441234932
-0.848256133385558
-0.71969469470294
-0.796239595337017
-0.759502517468097
-0.893521781658599
-0.802675386927797
-0.83363056177742
-0.885272734986571
-0.806862846590797
-0.884613936579943
-0.773832466731999
-0.79028092214781
-0.797284054223075
-0.790059650516066
-0.795420318401407
-0.800902580284956
-0.752709113931561
-0.630424337487003
-0.796948612190996
-0.885803671467849
-0.658717571606048
-0.712411317387364
-0.63995799774082
-0.665134473336582
-0.667771700752368
-0.765950032591127
-0.712511706513461
-0.788536146542809
-0.715493639279685
-0.693096842024083
-0.730309381356158
-0.580612242236967
-0.687159295634157
-0.804765881605008
-0.668901372047873
-0.864697789653015
-0.624741432648501
-0.626873179147759
-0.732464985980021
-0.792473172901886
-0.745717952290955
-0.709543346580908
-0.653108743916969
-0.759615457116497
-0.691117913748163
-0.754597900917463
-0.79135692442687
-0.850523016726276
-0.613677954792774
-0.778125790950415
-0.643992600439155
-0.743252843194739
-0.756074398570267
-0.729260300592313
-0.5462103732431
-0.669395080420479
-0.766988749998741
-0.590934055671445
-0.762048892257406
-0.729055509939155
-0.596352375621676
-0.730508167623004
-0.76743703182022
-0.783387227280056
-0.697788662695689
-0.79173438613988
-0.591270753079172
-0.620518187545035
-0.693799729651047
-0.555900542873188
-0.557902043301466
-0.730500147950764
-0.556052158483409
-0.765986901916409
-0.721956426199225
-0.660867290000279
-0.752337961225353
-0.55122416226293
-0.715091583406967
-0.671901066780334
-0.691726270556602
-0.609501973624535
-0.681059863501552
-0.668717157666872
-0.695673284641318
-0.617473670857237
-0.584295933311089
-0.575683802772148
-0.671025293251517
-0.638253831496677
-0.593414871935332
-0.662044550059313
-0.662342011581353
-0.83740468278282
-0.506638418566527
-0.664018381501058
-0.646490380196498
-0.652640337731971
-0.644426863354031
-0.679264881342257
-0.545937909199754
-0.719617147212164
-0.550533386098704
-0.584297168286225
-0.602749801660024
-0.685469673399684
-0.660468037610974
-0.639863000334017
-0.610203043947498
-0.672086948365428
-0.405218392874012
-0.514568055030504
-0.743621270980465
-0.661816714487612
-0.572590624787506
-0.46641337557807
-0.508622872642484
-0.510812826762465
-0.682237013355588
-0.409606816715829
-0.425746054769002
-0.711260206552064
-0.60876984359755
-0.559113360711335
-0.538589630239245
-0.499131337638956
-0.632576406478254
-0.422423621787179
-0.481896640204487
-0.637675959102263
-0.689795770407524
-0.464160927096167
-0.401026075334203
-0.445153562977282
-0.613144768411713
-0.543394174422744
-0.370884112797688
-0.582257605427747
-0.49721119027403
-0.541483808527873
-0.593487342754703
-0.414784019777124
-0.576330048956444
-0.529427595928165
-0.562394965495395
-0.412540142785061
-0.560242251421619
-0.476426982229872
-0.39619541281807
-0.514083106167121
-0.572593437197361
-0.553878488155468
-0.426631086962037
-0.441161527041966
-0.563591443235722
-0.546568666897385
-0.519427566657626
-0.533750420275572
-0.667947162472846
-0.472465226787097
-0.406301630341021
-0.370935145040135
-0.483260768108265
-0.546695283140895
-0.457248509800627
-0.420313702814345
-0.531138295828783
-0.386572148537165
-0.483383286540868
-0.426565968078969
-0.46478230788998
-0.496339065741455
-0.345936099055158
-0.340600814404964
-0.4869465232214
-0.52286029811553
-0.476139630540552
-0.300439857250752
-0.448334744863015
-0.431790225686383
-0.378581322156591
-0.504504703998412
-0.553884874752706
-0.446593349379025
-0.307125832473931
-0.368778559150499
-0.500847664859881
-0.410638098904621
-0.374558082538488
-0.348718381080094
-0.465469163024015
-0.477299676325029
-0.311465135620369
-0.378499375145739
-0.404614199043213
-0.565710177796314
-0.386330769370555
-0.418120589328151
-0.436131890874768
-0.310719617895912
-0.552426065882733
-0.371746106404171
-0.468435344949131
-0.475365776316531
-0.363908050097319
-0.407235455766049
-0.358739538413559
-0.3946861724826
-0.212146860000766
-0.242919512289256
-0.366613939843146
-0.431520413380932
-0.298586350826481
-0.491837611639088
-0.32554072221596
-0.586225565758541
-0.486864484103311
-0.258279325494011
-0.395603938176131
-0.293727832019813
-0.400566435692268
-0.549010105388961
-0.282065215915527
-0.306593597497215
-0.310676948389668
-0.354983525868128
-0.226927177972816
-0.209480544467776
-0.337322677459398
-0.340081859832213
-0.356288433335984
-0.30772264415106
-0.470721012330303
-0.321532902749942
-0.342893481749786
-0.32189326840271
-0.127328711812033
-0.409769992147856
-0.446064035792484
-0.431138516260911
-0.329766447186936
-0.384226362627462
-0.29027247380166
-0.423330620982774
-0.298965901763668
-0.410223128883027
-0.328254332471982
-0.273149411852585
-0.340601908483447
-0.261481053568193
-0.428832433228431
-0.293787512659864
-0.243445149717349
-0.282878852427264
-0.479050256383409
-0.330997729959893
-0.257679389197015
-0.22302811669098
-0.306540702860165
-0.330907266838987
-0.303267849313841
-0.355827143078528
-0.191813502877925
-0.315287692537556
-0.24463366537767
-0.394583402711186
-0.34861370931634
-0.322948788133865
-0.27602207304481
-0.395098984788296
-0.285707211215508
-0.236474897008683
-0.141048057532236
-0.124174041155418
-0.148119161821575
-0.31442478899809
-0.305341017128565
-0.199174637704485
-0.312653710374519
-0.156951424917856
-0.268940454720813
-0.0497558376732035
-0.280830107287429
-0.459049321522776
-0.325824962655946
-0.220397278140256
-0.167428551888876
-0.398620603204623
-0.387321896024857
-0.254102921442283
-0.153343502929462
-0.154292896639976
-0.250713721962004
-0.159265523210441
-0.284691470882478
-0.151091324068575
-0.111770156041099
-0.375443463430129
-0.172743861321579
-0.279337155846241
-0.184995558815031
-0.159136534653219
-0.18763022246183
-0.194369479840187
-0.113562222226686
-0.192578904417038
-0.330120749999386
-0.20733974685741
-0.069877224082138
-0.327545176477033
-0.169172050691607
-0.194992294051738
-0.0038960391847677
-0.200249887209638
-0.179749515834704
-0.0843120591888559
-0.218858457586761
-0.224696676210746
-0.167405184834166
-0.352640346967177
-0.0982471165906375
-0.303805215690424
-0.141649255419522
-0.102300327075808
-0.254217023176706
-0.156874166915765
-0.208632310351085
-0.25012218845777
-0.258506758462051
-0.113728709388036
-0.131876920833142
-0.0152244238260581
-0.15015426702401
-0.0581497793145209
-0.216734859819215
-0.293185357269875
-0.242727620539306
-0.191430653079053
-0.235848444074804
-0.0675918317274147
-0.180507421950203
-0.0177689095296047
-0.0733205196897781
0.0577116718576491
-0.0161051920630796
-0.116739835146209
0.0122210972778255
-0.195953463309119
-0.186264403501918
-0.137471023967892
-0.114684941567497
-0.0115228881032038
-0.18195202541657
-0.0724643668295616
-0.113929903802722
-0.0224204865551406
-0.189604449801869
-0.168716144622228
-0.156361286424739
-0.0524240185552653
-0.0646556575751368
-0.0346307991756144
-0.185707943401539
-0.205569727968917
-0.11704226395757
-0.0407082166547796
-0.176998189458566
-0.169237718134828
-0.152619466217199
0.0436848450749548
-0.0743622685208997
-0.0553911582192372
-0.157565632851001
-0.164552886941356
-0.162366575312007
-0.143103759614949
-0.228659703726756
-0.136370915856602
-0.0665848675227667
-0.117389794109669
0.0999837635527613
0.0139380869203936
-0.139303203243437
-0.0899377331871248
-0.133996244461265
-0.00991215533660421
-0.0936793575737236
-0.17897895990394
0.113872997948054
0.10847818110795
0.0787735992182536
0.0424973906039469
-0.177346944338772
-0.0754284118970836
-0.0495439751677977
-0.045810850679206
-0.0212636586799759
0.0488230298695954
0.027800768749744
-0.148155633006523
-0.182598830566383
0.112696709581077
-0.0905676908266296
-0.00618015989301427
0.0350808941345548
-0.113178957672352
0.0388872464083767
0.0577355037998438
0.0287623302489619
0.0434895795785302
-0.0939032177903186
-0.176004111851108
0.101682337337768
-0.119149370425536
-0.030521702607841
-0.00444254792967114
0.0736561330796971
-0.105454764697429
0.0278182956859523
0.176740995448038
-0.0426320312427716
0.0569656088256557
0.132630397773059
0.0826184188216475
-0.0222464641839526
0.123501828532774
0.0026102104222888
0.0218645225378285
0.0186708025087856
0.19145618809277
0.138279084454788
0.125671903357258
0.0554900693207825
0.0912629485117947
0.123999913539596
0.0541326780838
0.0453840893501054
0.125082453857217
0.047079521835082
0.137156935398792
0.0339834991704313
0.00940659713004091
0.10301249775237
0.00576257953044103
-0.00907758351078722
0.14017928091932
0.0840281660669178
0.0308599901327863
-0.0564127791719918
-0.0245429205480197
0.184861124152939
-0.016985645849899
0.136948828627512
0.0215095966342366
0.0448397337778764
0.0941606991886995
0.0192977056560812
0.170889698112308
0.0786277878932935
0.24531052801965
0.0294651332509112
0.172428557340321
0.0131560587926556
0.162664751088462
0.0423685011210689
-0.0854584853419233
0.10519028218555
0.0900041772748392
0.215766083333943
0.234780989301274
0.236578463810309
0.00625155550490029
0.113712170093727
0.247255092834066
0.153007302532296
0.104386267530099
0.116239677276604
0.105284047919379
0.1481774193848
0.14945718066948
0.0231117695775596
0.145635200264876
0.190130753018349
0.0723070495813136
0.335239650766015
0.0271592228254057
0.214231780107079
0.206968100164147
0.164357830769607
0.114633915335167
0.22874919006506
0.116056479261036
0.167620892559913
0.298662092912713
0.311710653213739
0.264578573932454
0.118158242029285
0.050163322974633
0.138767516677722
0.182896042307627
0.129551809448015
0.202083267184298
0.149234779101766
0.298116702252327
0.103521660210544
0.0784254553669453
0.205998198145632
0.1982211265328
0.36976415076804
0.336595650407925
0.189919359378334
0.34983130112229
0.230317081171438
0.229921540497573
0.263707898747927
0.235464628129314
0.198028780630212
0.139578502021066
0.270682050117354
0.312934275734872
0.278422347319471
0.23000479065414
0.350403595765579
0.226455066534645
0.358185962413263
0.202523916539221
0.152226695745406
0.254717869991497
0.281089138989466
0.275751626950736
0.169078132384829
0.340006799010674
0.23273602712891
0.286170048796286
0.268052280873954
0.140726932055049
0.0953675602849511
0.193617051991094
0.387058413426997
0.28979907767155
0.26717892118532
0.306761325118929
0.348202779141281
0.21597430103357
0.0712911595694073
0.367773854984042
0.314720421326878
0.228388658481973
0.354084274460642
0.0727204113296693
0.310312622651067
0.195873468282222
0.250343229854057
0.274529133114845
0.264830232081274
0.278905973126564
0.377461147498139
0.321843509401793
0.427787302351492
0.385780286755608
0.442254197138739
0.205511338293162
0.388661142266773
0.293330791422555
0.332289765486824
0.216104905981725
0.360112273668013
0.216603027180122
0.521578649023735
0.454404117875344
0.26561024492974
0.320842419210094
0.399814723142515
0.360180580729941
0.229121567431697
0.249596926256526
0.309484781317986
0.337818604729966
0.391550940292983
0.394306252039515
0.269773415183434
0.470745894636787
0.432623423555508
0.414828098200879
0.493628852043568
0.50025223542151
0.348757982208042
0.414143646084396
0.536214917880159
0.182782960492577
0.347581411932884
0.428034941385937
0.285920384292236
0.293571980427921
0.232454813374872
0.522095724861164
0.401079388893772
0.30814512102398
0.50230983303948
0.413276895843862
0.391049514246009
0.383630770372363
0.440082253351541
0.353257398021034
0.501263991119154
0.423497510358016
0.433474501330398
0.402669800335718
0.439352247438808
0.367413756632886
0.379292364501862
0.465149767166814
0.394088368181309
0.40712695399302
0.425207333356445
0.280796720073152
0.407423892435578
0.411206021012954
0.48863783971394
0.386424818592489
0.461899505330526
0.368973011143302
0.441375464948438
0.427927413608073
0.277736120378237
0.396977331806353
0.552500498120498
0.477295967178296
0.56998254838583
0.612798676407343
0.445805389945438
0.458376408544691
0.335342697985905
0.536182325010198
0.472396278949257
0.364429702374677
0.539806277341968
0.506962632064935
0.470347725301993
0.612361894022367
0.436294785268546
0.517764812971917
0.527973404922501
0.557600093803798
0.446813537650689
0.576631697930927
0.41906443098135
0.555096100873369
0.391914563031456
0.384716483953069
0.449895305383078
0.745024571298829
0.509560535760753
0.510858285661641
0.420965111381883
0.501901101128093
0.564521465114555
0.562192251084061
0.398181065218824
0.583680236316887
0.686626829684238
0.458748878293515
0.465894040154848
0.463010281406405
0.376181857241814
0.518306353039504
0.566437929871295
0.464229982951658
0.511649054672556
0.502555125211507
0.452727472551546
0.424760036667506
0.523148977997853
0.541149096373045
0.598610852975726
0.650173187767886
0.618833082775341
0.372174759096775
0.503565050150907
0.564704930877827
0.592800638058368
0.588915246721975
0.437573570869573
0.553463198001292
0.619508030219547
0.606276463676974
0.546751884888451
0.645609706032502
0.570995493819281
0.543313204629057
0.627447658717529
0.57717401911307
0.67174696188391
0.5645526887794
0.607855871393202
0.381652141412979
0.448043496111134
0.606851933040943
0.54454350193645
0.596691970430687
0.533515589650916
0.567972317666196
0.525962941145345
0.541468433346536
0.623666522990309
0.556712241940746
0.438775505990415
0.827821778084084
0.647807519798206
0.57830842066147
0.59289740230146
0.68638881039121
0.521263165842645
0.675317634757648
0.610175962516715
0.592838844384485
0.588096706833164
0.611723055638468
0.597378434401896
0.625467266910192
0.71777255960276
0.582574502555353
0.731001151688989
0.546746325045476
0.592951899546628
0.685741651311958
0.595030698061211
0.574408710592091
0.766156435703305
0.736815219471159
0.613044095162347
0.651876769515617
0.689115892146616
0.710330923925956
0.715863582739023
0.656527565086683
0.755507876180159
0.779130381493416
0.740261362151895
0.556054761434942
0.618195751812181
0.706996431276397
0.746572946381773
0.723427870662823
0.653859713750433
0.522776424903558
0.625278692326937
0.767878127881085
0.606997965612606
0.727356635646886
0.704471355687919
0.807866767340511
0.656395141254629
0.617759759038791
0.58829122136626
0.768737606813963
0.753191451928797
0.608042090476276
0.649696214157822
0.680445667007802
0.701374464227954
0.703191614495367
0.651475363498241
0.734298395863189
0.574894617082714
0.881500302494454
0.638074305764661
0.540452363414407
0.766570110816763
0.747279764416292
0.775030994524772
0.674358757234062
0.828135425029484
0.703799138305026
0.732243748603873
0.698619735644264
0.728322720029536
0.696341226029104
0.818014532855013
0.89359035097092
0.878820545841063
0.733509018626053
0.679492854717484
0.548312062715644
0.724129701728331
0.723502530510035
0.816892823211108
0.741691154410939
0.697004596188312
0.880486156071181
0.70496751897484
0.846816891802694
0.749806388037545
0.679017977766366
0.823420573312241
0.721766663297019
0.929743384371143
0.76508383568756
0.641327949236541
0.825966111741759
0.832354704450528
0.681567862017896
0.782166624166113
0.752380752673669
0.870484413590231
0.762098503253848
0.813098585916891
0.664282044832172
0.652785040042642
0.856420595736603
0.84973958475642
0.828348581650237
0.855546723924103
0.853693069108399
0.930015836048174
0.841304895820433
0.792801077472886
0.909465641941558
0.96134106519584
0.777712534778674
0.905765559064248
0.686867478443045
0.737031268378115
0.819327362984883
1.02433605888327
0.764166704955052
0.884526648423172
0.804767680607089
0.675740834088964
0.857920478534736
0.91998572679915
0.782105920889444
0.765302011086063
0.88909665304786
0.878896775863
1.01217828012606
0.894493125624946
0.884862900751923
0.901427623175598
1.00274457929631
0.826515993697355
0.838803842760139
0.946483913311924
0.764960286993301
0.957207255751373
0.957119093156448
0.685028572512284
0.888702547417207
1.02365086274287
0.902779814043994
0.7592705771755
0.964932317745456
0.792106819093457
0.916338681426236
0.863287078265213
0.755723329310879
0.875104819296029
1.05659095328922
0.828731688578728
0.826912509945333
0.983866633942521
0.93244130027799
0.869810838363152
0.955030894331095
0.884484270925729
0.908046584822902
0.921648840117226
1.0463285195039
1.05826095570469
0.835801734033439
0.932142142798046
1.07696030769359
1.06648129797306
1.02153749598643
0.995374936769735
0.924773074147084
0.840581302531741
1.02983065581165
0.988476426576928
0.903208049367118
0.800842693638254
1.0482429774999
0.989357474073679
0.770929836072139
0.752573346741756
0.845948391192071
0.962843243144365
0.840331064124777
0.95931642346782
0.839680095162211
0.983406362407658
1.00772906103527
1.07343688299307
1.00794410221822
0.980486495418791
0.999481301624671
0.985582551633543
1.04841174197521
1.0419279859045
0.984604510152616
1.03780031754566
1.25721543960502
1.12813277576059
1.00889830590894
