"x"
-0.927761709842682
-0.854170071326854
-1.0840265171195
-0.857033432586454
-0.880440484430876
-1.04045090105602
-1.09818003801953
-0.943102163241538
-0.942776528030346
-0.917710288043165
-0.984886627360299
-0.990943331826354
-0.953931933960942
-1.16821007232167
-1.00458796596203
-1.0096496081558
-0.979277000342701
-1.015168347907
-1.04597467074972
-1.04307890058619
-0.963767751152889
-0.842461921825371
-0.972633577839576
-0.856839383012481
-0.990873421014885
-0.957863157892913
-1.06874598328466
-1.0233379248466
-0.961492643263505
-0.901971607157203
-0.961941673163709
-0.816289647571631
-0.861947693393898
-0.883218467473798
-0.804483008603205
-0.87261168754612
-0.719318146007298
-1.00331516556157
-0.872164427029535
-0.886134972698128
-0.911230524445273
-0.853523971559286
-0.885155993121136
-0.888254759864352
-0.841013889505786
-0.816646729234375
-0.91016354050456
-0.957317475434567
-1.00869476220662
-0.78949274535806
-0.879511944240722
-0.867417193835357
-0.734015846551776
-0.846481695829123
-0.82583520742711
-0.99816400530831
-0.875571960931631
-0.99376854402477
-0.831763578878928
-0.891414132923455
-0.781897847917899
-0.923409958344587
-0.839586039289834
-0.927348603570048
-0.945903706360707
-0.915572972453019
-0.832629872848489
-0.930452201797658
-0.892385962440859
-0.901011902362144
-0.782034341782078
-0.840907228534134
-0.961277137982343
-0.832680684766008
-0.756590510122668
-0.858379657132305
-0.827388166470997
-0.777908361903685
-0.726889923558066
-0.865372587355061
-0.814124137463376
-0.699722433813245
-0.914487735995824
-0.755350700257338
-0.836972632484409
-0.876516129643511
-0.865580588718145
-0.842353490660165
-0.835433150104053
-0.855722875731075
-0.712260322937034
-0.894654714377066
-0.904515330112374
-0.725830638263168
-0.895199165662356
-0.759996015050342
-0.753250883414047
-0.656081012116064
-0.736450099780856
-0.850377397849912
-0.835879804312198
-1.06065892979533
-0.740657920131313
-0.790457414703278
-0.54758598114109
-0.748787792888652
-0.82993665750906
-0.828056972176198
-0.745948095111315
-0.812514391491807
-0.729921945877231
-0.785474016347626
-0.796219156401781
-0.688322032136511
-0.805942390827895
-0.826851111673836
-0.734543955148853
-0.780237578121447
-0.642451431695237
-0.840876184173478
-0.621981523186908
-0.834357469236669
-0.888875713086234
-0.659732088904318
-0.86988862117112
-0.756856463782814
-0.796127125905376
-0.609574810369437
-0.84755086891139
-0.653737021386923
-0.712411426244401
-0.693600174116573
-0.686376978377133
-0.664064838841039
-0.719725393591807
-0.68104770304968
-0.713958208893881
-0.781554748615336
-0.694916842028663
-0.867408516726205
-0.770618572695388
-0.733945541619776
-0.703938117581626
-0.794426367765702
-0.70390666904861
-0.429385105056122
-0.671023571748342
-0.766445460086306
-0.790176737177356
-0.689210807077057
-0.734985787000802
-0.609866259273113
-0.767443233798933
-0.682550977279305
-0.718527414688966
-0.681989694051354
-0.750212360341178
-0.714884472074493
-0.806854969421219
-0.755788163738123
-0.765482528271264
-0.725519419885924
-0.608151844905161
-0.651967966377581
-0.568495194665924
-0.756766554137855
-0.605367403902503
-0.676247818898885
-0.648838199296628
-0.638462677935455
-0.641971161861759
-0.692675628629715
-0.663039646484542
-0.725643728042053
-0.723155902151711
-0.638725295653658
-0.671640298284663
-0.603603407523074
-0.734318516592355
-0.670599310037795
-0.789982099436248
-0.654422702698936
-0.713234413721035
-0.557742698488506
-0.699093083105317
-0.670050473148359
-0.606877013889961
-0.538320696283621
-0.663955876263895
-0.580090396434679
-0.58435149986317
-0.496695088363203
-0.626409090755833
-0.471669444117862
-0.682976113707685
-0.549066003383606
-0.640003322235605
-0.698842918953732
-0.538948467819336
-0.52668572866419
-0.55944558638257
-0.524879330227068
-0.677088705459543
-0.609348601240357
-0.625739719848489
-0.677375137910538
-0.508722427162484
-0.701025561552789
-0.686753797080791
-0.562169574668816
-0.564936481570981
-0.551565631599707
-0.464893327246251
-0.522546140149463
-0.580536179229575
-0.461812566542384
-0.609367716718774
-0.524605614444528
-0.601988537092619
-0.497077992183101
-0.65750737019459
-0.562929853324908
-0.671374020275796
-0.460687349123141
-0.527705375835862
-0.596712094387834
-0.607721156471299
-0.502172848761671
-0.599649940680254
-0.55357733712148
-0.579293515780607
-0.48670187987239
-0.382834847236036
-0.533309415465817
-0.505811159752928
-0.512992439321609
-0.414149303515465
-0.488236882914567
-0.523470554886664
-0.450461684971863
-0.479484476070736
-0.574911671874826
-0.502424738860053
-0.62235518255274
-0.528460000357835
-0.469822330766059
-0.557458020055529
-0.477392166392082
-0.55538205662941
-0.437706029190935
-0.560639206597378
-0.450250349258087
-0.422000705115603
-0.312106811361394
-0.569686810908051
-0.408201296377867
-0.498683724759056
-0.579789341494416
-0.450407251602149
-0.451536706128223
-0.507514003872612
-0.50004550261276
-0.330161388266343
-0.650030054313629
-0.558859456052559
-0.476931891661573
-0.553434951650406
-0.40017817665138
-0.502325174119795
-0.393878220310314
-0.402338283729074
-0.531483752545304
-0.553841040870057
-0.331655187323032
-0.392248816920091
-0.515195698222812
-0.467030157695685
-0.415950231491612
-0.329194895067888
-0.49541932020996
-0.425531457842816
-0.292633071996603
-0.412878527126239
-0.38932531665663
-0.441595286381085
-0.407303589505043
-0.480784949226925
-0.454776964857268
-0.51102396090462
-0.392879941537848
-0.539883604488214
-0.415386369034659
-0.296745863207616
-0.540864541886009
-0.429718925264055
-0.429401118625278
-0.510274920560979
-0.294165650818288
-0.470196233030347
-0.416964139401269
-0.423041529290868
-0.470140864469248
-0.482400911330861
-0.345631095341665
-0.457982479950453
-0.415916660898536
-0.478103340049913
-0.453997246808968
-0.406494248305717
-0.52106883600994
-0.425457323821167
-0.365152025172953
-0.473582992679099
-0.392338187995837
-0.607407985328024
-0.336324181033957
-0.257607056135103
-0.314546193006789
-0.350611860964104
-0.465102156587984
-0.328798680368283
-0.328857040665708
-0.444189923217933
-0.244304199970103
-0.429977215454876
-0.354014166938709
-0.461810691541285
-0.351283948532372
-0.21739183336467
-0.294015905954808
-0.342699168952746
-0.355825065309908
-0.334714628238203
-0.412546566847318
-0.263262347296787
-0.380680841818283
-0.311573640944086
-0.279368097671238
-0.355850685400029
-0.322128606002783
-0.302392405103684
-0.374708457017361
-0.279373784939152
-0.181208531988889
-0.273473066524261
-0.366748812490588
-0.175605393565417
-0.261880830840682
-0.417703374139791
-0.319157869128204
-0.265549452705024
-0.330836258795038
-0.351551560237098
-0.329734214102784
-0.158022949191008
-0.198186138034656
-0.160882913583056
-0.126255298398286
-0.209859815577499
-0.4794455556022
-0.341037553032359
-0.183051025422205
-0.283463749987612
-0.306565546128891
-0.288113138333284
-0.268399584660135
-0.279878494720921
-0.125580635606995
-0.188621438404857
-0.204037367014558
-0.415555560183267
-0.252853405162279
-0.132414692347352
-0.246574526236011
-0.382590015902349
-0.253470077554139
-0.434651393420809
-0.187039147184429
-0.237888354662588
-0.0974766954092331
-0.127011566872858
-0.183597219067153
-0.238142212563423
-0.203148813186621
-0.259089683165611
-0.326629486561163
-0.211330443813925
-0.126989346752101
-0.0867293248684932
-0.27377024143602
-0.165597970481759
-0.213197159841288
-0.0052900286757548
-0.317655445891424
-0.136591969605329
-0.25824358629089
-0.0800291177614541
-0.0827021194297997
-0.213960412870344
-0.0671499771808571
-0.209851059572341
-0.299363573649989
-0.250931103395977
-0.0823672107708203
-0.165369410050097
-0.120076397737132
-0.133075574007791
-0.115847634664836
-0.347563037027512
-0.22642184610742
-0.242244554055819
-0.239042418870748
-0.0546670757399042
-0.131513737003651
-0.237660487743034
-0.0794664652627398
-0.131086240919533
-0.0922320559870856
-0.219774972175614
-0.154727096955077
-0.207273999467345
-0.297267865875391
-0.242267359370536
-0.166959950640488
-0.318666288068513
-0.115749850494539
-0.0878331515465185
-0.116254265066306
-0.0786197638739985
-0.127136131421557
-0.190495370563045
-0.0933597494235365
-0.158732495450817
-0.0614818115586152
-0.205477453791888
-0.110202111460653
-0.0455368792078217
-0.194110248347658
-0.151807575720947
-0.0623957212669646
-0.143852594067254
-0.102213915411235
-0.110563138225278
-0.0429441041882376
-0.0535221064011041
-0.110839056202097
-0.24299113175378
-0.0275050959594003
-0.0493371198140495
-0.00662251983451558
-0.127347846686811
-0.0317524297414342
-0.0865627384494876
-0.0930610049019418
-0.110806714024309
-0.131283805833789
-0.20545805689872
0.0881203339240108
-0.0443849885043419
-0.0138617384892414
-0.112216467717362
0.0342936311436515
0.0861571738133016
-0.0243792020339616
-0.0605562833321802
0.0218349872314734
0.0467722379408734
-0.110445179229488
-0.163819353951753
-0.0556488833426857
-0.189076693318113
-0.00307223172768061
-0.116431881838343
-0.0388165405936498
-0.0176920046720812
-0.0395152643209061
-0.0244701209355486
0.110349958756036
0.0511066444509592
-0.0789857534715929
-0.0526700492322322
-0.0228364533976718
-0.124547725843044
-0.0110615475189133
-0.0862397088726383
-0.087252285481087
-0.0287573019494216
-0.136412807624984
-0.0691007261051712
-0.160663315101127
0.0152507035578659
-0.0864817493582696
-0.0257509197110263
-0.00136528225853819
0.102468111330611
-0.0414299723127418
0.00679415976601209
-0.0147407389689846
-0.0373218079024457
0.0408736853224364
-0.117807099578657
-0.0726104942992273
0.044452971014534
0.00494316724325712
0.0175189369146194
0.0488571713258128
-0.0505449492849407
0.0221436759118796
0.223494257197504
0.0395003817375889
0.000939111879363734
0.0463403115568162
0.0344172844279895
0.0556264637392315
-0.0973608515762222
0.0978831091961199
-0.0275099159195253
0.0554188983351076
-0.0503592645637714
-0.0604741370599494
-0.033527676482547
0.0904575846132283
0.268505969809889
0.0225523408044061
0.103418599830745
0.0130997857058077
0.0279292985927735
0.166318241833606
0.109812281243578
0.0600442895382012
-0.00706094099505285
0.184052059924343
0.0027562088669327
0.195344180199986
0.0702258892110709
0.18742846677076
0.223342000543491
0.0695294463435104
0.0654334415411503
0.0969844986490188
0.0701324107404663
0.0310160110516699
0.14550939049644
0.16005793597791
0.148838435151098
0.0520948970850301
0.106046127590653
0.0159379563042826
-0.0582548816012577
0.0740193839338672
0.135799284363352
0.084272897298516
0.117249442573817
0.217048042057183
0.163856704863415
0.0808118544905859
0.116269292797039
0.10088346281074
-0.0245662649648128
0.14650774625764
0.12790364794751
0.193838004296915
0.0201145359648094
0.155431687299988
0.32855559854038
0.0715251874999758
0.13286282654968
-0.0181982980318357
0.0955628619330153
0.171215766436543
0.138275068802047
0.145027091105467
0.270291627535271
0.0617800842785501
0.153286214947318
0.189616241360753
0.219091059978163
0.136009177501584
0.0997898961662285
0.289713883831459
0.053524454103825
0.220598519349841
0.221629790687244
0.117374083205682
0.191134061440243
0.289923559260612
0.262109950296495
0.21469209433411
0.120938406703978
0.12896003119164
0.0763046968219612
0.132141318738085
0.118352095913287
0.216797901500155
0.222453504753921
0.213225807589663
0.158021429554775
0.26050540813101
0.267529571720707
0.22587675692348
0.258469027258318
0.222941207768836
0.197509150993419
0.146378128991726
0.214444941350892
0.202370321930252
0.224893814347883
0.285088479954456
0.181312354667642
0.134697700940516
0.216811713922058
0.184931702664038
0.215332322866135
0.22688924016097
0.270903320604485
0.168318238825015
0.19745230147274
0.1480037711283
0.163552859056719
0.248806383603625
0.189675782792458
0.248484193735323
0.285012656563153
0.367052868816462
0.484690984523478
0.260812307830752
0.210680008341429
0.222778351815577
0.222057794946266
0.237630892852366
0.207120132075238
0.158371895905949
0.305048408883368
0.128228914314979
0.363505320428261
0.415115491740623
0.187813478757868
0.256718993045638
0.179884780190942
0.393753534973967
0.262853813169981
0.189560656231466
0.305049898862321
0.322230549067237
0.159716124127992
0.292119823112698
0.341540948434623
0.3784125632093
0.162059905034275
0.330532262320906
0.419158857167127
0.252894064287025
0.240101528760865
0.36476082951173
0.168528493474949
0.412431981094391
0.370578386072441
0.334534251429586
0.472685323285948
0.421854966604754
0.287481275888997
0.319175638037543
0.341716518033472
0.196556633511661
0.366002751589891
0.236154416165429
0.27383067937939
0.378300218608231
0.299918944529455
0.248910884875001
0.398174366051236
0.551908367238846
0.476630723876622
0.282023128522645
0.236741543781385
0.455703497240321
0.377274873048457
0.359784855810187
0.31823821693403
0.401824439243458
0.408792809416188
0.407356423226544
0.349357719109219
0.258007928784665
0.387261655147076
0.381025285133929
0.34725106910702
0.333446785147061
0.407580540580052
0.356016935882227
0.429924075101546
0.353280910358514
0.48006235700515
0.285451272998774
0.349896487107375
0.244084348075307
0.21064641627716
0.466652094420132
0.418044997370757
0.423430107675069
0.35500882167197
0.41271669677537
0.4481080064754
0.508377159190132
0.40712809735989
0.354774828155625
0.437148154244347
0.434358229899158
0.48292841703485
0.453430785576977
0.356430320471757
0.593869955703108
0.431138365408982
0.564200194079998
0.521838549453466
0.491474089355963
0.519914074619107
0.435472828957587
0.452186023771293
0.541508874005089
0.506143812431323
0.422784380722826
0.496783516844918
0.463064925338431
0.492118456919898
0.446233686486043
0.397901331283921
0.310283038145415
0.330339829117007
0.4169752215703
0.392617816307527
0.440612132128914
0.407753427815685
0.504005759468305
0.440318209394425
0.478830271560195
0.473520921725595
0.504886934559014
0.510724060333697
0.526542404774899
0.372808458928095
0.577653438341227
0.497506751129623
0.389481808642975
0.40308692858851
0.371284504641518
0.521683133787285
0.377050728368633
0.605108838228302
0.560456983016632
0.43949954406398
0.512680625527522
0.62143686287346
0.5322351069434
0.556041625855188
0.570769849173526
0.415521894028899
0.414512452090035
0.533625725228329
0.552349247699345
0.406226950577233
0.380285048766983
0.646380771166063
0.562230271191567
0.561059010885546
0.58796741634513
0.571985468941803
0.543366274387802
0.501414729251972
0.594015480946524
0.450429873598175
0.610329181694221
0.557089715927416
0.437148898856848
0.676530778686749
0.585428601896317
0.644002842348218
0.470798400359457
0.498664103774709
0.48030461627468
0.671031150241431
0.514517414154068
0.593327180330089
0.595131683248374
0.517549428520429
0.639717301645564
0.63689235962544
0.614153190938485
0.672324639402574
0.617738942278682
0.709632361491754
0.513284053730819
0.560030002040116
0.370283474069619
0.528945869481242
0.523714479835854
0.523751748719064
0.632221034638377
0.57116962787409
0.676122119854336
0.509685825666499
0.496212813414517
0.598462151353462
0.739575233032285
0.671362969792058
0.640421981327349
0.455639414035521
0.597614342480233
0.654158011582413
0.604029277422852
0.687510392529939
0.628599250655272
0.481900809655819
0.618948825100674
0.657366368135939
0.569477719057485
0.710676929371381
0.779001746562615
0.450301772909128
0.768762718507419
0.563615048292241
0.728707412630919
0.453189654306215
0.581190900320489
0.716041419778341
0.652783449728412
0.499153343684601
0.650938101250551
0.531147022964387
0.732304888947657
0.709499975090468
0.688836642283615
0.576256803210782
0.804752505132107
0.758098469800331
0.509543782281621
0.660104092968539
0.80117552876535
0.779513315065724
0.640404134536547
0.81169719467075
0.57033723137698
0.660204263595311
0.741230111213
0.600990167797107
0.666971899502619
0.757428228322623
0.693036307233773
0.752284280064527
0.662425960996954
0.658711901600609
0.745362212995763
0.623992210621933
0.744209677692298
0.635232619798263
0.796385508879799
0.707084778181184
0.766100219492114
0.51659315006366
0.843645402492808
0.726078695609386
0.741803265527848
0.735748225507571
0.745390807011117
0.647410048385067
0.708449307708259
0.8090117847717
0.811528369334849
0.748512227704131
0.683475609097926
0.556511226682773
0.588739911321343
0.794850979971156
0.81127936976597
0.682779177065518
0.7826313054579
0.702640370122292
0.659791122474384
0.830143157835137
0.887551286437063
0.694265780667478
0.757877002608282
0.776956144348706
0.711259445724183
0.780039332164285
0.821386062236391
0.844977726955879
0.868342972733236
0.779875090661025
0.769850802599681
0.616444701235714
0.810961010523004
0.534032090282045
0.882496742667313
0.841643395775065
0.884896487477082
0.78053818973273
0.704146765927199
0.804303236405883
0.776408127155168
0.736503053442166
0.759403235474691
0.815852692605922
0.773114994127666
0.751372340728438
0.659072849133472
0.984489582725606
0.717738774538731
0.83455941748042
0.713726403332884
0.80758631627397
0.844179600032839
0.970990155609257
0.862966807605592
0.731625723008143
0.889446534555655
0.744487802997439
0.751174373632687
0.838566833961157
0.825668099452574
0.781407252700389
0.871884621486935
0.787625271479048
0.93996504742682
0.765047651561275
0.961237458307718
0.925095809272911
0.714920798113628
1.00513215636615
0.820472831395268
0.881256577907303
0.780775735461848
0.824469867001152
0.932344459783839
0.818633587089245
0.837732035603797
0.901164157400794
0.8692561974611
0.907912272911294
0.928159240677342
0.900102343078615
0.938876357702431
0.870881650487412
0.868208407015462
0.839724107733624
0.894516748923814
0.829157186969375
0.737955759233655
0.895181649302756
0.917747459595705
0.974147610661903
0.721172585784274
0.867897394927924
0.90812759690596
0.828714267834473
0.747377438013799
0.766440542826138
0.801132445092024
0.845799308521105
0.807681012183245
0.865178177549209
0.897119390273161
0.966999361934083
0.987149191948895
1.00319763866019
0.774032754700499
1.00808395972543
1.0156707939912
0.983969280634061
0.937180137973968
1.06370208688448
0.958626723872855
0.904376933923536
0.993988365686393
0.915799171701173
1.11847098955274
1.02802303202396
1.01193484333064
0.820895495605487
0.910376305127967
0.994697284008026
1.08931912929523
0.955332421601897
0.983888375116429
0.916533308116776
0.944326966497496
1.03873061807953
1.0382444636588
0.984332386856198
0.98009877077279
1.02976004729439
1.12248379802022
1.06833091762612
1.04084578689255
0.941178353386952
1.01669777626347
1.03167818084299
1.0058796621485
0.905080665573942
1.02151019203134
