"x"
-1.18894215452323
-1.05765536409588
-1.10465428975083
-0.876720171101253
-0.942144810717409
-0.942301729411512
-1.01555754130462
-0.908947695063822
-1.14862672060905
-1.02794526779548
-0.992395409673361
-0.984568809089301
-0.914815837744005
-0.863958382911903
-0.919054326357198
-0.982212423641638
-0.979531981569691
-0.979795512977173
-0.95759703887472
-0.903566836936378
-0.935653054005594
-0.990096709375512
-0.855229976733884
-0.915980518156771
-0.978417063641874
-0.833494675398055
-0.912914762473054
-0.862527715612538
-0.933919334545416
-0.978204596499793
-0.964230125288552
-1.02870360906133
-0.907462483348
-0.898325733098655
-1.0461639353775
-0.948521926792398
-0.907514782223884
-0.9154402205896
-0.831410916655577
-0.817289358297427
-0.901595496659135
-0.7906326673822
-0.76863564012183
-0.799766019942119
-1.00779476199894
-0.904574102033932
-0.88327960779774
-0.944802936077073
-0.898915857618133
-0.879249173297649
-0.797459708342203
-0.996196675063787
-0.849743477392835
-0.869385458624854
-0.905511393395357
-1.03777002709679
-0.930009779098831
-0.914840678224239
-0.958834126701118
-0.919185909453839
-0.70866875630279
-0.927956603751672
-0.884087300890908
-0.765439363312329
-0.827025925235712
-0.703211834987245
-0.910567854472514
-0.818532902045706
-0.800563146967708
-0.831495432695848
-0.851965317073346
-0.840948150236477
-1.07653843664193
-0.942451146031913
-0.916352430368954
-0.934075957812516
-0.846395119835306
-0.717373159081274
-0.769560815597598
-0.825949468173516
-0.859012226910116
-0.837158262069582
-0.86759369701561
-0.835266441395095
-0.795224895338587
-0.713347032640796
-0.814440985294748
-0.900674938212802
-0.871794196293296
-0.797294119874726
-0.742348322619357
-0.722718718988412
-0.748932009187301
-0.640068017881327
-0.804577824201549
-0.923141625731069
-0.859352885606064
-0.705007021400427
-0.783094065989753
-0.730358662018963
-0.890344001663798
-0.791947894092155
-0.803347526550535
-0.876432219625818
-0.810088451463662
-0.842783234725841
-0.773458243648649
-0.803896680929989
-0.826719312062977
-0.780140562321674
-0.809510762525961
-0.813480556791564
-0.783385375868492
-0.624463103095425
-0.785234049064154
-0.879752175994778
-0.649376673644899
-0.685945836014136
-0.6373404408263
-0.658725704856734
-0.663554519355303
-0.77756080316905
-0.729915864395398
-0.821571534714573
-0.697255054094132
-0.701775279797252
-0.714968276087471
-0.570044549467057
-0.673226931054678
-0.7827372146567
-0.67441107459273
-0.873365825087758
-0.608520570923386
-0.616724215600196
-0.729766673619985
-0.775387704875606
-0.751286105829286
-0.723132303337586
-0.649242260685296
-0.763646711922642
-0.675657484865469
-0.770653307320327
-0.777756901738138
-0.853488984099832
-0.640536015368073
-0.769292851641761
-0.639608270836999
-0.780184146265056
-0.746146938749077
-0.750913190060704
-0.550389211379693
-0.658192828688539
-0.774961417612869
-0.585646635861577
-0.761456810939908
-0.719027271310389
-0.59641258057791
-0.718466361584623
-0.761540938356796
-0.751363212624384
-0.695674148953215
-0.769509453205576
-0.594483299368506
-0.597758563794715
-0.669494801010211
-0.577797151901061
-0.566084044588878
-0.700464631690198
-0.544946287131115
-0.752590465208937
-0.713390820925766
-0.655176562836355
-0.736743246955067
-0.568412011096716
-0.707830369225996
-0.64694152250235
-0.690302801530886
-0.60542621884719
-0.67716182568761
-0.662824754127177
-0.691588316951143
-0.616815548532783
-0.603605811192993
-0.589609175901421
-0.667857707199531
-0.618538682251422
-0.603695161285113
-0.660325119282271
-0.672190149738761
-0.845947209303898
-0.524743947622124
-0.697856779579142
-0.649164920178789
-0.627494169144167
-0.633607682979057
-0.673037621830865
-0.547208781056082
-0.730185696624999
-0.550358440577572
-0.601940814030407
-0.597837423384947
-0.699958332365916
-0.64226920404802
-0.645317548731082
-0.641579193805594
-0.662617894269042
-0.405648239335671
-0.518287871024914
-0.754644813892654
-0.665751008901257
-0.560881053370228
-0.484582597353961
-0.519162124992331
-0.512949954177536
-0.699195019682499
-0.423886276209377
-0.401214554768756
-0.718779458186212
-0.612584887949036
-0.571553870684605
-0.522007446190645
-0.493000933313622
-0.639311718086933
-0.41641056790621
-0.499918819200225
-0.637859570199949
-0.686018553788112
-0.463291646029633
-0.400051429303717
-0.440030629845874
-0.607123360953686
-0.5630848413586
-0.37534087120805
-0.589870515299024
-0.526746225112109
-0.569924146802458
-0.571513018516617
-0.408658282287805
-0.576668512615023
-0.528771272769424
-0.555659462550504
-0.393957267048502
-0.594559883179691
-0.465585737803577
-0.377326246094668
-0.515912350425665
-0.572824278995693
-0.572193952768513
-0.443965115858127
-0.484002813073233
-0.565557063342929
-0.554728775602223
-0.557681398435954
-0.558681944933648
-0.68880897212431
-0.459759387183686
-0.433476313670668
-0.370372638937453
-0.48958291493196
-0.540068662973606
-0.456400598193971
-0.409360019484343
-0.548189899269511
-0.417595483674001
-0.498330007040918
-0.425675175711822
-0.460155530092743
-0.489146994514962
-0.375675846261081
-0.353579882289664
-0.483263080254791
-0.547678921061244
-0.47279849941911
-0.305615191134367
-0.450720485700174
-0.393650088368606
-0.374409425218542
-0.499336011295883
-0.567766123489443
-0.458883482817013
-0.318002909171132
-0.376785428209305
-0.538779725936368
-0.428882334844727
-0.388364082825092
-0.366216253581409
-0.459976436491182
-0.475406793655175
-0.302724378581238
-0.357161937509777
-0.395069268273873
-0.56804484570138
-0.379339395345205
-0.388279385677357
-0.419802454652995
-0.30364577762067
-0.550298442280653
-0.352126370880337
-0.458345175212529
-0.482840874140761
-0.333712302841528
-0.395053122954567
-0.359642492603139
-0.404747853903889
-0.204382161303851
-0.249988620069766
-0.379709905344088
-0.424123958464083
-0.313943701350502
-0.459660218180463
-0.292679679131153
-0.576090632793207
-0.487683369706833
-0.273550124307839
-0.405445145628962
-0.266092714837709
-0.375576940316805
-0.51349250966606
-0.277212124445207
-0.293471095539967
-0.306456529207367
-0.329150389612021
-0.232667759450478
-0.227753211995861
-0.339451494991799
-0.324544361477583
-0.349883290355425
-0.295579663191255
-0.466848027114832
-0.348758828017291
-0.350742568012829
-0.325504598990454
-0.138607930044699
-0.406199817618001
-0.434195217231639
-0.440996736120915
-0.318956362309736
-0.403290647272708
-0.308231928133483
-0.407733536876521
-0.287626754209095
-0.41078187177465
-0.330421506128918
-0.247959419995714
-0.341533772157706
-0.274376231323013
-0.406159567495414
-0.296952489257105
-0.270832430394368
-0.280970403831681
-0.450992596328532
-0.363482562685043
-0.247096185079795
-0.229014442183385
-0.286514302996287
-0.336622039040604
-0.2942651262999
-0.367902809195532
-0.187335869993032
-0.320834680083275
-0.243028417613949
-0.38638213598151
-0.342103608371793
-0.336356453279472
-0.271659261509831
-0.400572861161611
-0.276619271566692
-0.247668082437526
-0.132078719786232
-0.136612390931315
-0.150392987677883
-0.320784734728786
-0.313070272921671
-0.214249931036702
-0.311240563948977
-0.167951498868324
-0.275203613315387
-0.0678983681732763
-0.276309801252699
-0.463896483064213
-0.325604174537385
-0.233457419009871
-0.16917525875442
-0.399529909198305
-0.372079918586962
-0.238253976034089
-0.176200988769416
-0.13464981757006
-0.252496462205552
-0.175681705377762
-0.297846882672995
-0.149003300634695
-0.133736301784277
-0.373375657517918
-0.162746315261668
-0.278312576553048
-0.212779749840941
-0.164334863709265
-0.180175502896745
-0.211929919305248
-0.0961663339618309
-0.200816495932468
-0.344832600429198
-0.226840518132697
-0.0667594411688191
-0.345240136993495
-0.170099301580425
-0.19392857680269
0.00555209515445118
-0.178002113558839
-0.165720274164722
-0.0881294448713009
-0.238939202515168
-0.211633369113686
-0.150312784072972
-0.342755625579346
-0.0867004178547262
-0.306927080698568
-0.137110257440508
-0.0845090155155698
-0.241431346077947
-0.145643152141317
-0.212063443695689
-0.256212578002033
-0.263791662968504
-0.0956737600738838
-0.139968470375159
-0.034138735763186
-0.173020096646629
-0.0400028995109253
-0.241096117587614
-0.301550856932607
-0.259823974669187
-0.183318321034717
-0.254507333776907
-0.0694645690004379
-0.176776491394228
-0.0234052319317617
-0.0692547156555558
0.0413464520725727
-0.0344738909771002
-0.102334103583844
-0.00205343179665589
-0.191839437437142
-0.182130407124645
-0.121746512623153
-0.111758028692239
-0.0235588232847328
-0.188125604232841
-0.0994486337059811
-0.128052234565626
-0.0260802050143385
-0.192854441707224
-0.182620202612659
-0.155040166003691
-0.0693838974705804
-0.0925770631922022
-0.0190582772181723
-0.182489605786868
-0.192772603168449
-0.118306641317448
-0.0384343820258839
-0.163295924986229
-0.173585622007145
-0.170127754695091
0.0436384871694123
-0.0912574270968197
-0.0535636437741492
-0.153251306894105
-0.154445760220169
-0.141604254833246
-0.147007003539784
-0.236281551210614
-0.107747412478744
-0.0792485119979124
-0.110515135946184
0.102257778644718
0.00315112993981823
-0.137001979910638
-0.109382140550213
-0.128396800548559
-0.0076330490095505
-0.109767167397076
-0.159612619253485
0.0873716636742984
0.103313483170458
0.0649187685636541
0.0533572774493319
-0.186039905809788
-0.0692286571912049
-0.0279513432499511
-0.0358926455900951
0.00272465586617344
0.0423441298807301
0.0440914028621108
-0.1339129068195
-0.185242517720022
0.114237519944007
-0.0763509984275291
-0.0281150188801014
0.0499616133234069
-0.0941771467703096
0.0350744115110072
0.0434223265790863
0.0301631114175538
0.0353879807236434
-0.0979905287628885
-0.175984281003595
0.107453624067228
-0.0952117007692577
-0.0373249933137931
-0.01598444416497
0.0587751276932693
-0.0974609973721425
0.0376616161822007
0.205149427193299
-0.0539709080845223
0.0363101126618246
0.137378967802128
0.0947553848072536
-0.0178278927207317
0.109223362517688
-0.0181397307614555
0.0422870920659547
-0.00893280286185109
0.192507172529475
0.122967185242056
0.144768285400518
0.0559432645017973
0.0797042720067019
0.112201886947542
0.0409475320665777
0.0414824681236608
0.115967822970968
0.0512198414279519
0.108120539995928
0.0321183242041789
0.0196368845012114
0.0987226543337256
-0.00274026146103575
-0.0250818556595895
0.162752993267157
0.103618524825916
0.0193131066822856
-0.0519463140207171
-0.0157332825669087
0.208643828258353
-0.0230911571414528
0.136874881752911
-0.00958529967593524
0.0440045726311355
0.0895749394629742
0.0174292205505538
0.182043596511205
0.089929018593041
0.228946482592219
0.0425674679399086
0.189454555146194
0.0273280489714838
0.14966466557347
0.0203043840496343
-0.0990626854960391
0.110308129355195
0.0725930593264566
0.214360995385847
0.245693756165409
0.241034893965674
0.0312671297108893
0.139031441132447
0.246220800074662
0.145015274476514
0.105596208273248
0.119386369375125
0.116172634864387
0.138776666230753
0.156872903041421
0.0197898850921726
0.110030587352998
0.195209275737136
0.065898224380511
0.337214787896651
0.0429614349594886
0.214177226354857
0.191860911276551
0.173914525523044
0.114401342954682
0.228890875379887
0.10318499550138
0.142298066484195
0.294609826565777
0.30692407353118
0.27722302914304
0.119039810316128
0.0895981469720236
0.14328219501069
0.194925458954967
0.120128824743034
0.209707262719349
0.151564835650835
0.297130713574674
0.119745743312797
0.0876962851506798
0.178473324456628
0.194768301516661
0.371798949102513
0.344437857118279
0.176462795170898
0.368506704535062
0.224637460572487
0.235206071237488
0.260733289608827
0.251558356591885
0.203871645127324
0.125497320104595
0.258326671829218
0.314859044621437
0.290624286241109
0.223107843200709
0.349186654118054
0.258494392063658
0.343975201332686
0.209802799461518
0.147333460728533
0.240452506737667
0.282448340272348
0.290184403752887
0.169293994113141
0.33469360277476
0.239802821381332
0.310738237211172
0.288020117465391
0.126743333131588
0.0899269330798404
0.186480606046499
0.396906849013587
0.27140059876619
0.286357102320736
0.30225070229346
0.355444497715297
0.226834204705347
0.0785470469725013
0.378738861507973
0.304927323586958
0.204976074159349
0.356733237510509
0.0659339521103293
0.336977071014703
0.197145128776188
0.225920719538191
0.27647533871892
0.279866737955283
0.26136919164742
0.368426238107411
0.353458999490125
0.406351030626943
0.389480179049569
0.427632780495041
0.220807955147887
0.402601180828831
0.295371323129528
0.337067625895849
0.206132361869814
0.392616139731741
0.220958870318592
0.506213841864911
0.450570074375073
0.270904627569609
0.328767484619973
0.372702953896304
0.365986514159356
0.23721961878364
0.275602455183374
0.312439925719045
0.328856294800985
0.406901251300775
0.389180694884328
0.277828322202108
0.464897850229544
0.446963756926981
0.416876239025783
0.483239234768755
0.474455728532537
0.347786871605745
0.382273948917031
0.56182149848298
0.184452050990914
0.352130891488601
0.444394690710234
0.265631665589321
0.28223881118714
0.236033134283274
0.53503883010225
0.405167358105362
0.308970609481981
0.487494038079847
0.412084942326374
0.385066095163851
0.370687292526357
0.429904617822695
0.34270697452365
0.502595571895235
0.407593536670034
0.427557530024317
0.385112073702406
0.426534564083775
0.362930832602533
0.386498044808989
0.441261614685593
0.384825597226824
0.42158381448092
0.418628027765925
0.29650227464884
0.371460113780355
0.400489299388729
0.495302830738633
0.392866407157666
0.45642265211547
0.366961615344318
0.431379805466814
0.434128212557356
0.279390247923162
0.386944818381659
0.565393893779276
0.485392719329992
0.565394808626874
0.628044515650953
0.45504908472491
0.461388432870638
0.329062942281561
0.54397857634317
0.472344752584668
0.351146353273696
0.548423179314769
0.496425102992194
0.463492749499526
0.594121700545885
0.444758672598502
0.526768216904416
0.523118751350349
0.556275773120733
0.468259678279643
0.568169229036926
0.428259535789827
0.563083403951806
0.419440762510266
0.374379362118444
0.445830974280939
0.722086290453018
0.522859914111824
0.490649669770534
0.434244848830901
0.504481107772502
0.558716529344175
0.554195436363893
0.402391439936177
0.566366381826552
0.671216649881481
0.444936846093804
0.461175722778298
0.445717592244796
0.378541864249712
0.526492669582272
0.552627363160808
0.469076535616325
0.515920084876819
0.520955989005307
0.456489058463342
0.433571378466368
0.515748820009663
0.550281762474055
0.615621017137503
0.62906111663087
0.618126409790673
0.350488105133561
0.511347692336698
0.586098057662384
0.596415804420767
0.595092809603272
0.43813029208947
0.552069434944467
0.636993583128724
0.618427748093297
0.556762884139169
0.649969954876131
0.560007999845184
0.530319877952417
0.626539165979588
0.574585543423457
0.662541610993331
0.548816412481664
0.617541055997547
0.357193454372992
0.475428088525652
0.593237741471627
0.548231001304585
0.625844354524559
0.546347533396115
0.564354798339019
0.550870393201431
0.542768129825621
0.621286702901424
0.564918685579202
0.449808173604589
0.82010629920452
0.650712502625651
0.586313502012653
0.592817300190943
0.697446884507501
0.496551648049664
0.717772732068209
0.606209315368905
0.598261852963055
0.589912464081147
0.626135741379073
0.595667787743455
0.644835051304557
0.751557951773498
0.590914297156047
0.740444210927861
0.553411806411773
0.592662284592396
0.685406465523155
0.593042177779488
0.603436127398514
0.768496061242752
0.72259989860239
0.609426353672128
0.643998327057293
0.666643939992148
0.71879260632435
0.726102710615471
0.672227897334675
0.759132480127171
0.761339563236653
0.743842063512332
0.565564387273167
0.592966645408758
0.713655100745032
0.76249505488845
0.74480240737567
0.662700191761221
0.529196036600207
0.620098727874695
0.764932966669705
0.617310495794626
0.715001049993724
0.713985079985971
0.816407462074238
0.66319479099592
0.632976594030174
0.573742534528166
0.774334511800639
0.769782541606829
0.622956422191029
0.673467468445047
0.690543238696523
0.706356118872433
0.692111479656053
0.669762182952793
0.738376640457144
0.603393483349587
0.878254342780346
0.631217442614139
0.529564658982915
0.777560668827263
0.733880211385341
0.759778923760147
0.684835800792369
0.8634973320799
0.694051145744301
0.724566940270672
0.714001246494927
0.722118296493357
0.714956172581703
0.828982299515784
0.88420000402667
0.900508358078135
0.749304242584934
0.654602143709728
0.57688906485881
0.727116082271645
0.709446560145881
0.838377885034863
0.755738532559541
0.696034562152112
0.887711790925909
0.702517351766109
0.866318822311022
0.755993474860353
0.663678944212895
0.828342591674239
0.726216092178353
0.955735440864952
0.750949340556734
0.675509493573397
0.829445330952027
0.847200673725502
0.709053396024197
0.774817070023143
0.744628880973484
0.857917316238814
0.75873995708299
0.811629536685162
0.66291608424175
0.654987212649419
0.871118532870359
0.851078069914836
0.813746075642914
0.850299769223327
0.841903341133402
0.928373296256824
0.82486698246908
0.799879163103002
0.918817551943582
0.959764495060237
0.753203887325788
0.913944663997889
0.675141134292504
0.735356553342819
0.847410053240507
1.01661820220521
0.758982730553728
0.891621856514559
0.791033921129116
0.693719397339835
0.836273874812619
0.910085708150511
0.788267853401321
0.758130453916362
0.884564234093587
0.877872943046917
1.00584888485645
0.870973805183319
0.888269891204593
0.89191370415871
1.00878434433588
0.812993405591191
0.866037913363412
0.943567478905155
0.754133785371437
0.970455101145362
0.932277173081661
0.694621726515746
0.894944288394102
1.05095880909278
0.899889954579538
0.743824307410757
0.932552479640069
0.779237911733508
0.910831503367905
0.88447693540216
0.767124337332534
0.866493436964701
1.07402240499471
0.816245114564642
0.806229921345084
0.980194939158242
0.930615214397425
0.875835056078806
0.947733592606963
0.876875008733693
0.884869766142614
0.9163493257518
1.0509167079572
1.02748846204821
0.847296760404842
0.903956114059451
1.04977785380157
1.04499649612875
1.0297119598555
0.976405162838494
0.949742416333448
0.838279272294914
1.05192905833867
0.966674358122509
0.895138101346275
0.790297550699992
1.02641119204662
1.00340262635393
0.796814508316352
0.748373927747925
0.826320205738406
0.984183665617534
0.845403268681897
0.956873674174022
0.824777630873011
0.967294739510359
1.00355510758681
1.06412175758264
0.998907457506281
1.01697088977454
0.992977841083496
0.986142635512942
1.02562569930487
1.0441537501905
0.979587010666225
1.05526452650023
1.28208006568735
1.15515237003903
1.00296938245451
