"x"
-1.03761936215422
-1.1058463826134
-1.01709083235826
-0.942510709645323
-1.05470676885427
-0.996676504974389
-1.0774002522731
-0.970542393141334
-1.14791592701559
-1.02872843336673
-0.945317198282822
-1.03762567616842
-0.994090241159646
-1.13075309734265
-1.1262940840981
-0.982894180126425
-1.04706248423845
-1.09168148456286
-0.849097532218466
-1.01079109943639
-1.00902746358406
-0.877266051224951
-0.913360604263531
-0.966104320878494
-0.890579481617313
-0.857982717957016
-1.00913843741448
-0.855851703694705
-0.930186721016819
-0.900106290273144
-0.953865601055683
-0.908024089456915
-1.0056394089276
-0.840449903540418
-0.883341495167449
-1.04184460165185
-1.04059977568568
-0.943668143423767
-0.864692100889749
-0.974152158205779
-1.04444884304314
-0.785644548999845
-0.991211072045744
-0.989870888009276
-0.94360730553687
-0.929312647590711
-0.988259006231343
-0.933167023189195
-0.875916502247136
-0.974350262952868
-0.919550987623746
-0.947578979321769
-0.89694341018193
-1.08960974534966
-0.886788869166199
-1.02261283034925
-0.937579921075505
-0.720502613914188
-0.78933841867463
-0.881613050211227
-0.88210570416062
-0.877641015184788
-0.726897714594299
-0.880028630793978
-0.944438097991322
-0.877007110481491
-0.935041281224909
-0.979760991837353
-0.976595852242559
-0.83797380878802
-0.768867162056642
-0.866348670250287
-0.828546822784384
-0.838715693565704
-0.968181413111333
-0.861429508364612
-0.888276977874419
-0.62314230285904
-0.846539750831119
-0.739230320925129
-0.70579334656359
-0.764365969851682
-0.862794606266575
-0.900513712729613
-0.999300224135618
-0.822388158639114
-0.788127441297037
-0.898187204395783
-0.807161663728435
-0.872735751208778
-0.775504317374204
-0.860920277095703
-0.936542285021924
-0.781141631248222
-0.794557155850471
-0.715074097503629
-0.729720431892685
-0.736546743484876
-0.721476016631191
-0.735740078026182
-0.856315481977096
-0.747132100735575
-0.61271331119339
-0.879742505653312
-0.814121901867365
-0.808904301509577
-0.861931716154704
-0.800764013948654
-0.73276509733245
-0.718586278061731
-0.706163488553868
-0.805271467165727
-0.718385355033781
-0.872178072182188
-0.688851625938279
-0.898435525846168
-0.737114718996698
-0.915061254573929
-0.668001477993943
-0.882789958729466
-0.717281068805103
-0.794029200727593
-0.820105757330463
-0.955646182445107
-0.735295119618879
-0.83038712739703
-0.750549260444
-0.631802837041158
-0.699123724722056
-0.677045634249522
-0.705057024029255
-0.778403054998171
-0.782633691266196
-0.869502139972601
-0.908005875104976
-0.793818607995603
-0.639777314079273
-0.629159258472486
-0.758141075135097
-0.684772179886807
-0.796400124990217
-0.467233241041613
-0.692236778098141
-0.771115581943278
-0.623599708290209
-0.507423729486693
-0.871012032555603
-0.551491002547129
-0.685126403212744
-0.613447253699458
-0.821744472932829
-0.66553028486444
-0.801207620249735
-0.725263021536538
-0.606334505012246
-0.643866571792876
-0.575446078298418
-0.635435693190562
-0.623444754516368
-0.688610957499343
-0.624530910800539
-0.721471203831979
-0.617002876044494
-0.538813372886599
-0.650649741445128
-0.635929808435976
-0.68919210616364
-0.598539372606377
-0.587964186340159
-0.680766352233085
-0.763200959778731
-0.613024238709592
-0.645513654225247
-0.650303050082707
-0.593039039134311
-0.513188975112331
-0.574359838793357
-0.575808955491117
-0.639520530268727
-0.668127981201652
-0.732081395743051
-0.707255092568482
-0.417529191340812
-0.599888277314587
-0.627130743290176
-0.721269627466124
-0.573784233270706
-0.590521734307087
-0.729849957020534
-0.593285781386153
-0.680096553742571
-0.614025571420423
-0.743361471288099
-0.689738667314644
-0.504386127863292
-0.654731105349475
-0.651026464128545
-0.66406553382449
-0.713833535770279
-0.497718937737098
-0.674978837428847
-0.614605901323749
-0.637398318002827
-0.60921149575201
-0.60744905266645
-0.499237704455363
-0.660221644777461
-0.570682898097388
-0.636903030842574
-0.489746590347636
-0.480782035369009
-0.507785007218634
-0.595066979089985
-0.486183529667622
-0.498951722964439
-0.544994459081039
-0.462371643192076
-0.511485862014641
-0.597587419114283
-0.583043916302638
-0.564393725516173
-0.585751367707667
-0.637786752113797
-0.524613668719584
-0.412748734209375
-0.57244423918608
-0.489667584499792
-0.592788324528401
-0.536031736230239
-0.463571087569659
-0.4371371549993
-0.59253017809744
-0.503143862642526
-0.54166449889955
-0.546783351621155
-0.50337586194989
-0.545861772512432
-0.543652361898896
-0.568842238554369
-0.520832125738644
-0.594952310473564
-0.574120105329425
-0.471214001826581
-0.618943842210115
-0.532411123637239
-0.532579703548472
-0.50892566578687
-0.561598456810848
-0.481066853423865
-0.550766072295009
-0.539351727181782
-0.616211859371942
-0.398163531089295
-0.627379411532768
-0.475692490407537
-0.578738854507772
-0.515021156673386
-0.516580139773749
-0.461253744825129
-0.493197002295434
-0.617079697911322
-0.602887199214525
-0.363082950605164
-0.575697874467656
-0.419548267025898
-0.487514293363365
-0.429692519128702
-0.535072641928034
-0.415073945462926
-0.399741955499471
-0.325765703544695
-0.440538198793446
-0.566151865593228
-0.465241375893396
-0.417558183882434
-0.331938662393799
-0.442855724745082
-0.488064041327344
-0.517652359464403
-0.432387326259048
-0.466283868393485
-0.52873326481398
-0.321778276572792
-0.422174225643997
-0.441805837359164
-0.36232430097207
-0.387471288315679
-0.339114172759112
-0.323778706921065
-0.325778764691954
-0.43297929226958
-0.27578417712707
-0.300737139984765
-0.527341003962584
-0.373155143625442
-0.410818785667643
-0.44867068223323
-0.253224639982583
-0.420385648190488
-0.416247864067935
-0.428926072128865
-0.37423114182798
-0.364182899953357
-0.481434167299112
-0.312755803532634
-0.391636426128379
-0.380126221425161
-0.471990464951773
-0.465623646530025
-0.362930615075215
-0.431378042166953
-0.319250635373118
-0.299353650634626
-0.413803236826465
-0.31247460077723
-0.329434299864888
-0.422310038791417
-0.167569767736239
-0.440038582531509
-0.258530033102522
-0.377953192341203
-0.412443334396652
-0.391186218955141
-0.408817438089802
-0.372665019750527
-0.462800702742908
-0.134814341600588
-0.335747655227392
-0.33923704889683
-0.179873866943394
-0.363051036834682
-0.253470705817354
-0.355739455914076
-0.324858505436785
-0.357846537532347
-0.449071351189739
-0.344172001812606
-0.414769014038013
-0.395730467348738
-0.236488863042094
-0.332906527606424
-0.369832932570873
-0.240405978128639
-0.42334095120087
-0.376153805632837
-0.245928551708364
-0.337168843198086
-0.478528212874428
-0.418646489629264
-0.215634557716551
-0.325365802324895
-0.314603436261315
-0.213240208597989
-0.258615507910076
-0.19967189808109
-0.259315426943017
-0.31385176977068
-0.280414435531833
-0.421893531773555
-0.235201083514249
-0.397788630143573
-0.41968558068718
-0.300861987021877
-0.270954514515604
-0.164592345594206
-0.401977341925588
-0.293257177939125
-0.32615334636512
-0.158300733579634
-0.187745904185519
-0.235095504159253
-0.298829879664785
-0.27674746724455
-0.410102599364332
-0.238748279276621
-0.210533617793141
-0.302784504740289
-0.276363941779192
-0.309559961825825
-0.387913878098508
-0.26217343863698
-0.24793878520963
-0.378173217763749
-0.244318140395881
-0.347019247553075
-0.311000870668857
-0.388622516616346
-0.183907962642693
-0.227293681984464
-0.213904363278009
-0.169769422126708
-0.173437120569186
-0.264279346041408
-0.0611764202757284
-0.341483149005609
-0.235018700983418
-0.216117788871002
-0.136827553505714
-0.289159695373575
-0.322690717876363
-0.248782201940696
-0.122056384199511
-0.204500876977675
-0.296467174316545
-0.345031837156722
-0.038550423594889
-0.059899931507822
-0.356370283087687
-0.212620095547494
-0.22261125714494
-0.265979684695865
-0.0450354169844068
-0.158673974284399
-0.240837955206972
-0.221244152341924
-0.132195865917291
-0.219439598520588
-0.184938168987649
-0.0672366040600367
-0.157552614655273
-0.0954953046326716
-0.193932116062355
-0.14464287324264
-0.208798602194967
-0.203914660091218
-0.0744953529058573
-0.0700757584600212
-0.162947964230518
-0.0667749557688232
-0.0189552284867141
-0.0911632362649999
-0.105252284167165
-0.246986643093888
-0.169236770114364
-0.0591177612905726
-0.0461217687233288
-0.089505639948642
-0.0390923492552045
0.0738983954393223
0.00935503714528054
-0.223423002571475
-0.142984782142583
-0.0656572757909826
0.0811479372089838
-0.138351587531696
-0.0632443628402866
-0.158262866296746
-0.0623834407169899
-0.0598203445595814
-0.274625575536782
-0.125855826926198
-0.112733529731483
-0.1205968953995
-0.195407453210868
-0.0274378320216995
-0.1124440954085
-0.0302215277697755
-0.0288426248953475
-0.0600576177587743
-0.119020121823142
-0.104778627140062
-0.0181278536969139
-0.036166319922179
-0.0596740828668604
-0.17765928411579
-0.0959487624348514
-0.0611717842083505
-0.113251880115481
-0.131524881369884
-0.139395589016484
-0.0885397524795811
0.15743021533915
0.0828657392478034
-0.100318925170865
-0.0018925659209599
-0.0368805215102275
0.0468530112465977
0.108254914369842
-0.0159069050801215
-0.0455882323078213
0.0342393563638143
0.106702442595451
-0.0135152363457619
-0.00271704906634937
-0.0300634855130116
0.0241458822041969
0.0477788231784403
-0.0776193880444438
-0.0685889259448019
-0.0259974856395084
-0.0147551409998613
0.0350197714518176
-0.127987886119157
0.126009036528706
-0.0351836652258389
0.0732261026043827
-0.0133789235052044
0.0338126829709281
-0.0854625687088889
-0.0184830119774891
0.00768084917928533
0.127961299983251
0.0527184104017907
-0.0452202305283564
-0.109038968737854
0.201520064739395
-0.010451615575928
-0.0227149789312218
0.100346752089939
0.121802711820997
-0.0341495879485745
-0.0425842362612452
-0.0659057074353513
-0.0148403728268036
0.133863356380439
0.0473546719762508
0.148973886714484
0.0469255203051167
-0.0423548515925516
0.215423772068427
0.105014612465828
-0.0586714778594526
-0.0944477115165707
-0.0557735829212388
-0.0899383777802239
0.0354931768047263
0.0994543887363863
0.202300346256267
0.136674919122233
0.0380115258778217
0.0509795263048802
0.0396216694508575
0.0438136328776967
0.107333527939987
0.362139471418171
0.0921309571878358
0.0671611528173169
-0.0577640601526985
0.0814750988930061
0.0711867466516241
0.134944013047403
0.151367990815111
-0.0175037747858752
0.086997050129181
0.208309393434427
0.0567665887184641
-0.016824759273981
0.118614258498564
0.0272144840983004
0.0987940849231001
0.106790360176762
0.110904168771243
0.173777511292116
0.0680579441782428
0.0634599492555891
0.119762604159195
0.0361395512197894
0.118175939409121
0.134334692751562
0.115175549452917
0.213780692956704
-0.0442363907196822
0.0826733202352607
0.160375077494195
0.237298548149839
0.0504983870366995
0.0310153713736294
0.179518067260375
-0.0142324140348915
0.199339841582604
0.0123338431082924
0.24833347964017
0.173933517355118
0.131251643860476
0.113011550810391
0.0856291375855536
0.254421861875617
0.081702054493939
0.223681723256287
0.0264319508486386
0.232463215741613
0.227667296809849
0.103618061900084
0.0868737691905606
0.342887592054481
0.224397230299635
0.244273729997942
0.171123572330193
0.0809765960099471
0.0603540816673688
0.115850521880132
0.0171037047122243
0.258869411219969
0.276710290820671
-0.0428365600274687
0.249343596103254
0.303521376160317
0.238382370169395
0.239459841094589
0.185359821774713
0.147084997635789
0.159008220705499
0.284199542132862
0.079160786672734
0.325827724614598
0.289166536691137
0.167368262808941
0.234308113059013
0.224510931472798
0.263065942621054
0.297706311343005
0.0938981822405957
0.213014484677272
0.263797196377308
0.259296894932461
0.393183599480328
0.270539450286112
0.244602733871639
0.296331453457934
0.236824474692193
0.159572581502312
0.258185710260874
0.304727375411873
0.0500878601424709
0.197901176257583
0.227435958389443
0.40290396727791
0.157749642928589
0.385043710078689
0.364649323333924
0.264242783246139
0.150974886697599
0.277240985698445
0.253560313459199
0.33832225541356
0.185187400679069
0.389421269180711
0.424554157482488
0.277272074972285
0.245584447932829
0.254981749606657
0.204949712750612
0.41364847562688
0.458946418686015
0.327462679181092
0.190146421593339
0.135033845645067
0.454956837066801
0.302502402637536
0.233223556503173
0.314931479919443
0.247438784685902
0.422676287903387
0.283221898572588
0.272606042751783
0.244795421564379
0.260247677262519
0.384193161435613
0.296735298502674
0.469519758818983
0.301473681157783
0.380233279349966
0.355632044299996
0.388794616738193
0.30458935086835
0.264546826331084
0.404332829686257
0.32904672052278
0.4474564059074
0.331993697790085
0.43690776481669
0.33998210455936
0.290553514332985
0.352012430379267
0.461260758878693
0.447132025975439
0.403829955612581
0.375198545462892
0.3411538915705
0.327380944325351
0.166748822234262
0.41160048674563
0.200278342040505
0.229533975511392
0.414212344589097
0.440811565410049
0.409015149626898
0.358271280730412
0.354547437085806
0.347621554029064
0.38827771798897
0.350555353270121
0.335162531722063
0.348280996622225
0.378687755941677
0.331652998550366
0.280364532161916
0.3762393568351
0.448256535821595
0.376303323588457
0.432447852338119
0.315400926859916
0.352014641884146
0.307240717607468
0.227842712810308
0.56972273014512
0.47602257209028
0.336372323772897
0.417379390599038
0.54358307534544
0.430452285249403
0.46997006322526
0.333824785699683
0.353584530470329
0.411961845888886
0.362272826073567
0.291962634005136
0.408173004896964
0.291580273006611
0.434701254187154
0.512054747252116
0.465300400763204
0.453849055094557
0.484441171144837
0.525709211748153
0.466881859542939
0.49655761575508
0.387811209942806
0.640843539932514
0.364855581911294
0.533970668549302
0.425985140742088
0.394295342816221
0.509574517484363
0.414159730994479
0.558844886458124
0.51356995565771
0.315969558032836
0.397082295863043
0.416159089467764
0.411597000240736
0.600381448016322
0.640487480873886
0.658290986241553
0.437002073366028
0.467616154086832
0.608002011042014
0.488429049183122
0.426528898183796
0.475314532985886
0.443598103287062
0.536226169254522
0.49556584468668
0.644881853389331
0.349985118768193
0.595506135979968
0.595023017838637
0.462054170811609
0.609958787019764
0.565934927641163
0.596675109612275
0.656911914536339
0.506529355495546
0.458108191750874
0.477253940150433
0.590842840770747
0.480744355719679
0.472818018128295
0.597298452239319
0.583938405205827
0.507244887123923
0.59646723915853
0.496996607468758
0.724083561044617
0.714236370253153
0.399424766034285
0.443195703039969
0.564187780796838
0.572445937487167
0.488092787578345
0.375511154958693
0.454671107620237
0.540492104765262
0.576069069547596
0.590530940389339
0.44384197391463
0.702027549847589
0.630614210795606
0.580227541700414
0.561977152411677
0.694148516674361
0.430321195357201
0.344071015615336
0.535577388551824
0.529961015925745
0.524618706531049
0.488644606220222
0.42491931279343
0.55842479685443
0.552037516990387
0.851336752865165
0.676326733634185
0.579067307024485
0.614675312915241
0.706728286659247
0.638570111918511
0.6820689948253
0.659014080645851
0.584659232677471
0.5987975575091
0.57802044230671
0.68007310464596
0.509375311121273
0.685552055525698
0.683513345865303
0.680412313375998
0.739622345714518
0.580312710089214
0.689078399674062
0.634542803091572
0.68207139090176
0.589260712720721
0.730992016278853
0.824292664266025
0.816389316340627
0.650192757771592
0.616480000987597
0.660782687394187
0.796859901511467
0.652655100432156
0.71550254992787
0.697785353404398
0.665162011875642
0.559559703407798
0.606245313386986
0.643065971342889
0.569311554670417
0.786571895949779
0.575239527438819
0.627007185949778
0.480324435057947
0.615749582499343
0.649663411271074
0.526345759885299
0.685717593995297
0.654465698507819
0.727885107835825
0.618835893090003
0.742877210757111
0.650256194428829
0.542390857903447
0.592933675878785
0.732981700631157
0.806036909906092
0.829026957931157
0.731320489315297
0.736924116547562
0.773452564836031
0.644806046759901
0.597409775269687
0.767342164194714
0.74675651841424
0.734777088187095
0.772960776375049
0.791821593606964
0.681089546379939
0.810959969557648
0.802035877647677
0.671913890041001
0.645773404316154
0.668564270506792
0.706548664918657
0.836602806507917
0.836627888160621
0.605737245715387
0.705198163102937
0.869431048721673
0.787623863989243
0.817926319819157
0.657901061084646
0.870766679722099
0.786187397747842
0.806398431678557
0.763863854139188
0.780351009469038
0.893422493437775
0.650730656380977
0.847499367692944
0.807376690748443
0.777523686297669
0.715134740341949
0.777574257988066
0.891659921536244
0.813391362439201
0.789040142137982
0.787532074270072
0.781967911900732
0.75339984333006
0.765453335644693
0.85847824923896
0.720274566869316
0.612214975478187
0.960157253646241
0.688911157151868
0.897995257489435
0.864831062396269
0.85132468000035
0.708439530162732
0.84451965658125
0.903701848124444
0.735055513279611
0.798335696390157
0.810482961680639
0.895406253122855
1.00913366734578
0.849875724752274
0.659151778302871
0.764426448937872
0.792004691833424
0.90019927622366
0.788387853685837
0.839557797024793
0.857433377610677
0.838264589059747
0.708752471324278
0.884660371490392
0.826041881624429
0.950114169099407
0.897064924546741
0.744890474291798
0.96282031283608
0.843505001088424
0.816629348994836
0.730816059594721
0.844322655459899
0.777751117508373
0.859189912195018
0.939498963989707
0.865090969937694
1.06724255448914
0.87535001393021
0.870099400083082
0.688879084099058
0.965027340457451
0.956814817318882
0.948526073649415
0.841870354889371
0.941709948093142
0.866713055747455
0.805855250825131
0.808268746546604
1.02656560606828
0.931592612121938
0.876799627870747
0.891765870331817
0.879972146928814
0.909469469679083
0.955607232449129
0.956308635941773
1.01926325123509
0.9999170492153
0.903952371320058
0.813502669051837
0.813376214282759
0.905233286781107
1.02436064533425
0.940986107415336
1.02008100969533
1.0241456002709
0.996188304271249
0.900752682240374
0.819896981537751
0.890434791076172
1.00512298328015
0.872775185463219
0.938242316459677
0.960100292035477
0.898133276994748
0.842457169422872
1.08717496212634
0.902722564196256
0.765264282600003
0.886774441720348
0.889427308072989
1.00455774034995
1.00964161994545
1.05168296061596
0.936572247316044
1.04690107192189
1.10114294336814
0.965674814338412
1.05116457030302
0.971113453457846
1.10446387319636
0.968449923687744
1.02223217893299
1.00251090657753
0.921483572094968
0.952101480790707
1.12377728332607
