"x"
-1.0249058263426
-1.1283843427251
-1.01280631360344
-0.94800109694979
-1.03986186671472
-0.989252933713191
-1.07944887563256
-0.960155361058992
-1.15555289504679
-1.03193610430171
-0.967189430307165
-1.00664329748964
-1.02253415088326
-1.11878042834549
-1.11985175136188
-0.982815819578669
-1.05366924294537
-1.10136929534987
-0.856574404819071
-1.02964994288653
-0.981148794579778
-0.89916552158076
-0.901868416504729
-0.961820471809161
-0.889321956325705
-0.871548970836328
-1.00188489296227
-0.862085728962183
-0.913620521753818
-0.891485115939281
-0.933534279133706
-0.940875165613418
-0.980264101823712
-0.82244673728012
-0.889868529143074
-1.05047031769593
-1.02712366259179
-0.947162307561157
-0.874710490608463
-0.963866958719374
-1.05692293321997
-0.781262293731692
-0.985551771041716
-0.968423558860805
-0.962894600003365
-0.915831775028041
-0.987254434586971
-0.930525384230363
-0.874944161746468
-0.968165080530944
-0.890391889909102
-0.958832458954171
-0.883620974375006
-1.05491927176259
-0.888710048589787
-1.02810977443312
-0.932540583900284
-0.713633009224528
-0.788319614368004
-0.896808663353504
-0.878663147264225
-0.884568962125782
-0.741881744024413
-0.868269814066207
-0.94258761294181
-0.856341462401758
-0.944172585862316
-0.9814451721356
-0.980169972147971
-0.840288436434516
-0.758475525428087
-0.875778837721671
-0.814116031322957
-0.831793392900736
-0.96326578320657
-0.855166857834385
-0.902124935032942
-0.635301542739467
-0.841883545259659
-0.744789777641056
-0.705819037400087
-0.751976980976567
-0.866032286197058
-0.905131781436394
-0.998870901133042
-0.828862279051582
-0.7900448098629
-0.916077274693353
-0.801465694577777
-0.866808828532749
-0.795684686054941
-0.852416573933188
-0.922157491501104
-0.80387288475484
-0.788939193240058
-0.706980200459186
-0.741561515774236
-0.724287970499018
-0.72330396171209
-0.716753231670709
-0.84559792674471
-0.730232648617641
-0.617307856327046
-0.882378991157216
-0.815885131912867
-0.813311485775073
-0.864973237318043
-0.808951731223473
-0.750274061521725
-0.709485716532247
-0.692792979048159
-0.80095909197228
-0.733266421469076
-0.865088016553924
-0.707354371269609
-0.900136283840866
-0.717852018833478
-0.890853619831825
-0.655063265694925
-0.886459037668421
-0.727738010785334
-0.801382449311916
-0.83130907679846
-0.966915026986609
-0.745555376131513
-0.833602902233783
-0.748093164932501
-0.629562348666457
-0.731683127767098
-0.6810838537297
-0.696343151090588
-0.786362561757529
-0.814721000864572
-0.882696455246995
-0.897125488193963
-0.803645261891298
-0.642744894882063
-0.606476045258817
-0.755944945460486
-0.676055137327228
-0.779530865285852
-0.459811191036707
-0.685437342984358
-0.773285506802759
-0.63068100151267
-0.511139913835261
-0.869627009458608
-0.550448663058494
-0.691080252244045
-0.600664360877225
-0.79787643292307
-0.694039708945683
-0.786301711299757
-0.739487308896437
-0.606508841985979
-0.642860632270072
-0.59243109029742
-0.619803340526485
-0.60263426728871
-0.692588155979227
-0.618187653211191
-0.716813894144138
-0.616920496474707
-0.529027009418124
-0.637798785747999
-0.606177744878342
-0.717039013377652
-0.603165173654864
-0.564845355609089
-0.691860200799775
-0.742272046679581
-0.611871026965264
-0.643061886178853
-0.636922098276415
-0.579963527823249
-0.502064787548357
-0.572552710772887
-0.569731562751274
-0.646589365384859
-0.679226583387925
-0.727946067094339
-0.706333547340582
-0.43441877460481
-0.594309094329765
-0.615248198346857
-0.701986730662019
-0.595902133724416
-0.572171964201598
-0.744628608590636
-0.597616461273862
-0.709163453564904
-0.620740065377022
-0.720265451596313
-0.695443157060557
-0.511166541853877
-0.641832288350294
-0.641759897003304
-0.677734831709296
-0.737036474572853
-0.506091687486185
-0.654069579322428
-0.636987137101742
-0.653169565722473
-0.606538753169672
-0.591643948863385
-0.517967695472031
-0.660929025997512
-0.558696436744618
-0.637314200530477
-0.485497283532542
-0.479544988533985
-0.485885053551659
-0.564355069665837
-0.492115018316394
-0.516145003798825
-0.535551857057155
-0.464013821343642
-0.503090562720555
-0.606550918736903
-0.590947424120695
-0.553490706898994
-0.589142954697428
-0.600363657905736
-0.51310267797982
-0.407487368986117
-0.569037284325438
-0.498940379590231
-0.590864006191402
-0.549048082347245
-0.470758322730964
-0.41075283916595
-0.622989213969631
-0.50107440256676
-0.530983997467188
-0.532893889493822
-0.483652210534903
-0.540794396764631
-0.538251928734905
-0.581242773672385
-0.533935584959181
-0.57590813158615
-0.571750871669656
-0.484185907427832
-0.636840265733469
-0.541485910685612
-0.52758882471061
-0.498683261423488
-0.558210951135478
-0.492947181296186
-0.554983351528119
-0.5145499837671
-0.597278790443708
-0.390872293104159
-0.610916657472959
-0.463100754686433
-0.567124416100484
-0.517188024335907
-0.523336134206117
-0.461116801764511
-0.489920591350661
-0.624499107623442
-0.621517687997421
-0.361609718839998
-0.569281412425757
-0.418765414763616
-0.488556821936045
-0.429908350042256
-0.5201868337105
-0.422873283317592
-0.410246626809731
-0.335820372672174
-0.436467131331582
-0.569458778326809
-0.446581513394202
-0.430139645243225
-0.345543896658584
-0.470968578860772
-0.499124998008458
-0.529292228938549
-0.434715934949663
-0.460459433453053
-0.532587518726235
-0.345880925821981
-0.419078816052483
-0.430688774885964
-0.3859777009043
-0.389807093920603
-0.320385163306392
-0.332961004959538
-0.317077049186557
-0.451612629742822
-0.26739167868754
-0.312817018516648
-0.533664824537645
-0.373301864980566
-0.388329229556533
-0.451375678298157
-0.234920456886096
-0.436560459729295
-0.416431192262439
-0.44574156144853
-0.357514693135164
-0.376431842597857
-0.477688249541294
-0.313601132228812
-0.389180517456222
-0.370552291608084
-0.465635611854154
-0.472096615123701
-0.340003892296625
-0.419057784340787
-0.319560037404027
-0.303348541714366
-0.415400408335199
-0.320053478695757
-0.318322649735103
-0.43432536073936
-0.17730251548971
-0.439243299979825
-0.256477557126417
-0.368246080996759
-0.428363621096306
-0.390582761872125
-0.395616709809087
-0.363527495959365
-0.471264435176568
-0.135305623646039
-0.328706382623724
-0.33289491205492
-0.149617425403745
-0.353360410808087
-0.250986338797999
-0.350599477109912
-0.315763217343492
-0.353385866897058
-0.46462602447829
-0.353980138129963
-0.413130440463277
-0.410128462222092
-0.232312167024303
-0.331456866056145
-0.388423912830356
-0.242815796775338
-0.416152284800014
-0.357155546649921
-0.228174678490274
-0.352212558623515
-0.497002994795088
-0.432348030406115
-0.217844263337839
-0.286133542134883
-0.295279188768567
-0.20817602642189
-0.277406860125024
-0.198772363076791
-0.25671172615779
-0.3111815161332
-0.279800029434371
-0.413906291333598
-0.236796866653943
-0.371331880315623
-0.379981577019572
-0.306083519909592
-0.296080360226811
-0.171810387509672
-0.410255257123435
-0.299669848462425
-0.310006394124816
-0.172515350882915
-0.205769002846312
-0.237013124989482
-0.300595193829491
-0.306134778364638
-0.411847800833165
-0.250688697376761
-0.224432020811423
-0.29258935337905
-0.29113376749596
-0.325842488532865
-0.37555420312137
-0.289773367018888
-0.242393518680595
-0.361745352325034
-0.232415081791002
-0.33218628766454
-0.321975574088778
-0.375208443745673
-0.185656889803764
-0.208867904199531
-0.21494426560912
-0.193238050799837
-0.163437207261483
-0.26976629039436
-0.0855615303334627
-0.356054746022796
-0.225179936233688
-0.204021680026215
-0.139773383601102
-0.274473559056478
-0.290603329986298
-0.243908603155141
-0.127227153955392
-0.196925658992456
-0.295545117554393
-0.308773357651884
-0.0306917696279745
-0.0628153968009636
-0.358022171082187
-0.232517455404341
-0.217420299122765
-0.277346913355881
-0.0295915768127541
-0.167955663056909
-0.240520546961125
-0.216663505012379
-0.162387822575353
-0.226113965484571
-0.200946061550565
-0.0762981288261764
-0.157127291273639
-0.0910261650513181
-0.182400604985868
-0.136849090187823
-0.17746394264812
-0.216262045623785
-0.0426347641134552
-0.097548035316506
-0.178163272695018
-0.0755592991847413
-0.0150810608727227
-0.096852232847982
-0.0564447257439222
-0.268695051258222
-0.154823050450097
-0.091194044196085
-0.0437645231978028
-0.100533171111072
-0.0703944104023071
0.0744072582907587
0.0138261253119316
-0.223565727214442
-0.122212965353551
-0.0697230919712966
0.0714585458181261
-0.136346566467503
-0.0789157876770591
-0.158748377567604
-0.0603375329615343
-0.0893330540220246
-0.258961333935443
-0.127591950777186
-0.104571273787418
-0.122851410420383
-0.219641243866488
-0.0137240990965592
-0.0925037391625835
-0.0283777070812718
-0.0382129927098347
-0.0422894998937438
-0.120830941292556
-0.0879286301575879
-0.0253855988286004
-0.0444208198305628
-0.0578555010968365
-0.184044516348538
-0.107297596135002
-0.0494758056429209
-0.133291267686031
-0.139481569572666
-0.132437262903016
-0.107791081075322
0.179842311163976
0.088395571722764
-0.115151135958173
-0.0117086009885262
-0.0343118308009036
0.0519663650203444
0.1244286119147
-0.0250557953298381
-0.052320960238655
0.0206506891678698
0.0861346557571541
-0.0181565168988963
0.00728442492834813
-0.0476253992572692
0.00279528504479412
0.0351190645843042
-0.0945196237713079
-0.0681430236541984
-0.00917731534845336
-0.00584927895169341
0.0259870243623111
-0.124512872406237
0.0996983447560634
-0.0362768210004603
0.0523898926672172
-0.00891500543047571
0.0289658785463364
-0.0978576155773915
-0.0230422490060042
0.00467874150836164
0.138548825881307
0.0548838109265714
-0.0416813885037002
-0.111643482340119
0.207534158513259
-0.0135318279241909
-0.0343735534742022
0.0802670662806481
0.125580556233385
-0.0250100956079415
-0.0298639554491825
-0.0804315354007373
-0.0101497418753962
0.137145096222415
0.0483843804014534
0.142531826143746
0.0577339756405273
-0.0312011444202895
0.224997667410793
0.0908703167588848
-0.0516862461404623
-0.0972306097473944
-0.0432709313598356
-0.0875159453058777
0.030501054521338
0.086906172904035
0.201038740130437
0.136988739213814
0.0563182801101993
0.0424126437664979
0.0492271397196289
0.0446200876047506
0.108505119246383
0.364480911865656
0.112987133838262
0.0744071403749863
-0.0247700278277449
0.069692468835731
0.0819803858549452
0.129908605573868
0.172999210164574
-0.033518720842484
0.0537904367403663
0.197835456442066
0.0525066377448532
-0.00243523371325804
0.110147204484407
0.0283989094811293
0.0832079225523315
0.105327595086712
0.12423132603878
0.159117475625347
0.0817405882157377
0.0641055757707683
0.108936367035899
0.0312605821162587
0.132656009580642
0.135812048132815
0.128087230119815
0.212046614189353
-0.0606828296030703
0.0832967742932924
0.164908296314547
0.253060233605727
0.041029419551703
0.0289930940631867
0.192048880937457
-0.0188078632549587
0.196714504565214
0.0185532333035831
0.270294096917731
0.188972112470709
0.150874824781402
0.129401945466513
0.087726811099055
0.251182669186656
0.0686873847882929
0.232383584907073
0.0122169402061332
0.240606292183456
0.216630658441481
0.124403117882817
0.0860051123187056
0.335075385017757
0.213318348389698
0.237319639880712
0.18510944310904
0.0737035452687801
0.0572660613406683
0.143796238004381
0.016286534362668
0.253893601870998
0.284705439463485
-0.0356486183636048
0.244017098496157
0.309286628452722
0.225811769856066
0.236534615570033
0.191895818020939
0.145001571121869
0.158331269525029
0.259459730930853
0.072006089914416
0.321374931461558
0.291872831896483
0.174661467050003
0.242232067616664
0.223976195667858
0.270504611290683
0.29302056652044
0.100271166384239
0.198179606123024
0.263051749678819
0.255611227279058
0.374335608977108
0.280103861409993
0.221722057809029
0.264891212848392
0.242766915482129
0.126888463821585
0.25638221991013
0.29304845251453
0.0873196602356618
0.202209919917495
0.2427416224856
0.363603174598844
0.162176510318458
0.371414917912154
0.375384066216864
0.268750582183939
0.145233372136291
0.295090643885275
0.254495262815626
0.330976711367297
0.184544294451449
0.382633194978864
0.43504505443566
0.276009020398467
0.276998176161449
0.268433966991233
0.214992312319216
0.393346932763619
0.457183016247075
0.327154780357317
0.177725149807948
0.132705117768332
0.4478843044427
0.291275182510825
0.232616566537275
0.327342671022669
0.258774580862008
0.390536326209284
0.271222783984136
0.290464935762754
0.265852334851221
0.241391023587362
0.397266662532441
0.290426597950493
0.478537709295563
0.271361533766838
0.366461964535753
0.360792898346031
0.391647493010317
0.309292702908155
0.255938656812039
0.412220748402734
0.322927449749864
0.440791088678984
0.314458188333669
0.445527661399898
0.353209578000987
0.283078248137078
0.361292478053471
0.465008241713051
0.445566443197416
0.398672388420523
0.374876440111104
0.351684561884903
0.302270507415584
0.166417979080722
0.412969795193016
0.213515483762695
0.189784468098021
0.431195323236149
0.443311797299773
0.415805954377011
0.349719750144801
0.356596797557753
0.352200222318338
0.372787568621349
0.350769828993321
0.340794219893837
0.35782250434931
0.397576165571088
0.318996941728877
0.293600086527654
0.382801582247308
0.446750535288533
0.35631388807025
0.426184062977478
0.327997518766561
0.350949737686026
0.313636197179992
0.232337744665319
0.554856753836222
0.454448581172068
0.319902914156501
0.424350351761844
0.521119165363057
0.409515611570857
0.46063418655836
0.335288355490454
0.357714735057298
0.392034947548101
0.361344483223021
0.313714595435466
0.421096056552847
0.286184345380672
0.430440079123057
0.523084989715327
0.475060454106304
0.482456298880844
0.485278257569109
0.544197446497898
0.465956243246139
0.512905427191796
0.41416595689775
0.639539841179437
0.379779631297999
0.534828246546161
0.432022180519005
0.421597589907237
0.51701428575983
0.40275961167124
0.553060758835815
0.527194972673145
0.330570326345103
0.372745001003919
0.405407321671938
0.385980073012045
0.597392093384724
0.615261268015866
0.665427910296732
0.459555820049277
0.484736509806534
0.600920103970322
0.511538874318429
0.43048992564934
0.491024838658076
0.462482361236479
0.538716827705756
0.498027281963579
0.633815549360189
0.347041352812935
0.612264751407645
0.571092664724535
0.451450804425313
0.63179519056921
0.570937833000227
0.576166178207661
0.646124662454378
0.526578135659381
0.434404398731734
0.49190288106592
0.608103090217042
0.500253474006758
0.481110037913187
0.595264891221687
0.585967220709332
0.533123404193462
0.57528536566019
0.514321077904929
0.743634127944054
0.70604973466817
0.406089116649959
0.468836972887891
0.570226002374076
0.573275950750656
0.493030271564517
0.36424580304884
0.481263336251211
0.551278566894995
0.589207464256227
0.593809195937562
0.432212621143535
0.694450228384824
0.64645372616161
0.570131563500912
0.571111072497372
0.688725825306197
0.416606687293741
0.378179585493243
0.538857630523168
0.53005211003147
0.525140341514949
0.477906479582253
0.432193911409525
0.586251296038106
0.556099089810032
0.829206184007374
0.681597235421012
0.589352505706657
0.625821748336648
0.692908637706525
0.627854864409976
0.690523124712821
0.638874037369358
0.576163905541469
0.568300590715321
0.577125721351662
0.684126828644356
0.517628822271854
0.685914616017645
0.679356266218308
0.674115806554021
0.770187616509077
0.574102261731691
0.689880241751131
0.619826920996034
0.682633900635969
0.588212895465341
0.753444394575715
0.831206786575109
0.814759428616085
0.644776994397053
0.608348043338824
0.684867163180743
0.793064436942758
0.650934993817485
0.720666267725376
0.685986499092148
0.65755465746964
0.560547013653107
0.602851580082214
0.650826187756957
0.569044327255157
0.795956015581353
0.579898947562455
0.613613055733126
0.480592702340621
0.598629672992252
0.637513518154864
0.541923586133425
0.681311957698434
0.649956740718321
0.739605075420954
0.605662898224195
0.7287063566897
0.657405658142277
0.54103902776089
0.622663378906782
0.732043442350025
0.79972705631509
0.812477812954502
0.746966507512619
0.717001275899992
0.783691359547124
0.624551880126035
0.614144637703892
0.762114285056003
0.730177493341459
0.737693693018302
0.746554798687208
0.788547154072226
0.684955073564974
0.809328170277303
0.813453033096938
0.661307152527022
0.644348355372562
0.669666407069387
0.715009269929285
0.846539088379705
0.83066043959215
0.579589489376477
0.693081275443692
0.867820363331268
0.789920446103151
0.816005785005559
0.677536711005909
0.863000719250331
0.802372673800028
0.811938846323081
0.761318389374399
0.787484046508852
0.912227803833398
0.664254187042528
0.843851912589219
0.796438951699632
0.785874485330595
0.735967341812261
0.768479544588917
0.883669565685773
0.791468088505197
0.819365238264975
0.794327695757356
0.784141090151785
0.744739520136492
0.78417097393215
0.847623122115582
0.701961209116169
0.598810512500744
0.968200395817829
0.687845812700248
0.894283931305835
0.868290225561821
0.860637501128704
0.719024769132162
0.827224492316068
0.900451199611113
0.750054860600267
0.805702467627874
0.833117118385365
0.888999013467313
1.02549476638272
0.847180593813515
0.639930184238664
0.780769707282389
0.791444896994314
0.890750288757701
0.782397645228792
0.835710296158634
0.833434744663882
0.82417569034622
0.693625427969203
0.880766721707771
0.831507539134757
0.966950125028415
0.891386863249552
0.740683018480075
0.958823870844492
0.818248782192123
0.813263290741028
0.73520956229685
0.829093212372924
0.7899129957901
0.862818172184469
0.942580364038315
0.871767516337175
1.04384968367101
0.853486577714675
0.889912173554735
0.672985051209072
0.966965453422696
0.94870728493181
0.933016164016142
0.854901152556582
0.928587977343769
0.85611191132577
0.820245176323081
0.821745287557338
1.03399270143713
0.958876736385246
0.859749067490229
0.915517666807919
0.869121452069759
0.915986419867919
0.932794978145218
0.950287483553361
1.0162937825554
1.00345913706355
0.906464867594391
0.8096134100702
0.817641445877702
0.906774697630563
1.01327996578972
0.918301067293154
1.01652163271664
1.03297697196135
1.00381333600697
0.916996254244172
0.818988934024606
0.879810054548752
1.02191233888718
0.867254211558921
0.9073435420769
0.948451858911158
0.918196398694469
0.843034384863717
1.07651058956307
0.9047925870777
0.765379484531591
0.902882906372653
0.871301253375435
1.00076898522047
1.02303687848447
1.04714712483954
0.950692411411457
1.03275924812405
1.09924873471073
0.978409398432881
1.05989567689365
0.960499704334924
1.09962191924853
0.978093919443355
1.02158385863208
1.01376885380199
0.935669067004338
0.962574785743438
1.12444329052845
