"x"
-0.947384229468083
-0.83481295083099
-1.07765299249695
-0.868552288935423
-0.880574114822139
-1.03262936606265
-1.10234124705426
-0.938588185365503
-0.935289648878276
-0.917616674450561
-0.994744469793873
-0.983809241969072
-0.948954107129142
-1.18496790094985
-1.00856384055991
-1.008244211025
-1.00279453546541
-1.01498798145457
-1.03263285029186
-1.02507492701909
-0.959089595827044
-0.860939068456452
-0.977355718226303
-0.874582441182589
-1.01259594729788
-0.937875203640895
-1.05764822248932
-1.03770386067871
-0.969176649274959
-0.908603598278801
-0.958592281300131
-0.822083474817996
-0.866727676011244
-0.897038953748716
-0.796032822018396
-0.84559945601387
-0.729851890846069
-0.997308188156519
-0.872442479909109
-0.880441545934096
-0.890579603175488
-0.85946833016277
-0.864240396152181
-0.883944844147494
-0.845617280340466
-0.828861865468635
-0.913123212380116
-0.952076916277635
-0.986860590075113
-0.795032677903678
-0.865766019746943
-0.8698031890255
-0.719099137518689
-0.862409043820648
-0.839057311940224
-1.00256803774879
-0.867400186927854
-1.00249402742025
-0.836562228050676
-0.915498904106865
-0.782106526268827
-0.911767050180826
-0.8245773166329
-0.924489257707005
-0.949759363483911
-0.919019975625105
-0.827058474277678
-0.906847505259829
-0.890127560231087
-0.872795524883729
-0.797706184754155
-0.832573080125959
-0.947512374429571
-0.814468995753018
-0.738811951219068
-0.816116520812191
-0.808965682871679
-0.750821961640807
-0.708466949932982
-0.868745327587568
-0.822526188421709
-0.718589488170705
-0.913083053238462
-0.774950139562579
-0.820081489308134
-0.887242016925884
-0.84919358113488
-0.863913602780676
-0.822685689959019
-0.850073126187084
-0.7371653830164
-0.87525447837521
-0.881634399369006
-0.7254842176583
-0.885258109934558
-0.747427180406964
-0.773430338983234
-0.634051692183482
-0.740462594639945
-0.876800668433667
-0.835746069070203
-1.0532860363313
-0.760129275858734
-0.791763714505462
-0.547865700827627
-0.770000288403225
-0.832281708820628
-0.817767047356346
-0.743571952742373
-0.806680675600494
-0.733161717773001
-0.791429505455637
-0.787778243606696
-0.694351497872125
-0.799376824858284
-0.814894573054118
-0.742359702389502
-0.781715337403712
-0.634765134840133
-0.841777239995438
-0.626790317343305
-0.846015576738953
-0.853023570626502
-0.674878754389702
-0.888594218063878
-0.735905287506349
-0.798315613096974
-0.597996574383708
-0.867882428592814
-0.636931470264276
-0.712775319972604
-0.682268738601076
-0.695453991953352
-0.672095622216172
-0.717405173069536
-0.674171576154486
-0.722701408442283
-0.765322528119125
-0.688114474629342
-0.871612497225051
-0.785054347274361
-0.76647435571026
-0.71112076869327
-0.808401601373889
-0.701677091126859
-0.409412046541332
-0.677742477513923
-0.735382874970853
-0.788379274559779
-0.678595408926932
-0.749094442607661
-0.618572874138933
-0.762231950604521
-0.692280567980252
-0.723632613271544
-0.687998645187523
-0.74618601036851
-0.700446576090916
-0.807627419702309
-0.76686147073787
-0.760897943208833
-0.719184369190274
-0.593482751878533
-0.63055828954396
-0.582775777135171
-0.769446824838171
-0.611400923223674
-0.658868711689446
-0.641895271877212
-0.647080060783565
-0.641601398964247
-0.7124515975258
-0.663845108110944
-0.747057229598541
-0.730509173575593
-0.632565818605268
-0.653660538574733
-0.597825132003202
-0.748811759016959
-0.686386074492278
-0.784307435175093
-0.649690554353218
-0.708693442414268
-0.557535523578151
-0.691334920798837
-0.66189905790937
-0.597657467191932
-0.513298212597229
-0.641875463875597
-0.560715778106207
-0.580146215881181
-0.485296012711137
-0.618209460824991
-0.463314861799914
-0.702268718107044
-0.539229823449972
-0.638774046277356
-0.710385560868343
-0.526674865450448
-0.552134696664924
-0.560931029354679
-0.541340217465426
-0.66230313323255
-0.618785973681276
-0.632073151994201
-0.673069100481842
-0.522107918948861
-0.697747323116194
-0.693389980308455
-0.532886390227738
-0.561012926404402
-0.566712654430215
-0.439460994429553
-0.517332344903556
-0.56604132663763
-0.453740778533567
-0.630775254096671
-0.502057527962175
-0.589904906447041
-0.475501445421238
-0.674235370608444
-0.563913284987077
-0.659037574783166
-0.469314452565314
-0.506596840793518
-0.579767681498984
-0.607989088395014
-0.507331083390104
-0.615520673918591
-0.562403984567849
-0.585981560341014
-0.476660437711595
-0.405849498383643
-0.532804823625193
-0.533381724413503
-0.513498653487367
-0.419736244468002
-0.505193898484705
-0.524691549383426
-0.431347692069216
-0.486485536575249
-0.569265063536815
-0.513026279127418
-0.631253804328139
-0.542264854232456
-0.466503773436302
-0.563001125458877
-0.481999265931893
-0.556175579257277
-0.446396358875841
-0.55757853565172
-0.455679724384791
-0.420532519412824
-0.333281777049257
-0.58251137144406
-0.412170483011079
-0.510996845296729
-0.55468909831129
-0.452210408485887
-0.418091951312125
-0.51157272796319
-0.489584820119627
-0.348853820452488
-0.638863278567703
-0.550124405005727
-0.496109955368817
-0.552027130650408
-0.406280455750412
-0.489539449549319
-0.380471562175006
-0.39383932405734
-0.547502228481812
-0.543314992151841
-0.353498979578828
-0.396627936446477
-0.513781097875375
-0.467582272500054
-0.414394374612767
-0.337845426587063
-0.487396607056775
-0.418937735345432
-0.301034053953023
-0.429802506882454
-0.406549277367923
-0.45424355013016
-0.444220310304747
-0.474380599989199
-0.49401549306386
-0.499761997541426
-0.380204619663406
-0.553629361151991
-0.409877065012743
-0.303389413143228
-0.513464661693217
-0.448847472431898
-0.413620257851647
-0.501426811355681
-0.275850325941976
-0.473407233109001
-0.414237761220242
-0.429696165408108
-0.478412570034212
-0.474708867446149
-0.342772922987981
-0.442927715562889
-0.418260298034906
-0.499641622513418
-0.438007673608
-0.384819209563655
-0.510282639671085
-0.413639048629375
-0.36535296213928
-0.464251490982736
-0.381216007011243
-0.607933753138064
-0.312596213823997
-0.260328044010101
-0.296228009702334
-0.349027293909173
-0.478754444286198
-0.346262861140692
-0.31554897631722
-0.424258114977731
-0.26424806226695
-0.436374885651586
-0.35337144968357
-0.435763952060501
-0.363444273853016
-0.235049394986118
-0.288906740902803
-0.342699368968145
-0.374936562379223
-0.343762301901442
-0.406236613686698
-0.253790932371023
-0.392389814255306
-0.320988665142626
-0.273647228530713
-0.367889545425013
-0.322658238250409
-0.282225577694372
-0.367666457247599
-0.242149546748932
-0.203956316485833
-0.266330217933901
-0.363056615090457
-0.189011274377507
-0.269113444050237
-0.412333568839784
-0.329163093682761
-0.261759257512547
-0.329935419866232
-0.356451068286109
-0.357539805637039
-0.166012813855446
-0.226376764468459
-0.188879477350921
-0.16712292178247
-0.229322474829628
-0.494666091461347
-0.330132119845545
-0.200244148661742
-0.255178453476192
-0.287162230629653
-0.281992858108965
-0.275044667860659
-0.283071707244585
-0.112728580415581
-0.191386913245739
-0.224398525432278
-0.411913749565442
-0.245310873761968
-0.114876631250361
-0.244546972564647
-0.376020637784031
-0.250007780066187
-0.424080802633285
-0.198543222830268
-0.260060360254446
-0.0729401767227824
-0.135240364087919
-0.173516555960889
-0.235078910146529
-0.22466646834677
-0.254633862254451
-0.33243394988056
-0.203234352597052
-0.13118598752153
-0.0985190533329161
-0.260358903380696
-0.179182058902361
-0.201563411497369
-0.00102405031837526
-0.304031261330388
-0.13046907836888
-0.261836930569225
-0.0917257565371601
-0.0968932471410699
-0.189220653109762
-0.0481801285967193
-0.223887320426889
-0.285278568841701
-0.255038931670669
-0.0952407600091888
-0.154603885301183
-0.106925086500064
-0.126148197632312
-0.112157674208765
-0.337631288842118
-0.212049692481353
-0.245771049660127
-0.247756889491376
-0.0520306573685211
-0.121645093729214
-0.23644121898729
-0.0950101165082967
-0.126022722493189
-0.0836683869495365
-0.213116447652172
-0.172284227656755
-0.191365121180515
-0.30738406166381
-0.248679269352317
-0.192195484332795
-0.303080955743308
-0.107848600875123
-0.0793615892128369
-0.118439163245146
-0.0757339430639874
-0.127734940995561
-0.171601034696575
-0.11143107422636
-0.154584525161258
-0.0684593116190657
-0.173491399247538
-0.106598181985267
-0.0577270184303478
-0.201415786869613
-0.154409867872515
-0.0600292908034801
-0.129026229546503
-0.116092379143371
-0.136131835988716
-0.0486397959253461
-0.0456985047844277
-0.0824496580621113
-0.205158372932419
-0.0344537449269583
-0.0591261035597614
0.0048722749929644
-0.117320477103459
-0.0456039409470037
-0.08190099766967
-0.0882032530643005
-0.119238725644146
-0.111864362057423
-0.205240318316319
0.0859515875665744
-0.0361765812139485
-0.00966108299404811
-0.137546987966583
-0.0149213460701067
0.0741112239146075
-0.0106525773696609
-0.0505625122431594
0.00782548618187399
0.0702632989383052
-0.092786193934345
-0.159513819785092
-0.0666369302173188
-0.203330090141272
-0.0344428050620295
-0.114799018748729
-0.0349137631531607
-0.0334447927760551
-0.0529584720620354
-0.0243469629597981
0.121984305895414
0.0433334125256052
-0.0856467376110295
-0.0586079608876893
-0.0264961711254147
-0.100562004151484
0.0174640313637258
-0.0861982239656404
-0.081002061395393
-0.0265591761712392
-0.131739132951649
-0.0893453437584124
-0.177709241096633
0.0251949866273794
-0.0506555699653705
-0.0262099173758899
0.0139947573321725
0.0817506637626905
-0.0773151596938035
-6.10863095491085e-07
0.00414779816332624
-0.0569402371267225
0.0429045084689063
-0.0997883342368425
-0.0715284125533679
0.0498530422741873
-0.00814878838778699
0.0118127954310911
0.0471000820897865
-0.055092231051338
0.0289183375540429
0.238885520176222
0.0389652043204213
0.00832681419570224
0.0528017588258901
0.0372890959616523
0.0664869504842204
-0.0625417100067558
0.102120030391503
-0.0432827392306066
0.0551119235334397
-0.0622823166453992
-0.0602149259605897
-0.0524530508066631
0.113573913578992
0.27949867164511
0.00733366712224437
0.109227191951129
0.033027686687015
0.0397706016102673
0.160452297344265
0.115109638036084
0.0647089237360844
-0.0013452378697048
0.17588453054831
0.00171065940266044
0.199365178198562
0.0751182257425533
0.22261865839752
0.18645950760918
0.0798448908977391
0.0466637001169672
0.0992606989417638
0.066932390572736
0.0197050884644884
0.146319194711755
0.159085856538322
0.145465409382366
0.0687304477753417
0.114532936808885
0.0303328745190882
-0.0822257432368571
0.0937969146115602
0.151877442746296
0.0825744773544571
0.126884506294732
0.199091993521726
0.135783076307436
0.0685528700550373
0.094232721772447
0.0962778606706034
-0.00282507304880983
0.169797379339048
0.139677812472354
0.18028445692544
0.0250574424199465
0.149938682010367
0.320804949473784
0.0485569165914636
0.135254117662045
-0.0121860912589678
0.102689818530952
0.13149876914057
0.118023678510026
0.125091596504788
0.286336144086203
0.0605360755270326
0.173042174669167
0.190178649557103
0.229620234472011
0.150600037119771
0.0966659194270888
0.29562245931566
0.0790881084215842
0.220245657074139
0.203005137669793
0.106157725367195
0.179424408339484
0.301550646597391
0.252435129390022
0.198028409203048
0.128976332110058
0.152489223855018
0.0656993961348693
0.139551411345146
0.112499472096001
0.226950000701384
0.221508278650228
0.229690688101318
0.146116292786011
0.238988466249039
0.245953359122954
0.209638220571686
0.261332369311739
0.209605952020952
0.178432505214927
0.152106305869251
0.235615422854078
0.180593457420568
0.21870684153425
0.284717229456641
0.186961031202029
0.126736637390125
0.224004181666715
0.159426004088159
0.214209441178125
0.214754236427475
0.27144936616057
0.152872424500198
0.223142507494735
0.140594181079888
0.180819387025164
0.279238429365632
0.188629830802711
0.236729587786045
0.269794920157497
0.376370875898214
0.497082295824591
0.277165237380414
0.204514954567258
0.207724522814985
0.2278436612927
0.209500568744463
0.200985519718023
0.178041634559759
0.311320953626359
0.118434305639432
0.337423170221697
0.414279786627247
0.190242157533886
0.261511757956229
0.169055873651713
0.381782520400782
0.263956423171886
0.207945141861199
0.304664135046367
0.307487905223741
0.123870421242526
0.280655433375877
0.331874823595827
0.397039394543182
0.181240079135574
0.346587781705958
0.41446424076653
0.265489447902932
0.222435682893967
0.35581964965744
0.164958108844377
0.417350435378318
0.384228659894331
0.347650992045924
0.473622147188929
0.434138914469873
0.286565209677996
0.30489012901705
0.338919019132158
0.199294060344851
0.37244852323595
0.215678037931727
0.261866972074203
0.372699972137167
0.304008115429181
0.26221164480433
0.411500716218733
0.555205098997524
0.468220620890603
0.274034385612082
0.220545178110246
0.446034731255507
0.375275832872323
0.357524673053753
0.33822186821826
0.377354224570567
0.394981128906591
0.410562576465218
0.351162879939538
0.249278058810653
0.392581462461913
0.376147608193148
0.37242203586039
0.311661335204324
0.424815258863399
0.375915295071799
0.41825845417836
0.345027134846702
0.460141671287017
0.271669629180545
0.355355395179369
0.26282713909835
0.198277160479484
0.451373309099499
0.416022187488118
0.417236641851719
0.335332532708659
0.436035670052912
0.459125875392567
0.53976170684914
0.405767408714433
0.363131685314612
0.42098053420833
0.421596326188395
0.47247715427331
0.456022620605073
0.359006668917726
0.596818720308146
0.438941195370451
0.565502761740167
0.505399769996144
0.521841309157512
0.509705957613766
0.418596519228385
0.460239162967839
0.532337355179288
0.50890498412901
0.419953411029981
0.520700188427722
0.477752716760037
0.475088218797166
0.436686441075661
0.386849682104983
0.293612845484398
0.319832716726764
0.41299914791289
0.411445284809084
0.428222821165794
0.437899404945908
0.506526254136964
0.435592307311057
0.482455393512344
0.451452701774978
0.48088110727015
0.511478075227483
0.516039300470506
0.366510352229763
0.561177437194903
0.523887261017727
0.36995113972859
0.393977495619805
0.409912826160354
0.520627661964957
0.355656276803922
0.591927789580282
0.545699454017717
0.422584192429485
0.499783257553202
0.624124718031498
0.526797667621759
0.574651542661898
0.568542538370254
0.418020375224226
0.405522395470349
0.543277740417036
0.579616775002229
0.438354381926499
0.375522080444152
0.639837556548199
0.558352082923073
0.527892791910276
0.590666993259257
0.557430539480489
0.530275599511681
0.507029061350385
0.582912845113675
0.451553680266981
0.59442007965449
0.552633535448809
0.432636002644748
0.676753105101645
0.592422577289832
0.654891777496252
0.486553490479009
0.50382965098102
0.474049050760351
0.661735494132853
0.504424202423533
0.606545906708252
0.62473814058258
0.525119456985221
0.647260433153376
0.614815552100283
0.601259484813496
0.691217778055578
0.604759159020824
0.716995766898777
0.52599307388654
0.582309010546214
0.376292917927568
0.534800156609502
0.505347121553758
0.527176608501445
0.653162166629892
0.573604494462326
0.67795834766153
0.529517592091202
0.47566532876177
0.603020745648071
0.75058880025735
0.6776780039314
0.626402924630146
0.459196213627847
0.596265884900881
0.623014582305815
0.595719527651706
0.702986476181227
0.65294535729729
0.493852464742572
0.638022203026211
0.677559104729378
0.574012893649923
0.691830613904184
0.759140503224499
0.443601922102564
0.778817130502258
0.575982126090957
0.746209971923697
0.436446015939759
0.581465337976502
0.703972909772705
0.631164944356029
0.493878372588405
0.658415090000498
0.580978001685679
0.718940209700931
0.701003167728676
0.680852853484903
0.566350191357543
0.792008430925319
0.747863126210726
0.500202796301432
0.672107266681765
0.757111249821428
0.784291707662024
0.622093487795262
0.821948150506739
0.561491738484811
0.681200996785991
0.732917951498291
0.605711363742128
0.672442684365127
0.76251440909859
0.696146130152117
0.775251164200951
0.657894950891995
0.652236793542077
0.76115158778854
0.615020032618693
0.734054385114184
0.636932664161649
0.793128916380865
0.707050860284981
0.768543505849126
0.530335507256382
0.838914919521944
0.75715525984247
0.739095251837285
0.7037233655399
0.726160417974707
0.646991050795776
0.678068610504474
0.798533177471976
0.781176076037529
0.724653674741223
0.681458986649608
0.540232846528211
0.571115214555909
0.791938767097287
0.784590845111404
0.684414539041179
0.77953932211223
0.723629873029858
0.689441378817998
0.833724976136425
0.890137913384942
0.709233641221537
0.790963612932626
0.76689256478216
0.695466632670282
0.778048848145041
0.815656994918293
0.818342595877322
0.848352090616014
0.804464634980162
0.759094978774787
0.61620800861808
0.810755790736429
0.541927623567198
0.857569430549216
0.818856500055026
0.852676818681197
0.796538475766803
0.699955702951053
0.78278386315893
0.779422078428792
0.741778462722643
0.79929790568528
0.844719482338984
0.791602092423222
0.758706654645485
0.651766988739696
0.972272417697847
0.723507279119252
0.830314760842806
0.707310799263271
0.804771582711362
0.819729740769125
0.963932458099958
0.860724687964247
0.745362875408547
0.86626136453269
0.749773782080027
0.74361671971308
0.834377085418027
0.836342961486469
0.784340017941422
0.871510450657802
0.803063568404236
0.919902706064979
0.772351301751599
0.937281099346232
0.912151576552086
0.718540608113564
1.00960058949744
0.800254018882471
0.878240573098055
0.791933489119933
0.840663248230495
0.913188049771359
0.822975028616665
0.812307988412453
0.894159407500863
0.861131161208094
0.913750020819772
0.929429661507092
0.910486638986683
0.915312008148309
0.854464940855706
0.883514763655238
0.850078900898607
0.904586523185613
0.816043991746046
0.726025196466358
0.889107336227187
0.900744525652561
0.982851497710619
0.721366249312401
0.858315996389765
0.928334743526018
0.822186102541586
0.748085537328496
0.75129230363158
0.803687387523398
0.854580182381585
0.818394747834114
0.894687129210462
0.901022428438995
0.958773220411601
0.989565878564571
1.00077136031148
0.809776634270129
1.0071854893993
1.01355576458581
0.939577420660398
0.914000051813864
1.05658184660122
0.954595721213743
0.879913150647127
0.986977397745563
0.928375908678282
1.1038597482187
1.02342817618943
1.01254199663844
0.803765710959963
0.925944524318758
0.991668519969137
1.07065674918278
0.972735349168122
0.97276507243996
0.917784959634347
0.945356063851458
1.05105309584163
1.0591333739159
0.971620581984294
1.02136537638063
1.02521345678541
1.11142749720465
1.04909030384148
1.05455230457789
0.937580595080978
1.0111206491943
1.03800404027694
1.00395932734854
0.924645920207487
0.993064820306345
