"x"
-1.13208055760108
-1.02614375158932
-1.04495565165409
-1.01563669563239
-0.939596333951829
-1.00007531491015
-0.891358538776806
-0.954961153407341
-1.09756990501669
-1.07864760518717
-1.00245098894078
-0.95748416986647
-0.924117986194677
-1.05457801997158
-0.887501643036427
-0.95418343881691
-0.908308544071681
-1.01304732796846
-1.01116747005019
-0.927798262311178
-1.09528468452305
-1.00276167169272
-0.896408298764251
-0.864519980243573
-1.03294759674404
-0.903640223406708
-0.884585541468422
-1.01756823374047
-0.955648774922293
-0.931443506424481
-1.06874563688088
-0.88854370041457
-0.895270937219242
-0.80619417586389
-0.835217356395109
-0.888294599403065
-0.798259568326427
-0.932812254220915
-0.866049347209641
-0.962664043967183
-0.868552325205395
-1.0748752173354
-1.07747224135914
-0.963606996699384
-0.836290657188299
-0.93835515652162
-1.00290595976716
-0.842283156991019
-0.778364912384613
-0.896776604063701
-0.875406893648814
-0.870020042970523
-0.847120990576365
-0.844718387966396
-0.867138052771905
-0.842297399155855
-0.905107458977183
-0.846034646501254
-0.990113035312318
-0.977306971502942
-0.830666254330637
-0.870661810693886
-0.896433592334275
-0.85358417862755
-0.883556905668641
-0.944900791636063
-0.908046654961465
-0.809056804326688
-0.895032788315626
-1.02939391557292
-0.943535879692391
-0.890568232752463
-0.956840682737004
-0.78978651799602
-0.838581100226787
-0.871653992665235
-0.888050989059969
-0.903838411036345
-0.890846660223582
-0.667754890976612
-0.883380328832959
-0.819709798500833
-0.815276637137791
-0.862812018305158
-0.917435488302904
-0.819993480498449
-0.765259729047516
-0.889247269177953
-0.78117464315158
-0.911650342548951
-0.804276943548441
-0.735578128105047
-0.875234782398855
-0.829919383503627
-0.778464017461955
-0.855279716513698
-0.837594829493134
-0.726237028443859
-0.756741814694462
-0.715068810113579
-0.854996221988921
-0.752530774243125
-0.730975477028515
-0.708312923932912
-0.729594808300624
-0.886254129690776
-0.613080438210047
-0.70725639631349
-0.751759600377427
-0.811349370085905
-0.845756421941529
-0.882264623665344
-0.788726512585136
-0.811707691950804
-0.874867929319498
-0.834119491266987
-0.897877766102799
-0.604113587572265
-0.767484470811447
-0.750411588738117
-0.75684727334721
-0.874158219871284
-0.819040028479063
-0.605510637139112
-0.482278727709164
-0.671722370224722
-0.718972961034473
-0.774466202533716
-0.759766903320789
-0.828206627180359
-0.753939106413016
-0.718289232507018
-0.756648758348188
-0.708570360875381
-0.643502553253239
-0.819178983085732
-0.796231917672802
-0.837412327396509
-0.571945641433987
-0.688345976673088
-0.658384936414664
-0.735739537952272
-0.699363846962284
-0.66795305749615
-0.62681591185208
-0.752466175553742
-0.787369600162622
-0.750222142415545
-0.656700783375956
-0.576022701750598
-0.555138731532261
-0.650217627396966
-0.665929706890078
-0.588118563448012
-0.725022538484655
-0.678844059538829
-0.845211410980679
-0.755469807121428
-0.569992449148243
-0.668484462811303
-0.692018732847841
-0.688316206595654
-0.799883242625617
-0.804343385961358
-0.691162039304788
-0.798732076040319
-0.609710285638606
-0.535873958289465
-0.672226652600514
-0.53164097878055
-0.642759870134873
-0.637729883873509
-0.647660321479146
-0.591973494571487
-0.635648494781166
-0.648943337528849
-0.522951382887452
-0.592350036902753
-0.546302279467405
-0.742773359053473
-0.676508789391328
-0.700663789777931
-0.650586462871428
-0.622297535902581
-0.569603845240805
-0.613327839980384
-0.640108044873803
-0.673181946452174
-0.548645713164194
-0.698614200592937
-0.633266970180383
-0.599726521578635
-0.60888864365607
-0.462394330012625
-0.589688223035538
-0.621227370987693
-0.599085862199153
-0.643321324377639
-0.68303768233912
-0.553212217409754
-0.558993690385976
-0.590135959964479
-0.674183462767795
-0.617005247030288
-0.488436534147918
-0.652016781673293
-0.527628849705993
-0.550941424990915
-0.434764358537452
-0.549662255737413
-0.619882291236635
-0.506883160353551
-0.449925719578668
-0.492884114465109
-0.559171580694053
-0.511666454247559
-0.354763230925528
-0.565227164284203
-0.565581454473634
-0.501227354527854
-0.57930773042588
-0.53249608146204
-0.71566451403712
-0.565365566941326
-0.601398981581505
-0.4279312681642
-0.498850579832504
-0.677821664780098
-0.445336392907305
-0.545882853050623
-0.541569803941116
-0.589486811491052
-0.43866221454687
-0.560012338694754
-0.539267757415825
-0.510452040338783
-0.378740930638921
-0.423569490270207
-0.518749059267859
-0.519278316792056
-0.48125088201114
-0.537097569776004
-0.682502310812199
-0.559520518871352
-0.450273250417278
-0.67739965702586
-0.305527330782173
-0.575107984618619
-0.501886058439648
-0.537096217222188
-0.390383514781263
-0.64198322539065
-0.307725527888737
-0.707461936247898
-0.595069552487023
-0.44253337512095
-0.471176695481434
-0.535273754585373
-0.46398135074201
-0.500952382614001
-0.410246330828967
-0.504451881113643
-0.47789193669256
-0.290738520544932
-0.521621122627154
-0.621125418758057
-0.452586317011778
-0.392209993297489
-0.498408537632276
-0.489024620613811
-0.294000908537655
-0.368174386787105
-0.557759462664739
-0.563346632079031
-0.333700407047728
-0.362833829328704
-0.382484895687738
-0.429577149495726
-0.609441374339164
-0.5063159771971
-0.556301265991082
-0.307390822309767
-0.550425850458834
-0.379534096218571
-0.329650366964575
-0.331793471980864
-0.322983894466106
-0.640064789781661
-0.370760807756732
-0.519574134246628
-0.654456095181708
-0.331212522347548
-0.560151474413444
-0.441553396747763
-0.42859293779426
-0.41799990394513
-0.404188362359738
-0.457271860056448
-0.391986540720544
-0.309971655423732
-0.333408528547773
-0.518273386642031
-0.421110722713204
-0.502301982695382
-0.49349100541583
-0.391732811339216
-0.342505848613972
-0.31588527108749
-0.449818460262174
-0.289304273270617
-0.445042017836157
-0.39045340694705
-0.360098454326237
-0.405282147302228
-0.313133760469434
-0.478076109605972
-0.21868841443331
-0.238376185611996
-0.324838542360182
-0.476126301726779
-0.337797378913531
-0.459433561312441
-0.427874622394809
-0.349476770475367
-0.479223997582876
-0.311386817379483
-0.235782054328425
-0.313690817599658
-0.408489190680414
-0.312918549560478
-0.360030795321708
-0.341353978034543
-0.302804524718975
-0.128062447086486
-0.401690280107301
-0.303810638863634
-0.300274398006396
-0.398253918169544
-0.546421582446206
-0.338437408053789
-0.42095440369869
-0.17857036556887
-0.301325661976284
-0.351209024527249
-0.206026580104088
-0.146261074375771
-0.343093617636682
-0.139651869858026
-0.398845966699983
-0.31219768246708
-0.295048256565246
-0.398821820433737
-0.104971247263351
-0.215622958638014
-0.321126250307685
-0.320071731319751
-0.332182621224529
-0.358311757699854
-0.325031515365932
-0.348670700123788
-0.278356546972142
-0.400823860117267
0.0199486717153354
-0.429272813799526
-0.197574186171825
-0.336277283244515
-0.295254960139228
-0.110798521907799
-0.346846988837813
-0.311632863701014
-0.290885107414466
-0.12139047726823
-0.204553553941767
-0.152324471722659
-0.201510724657219
-0.168963285599653
-0.196569119570887
-0.250567756180682
-0.255109423764051
-0.463674510047698
-0.237718391118878
-0.289322413157382
-0.200708566018517
-0.0652252424922448
-0.314257224354708
-0.184074489965602
-0.340614331777547
-0.250170664566217
-0.294131895976409
-0.310739575349313
-0.247278865773347
-0.0808435056872015
-0.0879576387125959
-0.190446515847159
-0.261854849159951
-0.158365658199205
-0.244594987291999
-0.339599986065235
-0.186733504472031
-0.290721651598945
-0.189467817572025
-0.281065482211332
-0.112483821208646
-0.346312442153824
-0.195804821569861
-0.214121176569002
-0.272902440489833
-0.167067014744709
-0.195452887513736
-0.149402765554835
-0.177159343329334
-0.0824109522803669
-0.0375000530464405
-0.167343713556436
-0.115819872528036
-0.0302479361070053
-0.209661591934494
-0.223736473837768
-0.194211221712536
-0.190311341401154
-0.0647913905335715
-0.243018477017584
-0.144649449378717
-0.0795788796602199
-0.244628855360053
-0.201287580709656
-0.0953907258612677
-0.0427731034656981
-0.161056298410202
-0.151467212005819
-0.126382261688883
-0.167482377762477
-0.270873345549428
-0.0757752082345538
-0.0936758451081777
-0.170080726352071
-0.215122586493959
0.0278606095941744
-0.183351336565211
-0.175984889753097
-0.104279582379064
-0.0967896402663003
-0.022915787561742
-0.0117431727202278
-0.156786683259077
-0.158908522082004
0.179627347709435
0.0209256007388379
-0.0577468298800143
-0.28613068015386
-0.226577505801608
-0.232361321874736
-0.141660405353459
-0.183572529132775
-0.0868129053927029
-0.150124176140146
-0.0589874466083845
-0.101262371539508
-0.137342424037731
-0.113463713344265
-0.0563660135769463
-0.0193868797981543
-0.146417170172961
-0.173197912828806
-0.143546113088589
-0.0366786469084239
-0.0166457495959112
-0.097680022678559
-0.000209567767641242
-0.0930963572334771
-0.022634770026763
-0.0593570159542559
-0.157022747171602
0.0503440287987959
-0.0646665587260467
-0.109578107188977
-0.0592004717976879
-0.0196141939767188
0.044809547868336
-0.109535506631962
0.0628300139809217
0.122029428098835
-0.100687416784893
0.096207301541509
-0.0723622970323467
-0.0104699663627493
-0.067032860444032
-0.00812967736305919
-0.0393083530192687
-0.154443276726646
-0.0103381136222347
-0.0630120840733605
-0.0539262057999322
-0.00390566713495364
0.114489913024772
0.0767329923541688
0.0028369923321991
-0.0778684892376399
-0.0469906578137651
-0.0978785759578446
0.0354725521711219
0.124113361599274
-0.0151983773904562
-0.0154818242205636
-0.146566990715464
0.216664075256737
-0.104694114987418
-0.186949136916531
0.0942171851167812
-0.0162407247467353
0.0487535672818945
0.0860766862924944
0.0275753573154304
-0.02638889905142
0.0565505843600654
0.0332742394563494
0.0899714988280488
0.112678825878194
0.0953915938983994
0.0294660923712345
0.0900763683823555
0.0725026098777815
-0.106704075481424
0.179373392594839
0.0516112588131596
0.0369407669039689
0.140876615226476
0.0838242741017494
0.0458037855463251
-0.00619272935875475
0.14182103534834
0.118390460539884
0.0921640955489902
0.0916279798503664
0.180965638000371
0.0153058447844772
0.0456123880696109
0.00787122648274942
0.131570815550141
0.161161428164125
0.0824624291088574
0.256653009875462
0.129236849515462
0.00770648559527333
0.0765883180230716
0.14984798203134
0.0855331480489114
0.0505259961837669
0.0405981935199561
0.0380557474033022
0.141501095696592
-0.0278388669174817
0.104973918049046
-0.0138464497685918
0.202078083024724
-0.0447662568574878
0.170909527307312
0.171107461918535
0.101895345715543
0.268324634595404
0.290062139368737
0.227705778268236
0.146574283861162
0.144787586085768
0.0541937089320755
0.200624627605903
0.0773751382978967
0.0430596921032931
0.181333411853505
0.0218962919410303
0.170900389015669
0.116951758546807
0.0444566034045592
0.130192349177149
0.18585435028341
0.0732473437476748
0.272519971110239
0.244291204140564
0.120234408285443
0.115178645099044
0.104898191943808
0.0909759506175725
0.22189155548863
0.193747543658917
0.145655158538805
0.246964680726551
0.0749998311696558
0.344174943913347
0.216153251824735
0.155165787871592
0.202840499729361
0.106199270873709
0.185988632367858
0.284102894647475
0.0495900534010009
0.249353571097879
0.181220080598886
0.0452649279524223
0.159736012494336
0.0955217019112207
0.249932384050212
0.14047168888872
0.282687571918398
0.256686820625707
0.135953147792695
0.400687056078104
0.290680963541937
0.0963000261589305
0.155794091967961
0.0982389162128735
0.239395034747513
0.274888664134
0.22527671431581
0.323061197698134
0.320172074535745
0.257023735299575
0.274608393774931
0.318502013930885
0.277870022197999
0.14697813679434
0.16990706209443
0.256051843295419
0.196078551819127
0.320044955426379
0.275287225946614
0.316270438867089
0.263525247194895
0.248155301079368
0.260988682300345
0.320375263646043
0.282284735448013
0.31484478999114
0.293659364305345
0.306093724779841
0.284666997795563
0.223332165355834
0.33812799391482
0.332856457067804
0.249657796366877
0.187158720722657
0.274086898971865
0.325787208642937
0.367424767871152
0.434000350783954
0.274113928990585
0.258689787070753
0.302449473009202
0.389368413143777
0.317558137693246
0.161721346060936
0.346433756602116
0.189230765260069
0.282682540718625
0.282461336038863
0.253205634108106
0.376007314209839
0.371959370638853
0.448965461810722
0.233689717418471
0.348803051826146
0.284556038719409
0.316948392609795
0.239670766888619
0.250969500105157
0.22671273452815
0.391589767172467
0.404739647782459
0.202219632447005
0.321072107254333
0.220954116931729
0.239766916727986
0.198193025228781
0.271877493306512
0.403319335143909
0.371920383269067
0.338630686204281
0.311815988640342
0.258884511942535
0.496065252852701
0.438719292746362
0.581455645541448
0.513270804953673
0.311468691841545
0.407632174659649
0.481341980214428
0.348511161888082
0.43977495428096
0.514305780665001
0.285098746177623
0.363189505555085
0.450796455329079
0.373675022997167
0.345925475271397
0.522561675859915
0.389606470929093
0.273229143612889
0.246601101287903
0.454329195159307
0.303863873825842
0.311974474016364
0.377359231539924
0.320369745278194
0.433962064942889
0.448042927269799
0.329902670751676
0.410163393841013
0.243457900406945
0.403430178503623
0.347884454076722
0.534602168690988
0.452937504176191
0.515801052098784
0.415939612911371
0.366404636662731
0.279165908635766
0.425589341398468
0.535960219023646
0.377208749872463
0.357912132362943
0.455500983811906
0.48368583173461
0.46335054825359
0.347504385747108
0.475186819955348
0.496606228309012
0.506728499890281
0.277500654163969
0.441071471672004
0.420600618157227
0.57963882255341
0.549048668428151
0.376709731627346
0.397878579993767
0.467879901696265
0.449257605481731
0.492234628318768
0.352980369736966
0.452608213439196
0.472032767109995
0.602731806698564
0.508626855259958
0.601566362914689
0.408910001554342
0.567621211246038
0.510320405994538
0.538118785663231
0.504174245764666
0.616867241210904
0.562575386714939
0.505646633571166
0.378034086142114
0.35527979018424
0.482820139498046
0.403725435416945
0.577037654313633
0.454186007525207
0.589819435735617
0.511578114934697
0.485610721590904
0.699465176463601
0.628663537259097
0.621578042855796
0.473414603534203
0.531367110422617
0.415977806066165
0.561688036207207
0.520742467910336
0.525880569641419
0.644701535078362
0.586897021200867
0.545140540166518
0.502693361036575
0.648373510260083
0.609911283428166
0.527675653570068
0.484215643908011
0.634698015082064
0.60138929265418
0.61428658698092
0.354119082751409
0.506887424019142
0.691660256049593
0.541284697871851
0.647725319438744
0.571266727120439
0.62498489770704
0.593585468720758
0.69574617290391
0.599317071376126
0.635729961878548
0.707567687820036
0.536366472507769
0.531208369740619
0.565698489804751
0.493124137016036
0.525799157696829
0.522198657644237
0.624738327580782
0.620286980522991
0.503566662672986
0.605285673675852
0.483592883725164
0.682495650888528
0.637942457220406
0.521000303728023
0.585310573251073
0.49127833385262
0.532687662382539
0.61949588120932
0.645825442446546
0.569550355938834
0.646504532877161
0.542158090673053
0.690536329033329
0.784681472342205
0.410205987847231
0.499183031715436
0.535319252249635
0.644775129719369
0.639479273967381
0.58207069301729
0.577810503348062
0.61796141923461
0.641369084782249
0.676134912833806
0.758106014745258
0.604371435582865
0.751013403173416
0.476075460018024
0.602938357594358
0.711145815030199
0.697669625404667
0.639095431761529
0.560661236920951
0.750270221390838
0.832250691007879
0.608410838745463
0.83766782571207
0.779776099532529
0.638686379840497
0.696228668930341
0.84164726982832
0.7623291504816
0.601379972328977
0.669259889120914
0.659599203522389
0.641578996552387
0.637010985705677
0.586151800858069
0.702817161429063
0.533141562878848
0.80072938435052
0.848102960546002
0.672338099303414
0.598987455352277
0.666206455940497
0.70143996440135
0.647599541745888
0.642710935590079
0.644325824755965
0.67909555589305
0.597659743080415
0.79085532322893
0.726404670121457
0.666340056511698
0.694246782055145
0.60421708156357
0.567666548413468
0.730529905427369
0.83592149908898
0.786488999548774
0.750462132368603
0.633249870530147
0.773377548163875
0.521240931642766
0.897409091304265
0.763805948630752
0.789497229251036
0.651945657487202
0.652765037549346
0.623543054602715
0.844215302322597
0.665593030961072
0.874271008278789
0.778137198651417
0.72195491531916
0.799822932027383
0.670526835553551
0.755521421822856
0.782371252378482
0.721259466949526
0.700011740383063
0.78101886820044
0.745319973517998
0.738652993978213
0.797503242900666
0.807861784346305
0.801087032122476
0.898045363318155
0.814398156432832
0.871723774576004
0.850268459558674
0.842591293404315
0.805446116958876
0.767668368889592
0.606503809337557
0.921840090132759
0.873509033789446
0.874841536636349
1.05417466204885
0.894973996706444
0.844513745697976
0.782570923912749
0.814517025612128
0.9177944951191
0.765083004497433
0.768984070359134
0.847187132504505
0.978374901344776
0.835159963985547
0.812745140721253
0.718705220333047
0.849608067424408
0.89021053916085
0.877418500576313
0.903746033515299
0.728789741031901
0.731543369706181
0.887637590298482
0.867765025297601
0.953904508427458
0.836326164498354
0.939331374668677
0.850524792494839
0.917514798703617
0.805207647320334
0.997298256140668
0.849279281776504
1.06051427528864
0.745990892359843
0.822436284816998
1.02901615916212
0.844906662936104
0.997373537872993
0.926144500963229
0.822600793489441
0.782199217618984
0.956485180509187
1.05729877102871
0.792591163911857
0.953318104809066
0.880038987985929
0.825472406348154
0.984120834829081
0.991021209563051
0.908778642968519
0.882486050374975
0.892477942298605
0.986915594777007
0.844448277297857
0.828180376295422
0.905273519592684
0.932026891176882
0.82873222530635
0.923135253112884
1.03017542440707
0.951523798266089
1.03906629686804
0.894645692711978
0.830204771031058
0.838197878150456
1.03589418567951
0.997199647462085
0.840420588749733
0.938483732532576
0.939482986414702
0.901312080243882
0.925371325371111
0.933092837879844
0.917270799769559
1.08283728025821
1.0811727252741
0.892226987561238
0.997517039472729
1.02644334568707
0.908849323153715
1.10097619759504
1.01071272018873
1.08630324037276
1.01319222218039
1.05575220328075
1.03801349924961
0.890311766363315
0.938599723217051
1.03368144924854
1.00322052806433
0.949207881288435
1.06011152627232
0.929474305944294
0.912807517566304
