"x"
-0.943662071871333
-0.99847652023168
-1.14857472008409
-1.0968637773955
-1.04492090498334
-1.00332428875516
-0.93298810354367
-0.884163300305292
-1.04829960239917
-0.973464765011123
-0.93401418407403
-1.08043205868179
-0.950835175642567
-0.848323691983831
-0.795805941869299
-1.03409216464023
-1.08950303637493
-0.898491734880777
-1.00694546937641
-0.803522235861371
-0.820800817493143
-0.899443630151651
-0.965944648272934
-0.975057453752188
-0.845520303026987
-1.09829757772506
-1.00176361329123
-1.11696926976367
-0.940229351461966
-1.02289769781731
-0.927418831926376
-0.884363116002748
-0.957515351553198
-1.00635434796416
-0.886169284302788
-1.02280029771076
-0.873368648768724
-1.07175137588712
-0.840359133289921
-0.919695919053739
-0.971491808158759
-1.05476137085968
-0.961198537727472
-0.968979121337483
-0.891022606352793
-0.935227071754092
-0.912434827451663
-0.660770373413006
-0.898882848143787
-0.946333109675969
-1.01011264674863
-0.905304905402043
-0.848197791659279
-0.823585600082839
-0.906610302129936
-0.927048265444668
-0.816831983912363
-0.896781883884033
-0.888331360595626
-0.758721577871105
-0.863398038216638
-1.0287870850123
-0.888728950404841
-0.823448937376335
-0.903420808555699
-0.879756121500519
-0.806668873851119
-0.890156496741501
-0.847388276503842
-0.957444085955198
-0.706189282049192
-0.732686901484747
-0.997655433110198
-0.910336386747629
-0.794309974709921
-0.866404230041581
-0.952715237079388
-0.751042834502569
-0.895625421470741
-0.788288456878221
-0.822187323013373
-0.777979035912224
-0.972986729648059
-0.745923256226634
-1.02101690534766
-0.822265093034494
-0.983920787376496
-0.811585310746515
-0.744952642043268
-0.725385589745043
-0.791309756631371
-0.818099423169679
-0.826042326452076
-0.816682031919863
-0.784260063249136
-0.786881183854261
-0.757275684915195
-0.680532005729671
-0.900964824365266
-0.722978864198146
-0.756889453035734
-0.813223937167577
-0.596049330650518
-0.692474955345257
-0.763345380124682
-0.795668687999039
-0.727340164953887
-0.684401949259537
-0.811922957305594
-0.735796479014955
-0.590590661352022
-0.817642388479376
-0.838267395225985
-0.779199661800291
-0.867154073472453
-0.847838828661612
-0.746493614922122
-0.776235466495909
-0.602793650483471
-0.770705932683911
-0.626995059875527
-0.905566456113377
-0.829052471267036
-0.856437217070195
-0.831912076083082
-0.678535288831752
-0.885816791815588
-0.747886781384893
-0.814844382917885
-0.697898130433587
-0.683932054968241
-0.725403923049227
-0.665909277209708
-0.813752513835965
-0.729288398579049
-0.7269678521424
-0.683945150724817
-0.797657647010875
-0.663995741855631
-0.64521820961286
-0.621307326425626
-0.566351147983119
-0.883927529407175
-0.554324501623721
-0.670395502492709
-0.763936689990445
-0.765796589854134
-0.701543466952129
-0.662151426430553
-0.635426492196139
-0.585204772008828
-0.575618673440972
-0.651370071676431
-0.770250858292152
-0.73105789778956
-0.64583142014213
-0.694862593984464
-0.620691815439895
-0.683766877490491
-0.640303980816111
-0.782927021869887
-0.622173204622755
-0.670725865504588
-0.564065198254427
-0.574361653737949
-0.727519821610981
-0.723689038783869
-0.608371427634613
-0.740652145083632
-0.721989820449848
-0.60125243699582
-0.617764579148844
-0.555465478459568
-0.683254200638887
-0.724492408412138
-0.634146430716774
-0.717060125634359
-0.637308378297632
-0.794040396746146
-0.644584128631725
-0.733864342300775
-0.603639689171968
-0.640262687584606
-0.696630136111921
-0.676370119675381
-0.603297814768306
-0.627470482498324
-0.592847362059912
-0.632041083056501
-0.746516244385577
-0.647020048116918
-0.75737178907245
-0.506166655489774
-0.632390797330751
-0.649405367003584
-0.597707236243173
-0.692719098480901
-0.581401472962376
-0.646370576246128
-0.67368975281214
-0.718421604081157
-0.533773966099035
-0.564621954136024
-0.540190615818509
-0.675739123925686
-0.659774409107559
-0.384998106483331
-0.616280460490954
-0.470326850759185
-0.327307838537887
-0.515837773802475
-0.530446815074958
-0.647129000948528
-0.52398426086831
-0.637480298098383
-0.537052520155558
-0.346693443331077
-0.517814715292648
-0.702627100630885
-0.711859433511405
-0.618928739260331
-0.600438175122463
-0.401788549424797
-0.799943225632875
-0.712074487016872
-0.609594549740254
-0.446176675646018
-0.495999333122505
-0.386870790222923
-0.580048966436259
-0.663259498760913
-0.67689563005011
-0.598010896043479
-0.602470757521344
-0.52871629279685
-0.448650560007602
-0.719589096409492
-0.448342509462112
-0.52615243504838
-0.463655180538046
-0.524195319487902
-0.579562021556586
-0.500105365462227
-0.580663446341503
-0.577236354263796
-0.350275800269849
-0.526091757726477
-0.414432729727461
-0.426711630498371
-0.667114692202556
-0.403698282160882
-0.47662902143954
-0.451277036878379
-0.379090052911897
-0.628482321457919
-0.464388095100354
-0.496574613021755
-0.478081782664352
-0.462117492993809
-0.385275902394929
-0.582680127912336
-0.522271112052202
-0.274798772846968
-0.535592218852399
-0.628307153763729
-0.5628294288291
-0.418492534040711
-0.534497758175168
-0.547499340475385
-0.457425820808658
-0.488579414418173
-0.355555166767003
-0.403171066811582
-0.405403468296086
-0.451533746692549
-0.63736322076691
-0.443727314621446
-0.478198317793873
-0.440170124561507
-0.462743822978306
-0.405370328166264
-0.4420320890085
-0.513792494736536
-0.430605230237262
-0.486078605410496
-0.495004319385178
-0.359972425910853
-0.403070604734643
-0.357248748094292
-0.622798254360953
-0.472488067888107
-0.391709828720167
-0.591265402349771
-0.454744226580174
-0.373094527626632
-0.452190924827786
-0.434707878597567
-0.448834060635045
-0.323254142360793
-0.544174366308933
-0.467443626890445
-0.45416077024594
-0.33288306754779
-0.393196848068566
-0.249630108054888
-0.370615339000601
-0.532013595172837
-0.180779203709484
-0.322244371152934
-0.312864542807649
-0.343050009579286
-0.326981397161888
-0.377269583030362
-0.231186896019863
-0.410911187935184
-0.346660532257151
-0.342722725688008
-0.174605579568077
-0.46588980502872
-0.394147843805147
-0.303070410885537
-0.356052602174561
-0.310774733924311
-0.403498274803692
-0.418881807680222
-0.42173824484345
-0.201003369460841
-0.283534160126467
-0.380999753483084
-0.46718866343469
-0.184950297437334
-0.207852265050553
-0.299529171787921
-0.29980204014676
-0.300949759803413
-0.356636077813343
-0.285167525389116
-0.2584423215919
-0.326420752750488
-0.250862726353088
-0.300493610168055
-0.265468869962358
-0.354804366557655
-0.22822987944467
-0.349944069291089
-0.35472956871173
-0.283550633059122
-0.381482201072577
-0.275570988192687
-0.413813194585929
-0.183924086322034
-0.295452774486978
-0.319687785239933
-0.161771607066411
-0.432923412985472
-0.298730109671409
-0.261709110784358
-0.340758113907717
-0.260870796953604
-0.26341272012232
-0.27954900509104
-0.373379705415376
-0.285978562165304
-0.0936756200381572
-0.201066439047141
-0.294382667247643
-0.306072142244971
-0.211342579039365
-0.212275246719416
-0.273749252962543
-0.232257497395075
-0.273199186625175
-0.143416941672315
-0.147170588747549
-0.305107541862896
-0.277653249514846
-0.165259908533745
-0.346722543435564
-0.160048903342747
-0.226236180097036
-0.229082822430995
-0.313249205220149
-0.14570602734886
-0.179338633339169
-0.173560828749129
-0.259833006207124
-0.29690644600461
-0.233475531077195
-0.251067291598566
-0.171453050454875
-0.27622431809785
-0.151416978510779
-0.225225461340244
-0.267150996918673
-0.26192529560751
-0.236611761094394
-0.0323290832979156
-0.324429097541322
-0.225587115801065
-0.0172127399293353
-0.141839285202093
-0.321418906644717
-0.069615791385055
-0.160581631006898
-0.276783781416231
-0.262453457718906
0.0336490345951387
-0.308145757859477
-0.229381204038833
-0.0906301201105188
-0.201424637252888
-0.0865993396652628
-0.176771522767585
-0.175383528766313
-0.134027346607976
-0.132716706737867
0.108790537779289
-0.0408529275288428
-0.0878430958220879
-0.155789361863189
-0.140513058579148
-0.138536061648991
-0.133809429776123
-0.13625076272397
-0.132293842837781
-0.19163019079747
-0.00537304224332983
-0.0545390843424065
-0.0457839582668003
-0.180317330241554
-0.217655113959684
-0.15640669893764
-0.0987479436832392
-0.0712984505523501
-0.139846709967194
-0.127921545901559
0.0526385641552632
-0.0725789788454289
-0.107058376550645
-0.129371313340389
-0.0827260120759898
-0.205710361024826
-0.225899105605746
-0.199945268530147
-0.188395663358464
-0.212510409939187
-0.178749391297482
-0.279694351194003
-0.201187537469422
-0.13236459138999
0.0616105743003897
-0.0662527582498612
-0.0185030654592225
-0.127796442517993
-0.0415802522964059
-0.124713755329633
-0.0013669631949033
-0.114499691847122
-0.134942109424187
-0.161860728923677
-0.080045498061034
-0.0218507349157032
-0.0851477300746409
-0.0592326988388579
-0.154511405299202
-0.176001765744865
-0.137008098979449
-0.028426852384616
-0.0286034717507473
0.0163638616963789
-0.0733703163415487
-0.124232366340116
-0.0304433263454388
-0.00594062200494201
-0.287048169898699
-0.130515209536455
-0.246889350000569
0.0246779101341441
-0.0630071787258005
-0.0317912096243728
-0.0217273427988838
-0.0931352752814833
0.0592065105296223
0.0313357703021861
-0.0526438257514273
-0.00298628467651289
-0.171153208466546
-0.0354307032536472
-0.0863688423280491
-0.175582132710565
0.0067528346602168
0.138070163623331
-0.00852190438324304
-0.132432940583576
0.0708210628596313
-0.131305560750632
-0.184981487115816
0.0128135168726371
0.0188697724888525
0.0291500277919027
-0.0417494990097779
-0.0262926687972112
0.00397256682888391
-0.0276096720063679
-0.0674396518413514
0.246247130749723
-0.143342958167908
-0.0396284286619154
-0.068426227766781
0.0480264166512354
0.0645294381078933
-0.0532923243603757
0.0127587810462953
-0.126189613749872
-0.0289418976019144
-0.0216870612537555
0.0642721499976042
-0.0313974641001323
-0.0171184683853008
0.15648948341001
-0.114795784555257
-0.0340651136201878
0.0167938473138866
-0.0912606244219293
-0.0109314254119324
-0.0386182468966128
0.192304905899167
0.0829841613026375
0.0771911350221808
0.22266566306918
0.0584355459551693
0.0207321246943366
0.155907833182248
0.133410315038185
0.10119419946819
0.189178243713912
0.0856526876739522
0.055412031238766
0.170220911086396
0.113117136916557
-0.0605393844057373
0.132041221111933
0.0861187570589396
0.050962019794515
-0.00203417590531649
0.114472827364767
0.0982308937224638
0.147040158462128
-0.0105602489539048
0.0897196340716813
-0.00351597662013299
0.187296819681097
0.095786404701354
0.117219738144266
0.189139627488276
0.0498980572100225
0.128108207661886
0.142191213861693
0.12371581177282
0.228538291026898
-0.00026345948475904
0.0414972859436113
0.0560386532449402
0.0569078357440836
0.375550069569043
0.269296049806495
0.245098838984197
0.051598982562836
0.17489328528794
0.0168027485911117
0.14959977195151
0.251474610402849
-0.0160497514128772
-0.0022700287044912
0.110611978343511
0.192757691740147
0.129910627750146
0.125280507726398
0.203474592730841
0.25612178807162
0.187103452213445
0.229875892879189
0.0794256717688545
0.184159457379473
0.0699898088042142
-0.0079545971330224
0.130737434402246
0.0987863705921765
0.163877121305533
0.252869409688767
0.221500994413071
0.201232380324802
0.247459554369989
0.167332799475452
0.168232613263824
0.207689856150199
0.228505278846831
0.212827367863142
0.146745886151925
0.0932117583432715
0.21205861113722
0.237565102372496
0.21397576880208
0.362256926300527
0.246457507744074
0.0100511209868507
0.22430670678062
0.211884841465278
0.378262317989536
0.151068709210966
0.262129262905405
0.271416489085216
0.153491285254508
0.399654697149039
0.275256566901351
0.203101406183599
0.245021338966006
0.159359777326371
0.302383770781503
0.434703869472742
0.325932747086342
0.144573150774404
0.262855760562391
0.225121657956596
0.322187575678771
0.276866166998693
0.377284845755334
0.186248049952917
0.322156225434433
0.334388471762567
0.203655615797463
0.208668111690381
0.292998606576502
0.351018181830751
0.249036035937689
0.410227820465724
0.290299118496631
0.436955752339284
0.23383643212365
0.274974401381042
0.278922265265847
0.275872442379147
0.217587392027691
0.252439117235404
0.214010587161628
0.359644721974438
0.409419860414869
0.36497172517981
0.239141520311623
0.449259815712442
0.5266346940486
0.418171370580599
0.371896181431777
0.358854425791982
0.0708436534476448
0.366633881530997
0.383625478167537
0.178097967670378
0.455309729277951
0.332965633253
0.354888194287864
0.369406883598477
0.319742284234222
0.432861969614632
0.272728636304789
0.344667832324939
0.277189103120418
0.301723024044945
0.384612636333903
0.312178978841278
0.404687634299638
0.369697652480843
0.258733509463857
0.426481002846153
0.326529236702373
0.280283355377281
0.335052669756955
0.355789688852578
0.387226057428377
0.474989861413401
0.315882021335873
0.361609615193397
0.386480312540004
0.49393637684698
0.436085422922915
0.383110969222893
0.385618858032528
0.435735134970746
0.344760014908374
0.393225889258785
0.491841338997425
0.294796067639168
0.469535065585487
0.378549304721383
0.394878592150783
0.346799147869183
0.352635779068613
0.464763622885204
0.429636708429137
0.487289844502953
0.331702991755265
0.2770201936453
0.363021241270781
0.608611609535956
0.370165434694456
0.564455621246452
0.345357687379356
0.292303657103156
0.335454655838391
0.430358202274475
0.414371606042283
0.370725804987359
0.348952514260613
0.437770196545355
0.437669746317158
0.669174572326459
0.482322337602312
0.486291267548572
0.451444734033241
0.384746432007807
0.523683718743354
0.419452419108233
0.36084827478999
0.545053452200799
0.616062703535536
0.251014364808794
0.527017240132504
0.442066372128174
0.598848922687694
0.325320035061576
0.448032958132567
0.538660288389002
0.430308446622374
0.514820398959352
0.526351312248177
0.384046101872003
0.558680179350464
0.528781497006856
0.556804708906466
0.256195208623227
0.434239714206918
0.429284162407456
0.353494264728497
0.583438327733194
0.426426462522634
0.501372746898855
0.566167350827338
0.437302253655879
0.365072145021391
0.581224154785394
0.458956936599355
0.388760445172816
0.561548413417109
0.474812598479739
0.495237786554553
0.32275628535629
0.45428239840433
0.558284818104404
0.479769279797629
0.541852373318987
0.535552252805762
0.455556267772305
0.431396867409182
0.561761500607478
0.428901516997519
0.524124746478843
0.551821648887738
0.587783594190116
0.494038504371561
0.519458274255185
0.501974343976124
0.403975082141331
0.539289113547367
0.544546597667632
0.648558168254316
0.64693035177453
0.578779142893137
0.376193473768883
0.54395200750064
0.507949669319179
0.620965994605006
0.499271726562872
0.473062869613219
0.605311590393095
0.58184494356096
0.448154513396538
0.568416772885209
0.514271551589703
0.642863659964867
0.538159246963354
0.46021943575723
0.725300849160715
0.608273534656389
0.604371622481851
0.565040899842607
0.638304949190145
0.525939091037233
0.614138247916037
0.449033783595258
0.668228800192135
0.548677636277083
0.564727962707758
0.638477912342119
0.767723704523107
0.633321410785254
0.709497156033687
0.56053893096528
0.568522230058196
0.670203114092715
0.643020798416445
0.759992779534191
0.71520712465048
0.591589612229082
0.63781063748992
0.701263113358139
0.504834805124633
0.654872104801953
0.532072559675329
0.590435729475714
0.543781279266107
0.539657605604252
0.613278863577231
0.525010481363525
0.630565507390701
0.779147122750962
0.570312566839835
0.739327569442647
0.748289060126734
0.690475521016261
0.679445344604452
0.619524416953128
0.593281780363046
0.667478132737223
0.823247092774873
0.650972431129589
0.567183538183692
0.704032422695122
0.595646740910532
0.538454314820836
0.633264561647858
0.589892118257829
0.772583104580129
0.723165606601605
0.616609044504642
0.57015054442931
0.616548496323836
0.721299013863661
0.672989803267108
0.754328906272182
0.694680783591298
0.751905737062012
0.870986770602467
0.813615947310528
0.548773863380807
0.801569260507995
0.718436212500348
0.782887374295179
0.649013475071707
0.718438436027374
0.789209502194379
0.72726949147238
0.761293084882817
0.757769220488188
0.671742247834858
0.737515396550399
0.769592403286955
0.697501665489588
0.689381017629166
0.716888467026818
0.647614638968792
0.728415307777561
0.737391194220598
0.676585183850288
0.697215261829454
0.67361355405054
0.848928993088244
0.696647094955423
0.65912372665571
0.743060322321767
0.632889680607781
0.667963006741958
0.747319280062415
0.692285824048286
0.77526715642348
0.620631302074568
0.659109534890127
0.632081301757282
0.781005162227407
0.737661488374872
0.881219019256137
0.781114845805809
0.746148672846512
0.879624921102048
0.700158410967013
0.740647613439858
0.765424282545671
0.793438382849856
0.794913896384543
0.882340185057437
0.748119573189737
0.812792734274408
0.76782220336291
0.815733099385082
1.00021506796122
0.928386632076534
0.8348835684498
0.829057094050773
0.923782987821368
0.774422947041596
0.822905500582073
0.817743194269406
0.810019158882019
0.934576885363474
0.776110892110009
0.802712437769088
0.84099448556056
1.00282264068306
0.660772432780994
0.821155676248127
0.788642855686871
0.888616855234099
0.818787432350949
0.830694794711343
0.792318225256484
0.925887517294002
0.61249373485537
0.923689493959044
0.868614173313606
0.667936390788961
0.902197456418189
0.931447687735357
0.938069298992863
0.862264554336374
0.954475405140251
0.782795754599537
0.79920186382953
0.875738143457205
0.981275670589727
0.899141600085375
0.835321208053156
1.0013073313123
0.824951101207512
0.78716971555631
0.965216009070258
0.948511630692949
0.806898196315932
0.844872008609156
0.893291031443777
0.956472431407758
0.936038257116028
1.00795982628808
1.02474365991229
1.00978536410751
0.924866755923349
0.827577274913733
0.918986242804683
0.958004946765457
1.06025862126532
0.925359792362546
0.936078427436854
0.98451020140468
0.929001566765792
1.01912574300208
1.07757071219506
0.926377539261006
0.907448445305626
0.830538629437575
1.00433468318201
0.960710048520858
0.947301087937433
0.901172771563413
1.07578248117912
0.964218655120911
0.947096072578385
0.906477808689926
0.943477353987492
0.87555635414906
0.927914493852892
1.05471139840109
1.02968571216824
0.824542965702529
1.05961519758196
0.998828354942545
0.817489145769581
0.916858106978173
0.921274447836695
1.10737214745707
0.962317931779063
1.07377373331143
1.01188066081929
0.927575339079112
0.795188464226537
1.01132757609027
1.12039765313044
1.11294147635913
1.08947553048535
0.933538186871393
1.08503272559337
1.04497693692837
0.999544570943606
