"x"
-1.183352572456
-1.06905646915045
-1.09703537388148
-0.904076847440965
-0.952464035052272
-0.94751561573416
-0.997137878950418
-0.92139311899405
-1.13292399803094
-1.00398857006182
-1.00785573053348
-0.980396013323282
-0.930948668633898
-0.857043368803372
-0.932775971972305
-0.98653289007943
-0.997634819750882
-0.975161669120589
-0.974934334665379
-0.891955085222489
-0.919860355059088
-0.990697028175721
-0.848423816157682
-0.926631079279818
-0.963919288593274
-0.82128106785858
-0.931032520973162
-0.877309834574472
-0.955505561698872
-0.945877616781062
-0.976263014841875
-1.02150568042572
-0.921722218266972
-0.919235174391874
-1.0317303958546
-0.943177987545799
-0.904187168964583
-0.912603630674553
-0.824536685747108
-0.841374432810722
-0.885541371669305
-0.781120147569986
-0.779752156252647
-0.809036799023845
-0.999025250208909
-0.900422179416885
-0.884464518356277
-0.937912240738196
-0.882384261792623
-0.864425849043342
-0.786593116899445
-0.983958032926349
-0.859000053566682
-0.869829237334525
-0.923100609756084
-1.04467315865059
-0.931929071247317
-0.92979901726961
-0.951416992723583
-0.903786614799051
-0.702713911298917
-0.94252576528902
-0.895429733534249
-0.766851507207884
-0.825505739124168
-0.695599609947093
-0.874457676628698
-0.858180047815548
-0.817398533310849
-0.825618646344345
-0.852028948870699
-0.841377594179205
-1.07260396134013
-0.96080876019664
-0.947109563914571
-0.930405292962085
-0.847640034123828
-0.707348589793207
-0.77213980627613
-0.828439887934131
-0.820363434649356
-0.831969723611357
-0.873616193288697
-0.824704815860883
-0.789874448453241
-0.747452879317296
-0.818643773747883
-0.882634645351636
-0.87526963858814
-0.788722179598318
-0.724848159403425
-0.717671352603858
-0.784060054239981
-0.661666024538276
-0.796596572467156
-0.921113781186333
-0.868706717353497
-0.711305809970745
-0.794167835556309
-0.739515699149108
-0.882890220702249
-0.812161325177564
-0.830743956486569
-0.860042801785424
-0.814932471982578
-0.872714473728887
-0.774209255202054
-0.789809991460238
-0.811177898606828
-0.78052053758952
-0.801023843117179
-0.802184421432114
-0.785405104017828
-0.61349005763258
-0.766862439473139
-0.880874513303135
-0.654859061536187
-0.70437784545018
-0.639904899261184
-0.653921823735315
-0.655663100409338
-0.778041702044384
-0.71902335502281
-0.784049992684181
-0.714620827705753
-0.666910713088134
-0.70228284599953
-0.57934890965655
-0.671194155396712
-0.794412868384735
-0.661270244170591
-0.870004436146781
-0.607519877082219
-0.63212426642803
-0.730542372169487
-0.783342517005657
-0.749012201337852
-0.718589255101181
-0.648158917431237
-0.772623036059942
-0.668873820723273
-0.776557602330237
-0.794484936991858
-0.85632627851671
-0.624007455883033
-0.772533180922312
-0.638435800304059
-0.764553390385616
-0.754614258618113
-0.738001909036416
-0.556863288788596
-0.652280179609494
-0.762251556406125
-0.581185049676665
-0.768640579326165
-0.71799607749145
-0.57561544009229
-0.72257052786466
-0.769480103777313
-0.7477638613288
-0.680311387773649
-0.766322659114938
-0.598174253806242
-0.598440403330312
-0.676564396729278
-0.555742673189748
-0.555264903824949
-0.742713242468023
-0.544937178366192
-0.773138754111133
-0.720804694587992
-0.643718963907962
-0.728754575537997
-0.563840622067868
-0.714955672873807
-0.646112518925271
-0.656104764460042
-0.608624599385606
-0.664965047395521
-0.664151728733358
-0.698944089758077
-0.62309033296842
-0.605009075700735
-0.565585600609868
-0.669729472551971
-0.640118253972282
-0.618286169506504
-0.684085769301155
-0.671289885121316
-0.814502723485862
-0.52771965099225
-0.68934921625375
-0.633880601950392
-0.630951532646545
-0.631322988985962
-0.670041533622856
-0.554401640278194
-0.74919120114154
-0.569790736568732
-0.568267943573957
-0.606240297760766
-0.689214222271944
-0.638133216912327
-0.639591346194206
-0.637997993185556
-0.65250579771025
-0.409013676712988
-0.489665716063216
-0.759207674518979
-0.673828335264217
-0.556527452603088
-0.485740006054246
-0.528672079296168
-0.522432554987656
-0.690542442266849
-0.423362100918351
-0.402254380069989
-0.711631288517873
-0.616523780569584
-0.555362011481068
-0.528906165213087
-0.500415427268578
-0.645168104170435
-0.4099811033999
-0.48486646668188
-0.644241817688349
-0.677567580769369
-0.471334441277291
-0.389627018706418
-0.430098400042329
-0.612332762500464
-0.556204535634503
-0.374899347046183
-0.559104184215154
-0.506502150193522
-0.557136395267121
-0.573620502821587
-0.412193044189234
-0.582617303587505
-0.514765418683967
-0.566984001045267
-0.422263793164561
-0.576340507141931
-0.474615189329459
-0.407600353358603
-0.527883391727241
-0.565401479871611
-0.56746409235042
-0.444841292125982
-0.492971018278474
-0.573244056741104
-0.51902898042356
-0.51957450360991
-0.524498388974734
-0.676685477380416
-0.474132682109352
-0.428115764427279
-0.383801026223425
-0.472454911142156
-0.550925736843851
-0.455390056756972
-0.416824623879724
-0.54264544239841
-0.391384919095283
-0.500920291294657
-0.424080713628922
-0.477942942111546
-0.494798340221934
-0.353378848981293
-0.353910813282479
-0.485712364998201
-0.552675715282623
-0.475820593261527
-0.323902255313097
-0.455752921925073
-0.414206548535152
-0.388685780530088
-0.498815277923456
-0.551007619447669
-0.457151378698828
-0.322124828988053
-0.374747513565524
-0.526708921287925
-0.415019554997011
-0.379228162632093
-0.380461300463569
-0.454889376502032
-0.46836176024331
-0.299898542001698
-0.345448010462662
-0.412415233639573
-0.582984279766145
-0.394959342545592
-0.405473269027905
-0.429665759371206
-0.306116395379967
-0.551575866730165
-0.372229968356207
-0.481912905861142
-0.4881276566152
-0.362213449154131
-0.388344022460811
-0.352034055792424
-0.393913244176033
-0.227962628154579
-0.218413389685963
-0.391612426061246
-0.445270119578118
-0.306397181268046
-0.471185465142936
-0.322167354496775
-0.574413536726454
-0.483153810153602
-0.272709910779876
-0.387308788219911
-0.285706819445665
-0.392323931543868
-0.53918169647829
-0.277603084082228
-0.29628881020055
-0.289868360946344
-0.368585463224406
-0.241351897800252
-0.219261727886562
-0.321850065607389
-0.330816155565294
-0.35285503722269
-0.319071618280684
-0.465806111710908
-0.349905037220585
-0.350094136364999
-0.312984412583359
-0.155045944817002
-0.408252884075689
-0.449928759401993
-0.434255887061656
-0.343397044119685
-0.38939783201747
-0.288820383972215
-0.426548386899006
-0.304824015250858
-0.41265230140028
-0.328649064069926
-0.26282806023152
-0.346518662659793
-0.272445944912207
-0.423991753395482
-0.288599958072897
-0.26247719684448
-0.299913906729894
-0.47501585159479
-0.347303047955599
-0.255830769107732
-0.218047960337371
-0.286462333155614
-0.343113879803121
-0.281945598083786
-0.339391694355998
-0.195621039807737
-0.314533597266734
-0.231502335852009
-0.393018802155109
-0.348385261988624
-0.326719144687431
-0.292454712970522
-0.401742685111763
-0.283500089406379
-0.240736078938306
-0.147843267544289
-0.12489710922563
-0.147114109491091
-0.30985426257481
-0.298170363485299
-0.22634417579902
-0.30029595179876
-0.163647691826309
-0.288819688750184
-0.0547482249447159
-0.272974147170493
-0.441631655264098
-0.32772785179878
-0.217514139201184
-0.185253266103841
-0.378879126990066
-0.362741322731051
-0.269113879471988
-0.177849242905281
-0.143889091292373
-0.249473115799978
-0.180134036385317
-0.278544418000087
-0.12164983717764
-0.125810542715109
-0.341693481319801
-0.175016290338118
-0.301075190157813
-0.191683947482942
-0.183876317589821
-0.194622510328762
-0.205959901334821
-0.108671932087595
-0.204923844472547
-0.350993916576271
-0.193572856711033
-0.0882736946986016
-0.330031589819499
-0.164128654836116
-0.201712954918136
0.00198182408595291
-0.170080360597945
-0.142498253095871
-0.0948061664434392
-0.232749871635409
-0.216609438309116
-0.154700403804238
-0.350212453689549
-0.094312118066756
-0.307538833176992
-0.124642384482072
-0.082002736438555
-0.23061880462871
-0.133055346809682
-0.223586045533536
-0.259241136588189
-0.256104267361309
-0.10559447702176
-0.116625396697163
-0.0164568887744621
-0.174337006508687
-0.04945509130533
-0.247525571110472
-0.299207785265402
-0.232135591947679
-0.171516088403695
-0.245366504946254
-0.0568634706041201
-0.18457234656266
-0.00931909382421493
-0.081101526975882
0.0407977423844886
0.00609971018002324
-0.10125801429922
0.0250171014851795
-0.186945781326046
-0.183792711361011
-0.120010656398143
-0.116805053688709
-0.0347580108339672
-0.169909230766288
-0.0668899710199473
-0.108260018767351
-0.0337584180046733
-0.186621344814641
-0.18436322979407
-0.136172868790191
-0.066716875500452
-0.0779326332046573
-0.0110578842935504
-0.198152724304414
-0.190714623804464
-0.107505902785129
-0.02598398265336
-0.169781771697883
-0.193449440075844
-0.163305328046703
0.0521162233641464
-0.106164715377279
-0.0522243727792172
-0.148728607201953
-0.156523893000407
-0.16178504436896
-0.143197707486704
-0.209977979636283
-0.132884814031499
-0.0905886963635347
-0.133906680898932
0.112663454348541
0.0258085491556054
-0.150618439106078
-0.0969450859231323
-0.136918668600081
-0.0160720006087512
-0.112302027903027
-0.169438360290951
0.0847375711534073
0.100976092464774
0.0656428849667787
0.0398499015275429
-0.178528079566071
-0.0426491385195813
-0.0419137929293709
-0.024602996081563
-0.0139572891938488
0.0551108827284003
0.0430177051927077
-0.137625035764661
-0.172454638320991
0.104835343462747
-0.0752332563507
-0.0362317451273458
0.0413669845079645
-0.0992430266936008
0.0380332235783477
0.0438207882093511
0.0246078071630584
0.0303550991810463
-0.0963030487527967
-0.182607465342252
0.113960323006031
-0.106959290698772
-0.0176529655519415
-0.0184515914462939
0.0460408006666753
-0.11081603694854
0.0299595738814048
0.188582428307723
-0.0490731700783959
0.0533822911296575
0.118081618221413
0.0890622217636968
0.00177987766596235
0.105618403952122
-0.0111553400933967
0.0476330642330675
-0.0251472970546824
0.189268099637781
0.148633929694639
0.143247802431729
0.0529770898615985
0.0799182487002404
0.104099359063344
0.0414544236878014
0.0430578803113097
0.131087148592496
0.0440072166911635
0.115857072342331
0.0427914969032906
0.0205327400336731
0.117584740857496
-0.000947342919883514
-0.0205621707604747
0.154477400217694
0.0967034803373635
0.0071975517310519
-0.0537565131787798
-0.0100448756793991
0.174099965311982
-0.00233964422942485
0.130782528766869
0.00530151903837585
0.0189310129052759
0.0996200614631474
0.0051280681461778
0.161842601472937
0.0906355939765636
0.243136078283028
0.0406804828936964
0.18532552594795
0.0148143742182176
0.151616546591376
0.0272977163495488
-0.0978591044588769
0.114556581998819
0.0897603405500868
0.208167394498323
0.247350114718994
0.243414602602734
0.0186249282557181
0.134731088529509
0.236241681285515
0.147359209756028
0.0986865830822459
0.139315607922035
0.102274580913685
0.182658316874382
0.147401755997377
0.0116222693041084
0.133233183628746
0.176019669811163
0.0655113079456499
0.343705697170834
0.0159525175327841
0.206931595178941
0.222236517165285
0.182667860910344
0.107871787859165
0.225819420772388
0.126900804117569
0.171573880038424
0.323093848860431
0.303216100429151
0.273901485123654
0.113496343054324
0.0717884682637964
0.146976123411666
0.198308081035591
0.125602805950211
0.215715797039303
0.130329566983925
0.29402938649852
0.0947216430679011
0.0713002470834446
0.200703527668924
0.170948154226346
0.373975669994391
0.340590168316362
0.194324075125858
0.353429459670907
0.231373235176647
0.227003914474218
0.252228705407127
0.217292308887208
0.215799127580353
0.133667314209895
0.254370986339738
0.310622844461416
0.288000206233569
0.227087416081501
0.335041496149614
0.254124821250588
0.343602370204839
0.222865251335878
0.145427678628051
0.225850152865359
0.283186419654808
0.295204518766394
0.144800629627926
0.358020207348678
0.226122779243713
0.303796428955177
0.27136139595252
0.132520057549763
0.0918807966841851
0.181105757345421
0.374725042042056
0.266856637705134
0.255061919839026
0.300337684206669
0.357171029435684
0.207991760672264
0.101010351568213
0.37220431239607
0.317943541883405
0.219070138718871
0.355473236163244
0.0699942953511073
0.336504361546441
0.181805478576527
0.257172791708263
0.271529823061768
0.250668049579888
0.286430141089332
0.381444672327653
0.318335361456331
0.41451112572973
0.385106219839317
0.440857396796912
0.215629291865434
0.382245927145958
0.288619986533362
0.344274840918607
0.221477526375355
0.380824198449073
0.22518408171344
0.501003194351045
0.472208543022263
0.287956506129066
0.317743416639152
0.376067466251816
0.400745664508528
0.251991252196626
0.277856769449319
0.317565435907499
0.333511849101604
0.411226103128386
0.388594151944082
0.268297043754175
0.470181691608078
0.428095966880284
0.408606723793792
0.470003780207138
0.510374987264225
0.322394432975942
0.388674908291839
0.531406413585527
0.17482591799111
0.375852930798583
0.436007425515065
0.255227780062186
0.286513491824135
0.246955157839759
0.518349142992558
0.395016777968942
0.306732899406237
0.477904686775485
0.408988484115093
0.390391490639753
0.386071818359621
0.420944898894754
0.359713516288184
0.488952942631717
0.421133367836849
0.455200454809095
0.384224644282826
0.448948316153562
0.355485293365764
0.384164043444959
0.451673533780557
0.387292183168472
0.411699730150248
0.422694244865858
0.286870557037062
0.396755145853033
0.416928744309726
0.48976478697951
0.402021450034906
0.468932691186184
0.385022028136879
0.42767546133077
0.438016428725589
0.296538172628282
0.39689474845104
0.567152256398683
0.464920021455933
0.56145805137564
0.634890808200689
0.445790757763649
0.457867782864066
0.324347097504023
0.547508674329617
0.462148330298915
0.369846910818736
0.562030324877923
0.500369633957346
0.453490463654491
0.58051789776705
0.45120368831852
0.538677319348595
0.537610111208874
0.576101477336561
0.449481750582797
0.540395782136942
0.417291846344391
0.539388550809632
0.405676546692885
0.37298592657044
0.451713731612037
0.730315087866944
0.523369743983271
0.507009205953999
0.425509398025613
0.506319085888989
0.57261538010088
0.557247321695703
0.416604409932222
0.579977648671746
0.682056131232001
0.441217609425677
0.44374078156688
0.449843611721567
0.38354854152033
0.521061404344397
0.564816212641618
0.482960283538866
0.533516182476796
0.525107494927151
0.44647576731945
0.427690055134649
0.533792435211564
0.524900083423065
0.603643745762111
0.647317542489814
0.622454813675777
0.368319604472754
0.520505629946575
0.587094836363693
0.58644714473412
0.605244923312107
0.443083056117015
0.556735131968601
0.620216622538102
0.620535455795986
0.545130018220544
0.659869811748317
0.580508189678071
0.538985954378739
0.612919860596863
0.545605537964825
0.653403340325465
0.579518714788121
0.601523770256469
0.374582554007789
0.461515538416759
0.604432095584548
0.536220589833939
0.638052658898055
0.530976342299797
0.584283561938208
0.541791041792973
0.565368366912367
0.604043178724569
0.557189387001028
0.453629689727077
0.840811539229563
0.661108217186277
0.59473491221351
0.598234572350215
0.709465662466234
0.514138179755825
0.69363082706152
0.610223049780752
0.600752465352941
0.601420842125962
0.63744124028996
0.609274771729622
0.615538389918813
0.74902038068184
0.569179470252623
0.706421018561803
0.571847387465578
0.582075496604776
0.675534305520841
0.609377361748186
0.581654197092026
0.761063929490463
0.747972283396039
0.591549384719294
0.638602590584534
0.657945821008681
0.719475523863774
0.721176922972297
0.665522233326439
0.754540242251222
0.773088937645978
0.739541050878003
0.578088379022052
0.607695668669621
0.708248359910785
0.758941652785934
0.732404466157326
0.654834494982905
0.534897049278687
0.634452092864222
0.777831398349955
0.619512695551059
0.717194612302406
0.709591290653658
0.817402559940065
0.64136465483559
0.639488718233278
0.573559723530961
0.750953607378738
0.747768343636427
0.610496223293056
0.65331986512117
0.681747081963606
0.703527313186454
0.714440125608401
0.658851590666365
0.719746330189772
0.610726791767064
0.878751297490679
0.633783403683047
0.548527724265347
0.771658548069878
0.738705316386154
0.759604466953464
0.689413771980589
0.835025486337809
0.7111153627614
0.743849757319131
0.670375670119501
0.743356790052458
0.704422723180915
0.817167143329425
0.883840564301884
0.889906467226288
0.745110220239837
0.658686393061571
0.558608226437968
0.704111792272195
0.720453977334945
0.818643705439965
0.758918046353273
0.68456753940224
0.890803491451032
0.705253229337595
0.849815391672952
0.766908102079942
0.654693857006771
0.836836603779138
0.719518642965282
0.946769949617664
0.731358745821792
0.651101706816544
0.81021076398659
0.832144183599783
0.69284391136784
0.764245348497649
0.749613264212212
0.865384485116879
0.767436640573962
0.814808800898914
0.671497582776324
0.643845030252231
0.858598746823905
0.846545466982488
0.81125182359153
0.82757548528825
0.865716118779846
0.933656325838321
0.82221640178546
0.800561999848599
0.90678382763398
0.955781180733522
0.793197727162266
0.911500959727708
0.674681962467213
0.747006156849741
0.846621567515523
1.03380067194148
0.738109596909329
0.895746604475306
0.812461459329829
0.687492843798566
0.839484899220147
0.926833031865909
0.788528943747806
0.779312492101045
0.879375128663348
0.879014135294518
1.02407556760405
0.865802152926835
0.908244557863732
0.879642065455169
0.994099007140912
0.805659607961749
0.840457372682243
0.942262361128821
0.789821219310683
0.970743729453778
0.928305914021655
0.690098186679198
0.886435102136761
1.04431986328725
0.918795565617469
0.757035948394692
0.947956856851456
0.796025908943474
0.89919316531876
0.890638812123917
0.759530071421396
0.854596415930145
1.05462553009909
0.823577480784646
0.847944187101541
0.972606694473611
0.942342125491482
0.875928117902317
0.953705020696154
0.875492841025485
0.886692370729776
0.91422798262529
1.02527774980064
1.03877507881738
0.827544084860809
0.897338335159214
1.08818846858782
1.0617315251394
1.02485312294991
0.999068813608945
0.928816204916496
0.832341661988356
1.02533207182292
0.977983354872524
0.88616248277066
0.808724005370336
1.03334401291123
1.00246106424395
0.796442112290729
0.757969448479847
0.831155798855024
0.974554978411371
0.85681914644264
0.98502554486694
0.83667765125403
0.958243601111513
0.994584213489072
1.05722583679438
0.987844560127356
0.996632238764809
0.987145794445602
0.981090070766846
1.000623446659
1.04042150708012
0.979748663728009
1.04556004354343
1.26103665555368
1.1290133115322
1.00441161148149
