"x"
-0.959794373316673
-1.04035294265132
-1.14984826812577
-1.1093961136079
-1.04652336527776
-1.01613103187553
-0.938966123434168
-0.902663984900912
-1.03210193664311
-0.959609550576617
-0.952119118174451
-1.10799260360058
-0.935817636373782
-0.855618420052029
-0.794746443537197
-1.0395573936221
-1.07220996507374
-0.921992161223773
-1.01372649724975
-0.809521479234154
-0.828912905953013
-0.876058969235281
-0.989393224230251
-0.991371408900042
-0.841222863024201
-1.0833666198641
-0.977433341277333
-1.10676510997512
-0.940853797140821
-1.00470124078079
-0.934304433980279
-0.867832578822991
-0.962492958358795
-0.990397493375212
-0.875457551744631
-1.00458576741984
-0.871483647099652
-1.09525890073032
-0.846555455175965
-0.923931606128122
-0.954833585265722
-1.05916094694278
-0.970698569234791
-0.96976555832703
-0.904288529467939
-0.939994752470714
-0.893440959168203
-0.675952843910694
-0.87085071948166
-0.963102711967705
-1.01671411501934
-0.915190635699843
-0.808680566829961
-0.82261154712625
-0.900204712044009
-0.925066918399279
-0.835712851872775
-0.883438388542744
-0.885210106888843
-0.773389319495847
-0.875732804587141
-1.04143818266656
-0.891242965759825
-0.832515056815568
-0.892573067464802
-0.852576720023948
-0.806294801948834
-0.860405184483366
-0.842614013849216
-0.959984451702243
-0.706844911097828
-0.754618313044324
-1.02523293201082
-0.9022626710873
-0.798049586569608
-0.853064597418542
-0.951192363509819
-0.738289091521884
-0.88074430662494
-0.786169287194774
-0.827875865668863
-0.761450766468217
-0.983807456873872
-0.755875289388137
-1.01462713691249
-0.841233793656752
-1.01539183103109
-0.831550537605763
-0.738298295610677
-0.739267179426699
-0.767451562552378
-0.821136771904349
-0.814626155617362
-0.823633989455865
-0.791123394931116
-0.779345723792732
-0.749242433927483
-0.666497189917257
-0.901699712987366
-0.718012463690292
-0.753309042471843
-0.81707664220888
-0.596739393378796
-0.693362062594312
-0.783668126406278
-0.782306109391702
-0.736588927414823
-0.675066615491699
-0.834438349160558
-0.766303362939789
-0.581560862183248
-0.832674248493062
-0.836304470525079
-0.75902133552517
-0.856215281028042
-0.84319379445128
-0.73766046467109
-0.752512011833481
-0.598555620380063
-0.755436291181396
-0.638687711013602
-0.906011802960271
-0.831766501476477
-0.840314385488215
-0.85848806150122
-0.697149915730334
-0.871907950059551
-0.747261078477831
-0.793015091128572
-0.673378049905184
-0.68269982760703
-0.718587445815161
-0.672625336059327
-0.815479023517689
-0.732136138438541
-0.751978455704535
-0.662498764636345
-0.789585418891844
-0.671154222232122
-0.62363929473197
-0.646431056731963
-0.575695479396628
-0.876197877845534
-0.555738719585169
-0.660287480392357
-0.759435755214829
-0.772326101196573
-0.703063409834703
-0.673264411982682
-0.64106473200068
-0.565380715814111
-0.574979116344631
-0.649781168728931
-0.783606946755513
-0.727255175490244
-0.642694076309366
-0.687223568629094
-0.608751765046841
-0.686101959931091
-0.646639304043157
-0.782067116846608
-0.637578828830442
-0.6682782516055
-0.572486212836241
-0.579061030817113
-0.737225975169602
-0.72860259404403
-0.628335390129412
-0.755167957348763
-0.739948028897296
-0.586728426120731
-0.646697683859405
-0.534280225618847
-0.706458619791711
-0.70981629850648
-0.639198641893647
-0.714435839104512
-0.633709229069409
-0.804081835308828
-0.638439789148252
-0.742979299998095
-0.617815463610966
-0.641644482420654
-0.690482297358196
-0.685400749140067
-0.607910543204113
-0.632539363184694
-0.585023036218122
-0.630697114544851
-0.746093265667856
-0.659504038226041
-0.734994715692806
-0.50765790185465
-0.632178615524926
-0.672759435927916
-0.590501791247879
-0.678712772176313
-0.561570391189085
-0.620451936517318
-0.681140781665364
-0.68322669980767
-0.53657838056014
-0.553533918847872
-0.5339157796027
-0.679943737284744
-0.640204100787084
-0.391557854862367
-0.588016981998774
-0.48549677665009
-0.314539554962539
-0.520635933553655
-0.527417597336581
-0.656642261921916
-0.508410404081325
-0.64842145517558
-0.532429359366437
-0.344867712805848
-0.504581451877046
-0.70929551608029
-0.724142413301646
-0.598730287145329
-0.602218719785447
-0.391951543166227
-0.786537689443118
-0.705407908598067
-0.608994095264205
-0.446401226755305
-0.487662465635403
-0.386383216381714
-0.564012263481977
-0.655860386709172
-0.668255963296153
-0.602958735859332
-0.587515461871259
-0.526609494319377
-0.455301948367924
-0.704295198455993
-0.456524303918605
-0.538162687461937
-0.455679806852522
-0.528813917680721
-0.582317879001804
-0.515060433906081
-0.587462288924614
-0.597470731203221
-0.371446756848636
-0.536116120251071
-0.435023342381718
-0.439590348948304
-0.656008658463754
-0.392388112484428
-0.47433617018318
-0.420267073349219
-0.400786810240199
-0.622585326591123
-0.467321629520928
-0.509494094243847
-0.472961525526469
-0.463137534519301
-0.39777358729591
-0.59047111805355
-0.545163717241212
-0.258426522258721
-0.542277885694841
-0.628268243126654
-0.585005383268447
-0.432100584429599
-0.545807879008244
-0.557329087264742
-0.465003215981923
-0.49235520972965
-0.344800643732645
-0.414280162954817
-0.410340629659755
-0.452492885369415
-0.649215726605407
-0.458594352279923
-0.482138008328718
-0.414053430546719
-0.451412965871006
-0.430102207707592
-0.432934080997459
-0.494985861265654
-0.431326479990568
-0.4744464894519
-0.499520390260608
-0.382653250755793
-0.417067120811814
-0.334185117274052
-0.639246281127847
-0.464911362936754
-0.385705471827981
-0.599889534056379
-0.452438758819918
-0.373050454341461
-0.439190631936954
-0.454049916131351
-0.464104566494581
-0.321035586803136
-0.542314807806883
-0.462267363683123
-0.452126172638054
-0.33474486370452
-0.410662715990745
-0.251515880430311
-0.377353951014647
-0.559931852984725
-0.184608302276751
-0.333207992226454
-0.329579994472412
-0.327971164291531
-0.3262251742449
-0.386160512964006
-0.214946746164935
-0.403035909855407
-0.343732106247235
-0.353543400211748
-0.172072070567646
-0.453733275400979
-0.415099030119614
-0.298857714964971
-0.360385445868742
-0.309282593372728
-0.424418047159583
-0.42735705695926
-0.419449553705432
-0.214144422974452
-0.274751406574328
-0.380295118876619
-0.468214225598331
-0.196679176263488
-0.20399529865468
-0.295908711576785
-0.314769544479373
-0.280456208052084
-0.353830613474336
-0.281543756337946
-0.267115328742978
-0.343120406402287
-0.232934429422436
-0.304905468008362
-0.248933142522363
-0.352882752140305
-0.203820162289635
-0.35128633738396
-0.368590934588476
-0.307046753937356
-0.37552458031334
-0.287757778181253
-0.409214246151273
-0.203581610240938
-0.31364701460343
-0.307030567967669
-0.162398177852834
-0.407811811255349
-0.298305912024544
-0.271149391046636
-0.323081758039722
-0.246872127120459
-0.269446806079329
-0.256305515640125
-0.36084019637748
-0.293433724698026
-0.124639412099394
-0.203926095311527
-0.291906263257648
-0.317395138645878
-0.232119574289029
-0.203083867104536
-0.296538357761469
-0.23607224709421
-0.275622933730589
-0.14571167095267
-0.127135982963236
-0.288130166444102
-0.285647189445401
-0.139641530117742
-0.33217873336729
-0.170419503428118
-0.244529864165524
-0.237270600985991
-0.311607055594481
-0.162921127177834
-0.196279794801152
-0.188785841151886
-0.271497694162715
-0.298807721874917
-0.255953946281559
-0.254024285907634
-0.173648794991251
-0.282548380787435
-0.147656259607616
-0.233044055438896
-0.261457690876116
-0.277785411204437
-0.23902801083164
-0.0554813562914631
-0.312086375288393
-0.240161787822891
-0.0460037163972893
-0.126647747784075
-0.333534083008006
-0.0617645604236092
-0.167885431463448
-0.281275907107027
-0.287645344540057
0.0255845800543922
-0.329937853755453
-0.234559996455854
-0.0864693220520749
-0.200156950992444
-0.0952997266231294
-0.180757089328607
-0.146966129062015
-0.129721203173345
-0.144528560804449
0.130935424185476
-0.0349477072766933
-0.0827853239867889
-0.16137776469701
-0.148760645556115
-0.156606433431305
-0.151144432748457
-0.129039332710848
-0.143100299305409
-0.209203002563268
-0.00504466499782299
-0.0528638519106574
-0.0326402737219387
-0.189390994455833
-0.245729022549053
-0.163942581599532
-0.0989635337951789
-0.0825344738937205
-0.11491471192756
-0.115403618395999
0.0537466968838637
-0.0879686135685774
-0.124816266598526
-0.114352832948347
-0.135211637243747
-0.196753648755844
-0.252632808874429
-0.198634837803258
-0.170120393381033
-0.196303956902283
-0.149890927610181
-0.295351713499904
-0.201957091483013
-0.123692302932873
0.0462356967452103
-0.0587288974411479
-0.0470151639742284
-0.112769598070359
-0.0290582029723439
-0.128684800542438
0.0173786118482335
-0.12737295731735
-0.132866924622317
-0.147076503395978
-0.0787166687817204
-0.0457531423134118
-0.0699499669893502
-0.05304036041631
-0.156919533048458
-0.191269759651199
-0.132293949520305
0.00603831384608196
-0.0293808427482754
0.0198294062310336
-0.0836083078565946
-0.116246096621885
-0.0189279339323343
0.00984045644210248
-0.328640646237405
-0.13355677220312
-0.248209812985958
0.0124811260218954
-0.0654551127704654
-0.0407767741457462
-0.00843884767280198
-0.0960372486887298
0.0514319043844521
0.0298553838255402
-0.0318517553395188
-0.00955013025281446
-0.165139100230677
-0.0314315281073459
-0.0876474396928505
-0.18617763887883
-0.00928594062170014
0.138182566006573
-0.0248516883400318
-0.134628651211881
0.0521850784891411
-0.12400605132761
-0.171087903675031
0.0495210195902161
0.0233289970589678
0.0348081920013192
-0.0246755875134319
-0.0487950704702253
0.0410723503349932
-0.0210359955607574
-0.0557497919456005
0.225532604952005
-0.154945196647284
-0.0215066765849281
-0.0576303189621126
0.0605097714310611
0.036027666788845
-0.0655673085777256
0.0263981725178431
-0.131103895791671
-0.0232919551257631
-0.0231142617422393
0.0531145674349355
-0.0119390282357629
0.0171289868474736
0.164743098379075
-0.102667575533217
-0.0220026002373342
0.0214607894611941
-0.0835465551858173
0.00619664963235216
-0.030966836412052
0.178313831085653
0.095409266655875
0.0611303520328229
0.19661158624692
0.0300159926352075
0.0231742543965629
0.159416492293294
0.141281524936832
0.106676642269824
0.197485427036809
0.106680092354015
0.0507512033069908
0.177371047859287
0.121653507639751
-0.0574350913171394
0.136517973199486
0.078607412923099
0.0507426354740747
0.00860333778092148
0.0986460206944635
0.0779748097853661
0.126887945603215
0.0115050365751219
0.0900113092824331
-0.0186388799119433
0.183077931945119
0.0905051578554375
0.116181949966511
0.176944675683494
0.0517028269487653
0.138786478269121
0.161572307998326
0.121825840637832
0.208183526912007
-0.0183420536801281
0.0130988185924681
0.0607725127771954
0.0635794594896667
0.379639360605817
0.255717951304856
0.217063286926219
0.0335359555517873
0.162951713725508
0.00178949113939097
0.14586726572532
0.250277490421748
-0.0129086855179073
0.0100405363741381
0.107668055881106
0.196848888207517
0.153596019348765
0.149696184337074
0.19693895562903
0.247173814985471
0.182826655363542
0.228665423845615
0.076322658006846
0.187746219918581
0.110522647720828
-0.0123080590381703
0.11793472588273
0.0893974624765822
0.178739112047236
0.285251627808063
0.19788737599256
0.189416450298677
0.270951351096418
0.178018065576301
0.156575847461374
0.190898453272338
0.227394576981592
0.230119046268556
0.147829859954737
0.0989694626306302
0.207434544788793
0.220780055564746
0.226415108813423
0.348600326400499
0.248758685661703
0.0124235131933801
0.228013745437236
0.223377271173106
0.369652537882074
0.164364443042711
0.232251128913502
0.280321519521959
0.154287203823488
0.379046152000705
0.270778829572407
0.229221842795546
0.25330898680909
0.154076298909031
0.292673331891553
0.450414403583494
0.354301858083654
0.15127736222489
0.263945687900511
0.244351604477676
0.31817458847574
0.297347968567759
0.390769259206312
0.166337116347656
0.309667997263302
0.351960513145956
0.200683522218599
0.196166655816478
0.251157794321035
0.346296535224805
0.244145061236847
0.40452412989573
0.295617730849236
0.452985821021382
0.254511283939771
0.273206361843162
0.288111179605236
0.278933710895271
0.240246756492502
0.253493730462083
0.203389824797498
0.377069392681731
0.390224437176882
0.359818632811665
0.231330786683486
0.454196883188528
0.53249906432151
0.412374194399467
0.363234923291463
0.358416773954654
0.0706435113946859
0.359868222240161
0.396931021006423
0.179059250240294
0.438650519936888
0.347146158443413
0.354800473561877
0.392683226806593
0.32191635206533
0.408535117055443
0.276210541069385
0.347234086019457
0.301644857711231
0.317971871532108
0.405945896152605
0.312109889184904
0.383994068848686
0.363075666555605
0.270413951531627
0.412611210753193
0.324816384026356
0.284778125215786
0.327530157978058
0.358812860417381
0.383186549819873
0.459448362736492
0.330721175589234
0.38323621503264
0.36141892260653
0.500616817743266
0.425267656197251
0.399871006877543
0.37173172058135
0.431086620716094
0.352882629853222
0.396776016535316
0.466582129572424
0.276753775579697
0.475955541984241
0.393223024876132
0.398155030989225
0.369934217942012
0.375426519857862
0.479158651973918
0.427562415443627
0.473945093464001
0.340803500450031
0.287850566352531
0.394426454145293
0.611161177053092
0.370701256319124
0.561034393629484
0.352504391638477
0.316067296537334
0.331412689626371
0.432901179307438
0.432558240790261
0.38703771605264
0.361266866979308
0.465906278617909
0.452623970144958
0.637446532753879
0.486014386397887
0.498056237077285
0.47990125330207
0.407315108196869
0.504629845487582
0.4398607482317
0.370092134004283
0.537802219731757
0.619084406216388
0.260330660820034
0.528976163984802
0.447784565261735
0.616703898248385
0.336001045104906
0.430804390394219
0.531789548823124
0.460599378123032
0.518701941322127
0.535617563954292
0.393752032690199
0.547349100039807
0.529259664621318
0.528447445541932
0.263858465165692
0.443537605543259
0.43757417512923
0.333173731348976
0.560888179300004
0.432707166125989
0.489146335212925
0.542277570438809
0.412025214984143
0.354796036606206
0.568811258744059
0.453299852121829
0.399405959717848
0.557793264962451
0.479158951128327
0.48567572572747
0.342881105751547
0.475652793810181
0.578067773372763
0.484832360390074
0.552772637712425
0.516748550651122
0.440088049284106
0.445523256682736
0.571039758235541
0.427093701416122
0.542099524235624
0.546826973768644
0.556864389366952
0.492829524999405
0.48965168430693
0.484088412300213
0.40934952572363
0.551270696129057
0.551459646004415
0.647484274390445
0.65066054375755
0.575545073688628
0.366094107038911
0.544068884972933
0.503703041379447
0.603810321606456
0.497981562903003
0.474729273185938
0.604669212747791
0.564860620222786
0.438157347827584
0.581055307500465
0.518992191368463
0.639863588287509
0.556088672279239
0.454225718806105
0.735211282447861
0.606324306094677
0.607728098953031
0.579571375434335
0.616866814592728
0.496714460844251
0.585451223972357
0.444793839488033
0.67838885913865
0.541984599230713
0.566556465297871
0.639576140209982
0.785856900544693
0.631477802906168
0.727507539588619
0.569163114387254
0.557220527665904
0.684243133234435
0.659274317315105
0.770721454817134
0.711778402576787
0.587253259688396
0.667180853521651
0.705948104209818
0.519697402321419
0.650294244374758
0.544353021813884
0.616401628320697
0.546979262026303
0.55617961021769
0.623885121614773
0.513201502532349
0.628412926469295
0.786960365626687
0.566766784815037
0.733896562695427
0.765042036028311
0.688465605447261
0.670409684589452
0.616525767246217
0.606285913526598
0.67085748225767
0.789656300077092
0.656619575352454
0.532965976013876
0.698016631494478
0.587661523606104
0.521878644487303
0.649728040050456
0.580286175267543
0.766217185837194
0.684454528844217
0.609672037398631
0.561266341070232
0.614219638283243
0.719660065909447
0.679913738161676
0.738982633158283
0.692402798903412
0.721490000567354
0.861623312145352
0.838244753027895
0.566919718549845
0.794369849400049
0.711713191269176
0.809312417091268
0.662871038898762
0.714664124816183
0.780023477581718
0.717350834444588
0.763782404110412
0.749107037017927
0.683256597848015
0.6965552391369
0.754426388133476
0.683013508488512
0.688872607604714
0.719056555580522
0.639271359382391
0.706911608554545
0.75561511509735
0.679102213079021
0.693901201785139
0.679322231205374
0.81603185365875
0.687065906535811
0.65401735027021
0.735241071908845
0.614484652819256
0.674406316185524
0.742273029664158
0.715894575772538
0.763410025852853
0.599621979109722
0.668406865631366
0.642716392731486
0.767990732919298
0.725431843276165
0.860796757084717
0.765824118922147
0.7539195043492
0.88082979571048
0.678592107160655
0.742361743507134
0.781179327532919
0.791555953492695
0.790769647725808
0.873115871805738
0.765097835653332
0.815119715433627
0.735917232837772
0.815935281678597
1.00731023864261
0.914530628844615
0.851913860677192
0.833746306007552
0.921916459125148
0.776330969334765
0.813002993316939
0.783703824625427
0.811934735427913
0.928552575104721
0.785242420678557
0.784032831231572
0.826054673711847
1.00962389743453
0.641645974695933
0.81702404880524
0.770339221496673
0.863091386274332
0.811473102772994
0.816548440861369
0.785688414787332
0.935709795451472
0.614674520653539
0.916163267873326
0.859978693687128
0.649643252808834
0.913597918712601
0.926056372291357
0.941456894310469
0.861187767775738
0.953025577498048
0.767343197230052
0.784514753256731
0.87251260011643
0.983237272323737
0.908476345116672
0.862587488409118
1.00601433204331
0.853411007119085
0.789848267180123
0.959608834155758
0.953799103477916
0.81967820049164
0.823528197648683
0.868247751958265
0.94541026129819
0.944314519101853
1.00245332975954
0.999347913735333
1.0124092382592
0.928650850458204
0.840354054997465
0.901962078610264
0.945345125417771
1.06340318605536
0.915665298409259
0.943963193733977
0.971925279814155
0.948211936521161
1.01256790015576
1.07056292659987
0.92647800001957
0.901776260865426
0.861171413553162
1.01562538846759
0.941591361000754
0.931971490998032
0.902112176275863
1.06265616583283
0.961398216950335
0.965520315011882
0.915138799065093
0.947736953266727
0.867224438573033
0.941277995868229
1.02801649209187
1.03117265929588
0.830961916983095
1.07813645817291
0.981639620557542
0.824854434125517
0.927513241758031
0.919526965240938
1.10895350932061
0.952142647038206
1.09051525727109
1.02610692812807
0.904407485394878
0.800337054188039
0.99485810095236
1.11318926108346
1.11515873541006
1.08806803997574
0.924378324816379
1.09546544129042
1.0299835096736
0.999589338436542
