"x"
-1.09161112716111
-1.03561931885765
-1.03433455693714
-1.00345082360491
-0.938272510428407
-1.01016452181323
-0.90114428672907
-0.949654801348144
-1.09387192545399
-1.08273755661974
-1.01824523639858
-0.977527297951173
-0.929702327832067
-1.06249408160607
-0.888573151966091
-0.992395411741417
-0.916126782910142
-0.992289338371961
-1.01231761513013
-0.906622835321056
-1.08438335932528
-1.00854256317545
-0.900960354290169
-0.858319033940201
-1.03153442764961
-0.930336982561204
-0.88946844833446
-1.03214392050864
-0.954081064297873
-0.928805865239908
-1.05149919946607
-0.857169326065088
-0.894560659563033
-0.81614021572443
-0.840465482995371
-0.910081018525039
-0.810911153837017
-0.916925128975667
-0.87259057651845
-0.957351731657896
-0.895553913096553
-1.07483217569721
-1.08675491611702
-0.972185143665469
-0.86130546317536
-0.94455927813998
-1.02709184519283
-0.864192360102737
-0.809925998589886
-0.88500179314893
-0.863144818255096
-0.87615915748841
-0.832385761697973
-0.859901805785188
-0.855242547832334
-0.843010564053746
-0.926784953365134
-0.844341575076852
-0.982661771776369
-0.945249933371255
-0.844285304060078
-0.8778510885639
-0.904197635044988
-0.844017185863786
-0.882511749025198
-0.941989861694399
-0.926591266595331
-0.828739472301812
-0.885516667808701
-1.03116718213315
-0.968787017831629
-0.891802511353959
-0.959853090452371
-0.801558165003689
-0.841281400086881
-0.871652574062274
-0.883226400294387
-0.905886599825427
-0.87814839639666
-0.677076196592771
-0.880406591719604
-0.828637440030937
-0.826046684798446
-0.855007119721096
-0.897016960506228
-0.819859728031377
-0.779888903347304
-0.867078362213311
-0.77454698153876
-0.931627377519624
-0.810778506670899
-0.727338667139171
-0.85921836789685
-0.824602140938337
-0.783921540722201
-0.850015026536555
-0.841030985872467
-0.723774492774387
-0.786314195238233
-0.697082244078133
-0.846335874060597
-0.760048820206154
-0.765265173214649
-0.698036170580022
-0.739627059098991
-0.904684791333819
-0.644482122304984
-0.689426618054595
-0.730694016245123
-0.807784826068325
-0.820849503003375
-0.858696995225208
-0.789945876532243
-0.816927627470384
-0.848146730127877
-0.831922275698667
-0.885680079274992
-0.594013846141196
-0.77168629186732
-0.727578165642195
-0.764666014569168
-0.87595132361842
-0.814439829516792
-0.585382593229984
-0.481232555281424
-0.671539763712057
-0.69855737220967
-0.758737579857294
-0.765172133765563
-0.817071126029851
-0.755883211725522
-0.747395842578649
-0.742008634471663
-0.70702972510721
-0.654945380179706
-0.816613079718758
-0.807259191910603
-0.837765511006765
-0.574665163265229
-0.661361050841881
-0.652867927360604
-0.72684357176385
-0.685915292029174
-0.688396812615916
-0.631864569033635
-0.740855042305132
-0.795694696221199
-0.781063726070523
-0.638397941166168
-0.611198865705508
-0.534461270712004
-0.639607718374267
-0.663283095020136
-0.606672434360519
-0.734060627451435
-0.688962818760459
-0.841507566008383
-0.769102443766921
-0.580299339446236
-0.671192130327836
-0.708821065041196
-0.676620944429838
-0.800435716572262
-0.765590141291459
-0.685632636710288
-0.812736263807765
-0.597130080845093
-0.563972689149079
-0.665658545311295
-0.51355185381394
-0.63659750399336
-0.639033421462139
-0.652928083943999
-0.587899889823228
-0.654254436431193
-0.664215435251386
-0.528116913837217
-0.581582967373289
-0.544132188166953
-0.721548642118063
-0.694285909971073
-0.695472102829818
-0.641340986514946
-0.614097315652836
-0.571520387029292
-0.616648303035263
-0.636771911308474
-0.681848249872694
-0.567930226399823
-0.704267458178358
-0.620050337603115
-0.577228310691292
-0.618365934356282
-0.466975219338309
-0.57997565809632
-0.632366803913069
-0.601545931104051
-0.638812900807724
-0.687860105527146
-0.51882384806144
-0.557092909456044
-0.599686020356029
-0.6652375300894
-0.605392640340547
-0.485316936943536
-0.651363701825218
-0.536401114173664
-0.548334042024728
-0.441346016866505
-0.556393158519859
-0.608652545120998
-0.503448682104495
-0.435027486741158
-0.50174026601867
-0.562656622746816
-0.49115788477939
-0.364172461708664
-0.556187960823718
-0.553993153549687
-0.485803256614415
-0.593619288033296
-0.552065808648135
-0.705118935262087
-0.544249605241263
-0.565873143456408
-0.433563918727604
-0.464228870948642
-0.672688856443269
-0.448207288309036
-0.55021918599572
-0.542208014478995
-0.58740011483183
-0.446499589480449
-0.559776682193824
-0.534357683740315
-0.530396527108268
-0.363073301408115
-0.451285771296098
-0.511828306109146
-0.525824220940156
-0.495880653549311
-0.531145211977616
-0.670665531672671
-0.56063845629661
-0.426521563253693
-0.702987176624188
-0.31010477064065
-0.600703381355914
-0.501634157761568
-0.537312097118663
-0.4003371812153
-0.632275882078545
-0.324545156059308
-0.70171086218858
-0.59225298387846
-0.467166558542069
-0.51367904090959
-0.520554270166752
-0.477891058005577
-0.488784387505295
-0.405203942471978
-0.492296621837302
-0.465942008707148
-0.292099918704718
-0.496146475875431
-0.612870457477903
-0.439094054870128
-0.416117967313813
-0.497972710779432
-0.488737693583429
-0.309009708910366
-0.400038237487121
-0.577382408599784
-0.570679006824047
-0.339335606795498
-0.359616741419239
-0.368737732510721
-0.426267427692703
-0.597858543465826
-0.498068479078257
-0.541446897126394
-0.293724055641225
-0.564604314767004
-0.382636069230699
-0.355772149990773
-0.302925899335288
-0.302814627330752
-0.645625027789758
-0.3722463551998
-0.53093242911048
-0.669856439392791
-0.330743902302823
-0.568187558316281
-0.456934864409318
-0.438599168900934
-0.39549935986023
-0.418402460747541
-0.457501437675026
-0.418418181860105
-0.304045889996059
-0.34880795724206
-0.532202711334041
-0.425867427638792
-0.521221912797387
-0.493844585945702
-0.40621429522763
-0.371935760571566
-0.30300662562147
-0.450364640432493
-0.289031648579071
-0.456405471832373
-0.383266415614165
-0.366764105773962
-0.41919729102558
-0.31089450712579
-0.456108219360876
-0.225852409685025
-0.212592199086744
-0.320572555004636
-0.466136418105721
-0.333812033262399
-0.468002050123486
-0.431416168069525
-0.348315474500166
-0.47246823943944
-0.316547644280186
-0.227886404704327
-0.282017630793897
-0.408461862035421
-0.307570204980956
-0.359562140752603
-0.334176498662609
-0.301240513606306
-0.137642751024168
-0.404862386090924
-0.289708134039045
-0.295357897898739
-0.400458904254726
-0.549489274995185
-0.337860694887154
-0.43045831906757
-0.163405152296901
-0.324677305707319
-0.355744019067681
-0.208403168795176
-0.141090326617745
-0.351822764167212
-0.160122290316173
-0.373559659204527
-0.309168075031606
-0.283293895879707
-0.398473658962221
-0.0953848412260497
-0.204694671060944
-0.35855926017528
-0.316210473866636
-0.313099401889324
-0.356812134909252
-0.313578950954918
-0.322856567764571
-0.276497859084833
-0.392588780726881
0.0206258057459631
-0.414851381699539
-0.191327492871164
-0.336438636576708
-0.297426211424499
-0.0954603846132167
-0.361759812767325
-0.320343633752469
-0.28770826439321
-0.103517404758134
-0.191498557467495
-0.140716348069453
-0.195555680350102
-0.191205595634055
-0.206317297608131
-0.248587889302513
-0.237452103744829
-0.441771246054235
-0.235156327363307
-0.300890263218755
-0.202483770515318
-0.0621162893576901
-0.320818678091307
-0.203882206930464
-0.330627729716332
-0.265191919230986
-0.265234983256183
-0.313349609190661
-0.262363035016492
-0.0676059007049171
-0.0843828565037355
-0.192087740693729
-0.250273145400379
-0.189286578081522
-0.282380517304262
-0.329490144809158
-0.188927842691886
-0.272825861576318
-0.190369583990639
-0.293534260045055
-0.136659711677236
-0.360587518907289
-0.198646277716662
-0.21815901055304
-0.270380939095765
-0.167398527960597
-0.218474840083442
-0.112985633457397
-0.162090613238216
-0.0692631784590958
-0.0349764488045575
-0.159608994455264
-0.133665103220467
-0.0259420190720569
-0.225728358173071
-0.221548819074933
-0.182733872495878
-0.191122361657405
-0.0598429767123368
-0.246940097530304
-0.1468297033822
-0.0753940236344679
-0.244757662844409
-0.19031396298153
-0.079685521036354
-0.0631943822773669
-0.144387998327404
-0.1455577080351
-0.136274252115117
-0.136922674728295
-0.286182385957451
-0.0960510320114248
-0.0894809377945998
-0.155322554082062
-0.220939125973894
0.0130915616049354
-0.188747669515933
-0.161915012240741
-0.0984121659733584
-0.0823934036993112
-0.00431208704589252
-0.00232183575119736
-0.145919185187373
-0.173157531415341
0.178114911278099
-0.00394782753412084
-0.0632290763304489
-0.26692792037937
-0.188426659824222
-0.23050759052272
-0.132729462902646
-0.180739133518388
-0.0868856364196338
-0.141072328524476
-0.0498406809862391
-0.0813073298214757
-0.133494663712974
-0.11144618265599
-0.0638229630208503
-0.0288772256644292
-0.134153478276637
-0.157043019458824
-0.14047795492117
-0.0369851517410433
-0.0248079457259486
-0.0840818191421961
-0.00331759883414855
-0.0964006219574473
-0.0163026192383936
-0.0630429572972777
-0.141733257604559
0.0346168913692977
-0.0471289539724406
-0.124755716436081
-0.0347759251632228
-0.0162131903519442
0.046176549876583
-0.128701956012978
0.0756555048651913
0.140363976550619
-0.108742205907121
0.113995340769767
-0.0956473151469581
-0.00666389387453377
-0.073120889398866
0.00889637917656554
-0.0211333965619363
-0.146704225843261
-0.0268038327479698
-0.0622938207316175
-0.0486053031160184
-0.0253274642099578
0.104133415582805
0.081735334076853
0.00336200873968651
-0.0811796394615706
-0.0153255721360908
-0.112319407504097
0.0161951430933257
0.124009965818787
-0.0036321575611321
-0.0147311902108818
-0.120972218287218
0.206304565707211
-0.111622909726137
-0.192345783652267
0.103719533728402
-0.0131822942708892
0.0744855387738628
0.0916958754480817
0.0345610610782819
-0.0107909332641435
0.0353791373036211
0.0574171308414699
0.090501219621947
0.13260618119751
0.0740271328029394
0.0416449255923314
0.0619905280018319
0.0936334268715875
-0.128520790316467
0.189495825094514
0.0530015860265548
0.0320040663840254
0.151304607229032
0.114544047118536
0.0554541278364785
-0.0081708256592711
0.0998909239164825
0.113156341437729
0.100149022190945
0.097348127144481
0.197882427403116
0.0327163596075513
0.044600337492454
0.0273583701774058
0.114751312283551
0.151417928869352
0.0947609073858546
0.238900110614684
0.129845717844205
0.0164989093737179
0.0845103018267749
0.166996195067981
0.0919230751198828
0.0556479727722866
0.0211932536638389
0.0525945129038849
0.103954499673141
-0.0143508914116682
0.10705362307059
-0.00188721464852798
0.202251695223246
-0.0512991550382867
0.162329127653099
0.166858055669683
0.0984124978428128
0.261132674324377
0.288653247405094
0.197360001299456
0.145216003848157
0.147221168728726
0.0451737801195113
0.20576952600727
0.0846296714856075
0.0624035512413314
0.186325414400167
0.0326824847615828
0.165295683945722
0.140839270670911
0.0575047032808886
0.136819343020576
0.177827717449551
0.0917101606563453
0.253500495647736
0.253419333122131
0.123588463274346
0.104586701283533
0.0950378137941161
0.0981526553123496
0.21717928999504
0.178817134434415
0.152220959787728
0.242453947349883
0.0749645063666608
0.348876268594262
0.238428647723339
0.146627408868393
0.18991623864665
0.114339037154287
0.172791019086033
0.273875394321385
0.0414319234060548
0.23672081431401
0.185663306038552
0.0467592631315486
0.162641720636309
0.111030278328481
0.253018657386056
0.14234783450422
0.283922312238891
0.257281896632708
0.15569126288791
0.397395536276724
0.302933126140715
0.0794387345114501
0.1519953430965
0.105174870222851
0.246441393304109
0.263114957427988
0.23497525073339
0.342356499337193
0.297327788295746
0.255902190833009
0.267477749771765
0.313893549199293
0.257944709814608
0.132773068863663
0.18071602854636
0.253489712275401
0.173103391219904
0.295993330411531
0.27915196495304
0.340379643119026
0.255421192345059
0.277896099116424
0.269596720463006
0.3265639784533
0.291582976430356
0.3162967181255
0.273752288553027
0.315678283529369
0.310237223284838
0.243752457202682
0.329164140762749
0.347857255150817
0.283218042839537
0.199752309812992
0.255083296729339
0.336121853725836
0.388662770894562
0.439378223830288
0.285007501609653
0.253893874889161
0.274751771362719
0.348858551912545
0.316637259403023
0.155340018724156
0.338666787887847
0.192830691087902
0.287453626992117
0.272900822014875
0.237128305678847
0.367144517977605
0.385601220579344
0.457788424449876
0.20263824608144
0.3477953466404
0.287990308611825
0.30840981670722
0.259264790679355
0.248197748439351
0.22563277250505
0.401563177486132
0.384252677697599
0.209494587068846
0.312754690153654
0.221460306991618
0.246726921629839
0.186858861864303
0.290887249487051
0.410741642527675
0.39045702616162
0.362770374567576
0.304732038031863
0.258473970277931
0.480606414928005
0.428807147461951
0.571983073953578
0.512485564404983
0.298216972669175
0.386928974095125
0.45632713778936
0.357051552575117
0.439484490472898
0.527487820342728
0.295911746648108
0.333759322519841
0.460232853827155
0.359166739665692
0.336129998202129
0.521599606884711
0.38465729684837
0.273101362413067
0.248149348672999
0.450822393394839
0.302974461192883
0.320974710523502
0.365193096192042
0.301831917533643
0.440416803464987
0.417551365027857
0.325590900260249
0.391458146109006
0.248897878711225
0.397886282527763
0.333155596113339
0.54033462418283
0.43531088654287
0.514930557701288
0.397809485259162
0.378170462560109
0.274365075355453
0.445886642377316
0.527810514991203
0.395314390354587
0.349565539286107
0.482266338881585
0.479281165716113
0.479031701214526
0.372299432735961
0.488760583676849
0.483445402482865
0.479061440673153
0.287373475058502
0.432180959232157
0.418194640749128
0.573445427080906
0.550211160216569
0.396258840857781
0.396942094941587
0.481660756072343
0.44321853162511
0.471277962215629
0.376381428076201
0.441582615083611
0.479242482924307
0.605241371778775
0.525054674889801
0.604235606944425
0.409643794128493
0.550228385639597
0.536064672777325
0.55677437582915
0.464521361297683
0.631423095880096
0.553162928981576
0.502143222696823
0.38191317490771
0.344274475868337
0.468944761667797
0.408263940565046
0.575589403074996
0.438380860443188
0.594909228617706
0.523684393549665
0.472270390411166
0.721123893724686
0.622053013602289
0.640936508832661
0.479658368479297
0.524753397392809
0.419836440949127
0.548955418157988
0.509980502255319
0.511827959560035
0.644382342951152
0.572023698492675
0.525006898535136
0.478939540413534
0.684091192425619
0.597081098387117
0.542620223194909
0.500408926039872
0.641197679134299
0.571028324247594
0.624653359627982
0.370013926150849
0.513739246186216
0.683888224887892
0.531508225614226
0.670643116513231
0.573765022261421
0.6201611278272
0.624769417614454
0.715542513800458
0.60197146150476
0.638531009520978
0.708267680637249
0.538305431868415
0.558488487132029
0.571117806362429
0.501771595363567
0.517539647115064
0.565389989303815
0.607278324236565
0.64899167202515
0.480301634705653
0.620534078315209
0.473265433345361
0.676577126192371
0.659325202650834
0.5239802640191
0.59318177531729
0.47196575914459
0.532380459977503
0.641641780399478
0.654985139632064
0.586110266540066
0.64493221549
0.535709830021759
0.688343254099577
0.787268171303661
0.429334401662101
0.517604305890784
0.547088495122282
0.639297051183205
0.606436481932329
0.585288805328333
0.563990939691414
0.60385564677168
0.635103467206542
0.682276518533965
0.752536041440829
0.589807259045192
0.751054656811896
0.490320113135277
0.616269297538379
0.725237493906057
0.732805639902423
0.626077734453873
0.546677496824779
0.722166857875558
0.820889473619456
0.609651289537832
0.837103733386886
0.769647733393802
0.636086104066431
0.698741123446412
0.843540058845233
0.753311300151852
0.622090891045728
0.64797134273626
0.660710145989529
0.669591166488705
0.644421387528324
0.613525639880193
0.726706830510395
0.53138216798859
0.795745843037903
0.857030624347651
0.678334447376264
0.594220969976521
0.655981888884415
0.723368353294914
0.652240634639501
0.639315761947998
0.62144618571051
0.673281926514441
0.610980262376342
0.78785503772681
0.72321297965195
0.677079355195876
0.712200004597153
0.612295597436981
0.561948333866754
0.701987770004807
0.829539882935889
0.803229375017368
0.776180444199819
0.621040711382989
0.79472245203476
0.519644330418078
0.868813525086411
0.738241773749781
0.782001737845791
0.646193696851354
0.634607118104434
0.605177901184598
0.865420764504404
0.66705032213311
0.865960945387811
0.783620344443284
0.718510381923921
0.769100426091209
0.662638104985456
0.753683964310796
0.796606037818849
0.725443083830378
0.705876485497682
0.789652688776849
0.748173018894809
0.747392605586737
0.794561152744836
0.827978148521916
0.789888322482581
0.898553700740517
0.791177668688344
0.867950413858325
0.849542681596764
0.846159358964893
0.794344832863271
0.753013278630288
0.637451197493187
0.906654523995873
0.860112699940657
0.868571786244631
1.05887003141691
0.896727568933348
0.842016643764764
0.771983313270504
0.801562986538456
0.924822235697178
0.739778999357187
0.770871802781658
0.85966244295075
0.977708104554824
0.827311446039861
0.815493176324495
0.764465007526327
0.844734065696053
0.899232630544276
0.873774973367183
0.910412260420422
0.719867718187235
0.720542025921403
0.877110037674474
0.879054372941856
0.955271714786373
0.814112172551398
0.954597688198998
0.868730783990311
0.906479762357116
0.820242365117802
1.00739089831834
0.838169295180334
1.04788844201736
0.759621957751687
0.805003636471046
1.02422348547434
0.835424581566271
0.980533189230697
0.917825015579683
0.859698988953296
0.78833840176629
0.959849885772775
1.07648692920548
0.778139353389091
0.941573967601623
0.87938238905081
0.840434673475741
0.966892393784459
0.992116381252789
0.920315764605658
0.878775232433208
0.899182547801408
1.00146809754759
0.862686025626083
0.83112027697753
0.920217302452034
0.913625414644393
0.825489808710722
0.925945133101143
1.02446683005377
0.960340014458624
1.0516865204425
0.90122803622548
0.836024577210665
0.843142219752122
1.01229044051386
0.991710948914769
0.825714169619729
0.924031724551115
0.945395359647154
0.87866074932434
0.906651108864398
0.948114429323815
0.90097284775029
1.07820460229868
1.06200164148885
0.892547592407804
0.992078244172065
1.02079187070286
0.921772856195918
1.10467972729692
0.999483897640575
1.08397600940163
0.98253988280999
1.05088488881789
1.04838192353068
0.922585212755367
0.956566989201122
1.0405193326042
1.03749923480447
0.946589726227689
1.06365920565145
0.961034352188015
0.892041765899373
