"x"
-1.11866232334782
-1.01284306683368
-1.04030636459059
-0.995595437323226
-0.92013142839614
-1.0124762415287
-0.897093969633756
-0.94194195735457
-1.08555953561869
-1.07447025320338
-1.0049982274631
-0.972500866295576
-0.915686541644914
-1.05102257490326
-0.897363214656081
-0.996002076816423
-0.901061005725442
-1.01367097618333
-1.02508797286023
-0.888964182701345
-1.10980857023572
-0.993326148788508
-0.882679917797231
-0.871315542503286
-1.01542601992187
-0.91662846978085
-0.900950026629743
-1.01512248882707
-0.963870651866804
-0.946838336705281
-1.04120972820631
-0.869724018191313
-0.899531803083128
-0.827387140106915
-0.85214181160422
-0.892738978087808
-0.794278381070683
-0.912222363551632
-0.865337577636318
-0.969357454893461
-0.885737440458014
-1.05190248832055
-1.07812954132558
-0.979988707261277
-0.840765715682598
-0.922071507076494
-1.00576722746878
-0.848130331249667
-0.788452353839439
-0.915402128803067
-0.898102993930554
-0.8811829706235
-0.82533382096353
-0.853274639202198
-0.858699638124841
-0.852403339251277
-0.905240635830015
-0.82838336976282
-0.970224802000036
-0.964209417379605
-0.829706832456512
-0.87735730408636
-0.917898200272639
-0.843158744352738
-0.883418669702055
-0.937382296023454
-0.91293157379173
-0.812263923905971
-0.905679546724391
-1.03482897902461
-0.954374916455666
-0.903084119155178
-0.967929012276227
-0.802175164297383
-0.836704704431733
-0.881612854820973
-0.883419046464741
-0.896976747770699
-0.902783694574126
-0.680703330890402
-0.887538516918789
-0.85082695753814
-0.831641195218138
-0.863068332479621
-0.908815204605083
-0.833913181285397
-0.79850567389273
-0.873978867842532
-0.788933507169111
-0.918003192850522
-0.798528833580055
-0.718887062168223
-0.856509326036284
-0.821683103023162
-0.77986976599711
-0.856324508872797
-0.838768845479565
-0.714831339451199
-0.774876246877398
-0.690177571534177
-0.84154016500435
-0.760390673937618
-0.754120645535059
-0.68371406126039
-0.734047636732707
-0.914341990214909
-0.635625816962405
-0.699751395874417
-0.735724527964697
-0.792445291759137
-0.863126326836449
-0.866277170579521
-0.769821348550951
-0.813653481770291
-0.877754938121768
-0.846854676749778
-0.891567123647161
-0.585830979763934
-0.776746006194922
-0.739061087676122
-0.767518057143788
-0.858652820419872
-0.821774780355577
-0.599251885281067
-0.488495186763131
-0.659378462776673
-0.707357241618361
-0.731031717171208
-0.752089690952631
-0.809329586380652
-0.75239197899452
-0.738578054292173
-0.740366083270748
-0.713705332966186
-0.66320261336634
-0.802952416402455
-0.783290719228602
-0.825225217987954
-0.571703658351558
-0.684161393995105
-0.663460165052188
-0.717356993526044
-0.688023177801201
-0.676200748056441
-0.624866262573761
-0.734193485201698
-0.799316315847031
-0.75617557538662
-0.644352008933946
-0.586749937795091
-0.565072346220404
-0.653589873290827
-0.676706281117281
-0.591446252888778
-0.730863600917462
-0.683007697189533
-0.826224836920213
-0.764345006211807
-0.570012887811687
-0.683470882357127
-0.686558544869818
-0.680403437593457
-0.804821673697227
-0.797398400773112
-0.675460716379491
-0.800510669236125
-0.61854640032051
-0.566197701585237
-0.670815123334998
-0.543530055095077
-0.649779283557808
-0.633706551059796
-0.64194218725961
-0.60274244259089
-0.640540762032709
-0.67610838030462
-0.525068447286653
-0.57821520659011
-0.547074149303509
-0.735654224295656
-0.667909121648844
-0.686464343920114
-0.655375942261249
-0.604334334717945
-0.564614288104067
-0.586840261399775
-0.641949362133237
-0.689760193339408
-0.57281251627973
-0.726828168475691
-0.606007393044588
-0.589645054604787
-0.619739135947696
-0.466423654676999
-0.585890220615241
-0.62866863585387
-0.596463783300093
-0.631270650280037
-0.675470344861218
-0.530811898216551
-0.568940877821096
-0.595831039284524
-0.653780825338397
-0.591995642067651
-0.505032008946694
-0.635164781644178
-0.563654769072015
-0.554712606095837
-0.418944188250028
-0.557008774935041
-0.59012628852261
-0.525358883060258
-0.43726371216484
-0.49507713044473
-0.556120257146671
-0.49695236685058
-0.362593092957656
-0.549853772012476
-0.55119933925308
-0.484029332085482
-0.581282480484259
-0.542876658619763
-0.71543645709202
-0.568744886529012
-0.584574327214054
-0.426231354533721
-0.48781352126859
-0.680322791144856
-0.435092849282551
-0.533098829021128
-0.549865759668051
-0.606750192604229
-0.460371669432059
-0.546804146364306
-0.539337585808659
-0.525632002218515
-0.36695835788821
-0.444181236303815
-0.523678895099981
-0.53325771077224
-0.490113969193276
-0.524128520357549
-0.668818107385221
-0.557405795513374
-0.421246414741817
-0.682568738116095
-0.301502878602727
-0.592737901155646
-0.498236768901109
-0.538630519961937
-0.382232032771914
-0.647702988517903
-0.312444609774787
-0.706933352086075
-0.608230883160483
-0.467534708747233
-0.466332893390222
-0.522099978119845
-0.485821472617683
-0.506707378705923
-0.40130661289864
-0.505880490310058
-0.48465798563048
-0.296817174407075
-0.511286441437105
-0.607241800099775
-0.434483116627308
-0.419053325894855
-0.504936732582172
-0.486875914301158
-0.327939950205574
-0.366413763872747
-0.548680617557735
-0.565641628794266
-0.358715886155676
-0.378673933350158
-0.367206726960633
-0.419780522705211
-0.595227473244679
-0.511392285845275
-0.557566085511347
-0.305149941213908
-0.554945735513852
-0.385285098744531
-0.36749440935756
-0.314651139052928
-0.320637893563421
-0.636722862177091
-0.364279708211932
-0.525298921528252
-0.639800914704436
-0.350596430448674
-0.551533422525281
-0.443038400638583
-0.428009973119534
-0.406372075239597
-0.40804973935001
-0.437672748884357
-0.414089831432633
-0.307347452900659
-0.336950251337007
-0.528958881077764
-0.43825110426983
-0.497339821319283
-0.501266462254148
-0.374450843664355
-0.374235124746139
-0.300982820987402
-0.454103400694269
-0.293352232353118
-0.439696632777419
-0.392401283589086
-0.356088454247372
-0.431604976287103
-0.317799725200661
-0.467814672296922
-0.216945164215111
-0.236891206689824
-0.314456649226507
-0.47670419247815
-0.33379678797634
-0.447531160012573
-0.433961197853489
-0.365517313857493
-0.45115148883843
-0.323298703930407
-0.235387165789341
-0.300840747791713
-0.406375563813662
-0.325525131248098
-0.365045179598106
-0.340389713996935
-0.297237344520115
-0.139788096181331
-0.395197188306332
-0.280899116393014
-0.302496974027459
-0.369434826228713
-0.542492194932605
-0.369128083774734
-0.419385323117923
-0.164572634573749
-0.311752226350939
-0.334302571287946
-0.213204737896518
-0.145042191366606
-0.337347426010462
-0.165540360811727
-0.393564676752048
-0.321535882214247
-0.290524664288954
-0.411930858758835
-0.0823937584722978
-0.209618700413473
-0.333846124595279
-0.303789426097119
-0.314214243433737
-0.361432292646262
-0.312951160379463
-0.328510302463494
-0.262759080220275
-0.40910731818857
0.00484438098208988
-0.417944995671178
-0.207745006693538
-0.313300632195432
-0.281203631452477
-0.0970580083845516
-0.350571467861494
-0.298128942304652
-0.288643748119911
-0.104097533469744
-0.195126916775845
-0.156754665285831
-0.186419839077055
-0.169843046986418
-0.206132675886038
-0.25628466373064
-0.25259701916068
-0.439512486920387
-0.226186512730999
-0.289426957485078
-0.195112643611634
-0.0588047490730488
-0.344641398030488
-0.202703069735821
-0.346120782342471
-0.253765953833263
-0.276643865850089
-0.289680812097743
-0.258445492233583
-0.0847431173654091
-0.102328224031907
-0.171207859991189
-0.240464264069334
-0.173944094505403
-0.264664256524789
-0.347287138984671
-0.188954366815174
-0.264507976645918
-0.183207371231892
-0.301272701141223
-0.142663984484864
-0.349895174023177
-0.194768073726414
-0.214217388834005
-0.258897059381512
-0.139334909465231
-0.221267527102
-0.135043632859309
-0.160941474240904
-0.0761039638517674
-0.0284374947048305
-0.183236710087094
-0.135457696212133
-0.0155615646771579
-0.229269220062045
-0.220700029304754
-0.186300697760671
-0.183433189379642
-0.0681197688439326
-0.240300646981767
-0.135053041462534
-0.0796432327904301
-0.236318939445763
-0.197761188162736
-0.0721509392406844
-0.0483238804199435
-0.153924520508675
-0.151946313219904
-0.135512039030737
-0.159803425855777
-0.291250737197861
-0.0908568195543462
-0.0873394827784138
-0.179770659065528
-0.213271593018432
0.0238314556866402
-0.189487748360262
-0.171137874738799
-0.109175354836272
-0.0906634682589014
-0.0217396533993042
-0.0103027605765757
-0.152376766587689
-0.191064141479531
0.188068085382405
-0.00497686568122263
-0.0485386382142121
-0.269237110115781
-0.185630770437989
-0.225257832041914
-0.130180855893028
-0.166096624184016
-0.0808313998981385
-0.158622063221632
-0.0653235316907925
-0.09192447123965
-0.125505447830816
-0.137396355883746
-0.0498745665146225
-0.0209882614096359
-0.139640052382797
-0.163773368956225
-0.134984251743797
-0.0183886450307455
-0.0123026227642769
-0.0794474100115944
-0.0044733264251865
-0.102570840174724
-0.0116210834085036
-0.0524502488888589
-0.149057612795123
0.0446017003051679
-0.0663356964387926
-0.116473772074656
-0.054141862724428
-0.048243222079366
0.028821607018531
-0.140008340253527
0.0711731502421543
0.145341113042067
-0.0968133711180254
0.0940834046537738
-0.0529891552513109
-0.0243748060691716
-0.0736935794603421
-0.0204003757600739
-0.0290353336470588
-0.142271205166575
-0.0186721117822216
-0.0603215440653248
-0.0448970709005352
-0.0116819580670508
0.112027250229799
0.081309888629263
0.0067262340916654
-0.0844640251544185
-0.0208676437580155
-0.0956199085322255
0.0206658126283882
0.130078697683287
-0.0076647537722192
0.00595684823118448
-0.128888566175643
0.224506106052645
-0.113058879410989
-0.185588679529857
0.0911963261968704
0.00145173560782802
0.0404268437729819
0.098974550122526
0.0270707598142307
-0.0288451925363066
0.0349228415093004
0.0404047483638071
0.0876523888416609
0.0948751518457907
0.0806500535866609
0.0290751759402908
0.063434538753926
0.0806793448062798
-0.101252595562798
0.158472308701132
0.0687325545066051
0.0137643150775454
0.120113766791833
0.115807105079395
0.0527725140494506
0.0227112594160422
0.107766578147782
0.133860801845402
0.115296783343011
0.0964523637129131
0.200661888454974
0.0258481042301781
0.0359758217786062
0.000777437458106278
0.137323761312551
0.154021120045032
0.108380050341554
0.241399620469878
0.114496792595804
0.0228937902107858
0.0686452202993477
0.15742798008671
0.0799423999959294
0.03547654107028
0.00861393348332814
0.0392817729624705
0.117954515976952
-0.0111446626225759
0.0713091180794233
-0.00368974635110898
0.202320421613442
-0.0516051919146099
0.147760284050921
0.162168845465524
0.124992505959873
0.293266138775406
0.285234390616956
0.231006419734598
0.138275401305518
0.130630356598065
0.049645544433693
0.200962979807721
0.0717460406261924
0.0368095505218259
0.188613002411209
0.0188231766291289
0.173933164297691
0.142280531840146
0.0638925633108407
0.132969680333215
0.173784631011731
0.0637095099389199
0.273291037199647
0.245442548651285
0.123278442958088
0.120772365228337
0.0716626912395326
0.107460818106461
0.213398523376293
0.190825038540138
0.15118463926055
0.236365114856084
0.0658153501370639
0.341168866031924
0.213501292882396
0.147894632318191
0.182037817323716
0.116149736113307
0.213355040630406
0.293164976223119
0.0547727176884029
0.244717544992427
0.181897534126032
0.0097999929871513
0.171322782632512
0.105651650543967
0.227755739007743
0.158483006292395
0.289992601931197
0.267366361938363
0.13675109055781
0.40700627643157
0.280380036903315
0.0602201975216914
0.175622402130106
0.125819073046094
0.234426283104587
0.284024852128581
0.225525876780788
0.330728867568594
0.326705431461223
0.255710860107753
0.297244844994138
0.310495319563761
0.270318509429167
0.126964821813029
0.175473554966856
0.24962856155615
0.182923037796333
0.322939810577324
0.289205315964528
0.331589042326531
0.286384100104917
0.26454387374714
0.248077240932065
0.313458036885827
0.299176048561301
0.316541513731751
0.301855649316154
0.311886784152527
0.289509447475455
0.236147716566968
0.327904794000565
0.339564494975733
0.267408004792625
0.183658090602609
0.28169800566917
0.353488647087677
0.367519318474841
0.43400922908982
0.273598227608887
0.264992798014262
0.28429639829081
0.383642992127311
0.319659532221852
0.166150565950575
0.329362648452948
0.173216205212322
0.267530821911526
0.290731272273973
0.256655425700736
0.348997960598933
0.374725206083373
0.434262303778455
0.226485852959928
0.338064563015457
0.280035809873969
0.281730391451668
0.261403027954579
0.278124217494369
0.232194140630274
0.392649082925494
0.43668208374187
0.213235551557052
0.332581336576023
0.229661081655536
0.263458805163842
0.220745535083884
0.264738195725144
0.416001355403402
0.369993794172881
0.354830515829395
0.310107661046319
0.243667731485673
0.480948636470191
0.427416188883609
0.570898127934549
0.524707650225937
0.307103077350637
0.402753387501567
0.464853025164562
0.381901089863633
0.432726651970808
0.514517657448068
0.314127799009075
0.34618497246498
0.449452833779367
0.360619018655539
0.350232519106933
0.525298883515316
0.408427201966073
0.292538618309621
0.247259350531204
0.458430583495887
0.293048619984303
0.304982282745372
0.378725703666624
0.344254277433835
0.436108314666703
0.442835807669755
0.330290340191369
0.400404295360038
0.243209008430062
0.394324667410005
0.327959525139973
0.521459613419456
0.455357335356365
0.526339511576549
0.390000608206653
0.39087152462679
0.270664616816098
0.427418852471448
0.513317010148028
0.388237129172486
0.34409527724662
0.457996516408544
0.488132042671768
0.466051238377706
0.354372111351525
0.482854144825346
0.514564560569236
0.464130080248497
0.288015034859394
0.410833044315947
0.404426053897848
0.573532324208386
0.548269750459035
0.398044758387925
0.430219317732575
0.481861124436459
0.440453560370562
0.474674483968637
0.364323653169853
0.459754069012011
0.470621858480259
0.607592039385051
0.533299656931204
0.59704499956795
0.424318425147189
0.554513106106562
0.524344543410405
0.522355100890051
0.494584509632972
0.624969414014003
0.568714676287393
0.490275636108185
0.365108217409946
0.354769432285315
0.467665726462064
0.393189490191715
0.571987131112165
0.434715334362106
0.586254093535759
0.543721189938481
0.465444845501801
0.691276770653321
0.618724985055456
0.630584089818315
0.47137634920006
0.526126064502317
0.402568160535414
0.564542636295866
0.51958402927341
0.512617317156943
0.622671208261749
0.580284991153353
0.523525640965493
0.50502031073972
0.658854855668396
0.603919827765075
0.539013093854483
0.502082034595372
0.628105751265817
0.586993997959071
0.640934977633586
0.368540673919153
0.523677277239102
0.69058935132568
0.530711412384847
0.650359010847494
0.555231099956072
0.645324615559675
0.607009800830051
0.719232991812936
0.601011111655097
0.658156922273963
0.702358890399429
0.53848013656455
0.552321963588461
0.575927256056806
0.511321806898676
0.51724533575282
0.512766088141095
0.62885322840932
0.632236814992265
0.505127994577651
0.601084819582401
0.491698854495576
0.677183668100818
0.643102533422035
0.525038234338674
0.565638574266405
0.491463008881004
0.503343072095398
0.66038609197053
0.663309884091502
0.574227801017378
0.650745082831255
0.558032500436927
0.699863911099155
0.780138681103229
0.43819888746222
0.509234805337
0.537584741375433
0.660938110753551
0.644734923312398
0.547630090047788
0.586135087020255
0.624648365000347
0.651828951774099
0.666566909309716
0.735222017170502
0.606287311230784
0.76777099802226
0.488463120874139
0.62434888590176
0.703240420126115
0.717031067670122
0.628756281124058
0.550823060565847
0.740048290715326
0.824289439907581
0.593175051187222
0.827335573518168
0.770168700951045
0.618703463982136
0.686721184589394
0.838447782847842
0.773972957353022
0.608083354966376
0.649665631580171
0.676173261136265
0.647568533654896
0.656059571387936
0.572983468664253
0.716887896701064
0.528382151647574
0.805239488092323
0.829771930050776
0.655161491171524
0.600272220172799
0.67532661715326
0.722831709608576
0.667115759484204
0.650347956229047
0.642396463879039
0.669529357993288
0.617999525728539
0.785031760006883
0.720262563484776
0.662626408376423
0.713457232478846
0.609416617687743
0.563861346276174
0.732127367960068
0.848323214784192
0.807091121435465
0.74371765864295
0.604003391897514
0.794426052850303
0.532196527701975
0.853214788250901
0.772524987742725
0.787769235915343
0.646355605882079
0.632281307909277
0.632221871265456
0.852404387233615
0.67462803610581
0.863787010138441
0.777762593488969
0.726461826856188
0.785995457705773
0.650301864759354
0.745561672415771
0.77112862353286
0.709757446219909
0.69900064557547
0.791580928035921
0.747694866464715
0.748170128636778
0.779657897701028
0.812566646646371
0.814051261195316
0.901188730030446
0.792574443192758
0.863674878335858
0.861939296385967
0.840476996221698
0.796260417216318
0.745306598006775
0.614517777658258
0.926532453479095
0.855374910731431
0.893299892288155
1.08666351284302
0.888763234606402
0.843533544899495
0.774108362835526
0.825132563378488
0.939712052691267
0.751618705160817
0.78077495486408
0.855897695620737
0.975935101214801
0.831841846104349
0.821915545834187
0.738776656952166
0.850204099631925
0.899774627400225
0.857728965984713
0.903598703885231
0.731312402183511
0.728414214846494
0.86785003169114
0.871012525954586
0.938183005287172
0.815317453923124
0.92102730637692
0.860603767714635
0.902150073588601
0.81086618550663
0.996157207027151
0.848565948764466
1.05367754964197
0.752368780628213
0.814996088206511
1.03682148060447
0.846301483865002
0.986145477204066
0.916170176184867
0.852269425934771
0.763806823548069
0.951145792666905
1.04993274044671
0.799383609804298
0.927499608203352
0.880584814960342
0.834471842920804
0.99453652996215
1.00061053605568
0.908520902692112
0.873830050634898
0.885836460872192
1.00185386746968
0.851674943517916
0.835140756284448
0.933642082594476
0.933712934801298
0.831024319840685
0.937291633509266
1.02714229144389
0.941322113739125
1.02718544284687
0.890910836170557
0.842568363565696
0.837266477432358
1.01043558184193
0.982683214052133
0.82386548607214
0.941413694533689
0.919259368472289
0.903751802307612
0.906538280711687
0.935717973754674
0.914834050969432
1.07387317775554
1.077455465301
0.875438423740432
0.994091212113656
1.0407068109352
0.913522969975619
1.10787721843523
1.01036806124551
1.09391744067249
0.981701443061127
1.06845130885235
1.03113675692646
0.907776014270538
0.961163432745881
1.02955883950823
1.01399410725804
0.945042035168719
1.05399020501877
0.954004094314103
0.922628120152219
