"x"
-1.05184052065305
-1.10909375898292
-1.01370851839839
-0.935514829965919
-1.04421976551747
-0.983104286476884
-1.08777177125115
-0.968335816742722
-1.1482844009934
-1.03157523002724
-0.958005793147589
-1.01580445495353
-1.01938880569904
-1.14479917130767
-1.12590716666582
-0.98585514300661
-1.04561804880589
-1.09192695223404
-0.830171031528626
-1.03197793101383
-1.01757947797434
-0.903659604472136
-0.91249553780929
-0.958881372337652
-0.908935261598167
-0.849432531692979
-1.01473999646578
-0.852677418993047
-0.932773558548559
-0.888841374059196
-0.930312955617483
-0.916428730393386
-0.995919598163093
-0.843143132924534
-0.865215556848437
-1.05218714446155
-1.03532850500289
-0.955285095681826
-0.874611125980763
-0.974186714915646
-1.05122793589999
-0.79035168030598
-0.976425751391938
-0.98066729103772
-0.955070739623393
-0.929596956066931
-0.97767587164616
-0.927782244113366
-0.841112857270218
-0.977536030823418
-0.89449610529224
-0.965883758706561
-0.883255685940248
-1.07527226666442
-0.898028005547019
-1.00607250777871
-0.931275767705769
-0.731706894339464
-0.791994673629639
-0.894709789342962
-0.876916720735506
-0.877586133519586
-0.727895526732593
-0.861073774329561
-0.96295302960714
-0.847878073578295
-0.931828489394536
-0.972973824633524
-0.982734372695688
-0.836025992797598
-0.782295650358009
-0.869173042183876
-0.808757690925599
-0.83749373235636
-0.955151153933387
-0.855565613354089
-0.889428270684234
-0.648798602296053
-0.835100676645474
-0.734108436726399
-0.716248918361486
-0.746352226614187
-0.856054223015487
-0.914396551273877
-0.982443464040063
-0.819367036370124
-0.806188306635072
-0.896907903830348
-0.782817298631128
-0.872824334316797
-0.77836169852176
-0.834681387703843
-0.928900864316929
-0.801853491618171
-0.789345207868643
-0.726144395123835
-0.721568454246407
-0.736386030537502
-0.722948193107544
-0.729247776614437
-0.864577997322037
-0.735275949851047
-0.624612426172035
-0.880895552666056
-0.822096742274406
-0.800606936631715
-0.860012318872205
-0.77467406827086
-0.767255091865403
-0.696205345433626
-0.674749353029847
-0.816598608379075
-0.707207583793542
-0.858895347367167
-0.700017410635961
-0.898875240731401
-0.739891567093318
-0.883170482996975
-0.671458188114636
-0.893485381373945
-0.724374024929442
-0.814073474713702
-0.832398158132061
-0.962759473285086
-0.751785967639808
-0.830983628873739
-0.734482615119185
-0.62941087648347
-0.718057746660424
-0.70537458156244
-0.701103238268468
-0.794493007382831
-0.816167719666692
-0.883295247376983
-0.90515883853732
-0.796476966524387
-0.615128684820995
-0.628002354365421
-0.733849000849123
-0.671975504428855
-0.789372401517285
-0.482890419462727
-0.692928714931538
-0.764231948307998
-0.65080257339378
-0.519134658560526
-0.870525235056802
-0.542369659934874
-0.678690626886381
-0.596089004514323
-0.811130311326408
-0.683066441228008
-0.818995413537212
-0.729811252103381
-0.613482286075421
-0.659704533327915
-0.602029512838984
-0.642129669986361
-0.619078891427734
-0.678529994563441
-0.606516442202693
-0.717867897451486
-0.623415361567867
-0.544785993552568
-0.640084838249976
-0.632120535646827
-0.71063627630191
-0.606598094514551
-0.579618134189786
-0.689336835410864
-0.764068325881589
-0.600889188384033
-0.654528920193145
-0.646356492823009
-0.601133537805413
-0.500390477779489
-0.569654500085458
-0.576529027926595
-0.64590883875276
-0.676309166359155
-0.729908370190018
-0.677863529142139
-0.427683007172604
-0.603473460384228
-0.613744032178366
-0.688605049304527
-0.566431079791187
-0.581178142564886
-0.739265648838265
-0.603321771479264
-0.701986632237168
-0.611710151127138
-0.743706912183729
-0.704432181702338
-0.507369126018486
-0.638069775944324
-0.634033761908474
-0.659226900480972
-0.714250943272866
-0.502086128980147
-0.668945038634982
-0.62740555352192
-0.653493670863412
-0.605587258757472
-0.584793476684914
-0.517724119249314
-0.626966232946934
-0.580903179162742
-0.627453004708179
-0.50205843224833
-0.486376267239138
-0.472572984769132
-0.572046867985962
-0.515679655139654
-0.505244755442922
-0.532879851540025
-0.47768159558304
-0.498736157692719
-0.589954259088265
-0.581936866131493
-0.575693968341993
-0.586960583694469
-0.618607428594244
-0.537785295102502
-0.423207193792664
-0.594155537552534
-0.494730731373544
-0.577387901631242
-0.540106809980702
-0.464055482453337
-0.442030902609838
-0.585732302614518
-0.510529737253127
-0.523697962950993
-0.525797613198003
-0.489908505886985
-0.55290659789267
-0.535282675029434
-0.584632763618034
-0.532442337158121
-0.564926503338025
-0.582548644988572
-0.48190538619227
-0.615162289705556
-0.530792898924115
-0.524154812166006
-0.48788343624826
-0.548536932893122
-0.487771727356464
-0.556741070844436
-0.521846545506218
-0.593645827314587
-0.412046765575453
-0.620193612613808
-0.455452870527784
-0.580397262750827
-0.506169261519844
-0.532220324248833
-0.47296870537766
-0.493470888001199
-0.623725409981218
-0.60311428473595
-0.354403594747766
-0.559950951760245
-0.414560806477288
-0.506023077889341
-0.424566387093688
-0.526633798654479
-0.408279491451775
-0.417558614230948
-0.338715680379176
-0.447980595429531
-0.591354364366322
-0.459920129900496
-0.426677057864992
-0.319227308096621
-0.477611685354936
-0.495279867114552
-0.550969068910648
-0.440107291543768
-0.478336252909299
-0.508264426115219
-0.306224271979063
-0.421091251749011
-0.434271031645961
-0.394236409201171
-0.368375661713141
-0.319818372491219
-0.313089788003936
-0.331845078857406
-0.436878722207812
-0.269724124687338
-0.294267974406607
-0.538872819402273
-0.378083648515737
-0.400007642931977
-0.468070099307454
-0.247477830552236
-0.431151471149413
-0.420644404901114
-0.427213185078331
-0.382609580090131
-0.385736441104147
-0.486420456095089
-0.318311990440355
-0.373057099751324
-0.377650608493717
-0.452734717600976
-0.458512753996592
-0.355167726027999
-0.416169065977225
-0.322098723138445
-0.314559570761915
-0.398006424819855
-0.341286788430708
-0.305308073313132
-0.414173876036119
-0.191943084128157
-0.438620865664716
-0.249236213505024
-0.371492737261095
-0.408488141126076
-0.38372967250479
-0.401583192877771
-0.366681706121233
-0.471956825856629
-0.148986476232592
-0.338328756337471
-0.36294176586121
-0.179058315708296
-0.316417204438091
-0.26562204165489
-0.381959317320591
-0.325393385413731
-0.337098511907967
-0.445119446664865
-0.327631037542592
-0.391736261197215
-0.404061626676366
-0.217762098206005
-0.329607875112475
-0.372178628007951
-0.241802733101666
-0.427870660578987
-0.376285995412604
-0.249332292613663
-0.350410202152252
-0.496707388571121
-0.422668299164362
-0.217096513944538
-0.311559804981515
-0.308518922076321
-0.205587870108128
-0.271876445127698
-0.216746540939538
-0.245607501588725
-0.325086630732189
-0.282211508570978
-0.421958065276054
-0.212154015216856
-0.386675771472096
-0.393172733629756
-0.307877296114684
-0.267095645306911
-0.178607286974994
-0.398561678149865
-0.285160747902614
-0.331086222435905
-0.1629558121058
-0.213411144295016
-0.24716818715559
-0.326974177931777
-0.283453298342848
-0.41678979595089
-0.251771213019384
-0.210467062460237
-0.295766056880502
-0.288503276494344
-0.308153785296529
-0.388353058198294
-0.270679912074414
-0.217809196772489
-0.380181381128426
-0.231926378054113
-0.357815098756376
-0.337948674246928
-0.399739421386128
-0.169965213778146
-0.210099626917314
-0.216313914615026
-0.18354282046933
-0.155229997364805
-0.265105067711754
-0.0675274736441523
-0.353064261590695
-0.228405102660935
-0.214808859677177
-0.154878102208737
-0.28845490328455
-0.315341078287486
-0.24791243212176
-0.111865206453016
-0.180733220209906
-0.279615939769772
-0.345320257394556
-0.0306834694260215
-0.0727278205661484
-0.363267753712903
-0.225695721997359
-0.226208419382864
-0.268338784218804
-0.0327854965607643
-0.19667992310634
-0.248836581623904
-0.215831222327961
-0.156237349321695
-0.226850116772839
-0.167814062399935
-0.0857329742177391
-0.178241939133171
-0.0839031293374214
-0.191976536784718
-0.120624594612128
-0.194304040157244
-0.201485286647639
-0.0634962148765986
-0.0794352148734783
-0.166603828591921
-0.0790769813893789
-0.0206764556675095
-0.107816489335551
-0.081023132253235
-0.244492023235007
-0.155548480466567
-0.0742600248705207
-0.0511411453710011
-0.074971159570585
-0.0573960652679756
0.0728096516146065
0.0150304203333468
-0.228347314249142
-0.141196311428104
-0.0555073646860721
0.0958681984055794
-0.141890167037774
-0.0582433954381085
-0.157206907712147
-0.0513553279315543
-0.073496205122537
-0.276804209993526
-0.111991504522202
-0.117619563655115
-0.134410989351299
-0.208514436752613
-0.0278539816069414
-0.111617013041888
-0.0222631370311274
-0.0386095823946238
-0.0392710516435347
-0.111677938494061
-0.0866918664282795
-0.0146761107395487
-0.0467951627832311
-0.0576951506212324
-0.173248796516698
-0.097501504959424
-0.0362048923834646
-0.142594721720175
-0.139609276466097
-0.132969273651113
-0.0752601885154121
0.159124873450122
0.0833377323215088
-0.0971416996879166
-0.0186920036052227
-0.0384488969736655
0.0372774488983114
0.114535177950019
-0.0319315407491202
-0.0708171164805982
0.0257090639585987
0.0986348004753955
-0.00953365760322947
-0.0231370126963469
-0.0146121998012208
0.00940037538935578
0.0406393684114518
-0.114882062317908
-0.0706867376787414
-0.0166000177430328
-0.0100913955567223
0.0328862161915343
-0.126714993513098
0.101516649032331
-0.0368242570281282
0.0559805375835844
-0.016790134316802
0.0251870639746533
-0.085707098989913
-0.0330540719025479
0.00401651130043571
0.127402073890955
0.0462608375370971
-0.0337802739043402
-0.108007273200782
0.207520462230291
-0.0274581155612535
-0.0180111851398602
0.0904775916085663
0.135730777892582
-0.0357210272611038
-0.0320151442659646
-0.0900010390274845
-0.00424504558947652
0.139284875631952
0.0638273787546013
0.131980300622584
0.0477992193548823
-0.024267870187689
0.213092678861578
0.119766572559704
-0.0657432995914445
-0.0970705204235594
-0.0473164108465264
-0.0719392252171816
0.0439953571244671
0.117089776596535
0.205036996228038
0.130404918013403
0.0295507107215179
0.0604980489413049
0.0650434020644393
0.0129214385120646
0.125930034271506
0.369824056757616
0.115646228071567
0.0844901287061504
-0.0308258457029194
0.075243050965752
0.0825831409948053
0.132336710258195
0.152701299205077
-0.0362145938533574
0.0698695086738743
0.196208222042537
0.0781665338625173
-0.00973150901249957
0.120549382560595
0.0227375006765899
0.089803686599758
0.0961832298905869
0.113492061946466
0.167168938165652
0.0540819381495631
0.0646063561471233
0.11028050605806
0.037203749395067
0.126843433727756
0.13369267720341
0.125203035149543
0.1895009744191
-0.0511445181466805
0.0820578350047756
0.150073534271481
0.239059402705204
0.0512631713697156
0.0381148629894641
0.180420739196643
-0.0159840563547761
0.204984078140063
0.0345055826707837
0.266207749417403
0.17022152571695
0.129245950387269
0.12920013086239
0.0772765534069281
0.250631172745274
0.0633603631053515
0.226343131629125
0.0270045197519289
0.253970731021514
0.214198409266722
0.126888415624944
0.0681492571464392
0.346467800509791
0.248175748196751
0.233779115143008
0.18357410813151
0.082913776115949
0.0534320290289088
0.102883659951517
0.0344042734554739
0.263530794700515
0.274493017699605
-0.03525610511912
0.258370709053089
0.310172613596577
0.232761848298627
0.24198610647178
0.182168826975966
0.158174404159168
0.167986079133271
0.278629623102662
0.0843529022699044
0.321521364017074
0.305798598533101
0.145066926150138
0.218437544035964
0.24891869394501
0.268385367690827
0.304471340613278
0.0814207619483626
0.202644525376785
0.276231888037362
0.256219384793214
0.38984249083847
0.260700915112917
0.211648516876031
0.265210491744463
0.239853978915862
0.152014555108175
0.248167389418599
0.30139830749103
0.0514034247135418
0.188264589259394
0.238792845723084
0.393091779663368
0.167189410009615
0.371288180311782
0.360031416543344
0.26430978444686
0.147822349530092
0.270916872292622
0.272240207367563
0.331754077936771
0.188614549965629
0.380927646069768
0.42922219807358
0.276288142049832
0.274294719411526
0.260147254685645
0.219629351007321
0.399036234525043
0.46472444979214
0.317499632763596
0.188499168437328
0.112538519059153
0.452065917098523
0.29296662896415
0.234341078443242
0.325885122629576
0.256989220429122
0.405093807048671
0.257222210181701
0.282658002692594
0.258433097306845
0.251236312387483
0.39626453850385
0.287677512857102
0.476420027541309
0.286919110813311
0.359348247195702
0.358185272003538
0.386306004642814
0.31527240384545
0.257471790534539
0.406674541721257
0.326252704152599
0.453906603356105
0.31988823633561
0.443742940359343
0.33394145012545
0.284795992887516
0.360878119109577
0.468087061398445
0.423608686404751
0.413762539869221
0.365167121493342
0.338107144908692
0.329790118384634
0.171344767117687
0.421995687871805
0.187829955585494
0.2203337453829
0.425898950917372
0.436920614259197
0.406394886943678
0.355488287626621
0.333484261892364
0.364468863824321
0.364845056775658
0.35838056116258
0.343544221911715
0.350821315190584
0.396196622399526
0.318752909030047
0.308854742045705
0.364345570409648
0.46342987164688
0.368737688387362
0.415460125203103
0.313207890005097
0.361188240302878
0.297836937562451
0.224230671325242
0.558593248789445
0.463840964872442
0.320613548294298
0.423340683711283
0.529647601354664
0.433106014837163
0.465994844223676
0.333752093089827
0.357853278843551
0.403384799151234
0.379351734180665
0.296703413106404
0.412511761604847
0.295630248546533
0.425533100034639
0.514156852483618
0.459690706236748
0.474854898495497
0.479837872210717
0.534176363501059
0.451443991699314
0.507393293940873
0.393663243369585
0.643648810761993
0.367060271593347
0.536336309548782
0.434624952212869
0.422600057304872
0.522873655982927
0.433053969579313
0.546191350464441
0.506802097655052
0.333204148443919
0.375791938863353
0.417078485767951
0.407923145998021
0.595252084338062
0.629226063408119
0.676487777756273
0.449072435044974
0.486675694933999
0.614773075365669
0.500506995200986
0.418731544562036
0.484886266515715
0.458301390489915
0.533128186259842
0.508575929596163
0.656167131562553
0.361625287468303
0.624105824967622
0.59776267038297
0.471033663933918
0.614117345888792
0.577768222474072
0.573565631715497
0.663818286615908
0.530240400610275
0.450681543952919
0.465628538095308
0.60228738936615
0.487600083651039
0.472538507180557
0.610431370684821
0.565302423556045
0.522953190108342
0.578777196536367
0.496286486707506
0.739085714642964
0.704174357384898
0.384577333760441
0.452389890455178
0.555343447683118
0.583393474450167
0.480409142948565
0.361432699646754
0.45958539206523
0.563175824701694
0.582634717319929
0.610910608624167
0.442807749693802
0.709067471658016
0.64704674389625
0.576969081729778
0.547021236816456
0.69446996996997
0.43704596433792
0.365634418517388
0.541334267125433
0.52215701272277
0.544338345442359
0.490286911770015
0.463255698385514
0.577222072328115
0.563679169964739
0.83450734377216
0.654772044951136
0.577160088824328
0.60485188576572
0.700434567641317
0.63948702897402
0.679517402331252
0.660790945338907
0.601157235528734
0.564497459957278
0.567700539775126
0.692262964093104
0.50652726000021
0.682055911824783
0.69006822647467
0.661694176849576
0.731564004956747
0.571201262871325
0.670519235140277
0.64999711305945
0.676294860101758
0.592014272135028
0.764137914817736
0.841969466594424
0.836774994831281
0.645208136930644
0.639241588477594
0.680441905558006
0.800440571946002
0.656174979316091
0.719286795646057
0.686211602473917
0.665338734927652
0.56846279402881
0.586910883282556
0.64587323487776
0.577232245072043
0.794457338697815
0.584818255168444
0.634751059260036
0.479720933678277
0.624687476171661
0.649322365762283
0.535580245288726
0.684430702172458
0.645604481401678
0.713381537722668
0.619631245380854
0.725356823166283
0.65699866391729
0.545936135189315
0.602659526676029
0.737834003846232
0.784332746478534
0.828641591178952
0.72853934736796
0.721212325695207
0.777006113519594
0.635131435201193
0.605165467046034
0.761602933796672
0.746098073787741
0.729906113146364
0.752672270627263
0.804322454463933
0.693007982732125
0.794630120207719
0.820476383718888
0.650772470025296
0.663858635039773
0.673388195685943
0.701010141771819
0.829434141514095
0.85160845373217
0.569622778465083
0.690254123626561
0.879344447777523
0.794734363216099
0.807875846719001
0.659289225902204
0.847930842308378
0.760293483821487
0.81277902409597
0.766143325967993
0.781324715316977
0.930204570144664
0.638185140698652
0.829550722298744
0.803370020105322
0.788989780766261
0.72867805380674
0.800988197189403
0.858467255782498
0.782890062192361
0.808433627493286
0.791676716492639
0.769621613020049
0.748469547161632
0.772063425363723
0.849517279292687
0.68673316708424
0.584917959987546
0.957864872212758
0.684453996494032
0.890323564893054
0.856944318097638
0.856966619413961
0.705654337358405
0.840343338578381
0.920349159396714
0.726849085549118
0.806623083788124
0.816009529113256
0.877011519453777
1.01019029760234
0.872059344840905
0.646763167975669
0.768937915599515
0.798189082332866
0.899427573823635
0.788285433366846
0.850013397921234
0.841612072481297
0.840689616980769
0.696287175893267
0.894172775211603
0.834657139151225
0.960862831978843
0.915567061020056
0.714756877547739
0.952531295960076
0.832639535406556
0.80246724089842
0.741012115970322
0.840354751472119
0.802890776767486
0.853655083049166
0.940983501613778
0.857593462007713
1.04739382911486
0.851318279414036
0.895861048341277
0.676886880108646
0.976227731531932
0.965289754787695
0.930665325340326
0.85424815502543
0.928815402377087
0.859113675923559
0.826176798604573
0.815211740145805
1.01895822564851
0.959462614636958
0.866667370247161
0.900054239972169
0.860896925730142
0.916326491876367
0.946305755139571
0.929448427925728
0.998384988845377
1.01418535504573
0.898845714007863
0.800193244375279
0.83252895279413
0.896281154380605
1.02669734009601
0.938589790024679
1.02251712108851
1.0113056048472
1.01790400714021
0.875809737729471
0.828087483504174
0.905422569838311
0.98985179214511
0.857658725903868
0.925871974064738
0.957923193113716
0.901704454922543
0.852350384013204
1.06856458461587
0.913918901765488
0.777500020226688
0.873101704725019
0.856756535755402
1.00899567709935
1.0201290713557
1.06062330372679
0.945994862158583
1.03348593253123
1.10516824358774
0.94338668629271
1.05762028747558
0.954245048651671
1.09763070431254
0.970034780313223
1.03031636285622
1.01124607587437
0.930642746246891
0.949834675854937
1.12115065741051
