"x"
-1.19391091389781
-1.07993922879805
-1.10881264885904
-0.889239540513338
-0.948578280956322
-0.937739946646293
-1.02000965171988
-0.939988037187002
-1.14950278931237
-1.0404432786933
-0.998080237755251
-1.00100248238603
-0.902903189402914
-0.865648921651158
-0.913035592447124
-0.964692139108628
-0.993989649418551
-0.974587934536848
-0.937714376773176
-0.878280225316324
-0.918612107254162
-0.972088748762091
-0.850702138832705
-0.912725253989096
-0.98044713640747
-0.844106985544591
-0.917726238391024
-0.870331080623733
-0.937142726079307
-0.959167477888623
-0.975485294611978
-1.01801863075578
-0.916002540616547
-0.930603538437102
-1.0266251939022
-0.954113540018068
-0.891657907547121
-0.908254452219536
-0.825305030029352
-0.835455169958416
-0.90510078485849
-0.784592688573723
-0.795528537113321
-0.808246233214328
-0.99443294331399
-0.894672940193489
-0.915282033830331
-0.947761687991108
-0.900854496336924
-0.879326276566295
-0.798002138524935
-0.982316412134315
-0.865889496974342
-0.868579108424511
-0.905068388561694
-1.03852978092173
-0.898406121759154
-0.908964672106565
-0.968704846035872
-0.884512279925949
-0.697736474070099
-0.936468650883046
-0.907979891903302
-0.748483091294723
-0.808709068171758
-0.695730119871373
-0.881372189906097
-0.851768105307602
-0.822200537471812
-0.813533623243485
-0.848823903525539
-0.832222372629877
-1.07982760242668
-0.97370981508005
-0.948122387710244
-0.914223789151651
-0.863366968224037
-0.723401843281779
-0.758586771861571
-0.826178466502902
-0.839014861871076
-0.834079641500109
-0.86660756513523
-0.846512434758546
-0.804140009531921
-0.753736745878023
-0.795012591611512
-0.888021042834965
-0.871686577399447
-0.784529054399088
-0.718803102364238
-0.726714628218452
-0.777628510098208
-0.622207797752961
-0.811406684035455
-0.916141893120191
-0.86875310491643
-0.711991926229652
-0.772635498734331
-0.716952412261979
-0.868675165239468
-0.798363275624514
-0.82840050730892
-0.867539843510513
-0.808364843814672
-0.863926601613714
-0.765947935461736
-0.801007843816806
-0.825452992793799
-0.778126848679073
-0.791013096061906
-0.812805780534248
-0.771262852318707
-0.612852343773867
-0.800910034991134
-0.892298033006727
-0.65535329083172
-0.723244978587475
-0.638424835870537
-0.663116277378527
-0.661278386573666
-0.767452548553237
-0.697872666322342
-0.800425273878176
-0.714165088086658
-0.673828143354138
-0.726334296264971
-0.567546367052397
-0.671553085590314
-0.792202972203158
-0.680772946767816
-0.865143989826208
-0.617268815726835
-0.624885840452934
-0.724912541204178
-0.789515010532734
-0.748999744410099
-0.739261316147627
-0.654966958658031
-0.778316758571486
-0.689785380020241
-0.762044359904061
-0.801213655964848
-0.865746248008081
-0.625834959074105
-0.757876418876461
-0.639661753180156
-0.766611133743489
-0.767050236689986
-0.748277020159733
-0.551642912212283
-0.650270254890794
-0.757437529283914
-0.600128079661809
-0.764881586059604
-0.721982698585675
-0.588726416535749
-0.711343246330657
-0.755016503904217
-0.772151160587554
-0.678769260688334
-0.791731561436384
-0.58661712754713
-0.60213824227657
-0.665688211861409
-0.566982883451822
-0.57178923650529
-0.726904901730421
-0.549408318980271
-0.76541552979175
-0.711353667521712
-0.63797828341332
-0.741074391765489
-0.544991744160036
-0.709444228789014
-0.661984742327904
-0.680307616208642
-0.610809616426569
-0.67273518820358
-0.672033060015309
-0.705503464059097
-0.617758973685514
-0.601479580865219
-0.591842527318183
-0.669070394756398
-0.618831041196491
-0.61197443123481
-0.673363951998589
-0.655654835659929
-0.826268202034996
-0.518844854649024
-0.675726980719901
-0.64750228602322
-0.649208792608116
-0.641624389801916
-0.660783020701401
-0.542710172162505
-0.745299685101698
-0.552913856970329
-0.597394611006511
-0.595836349451211
-0.703175690995836
-0.63652158466291
-0.636140815126795
-0.614207693356496
-0.671777848865285
-0.430945945608169
-0.508384930156433
-0.752738705490951
-0.651111705601674
-0.547011137658446
-0.458491801746566
-0.523725447707498
-0.509210204581906
-0.697108853100203
-0.426837519068693
-0.430160456394292
-0.697594456249634
-0.612403684425029
-0.566851878344123
-0.521911920177833
-0.495830842988715
-0.652603421340545
-0.420789391504458
-0.493168438255654
-0.635527165042646
-0.687229342684525
-0.467530487610606
-0.396439402830403
-0.423465776709283
-0.613390121087403
-0.554754447154272
-0.369774396403438
-0.572217011215264
-0.501906052367827
-0.546476303059628
-0.566415151788582
-0.427291977268219
-0.580357937068792
-0.509673994897283
-0.577410215131264
-0.4184561661709
-0.591716439328652
-0.508440256219576
-0.372901681982486
-0.528417890270833
-0.565093076207101
-0.547486989395018
-0.439686877551736
-0.469916204272011
-0.565364857216643
-0.518543822885405
-0.535584325137408
-0.543694598253528
-0.677009531304995
-0.482510258191165
-0.421857589073132
-0.359716852811855
-0.476512672670657
-0.533687159295956
-0.48232973463704
-0.425674518383821
-0.534301914613152
-0.387601592862734
-0.495283449894463
-0.425788311085929
-0.450180427543543
-0.483451125338155
-0.354216565888072
-0.347705319093661
-0.457206177255333
-0.539700257467562
-0.498106831843889
-0.319111859441746
-0.448653781135711
-0.419231635537601
-0.376832259229845
-0.505019019999821
-0.542061720008438
-0.45779191476175
-0.316336037245705
-0.377190727764338
-0.532917557743355
-0.413255696802475
-0.374036758767342
-0.36567828498971
-0.471816025865955
-0.452533148925184
-0.308938441395402
-0.356442400860694
-0.395415026827034
-0.571802097916902
-0.385769077226132
-0.378256308633845
-0.427631008479562
-0.322350248185021
-0.543019324457555
-0.355118599242535
-0.472770033729717
-0.480061885056465
-0.318963468632012
-0.392510800296936
-0.360934458653404
-0.364727820743777
-0.2197203843436
-0.23628665428488
-0.370898889234856
-0.448144536730842
-0.299775066372095
-0.491125101646834
-0.311261909523072
-0.56672285632585
-0.470040198785471
-0.246181009085576
-0.391618906180211
-0.266957929432973
-0.395840922546072
-0.527831099751057
-0.256887672004334
-0.301538970772802
-0.288690118568124
-0.353875110353223
-0.229078659361132
-0.211805489784752
-0.332715198389175
-0.326744845290883
-0.365073070185648
-0.31642398403336
-0.460956775655934
-0.341101001203148
-0.343492576208345
-0.322469663072597
-0.131243706449429
-0.403940656233568
-0.449232497569532
-0.434717000049089
-0.353167742362701
-0.381465988819672
-0.27464712105575
-0.404815463927371
-0.290170404117604
-0.393975443789648
-0.310783874292518
-0.242214373483421
-0.339049590047858
-0.26084922227472
-0.429872759207917
-0.293131865335134
-0.26237419981623
-0.278328788909519
-0.492897818264732
-0.379263734816287
-0.266275428940657
-0.220757387886613
-0.307884362569616
-0.346403495410052
-0.293131367640737
-0.365025370333725
-0.197233602757881
-0.320495396242382
-0.244711940367081
-0.377103307908771
-0.327805535888378
-0.350111889683238
-0.274511281278452
-0.381617263931507
-0.295675938963165
-0.263666807080794
-0.143045516364443
-0.109255710695402
-0.163243072835069
-0.319270571451601
-0.317009883414188
-0.229945814280024
-0.308331804902024
-0.159973787473371
-0.271560359169106
-0.0571997308794608
-0.277787756102471
-0.463069112779832
-0.337769590788074
-0.236152680402473
-0.181066668333378
-0.387221736067212
-0.383208254776718
-0.252019855827745
-0.168303605297007
-0.13981419954534
-0.261703989422954
-0.172387727857801
-0.277121903638198
-0.143565418362484
-0.127875284567949
-0.36937931378435
-0.18288563113188
-0.28466568443332
-0.197679859178853
-0.178510294152227
-0.174324510263484
-0.220960042365378
-0.0988848378546534
-0.199367960532542
-0.319576524703652
-0.223584988877639
-0.0626033784245792
-0.337086119118286
-0.204068289392341
-0.179935098090566
-0.00492666898918462
-0.182028688661887
-0.167208388022727
-0.0819631899630493
-0.239190207162428
-0.215941568133678
-0.132460605995904
-0.359480190268366
-0.088324405416668
-0.306008225672841
-0.145517180921413
-0.0862079793765857
-0.23138603796715
-0.140956192182689
-0.215360407041149
-0.259799467948262
-0.241498688198087
-0.123895463659011
-0.119263595011335
-0.00436097968920145
-0.157843468478932
-0.0568421944275628
-0.250998679569806
-0.27563618677148
-0.24174884883865
-0.177643194330265
-0.23882515801856
-0.0712604004893247
-0.166262996368826
-0.00962532738223528
-0.0657467649232467
0.0619074120780658
-0.0339283730270877
-0.107061145122244
0.0130461001902444
-0.17988391950057
-0.183382618235954
-0.133966260527809
-0.106708120918533
-0.00473934244421316
-0.193824712821148
-0.0851191124659821
-0.128645362795601
-0.0164215612855042
-0.184646731324442
-0.16216006424682
-0.153651205605166
-0.0499784762434557
-0.07860963802837
-0.0117568176307985
-0.195972678510616
-0.195104411361903
-0.134417633645136
-0.0151963432843186
-0.165077059033228
-0.185230429552866
-0.164322113849699
0.0540921471136198
-0.0800993846927321
-0.0349396873609935
-0.139715793212795
-0.159004163876829
-0.14682259354523
-0.132130781351991
-0.229518418893529
-0.138872394304636
-0.0754924179159304
-0.107633340879695
0.0829146073563506
0.0390236181465155
-0.145510588371908
-0.091904239520615
-0.133549895932798
-0.0166894763296224
-0.0957764597942539
-0.191983517290184
0.086514402533824
0.122433872194064
0.0581800354608796
0.0512616464034552
-0.160119562352405
-0.0640735072579204
-0.0361650021361863
-0.0371464371194986
-0.0138252648779314
0.0418055722804062
0.0325503273910911
-0.134254439592149
-0.182599331023936
0.100168715290976
-0.0926122310501217
0.0167740208063663
0.0519047936600518
-0.100539351850239
0.0722477073297815
0.0508715990500253
0.0156563707334538
0.0390893069665695
-0.0939753744559145
-0.153582548520622
0.0975858418308653
-0.107847895605409
-0.0149528683589566
0.0206355453886665
0.0668599694537876
-0.102226142536365
0.0266925850379508
0.181935547478939
-0.0511599812393978
0.0545175919399324
0.119014066567514
0.0737498510479493
-0.00622011248853694
0.0913593967850513
-0.00536410529411875
0.0487146874220149
-0.0255488897344429
0.214651821277829
0.13077565255193
0.140436486992109
0.0534234359786652
0.0723720997549227
0.127868689819787
0.0481611390636288
0.0361964563254373
0.11442617529312
0.0458176196170516
0.135342858606381
0.0329488219346923
0.0104617937932234
0.100754631343245
-0.0140210062746943
-0.0264169230105216
0.141061022273927
0.102940018377991
0.0106639966731392
-0.0456667679208641
-0.0160913811116105
0.182670483093524
-0.00756677842670626
0.139165397511254
0.00142855890787468
0.0376639351171615
0.101685975592613
0.0111378125856286
0.180783969893554
0.0780995578596217
0.23254234179925
0.0411753881650017
0.18837526365056
0.0325499294117029
0.167069865307738
0.0286203530283086
-0.102897334833514
0.103584732417368
0.0867556432470787
0.201337376326276
0.254178803533009
0.237558820048388
0.0236698921607735
0.123203907698397
0.229715649155217
0.146072711475414
0.138583569813019
0.12916489921547
0.103042973002154
0.144730835254762
0.150138326303022
0.0381784033023879
0.133887039918956
0.203354226622966
0.0807406214813273
0.322950222399528
0.022917389533832
0.210542844169606
0.20078432876707
0.146460323066254
0.111089825347971
0.234800911412851
0.126922444006009
0.156678504125801
0.31334853410117
0.293784730074094
0.284111896349466
0.118495553581139
0.0709722347199893
0.137835478674155
0.198009230978567
0.11729796800542
0.214458786076945
0.152678546526801
0.299160019524831
0.0890930524364234
0.0739586406968712
0.191631697522344
0.194146170270579
0.358927976913882
0.317674687154414
0.189785840306841
0.343845809943129
0.23585507153427
0.234080792363384
0.248111771500556
0.221554682301418
0.1953033354384
0.134050827638101
0.25026258737635
0.316861744282916
0.254565237855922
0.222862502033193
0.362247118133161
0.263275862266803
0.351594747456961
0.200077406167583
0.12831006796808
0.228868835702674
0.281941713075137
0.282817641030578
0.176141508996264
0.354549483645453
0.24104856119264
0.286296243261282
0.276124112974295
0.139138293780671
0.0800504054029878
0.192224641410924
0.397099918285964
0.268662591088257
0.24119845380029
0.293010107813798
0.32662155565826
0.22010318292345
0.0842229456846885
0.386313324437582
0.304545571128572
0.227809201293906
0.349226480078949
0.0729700786554907
0.326843582233208
0.20057815895085
0.246102296923754
0.292480454220633
0.26598521631511
0.266313480719907
0.3825224489282
0.319038637404304
0.413350036797087
0.389832703335151
0.426938572455645
0.231850155681639
0.398465599461013
0.281360593136208
0.336494320102288
0.217329865852284
0.372349374252293
0.217477838222306
0.527306562685531
0.460658661430808
0.257388808815736
0.344766788469444
0.386924326451318
0.375342911614742
0.260346300513596
0.278295557290527
0.316462411654092
0.325020793665846
0.396756460223595
0.402674846471989
0.278590492965458
0.473794014772102
0.447538260862556
0.406384427875745
0.487805359953625
0.493736703458082
0.344909734113762
0.393891354582623
0.528795147163109
0.169352672918209
0.341937035210411
0.417665079647554
0.273713949904446
0.303860735808828
0.239391808610535
0.543798534813636
0.389837802650023
0.29034644292969
0.482790247268421
0.401301648132061
0.372598369067633
0.373056685939039
0.451376791817346
0.346959133543554
0.50766242504336
0.408393966624676
0.442505915975574
0.401231193275807
0.439382636802734
0.366784092774264
0.371898487021599
0.46331756309252
0.410122538528008
0.406953231043672
0.412277003186207
0.285802570528428
0.394251720583925
0.399164501329618
0.486609017392067
0.399261711654631
0.476296260078601
0.368052865218592
0.444251547652675
0.44832410541569
0.27302258903548
0.388894028940819
0.558399754240579
0.467416603233269
0.57233289492595
0.628213088261187
0.443029807059088
0.470972477501339
0.35065245832783
0.539768425429995
0.481476541696788
0.368823493879316
0.580269004658777
0.496789408721986
0.474743948591333
0.59019397267655
0.433108109711698
0.507697343577687
0.522125151672676
0.573859303602905
0.439891383789592
0.564785940202658
0.411505606816392
0.523279211507092
0.424605756285096
0.381375815214497
0.432004890940539
0.739053387415259
0.527974913930809
0.500937521487061
0.439036317157429
0.512851516171364
0.567681166412216
0.535375625926801
0.392168376363073
0.571228170817457
0.661475909143659
0.456957156659728
0.449640611872682
0.442244312150429
0.375277811235174
0.515578714913066
0.566152032944332
0.467455038814495
0.505696378428657
0.49790187814983
0.448886986407094
0.430604496044457
0.539048000991925
0.555456991796922
0.594651070411368
0.644912620701356
0.627771819446802
0.363811679364252
0.508700469322463
0.562091766942904
0.613096712976953
0.585297136422398
0.436578916736662
0.55740420105219
0.614876131890794
0.620927650015726
0.568787347008653
0.651269073505882
0.561724139678757
0.535069885825536
0.622105643388835
0.573119378866532
0.670348489564039
0.584559915757619
0.601297635790383
0.383612397507187
0.466459792552123
0.599953826337813
0.54749938706734
0.621128604176872
0.539270499461764
0.570639479007092
0.525647781037275
0.55883131195553
0.634553413345183
0.565406103883386
0.448893814151731
0.836116307891529
0.646144189407402
0.583893111239973
0.582770470209284
0.722723650111114
0.527803235080578
0.700333718861307
0.616256511592499
0.596666237139045
0.594145670651082
0.633808068253908
0.613040274738496
0.629886020149236
0.72181052849736
0.565831050928295
0.728151048858436
0.555870542974783
0.605915499101343
0.701693192234227
0.610626966853231
0.584342009738863
0.770428620384906
0.769961152520707
0.607450930053269
0.645359127161236
0.679372850472949
0.71953307454255
0.711584189174879
0.665658314102641
0.748428481773029
0.774069902348104
0.738170629208999
0.586549217694855
0.604618846482773
0.699754886445791
0.732140208469925
0.715211697315796
0.670669676548923
0.505627346106244
0.634562507942397
0.777472365594992
0.604426797660476
0.713232635908954
0.697305548384849
0.815562017837843
0.644327574602187
0.626828402261659
0.599116095000018
0.761143168426764
0.755869741172997
0.608489212785167
0.669939125237582
0.692910806627684
0.693751814468933
0.697648635755209
0.640275500302529
0.731442375924394
0.617777820024646
0.879708099191856
0.628848924591785
0.559499833778951
0.778750571438353
0.737535127516434
0.772522715667444
0.681681797928467
0.838606001203397
0.703796054959223
0.741330980362433
0.699832600113636
0.729408610720424
0.696991004231809
0.811986159281468
0.899959251046528
0.883194037488655
0.741948979027812
0.676265466747743
0.567182672658163
0.720463945833943
0.718509338015322
0.825660692869452
0.766568999544198
0.681666888375351
0.892687240315682
0.716451301675081
0.849720312850671
0.764067355260026
0.671678930195814
0.839481154625827
0.713577180413444
0.938471593611898
0.760049704651178
0.695583840745067
0.824837650922231
0.831036122494516
0.690183894669607
0.747884952796011
0.752826216406041
0.848268744183281
0.76864932975148
0.810828219178135
0.665853196950145
0.666263400050973
0.862934454549515
0.838584698988446
0.802142163266595
0.840540960839809
0.851197838279736
0.929845960810334
0.843223376505502
0.783311415299258
0.896305424568967
0.94749218837623
0.777762441540645
0.872221820698846
0.666844702072686
0.730648776218174
0.840757053123228
1.0266850740123
0.757763088562775
0.864936815509931
0.835281108423151
0.687429499988462
0.849948240725598
0.908741734981703
0.781778651334887
0.7753949505478
0.876272083263917
0.87402575947202
1.02392520053961
0.869980272311594
0.891083397157786
0.891695678624045
0.989505490001261
0.825337377359331
0.848293539478503
0.958362655680627
0.76569930525912
0.984201339449523
0.958618316169437
0.665822612652036
0.884400706771505
1.01186127266543
0.919491848921541
0.739318440989171
0.948240512195223
0.790965720522451
0.903791560967319
0.869680822543838
0.763912377026244
0.861764889180121
1.06675106698128
0.842418089309464
0.824450010731089
0.976798924290124
0.935588765665334
0.891659389987678
0.953313734415442
0.887751864341284
0.902617483296933
0.920894866904088
1.02710945629449
1.02909497972808
0.846546658120174
0.910899411385011
1.07733847741121
1.07686343876366
1.01073576104081
0.956882545024686
0.953194275675509
0.814710305185704
1.02392431886841
0.984491045681707
0.908970439794741
0.818648411839656
1.03730509167423
1.00721445452778
0.784117920503838
0.778981647747983
0.805577838024473
0.965448285192825
0.842384724425674
0.969872083176562
0.834466310510516
0.979647950198748
0.991678947525449
1.07962573268035
0.995766940249587
0.985494687353998
1.00741911864309
0.980978074415838
1.02096827765753
1.04443688916988
0.96709932974406
1.03371764114395
1.29301378893516
1.14738129041834
0.999974656846487
