"x"
-0.968419070922982
-1.00750313137938
-1.13229322088428
-1.10392654365094
-1.06851231291892
-1.03242914949908
-0.931304268716867
-0.888245973095881
-1.0333342766732
-0.967399270883472
-0.940934128491417
-1.10128917040876
-0.928102238464665
-0.860370128401822
-0.788069758901199
-1.03752295087006
-1.06838384994895
-0.921429728819948
-1.01100187919591
-0.812396203802542
-0.842837794048792
-0.8819781844528
-0.970570899973453
-0.983796775160413
-0.818142066407348
-1.09823147420523
-0.978932915790881
-1.12586023961814
-0.944090781685616
-1.02929228452286
-0.900977977108474
-0.905005471225172
-0.955885201334437
-1.01582347620151
-0.884454099819752
-1.01892549345613
-0.88956314119966
-1.08615344032417
-0.863842511527004
-0.925196214300494
-0.969271840432023
-1.065848157609
-0.969139412143102
-0.956676758684622
-0.887047972887443
-0.926934478250997
-0.892570096178135
-0.683895154076655
-0.878914067683898
-0.967690633685482
-1.01390026581953
-0.919864941480714
-0.842410939422947
-0.818749093679765
-0.911957782371952
-0.920460287181179
-0.827778363905155
-0.895884099793412
-0.877050167270991
-0.78028784782407
-0.862371158019419
-1.04076403307858
-0.896075575656074
-0.858100838422041
-0.892533918259569
-0.864772888817572
-0.798244320915174
-0.863308786773112
-0.85445371617696
-0.953853832821781
-0.705871570418567
-0.740799375238739
-1.00092894055192
-0.910475857536363
-0.793353648880172
-0.84971218911183
-0.979612946465682
-0.751259482053251
-0.91157696274075
-0.807041133374975
-0.826653247735731
-0.775549897025176
-0.960425319934238
-0.746172148456339
-1.03095995648247
-0.80464177698129
-0.9973181349487
-0.836813557729198
-0.753111622957866
-0.752848524101198
-0.783436168830731
-0.833917365166492
-0.836650084507129
-0.802651047221265
-0.779913021521134
-0.795034874191729
-0.764639768070387
-0.676597912058669
-0.917409761814542
-0.715164106478134
-0.767838421019367
-0.816052404289795
-0.616657736228429
-0.692261205228371
-0.780977633524193
-0.787700821694863
-0.743282974661322
-0.697873398176076
-0.830956202571973
-0.751501029424774
-0.599834203169954
-0.82214398195678
-0.834133993584062
-0.767694373651522
-0.8616976688945
-0.863770258629576
-0.753282309595182
-0.754664468091855
-0.613788590583481
-0.753537457154874
-0.648523343830554
-0.898112914303639
-0.807402156719502
-0.855729123131252
-0.845697955350496
-0.697620939767853
-0.880111084390941
-0.741074341982001
-0.824459569185286
-0.675441081945998
-0.677258846757288
-0.722381591156096
-0.667981089335525
-0.85224741539838
-0.741032322947814
-0.765993866895843
-0.657996868312215
-0.823025115609842
-0.641418822841217
-0.656397723229998
-0.617059019167581
-0.577295052133252
-0.891595840481835
-0.571007207138022
-0.663107413697039
-0.766785255943862
-0.758256491101793
-0.692518936162246
-0.663366250856479
-0.645115866824882
-0.579623191851467
-0.588603404255291
-0.641739004781906
-0.767778628830509
-0.734454174005891
-0.657079305201999
-0.709950922252172
-0.612827587027734
-0.662891538160683
-0.654454529171216
-0.767821249567014
-0.628601345981444
-0.665554673779164
-0.558286867979901
-0.594554479319309
-0.739219173349343
-0.730321514552644
-0.632074772112217
-0.733038773138775
-0.722843053962655
-0.59021188458166
-0.622451269180773
-0.539632136893854
-0.673461001305112
-0.701249091634691
-0.63470182365238
-0.724163410900816
-0.646844041799303
-0.821838815797376
-0.647916308851983
-0.741906082152343
-0.610510650908461
-0.633352054171991
-0.691431325881806
-0.684525058053249
-0.607413292548784
-0.637405832248341
-0.59536463922483
-0.641607438330882
-0.74552706517822
-0.639051472533437
-0.742192876874855
-0.497696997261432
-0.614119566906058
-0.65347937871151
-0.586076916582246
-0.6750638225465
-0.57599407603048
-0.63215809789622
-0.702986873694927
-0.70472717401139
-0.506425099198805
-0.58062020191814
-0.515539045618597
-0.647747461929906
-0.65074539186075
-0.384530318461418
-0.611776893001753
-0.480158889060072
-0.314436641983241
-0.510099581428742
-0.518509931345333
-0.634089200088824
-0.520321004559612
-0.624381002984194
-0.549489961701107
-0.343184004379713
-0.519613985189253
-0.710879263986929
-0.725327982708085
-0.629761545738103
-0.580630490865577
-0.407532826533641
-0.809973201614545
-0.721812139003656
-0.602394813392261
-0.443374340016297
-0.519826119463511
-0.376020523272012
-0.557537136008306
-0.65472377640614
-0.643460128986899
-0.595571679850575
-0.579408857378633
-0.531086477772805
-0.441486515358927
-0.710879380060864
-0.453811076123878
-0.543245285514659
-0.482512133522247
-0.535287933347422
-0.578182169012224
-0.491175143012756
-0.589085966720554
-0.585761047089833
-0.367296645450236
-0.519461570058314
-0.417540618503089
-0.438516142868863
-0.654549719461762
-0.402372495840635
-0.478767861047808
-0.424870693656791
-0.378620144519499
-0.622460652739273
-0.475666059226762
-0.495674814997871
-0.504608664600584
-0.458139592577255
-0.37869982601475
-0.581352282757176
-0.529359289342131
-0.242473218401246
-0.534640357054811
-0.631107604923948
-0.562380821323525
-0.413123268438921
-0.532851038606903
-0.563639433594978
-0.467105489559784
-0.462386795652064
-0.346885197186634
-0.415647086477775
-0.421326047965948
-0.423688570735781
-0.650316278732077
-0.438946462831953
-0.480803244643077
-0.441229364508902
-0.45776793123579
-0.429896772145458
-0.444301078656646
-0.512708438377238
-0.41099118574639
-0.467277252296972
-0.529296220907077
-0.356840587967375
-0.421845490266338
-0.359301752938865
-0.624944838457111
-0.458099009235301
-0.406307990856684
-0.604757583112877
-0.455453197000296
-0.373568004192497
-0.456138039688673
-0.447676143050108
-0.47181052344519
-0.331603751843468
-0.547498737469546
-0.46531656116118
-0.453363748148073
-0.342324308837227
-0.420666541460198
-0.240816977502706
-0.387386787041915
-0.554630285286619
-0.189294106052696
-0.326002454113126
-0.305703401989852
-0.352179243304731
-0.339938272787149
-0.406560369247836
-0.230014695162645
-0.390876349227897
-0.354574787768092
-0.318550085673089
-0.179566643516968
-0.449670239566955
-0.374789598460214
-0.296050004681366
-0.370061747372019
-0.311226393497138
-0.416423476946375
-0.426271000484145
-0.42034329406767
-0.187215602203751
-0.291174323634121
-0.393015648643255
-0.480293239617225
-0.174784207116386
-0.214217363448678
-0.29440947864842
-0.30121785934406
-0.296960596699326
-0.367110993784188
-0.275902966738723
-0.268730074016453
-0.308965392007644
-0.22638870395075
-0.318676067940504
-0.265115151748578
-0.352732029171028
-0.219480148642174
-0.344243310957856
-0.369478005983996
-0.293472711807559
-0.373197767933031
-0.269614455483454
-0.416432420805544
-0.209692927246036
-0.27655054114297
-0.295308411954011
-0.14840410354275
-0.423262973200946
-0.325664905034805
-0.259000713688239
-0.317946747541333
-0.24949563279184
-0.270843744685303
-0.26413615854829
-0.368919334920491
-0.280443003352017
-0.117816860092643
-0.19851638827781
-0.270517007835506
-0.300325204930578
-0.224099818798
-0.202166637350377
-0.270718893683384
-0.230064137492052
-0.266179351680362
-0.141287667994264
-0.131923197868195
-0.283715426316997
-0.271073322105194
-0.150712804616561
-0.338148203154039
-0.175980124919478
-0.228138518216134
-0.244842649341349
-0.309975415526175
-0.171871255160103
-0.195363702009982
-0.188164358912856
-0.255158810319837
-0.295662369552219
-0.256269206687369
-0.26296241085935
-0.17335360018572
-0.307383733054613
-0.159246390391012
-0.220866828682778
-0.280396156137586
-0.266983749601454
-0.237277625989218
-0.0540498326418286
-0.317280378729115
-0.223510978627528
-0.0179285831821457
-0.148061951904291
-0.334165313963395
-0.0592377585610408
-0.166650797249395
-0.284506176440722
-0.266615631053884
0.0096767725771878
-0.31806488547356
-0.227462158010508
-0.102964429412558
-0.203285592627241
-0.122648450440525
-0.17945170024747
-0.183300945896228
-0.117116513571612
-0.12071763087148
0.128266690294729
-0.0332114251365103
-0.0743683550606692
-0.187422567005244
-0.140148798913189
-0.137608232012108
-0.143357081409888
-0.145969878758946
-0.112896847559232
-0.21102532515893
-0.0166709920078311
-0.0564983414192697
-0.0501866453286224
-0.190110002470397
-0.231868353645796
-0.18591288202556
-0.0935459091835081
-0.0754284728491361
-0.113600085379154
-0.109764660518246
0.0380325083246977
-0.0601717762583913
-0.12801866399499
-0.113168898506469
-0.094885355683437
-0.211627007746495
-0.250398970548038
-0.194092815198447
-0.186277105879678
-0.213087782975458
-0.142060469947395
-0.278229633726555
-0.209193095842682
-0.103981759661893
0.0884868522939771
-0.0743863510737156
-0.0246941025455114
-0.134805118077444
-0.0578354344797497
-0.135721115655905
0.000950986693247696
-0.125044416659863
-0.134920579000207
-0.153499419297865
-0.0924092278456523
-0.0181145440211001
-0.0913414377682154
-0.0566034637520521
-0.152474381796233
-0.189381948691603
-0.129266490074218
-0.00135818905384717
-0.0576469561601003
0.00551633354452832
-0.0773519751895207
-0.115750287209679
-0.0166793492064033
0.00050355733430439
-0.325431629520654
-0.126738935715608
-0.254425407772342
0.0247472358534495
-0.0497457996978608
-0.0498598639640816
-0.0101624292504196
-0.0971317897447774
0.0474141321328152
0.0103194632542417
-0.0498013340897067
-0.00627633885955455
-0.173346474055156
-0.0346836932778202
-0.0771227999367588
-0.184950743158259
0.00115838694158283
0.0990185019433086
-0.0252007956602982
-0.138794952710286
0.060492222386248
-0.12610364057914
-0.175401506250132
0.0387323933368089
0.0197145398978406
0.0191460904746776
-0.0351005067786624
-0.0167500413734704
0.0276145709207593
-0.0254211962801886
-0.0566600496977094
0.239632830615524
-0.151950791305349
-0.0402645259220317
-0.0363395549725994
0.0483175453771828
0.0407537202903732
-0.0623751436355199
0.00651236120930733
-0.102787442535438
-0.0377939009287223
-0.0201715313649275
0.0574859668137092
-0.0136425909116089
-0.0238335925258374
0.169796512487792
-0.0867030606988176
-0.0226761190535258
0.036997482213868
-0.0724692385370066
0.00074923439858834
-0.0404839890372176
0.189300704442119
0.0711025165680945
0.0570539264783527
0.193167980325766
0.0385669587751297
0.0329956446649534
0.163361009588627
0.146297558212262
0.113718052258522
0.187310420683871
0.0991677822232626
0.06688393868475
0.176129248326705
0.107883797981648
-0.0662405100658554
0.151395531782182
0.0981644043390917
0.0428969530502921
-0.0124872468497351
0.107004930929146
0.0712629249529833
0.125748433139456
-0.00666995647135037
0.0733542074492284
-0.0222859733255411
0.196210719654292
0.0919424142765506
0.11344507080576
0.176389464171053
0.0465900705560816
0.138391622486677
0.141183332519758
0.140609715075626
0.204626435400447
-0.0159430475295588
0.0121413612858154
0.0747575565766711
0.0568270164101445
0.360287887174645
0.250998229669505
0.23993480469262
0.0228317953455941
0.187669866354109
0.0273804533051661
0.129556956490858
0.262884277467575
4.91587117436622e-05
-0.00532857154420647
0.110355980090761
0.200280136689845
0.144941752164722
0.130250084368746
0.192161969847456
0.236194280503797
0.183408451853472
0.209772985321498
0.0742760794118641
0.196083458139985
0.102502827876101
-0.0104281681381658
0.139276008877183
0.097013934914507
0.178926831984083
0.261738998714288
0.210933844575861
0.188144274105837
0.254467128206651
0.188483017287851
0.166213855275417
0.216957362679836
0.233204901458434
0.225881359945718
0.147534207446508
0.124253123452346
0.214244498982675
0.220408761680524
0.212799959560133
0.357653340491072
0.252074932326326
0.0343352994961136
0.224778488588763
0.233279799058543
0.374727184930153
0.140364652162719
0.220729129744708
0.282023520730286
0.142683888325584
0.375407026815405
0.289798176772548
0.219607408072527
0.256895637915916
0.146332786722666
0.296947272869005
0.422766702588787
0.344741057871228
0.153673815755327
0.263708139158513
0.229264506651321
0.296265513611868
0.27645980617016
0.37957028262954
0.171968485268895
0.293719260930049
0.327053950769348
0.186283313560062
0.194383323323864
0.274607436250234
0.352034872345384
0.233683785742161
0.427278654391986
0.281081354085525
0.452195226514778
0.242733021983525
0.276220646361247
0.290487582430031
0.283970674639819
0.216785117730961
0.245583949289893
0.195150383444302
0.369804464616295
0.399385485857836
0.33681778841604
0.254734014442871
0.462334459607679
0.510896245607203
0.387812815891088
0.357623059018145
0.343850689106227
0.0908799202924621
0.352050485558592
0.389527529493702
0.18234572042551
0.441726603827302
0.341456225321428
0.351232349232961
0.361135876495085
0.307441722427663
0.401269365150098
0.291431413171326
0.348494411349106
0.301262138390865
0.293798870224013
0.393163542034495
0.300189271457824
0.386210461042674
0.367440806042272
0.260291531859382
0.424111704917649
0.327118617669065
0.270259473463727
0.310786841317419
0.361630352573298
0.383613020343335
0.484313199286152
0.31858643795806
0.380648385757796
0.387547153598818
0.481602842960854
0.427371395713631
0.403734250296632
0.380880091031981
0.4339478421816
0.354154310485357
0.382149471651228
0.479218646124298
0.27974357684341
0.493345362095242
0.371446815558664
0.389145675700167
0.360698107769666
0.34819478108958
0.469061211139939
0.430350778072288
0.494169014022722
0.340145819799568
0.275039240425885
0.366656692672791
0.629014132953227
0.382575670670593
0.557686072761175
0.334785186083371
0.298017015690377
0.331902199927835
0.453040742080503
0.429328172560821
0.394399608611675
0.351567827661297
0.478516204948252
0.460286098017888
0.637634404499882
0.493007567595091
0.485995777647264
0.467286785815566
0.388405732765393
0.493452643958199
0.419930337228827
0.376231203001545
0.55161721910141
0.618774349648339
0.268733110967774
0.541868959282522
0.460038123895999
0.607879906016307
0.324267015902311
0.420990574420355
0.553608773628693
0.440029729206774
0.5192475467089
0.526477034643933
0.362615463809116
0.549537821785992
0.545957765574922
0.529725232277811
0.263432931438427
0.439949993623315
0.413305566426598
0.342706039781935
0.576353808599349
0.409669301261243
0.47955077450558
0.546225994307107
0.443313192539407
0.341070372039456
0.569352746773516
0.435245592931833
0.391821155618228
0.554170205606651
0.466070759515485
0.484700588007764
0.35152658497332
0.469527970123198
0.57158787213915
0.481701861400588
0.561297010552651
0.550411279477742
0.460678737655534
0.454629872367111
0.570808712040195
0.438299419741861
0.530533456735796
0.536277162597424
0.580187501848821
0.496109100285379
0.50465977929983
0.473002016862501
0.395249371734145
0.534609819324292
0.545938284938272
0.636501285917135
0.649103424615035
0.590399126210585
0.385026574952388
0.565735232963837
0.506929874697754
0.603673013524952
0.461519037512641
0.468587514326406
0.613880520064113
0.572922295740189
0.436803672922849
0.55266946223789
0.52944039625257
0.607352512180022
0.542805701741756
0.444262094920919
0.752558000721692
0.635848935429266
0.61678043520589
0.569488991205336
0.645688894057548
0.531906843494188
0.593173725185966
0.449680746365036
0.663668741316898
0.567708806436412
0.549210687327327
0.643672093838589
0.777199621109269
0.619123644816182
0.728353291433584
0.559046860978408
0.558547175197166
0.664665629699867
0.650688307361436
0.760487120168301
0.722364164576413
0.585175154905798
0.646146106120455
0.703661151734855
0.499619961322601
0.642422428401245
0.545211219151142
0.582521879943875
0.549810319998245
0.529340672082306
0.633738897064737
0.512785398481984
0.628315779797579
0.785256463497582
0.579734210320214
0.732446874310662
0.759181588353614
0.680498634561653
0.674878790500344
0.614852547895337
0.595998838821021
0.682352249951494
0.808731115716772
0.653463513263964
0.58503298914514
0.719516023295546
0.585047320976271
0.511870605570565
0.633092124017946
0.592125425822787
0.759723735692704
0.713519705565574
0.617038677105517
0.556256846437887
0.600614805960093
0.712338707955966
0.686285782655355
0.757220695697531
0.69368264905706
0.720700434980556
0.873356803062773
0.837773516842808
0.55308708987129
0.799211614871478
0.7027434554981
0.805260187605441
0.652189064419906
0.70873399670689
0.775699184909029
0.735015491621316
0.758293558462287
0.732551924594358
0.701862701676645
0.719118921812793
0.800347842183843
0.691041649957941
0.681776440984721
0.722253041168851
0.639675942644769
0.711428579808338
0.770032245489448
0.679975986536729
0.693928796615186
0.656291632463729
0.831092445796804
0.690588810779127
0.663594047791285
0.731624407708825
0.605221135476606
0.665867054302373
0.753196836997535
0.707005312458296
0.776622100595111
0.616213463127316
0.670885171955083
0.640047757595883
0.781400447336216
0.733903394734632
0.868540011452617
0.768183256227951
0.758948526937455
0.890575581901861
0.696620350654333
0.747326239003358
0.77340426242037
0.782048052860386
0.79819739669335
0.889010964409155
0.771433550123979
0.828067516143235
0.750161762635153
0.796837419486625
1.00572770201513
0.925179432142878
0.858393864492669
0.835379731472313
0.925352560388291
0.781768782760753
0.822324872157283
0.815067072407424
0.840325159480413
0.952541330065119
0.784237235181432
0.798111834564334
0.832539216957385
1.01281521991104
0.636434995616517
0.828497441572783
0.80110557078224
0.869079743271444
0.819769923981305
0.816283728359102
0.791043697065057
0.921843174788189
0.626086330690142
0.924785794594538
0.86749542668631
0.645812159938079
0.906271278346463
0.930284602357643
0.956644657593351
0.860042551441403
0.938757195571933
0.766298276862563
0.803576886355342
0.87570676705909
0.992430467691246
0.898160062903989
0.839644848856344
0.991466112804323
0.830339417122147
0.774471921260833
0.949359943169718
0.95040949608913
0.828066153933418
0.84092001066384
0.888701376570761
0.957282157740465
0.921106581011779
0.996927357076669
0.994512352604834
1.00033239706679
0.935227623763
0.819213534279694
0.893477950456189
0.961402926870754
1.05587595877109
0.926448421792946
0.919969691931085
0.974011746398936
0.940118793418274
0.998237598488654
1.07300957733842
0.914300604549363
0.884673437219945
0.841745458228984
0.98816536883196
0.961756265819538
0.93247739584261
0.888654854757846
1.07996752608394
0.972498135315931
0.959631892608601
0.91666840678905
0.951173869153099
0.880801335726737
0.927647268879929
1.04591652525919
1.01324795123323
0.82978050143026
1.06422712464088
0.994229381215696
0.82923637412921
0.928311837665875
0.921451249931801
1.10324317021205
0.977755865691139
1.08362071435839
1.02742209530295
0.899173488427748
0.795123522669467
1.0034492651639
1.12543683429146
1.13408218907335
1.07551885066746
0.942164918702074
1.07328123936492
1.0188228201972
0.997898811397967
