"x"
-1.05429926095413
-1.12617965181782
-1.01537633228142
-0.948360270400956
-1.05477542932746
-0.99150778109523
-1.08766222719897
-0.963281244052023
-1.15404430920296
-1.02552038872547
-0.960073622441181
-1.01910282926225
-1.00371172224761
-1.11754072880288
-1.12401518420727
-0.983635662922128
-1.05774970096099
-1.10651233605397
-0.849084391186912
-1.02430851093907
-0.997999541382724
-0.901727147450353
-0.91845383598718
-0.976976173156904
-0.902093803036646
-0.868506681224192
-1.00603985597179
-0.865867903305579
-0.926535056676297
-0.890513771488019
-0.940976253206482
-0.929801959120046
-1.00085738665729
-0.841139459997418
-0.878706574333876
-1.04349678092715
-1.04402919571451
-0.953665339852361
-0.876213701059408
-0.984311178121163
-1.03483627755164
-0.787224026786897
-0.983131098744506
-0.968152298556127
-0.952670169775842
-0.946352161724947
-0.976643064950355
-0.934239280110204
-0.861845284569633
-0.978201197869794
-0.878246779825253
-0.947291533297319
-0.887558272096549
-1.0762049067561
-0.885880340800884
-1.03146051143438
-0.916689330786618
-0.73994002068044
-0.791998802124435
-0.877009799254717
-0.894579525420434
-0.875584155876039
-0.724494129162925
-0.869021133283149
-0.935818354608437
-0.860317726012919
-0.937740227453963
-0.992298270396234
-0.979660426305759
-0.825323034874039
-0.755926600212923
-0.881410155077648
-0.797320518711091
-0.816535311797302
-0.970264941870765
-0.842331601456642
-0.868396768546333
-0.641760975494478
-0.849352838475079
-0.750943735667089
-0.703902183739269
-0.745126555176879
-0.881724563649343
-0.894234884080151
-1.0094199576947
-0.789659615387549
-0.812859393587762
-0.88889033030958
-0.776131797310922
-0.873642733308773
-0.791048099601868
-0.855128582016346
-0.934316925442747
-0.797482489222684
-0.779395405734499
-0.718353806497534
-0.728835104010532
-0.731201869250275
-0.713876973109292
-0.701834833932636
-0.85103876170266
-0.737214432366607
-0.618828378719922
-0.874098311814012
-0.815477887513474
-0.801762817080315
-0.872913537060809
-0.805624941055979
-0.734058741065799
-0.708817356568631
-0.691766694492006
-0.819989141321217
-0.723863155037843
-0.89498917277442
-0.708863294285488
-0.923725468878154
-0.720246618124812
-0.892096001129771
-0.671147143746631
-0.873499577071384
-0.7338446393642
-0.804246295462089
-0.811790405663688
-0.962046087880285
-0.757219555898686
-0.844921946386059
-0.730360571720336
-0.633123466070439
-0.705509578818131
-0.69487184175841
-0.692891435537416
-0.788947104580098
-0.803912069650225
-0.891688797763423
-0.900077186923577
-0.7960292158793
-0.633918340098179
-0.628658556731066
-0.754844898001507
-0.693973421932245
-0.783730016846925
-0.458036346568766
-0.67249638777309
-0.751535094036808
-0.645528145899239
-0.525470555380065
-0.88269755096141
-0.537071749516538
-0.693530553107245
-0.623529506718391
-0.819098068009514
-0.698320173383036
-0.80259335316316
-0.742697004741947
-0.603400938367943
-0.64916334594145
-0.589223785418704
-0.631119157731439
-0.608171251918177
-0.708095272223557
-0.61881084492632
-0.730719120410217
-0.644650555756402
-0.54037388742137
-0.657380372912164
-0.637691718908956
-0.730515533524516
-0.602589096265937
-0.57213903736832
-0.696305546803397
-0.748064954948366
-0.612862670751292
-0.664839156285637
-0.630988155533823
-0.592238266479922
-0.509528654539724
-0.556230580275355
-0.600723192523917
-0.640729875500594
-0.683336468634234
-0.745146087100497
-0.697765022363799
-0.430174571813307
-0.602592488428124
-0.620193010277303
-0.705977169671879
-0.564590097498568
-0.579375906124409
-0.747095401445234
-0.601285141557893
-0.696012367987564
-0.612943435531293
-0.733921934127796
-0.680268718696638
-0.511222718006989
-0.643227402041268
-0.651841977569515
-0.678170713289619
-0.719192352703742
-0.505535856791106
-0.66665246457046
-0.640711557219146
-0.631969213163654
-0.611120415596501
-0.598618226526788
-0.508018474892985
-0.647968692207674
-0.587425887920321
-0.636078002488211
-0.484396335377177
-0.492020261594386
-0.514709482678914
-0.584316742503169
-0.497331771548582
-0.492004679247839
-0.517398284372819
-0.474318109762052
-0.480987999911286
-0.592423035381214
-0.578860200512758
-0.575148573227758
-0.579964560408999
-0.62615239245986
-0.514831749974991
-0.401884053627862
-0.593069692443347
-0.493053458554299
-0.603954139146649
-0.52668858216025
-0.475738322246829
-0.435447596349171
-0.585216402423342
-0.494691207544331
-0.526024366546088
-0.539864869879502
-0.479221306933501
-0.544207791468109
-0.53204690590586
-0.559694118746082
-0.530350366036654
-0.589303909001096
-0.581024244708247
-0.487041375920142
-0.638749414282593
-0.526199399366089
-0.552498104653858
-0.508031506992842
-0.555799827174165
-0.481922639428519
-0.544252992223506
-0.524851368888176
-0.592197158900685
-0.396871733358517
-0.635889784784864
-0.465056214646419
-0.570436265502017
-0.487760947540242
-0.535672618126494
-0.477593462842673
-0.505068122473264
-0.601004357561924
-0.61617136126919
-0.354366387104189
-0.5445422141741
-0.400790648077541
-0.487325554229628
-0.42072160276329
-0.550146110818344
-0.445655812692602
-0.407281666510109
-0.32672240001352
-0.44286362893999
-0.58223335800656
-0.443423820050701
-0.434932570253475
-0.333955546055808
-0.479526550345342
-0.502407933047581
-0.526730191007844
-0.443427544570675
-0.484358915350518
-0.547345113083921
-0.312765541971807
-0.40113752307246
-0.447517727346713
-0.36517289075683
-0.374853780206144
-0.337271754000253
-0.335096512079636
-0.333892058012223
-0.44522425549078
-0.268655067703626
-0.289987266100678
-0.538879772124694
-0.372366298497095
-0.397362994921244
-0.448736459076601
-0.24178604825233
-0.427660329138664
-0.419587867605755
-0.429854150921456
-0.386455503885344
-0.379924437472503
-0.490297588063253
-0.331371176752097
-0.370916093992076
-0.363889768241408
-0.46036194060185
-0.469112390913157
-0.343089909689733
-0.417503684026794
-0.308407900128881
-0.288465002675926
-0.408535934734786
-0.325760390028318
-0.317363003235041
-0.43132205118348
-0.18419351807769
-0.442540151349339
-0.262500527836928
-0.381197870592989
-0.391727135170732
-0.407827221826098
-0.413612885772941
-0.371181258765932
-0.459740819119905
-0.146240715874994
-0.336720205968995
-0.342874177612913
-0.183276691910528
-0.339978970959539
-0.254221287649467
-0.362666345041191
-0.325721722018964
-0.350193111666028
-0.440355226338638
-0.321488718315551
-0.411784852333065
-0.406867976915839
-0.22053976575106
-0.350488558669222
-0.357652540112609
-0.252977053213736
-0.429913698171423
-0.360043347715278
-0.250519286581987
-0.378584080192897
-0.483547603906461
-0.406541548108268
-0.219746481779601
-0.312488303680054
-0.288439684598828
-0.204554618948005
-0.266727250359215
-0.182145814210199
-0.263688685760733
-0.323070618506613
-0.275557921010398
-0.420359830813223
-0.225351812964705
-0.406346001851511
-0.383580918278624
-0.289696431213138
-0.276660542523296
-0.185589426788172
-0.399781114696517
-0.309604088594997
-0.334049774834094
-0.15214796127214
-0.202961477625269
-0.241318612300761
-0.316986066897849
-0.275853070721026
-0.424654445758478
-0.254057419848669
-0.210153685266396
-0.306756508461378
-0.276787635580747
-0.329211049934758
-0.39513173954141
-0.281390785271235
-0.240895302122921
-0.369853110078997
-0.219978570254386
-0.354178575995996
-0.320940513761797
-0.390188363552314
-0.157123206996744
-0.210207548826483
-0.220811073935945
-0.179202240443059
-0.159495951213747
-0.287667430342484
-0.060659511367239
-0.373876883447626
-0.244188300451114
-0.196209170556454
-0.124630103035086
-0.288625666331307
-0.309423727683964
-0.2487019655586
-0.12694084354411
-0.217377801618949
-0.27531621552199
-0.32791387714551
-0.0448990945957088
-0.0583889944322447
-0.366543007367501
-0.213892153074372
-0.216980552391742
-0.271874298919413
-0.0347104017722423
-0.169212954600545
-0.252528194036209
-0.224619132702506
-0.156504935064717
-0.247128468631984
-0.180709818287355
-0.0596478337270082
-0.167590628736419
-0.0825116720705153
-0.198908238192047
-0.140091056101596
-0.181712366028896
-0.20291195367005
-0.0471976237059747
-0.107382778326039
-0.180567487580624
-0.0794593668331286
-0.0146085862081981
-0.101389937969218
-0.0816932033443593
-0.252947860665318
-0.147119926324176
-0.0711159739293482
-0.0495616918313906
-0.0902988440688349
-0.0583051430519938
0.0656438297791759
0.0150753022326364
-0.22403877051694
-0.126701102957589
-0.0630631195187555
0.0881102961816892
-0.152309151344618
-0.0723363622808588
-0.156959712971893
-0.0700180264283198
-0.0599552518549783
-0.27396887579472
-0.129125223683488
-0.134303748725775
-0.134409172527009
-0.206483003069252
-0.0239182716704363
-0.121880541235297
-0.0385071466200453
-0.0304349380763154
-0.0232798466322174
-0.11955418737722
-0.0723178107529031
-0.0204715231642761
-0.0415849144205053
-0.0541407636162193
-0.172418032454814
-0.126956560989607
-0.0367575044439659
-0.12445527522165
-0.127128409139273
-0.152947893950036
-0.103114293176763
0.147380769735705
0.0756344225476229
-0.125083676704874
-0.00662276686452352
-0.0274138718803323
0.0515201271175672
0.108758564692472
-0.00166527159024138
-0.0591748218284192
0.0242179313429267
0.0864053876962544
-0.00580426174413239
-0.00916321347703129
-0.0413890758463915
0.0245484141046315
0.044427218102827
-0.0940166547275095
-0.0648023044602345
-0.0221498158608869
-0.0124405077226431
0.0131247182667989
-0.139200892598219
0.108937456430677
-0.0457763269586528
0.0730467663002646
0.00635098278137057
0.0339528566923595
-0.0707027182220904
-0.0359498434547989
0.000543252709518321
0.123496148625016
0.054633184819086
-0.0567190979195832
-0.123320617201543
0.207873910665831
-0.00589825522768598
-0.0147832635945122
0.0957653218462634
0.119289338446641
-0.042768496048369
-0.0393583684810954
-0.0862873381167381
-0.00358262492603884
0.144081104284501
0.0389467921295477
0.149705965860955
0.0541687172914573
-0.0500723145345054
0.215187882075246
0.109546806163476
-0.0743509754738021
-0.0931799005550871
-0.0551552802629003
-0.0846668229323906
0.0583797181311594
0.0973906356841608
0.189901164196615
0.158018957864682
0.0484418095645036
0.0690018286435996
0.0485599405315814
0.022498043917122
0.129324267447416
0.366045071444802
0.111259176129034
0.0709305293702312
-0.0225093009139363
0.0578591620652018
0.0880378904245747
0.130747820245293
0.175153825170137
-0.031943866292854
0.0883164938036021
0.210903563245513
0.0654979178046895
-0.0158500556004631
0.131674872408328
0.0332727408853866
0.0960007206144048
0.103050289864194
0.0996476090058484
0.167097401763196
0.0563165767345461
0.0729412779380277
0.0870723410772581
0.033383678330194
0.124405869443099
0.139028436820457
0.129748494038867
0.21538032654293
-0.0521697241879887
0.081590786888038
0.143581205017866
0.236632967260472
0.0309787054001216
0.0192236132686973
0.189846052816658
-0.0232347132695172
0.195433840050584
0.00088149448089456
0.266857092304482
0.173431030350869
0.137420069512872
0.134086561690209
0.0805201647690815
0.270458392328004
0.0425227253593258
0.219463311683224
0.016797091880994
0.265004780931131
0.229865770434714
0.117385917509244
0.0779304171737978
0.356704678983551
0.226620143629808
0.227489128820011
0.191736765778988
0.0987640121963673
0.0687661908170455
0.091851995554511
0.0307710654105734
0.277331480846769
0.292018468561828
-0.0445253282123575
0.2594211542039
0.317779260076176
0.23873863832673
0.245153834497615
0.189667153482946
0.138682333244604
0.183130131870364
0.282016727990038
0.095594122959139
0.330189973010699
0.293982624096702
0.173607931843959
0.220042219866947
0.242228979166412
0.261507916741473
0.315335020349632
0.0903833285168971
0.199913598772265
0.281018766187743
0.24492225859671
0.402722235292691
0.256080975838
0.227477531521853
0.273556841069175
0.24165177446515
0.149775355251488
0.255796149522109
0.289897395685511
0.0835823061997413
0.20205808740029
0.243502527633092
0.368129799307168
0.148047156878933
0.362968317244996
0.380538043047165
0.267226498770534
0.149154351531552
0.299174960835915
0.265746471660974
0.341283614960562
0.189237628822579
0.375088798931654
0.434399576089131
0.281441088102511
0.27306037392541
0.259782388790773
0.231914850555708
0.421713440450982
0.457558002683014
0.3132514536975
0.198242912598301
0.108179809060535
0.463807824323301
0.299660148541419
0.232749441499639
0.326646775032433
0.263314297882842
0.402777993370584
0.276795901116079
0.268597245348795
0.260693512332397
0.238426457240267
0.380806499443013
0.31367248709981
0.49115955071479
0.281228883612464
0.368284502489189
0.350740935605701
0.375235949711774
0.286185743492808
0.259416006960965
0.393439097835824
0.322021321297059
0.462375233760424
0.325456072538733
0.431305131519724
0.34824097972692
0.285244430319699
0.375508142652164
0.482681782725842
0.427479959059114
0.407783596446876
0.372499274749599
0.343583150517807
0.32182683056621
0.174373303461132
0.450458484420864
0.202703642692212
0.208911809204111
0.408178644605822
0.440804069578737
0.420753568076003
0.352071601533432
0.325881798837837
0.363200473033014
0.356239642015387
0.373560027517452
0.332704456073396
0.345438515593648
0.380576960703345
0.334531731317484
0.28932246195765
0.389237585515004
0.443242946375549
0.354234159576573
0.426801915449554
0.305395918096139
0.360445872105843
0.316831227682929
0.22807477459859
0.546245119503235
0.476963712536912
0.334745791978358
0.408395953066202
0.515008621792105
0.449009449878014
0.471177925911134
0.343075677804337
0.36818614996961
0.411597864986762
0.350370413497709
0.316271755109198
0.398240984116648
0.298420474748647
0.445085161170331
0.514192824774987
0.467305563550372
0.495744231575997
0.491058401340522
0.531103233459308
0.451317073765346
0.49136976220011
0.418755698352592
0.628063030737747
0.374030522204107
0.522419315001514
0.411151684027403
0.433818244928437
0.509121673941354
0.431463452054169
0.546886072259642
0.500181620295343
0.31932026022872
0.38310278914173
0.41667399458205
0.383622401404809
0.589131604424793
0.629524042271055
0.690141414685453
0.457072270688736
0.48009408587711
0.600258036218533
0.490259918636984
0.429180849244429
0.47748529160094
0.456985361073389
0.539926226003614
0.498782935830563
0.636993698690832
0.347719389244238
0.592437311694752
0.566346616725167
0.454746033721931
0.627668862629895
0.553272226020087
0.581459638996444
0.661607779069212
0.514280076700629
0.48473002742677
0.472676968390611
0.607359394195484
0.489714400250371
0.489078568699933
0.588024004616672
0.569138713669526
0.521036497153204
0.568586638366203
0.500611945800985
0.754287713074324
0.733326227356475
0.402848673291653
0.44126371469449
0.564993226287186
0.580602757384007
0.481416518871811
0.364308341079953
0.453548059341356
0.554544956302684
0.582244041040599
0.596744584143645
0.432826158119099
0.688829515183674
0.663665117376086
0.598932432572154
0.577278363198941
0.698009140202558
0.430321720490536
0.358707895128003
0.526279897641521
0.532226307652013
0.544022265268433
0.465177510262685
0.437094529773805
0.563320505302801
0.567987677887714
0.840175360807543
0.665037440577865
0.567783216684958
0.614211139242673
0.716855016939305
0.6502664352145
0.673644022549547
0.63292714518141
0.571271999125916
0.588863721242502
0.572036243370593
0.684603073825642
0.525110309788091
0.684904011833247
0.685756375522627
0.695292577265715
0.732073924736866
0.584738501412241
0.684102660618623
0.634378852060944
0.684082928333186
0.589651222207269
0.742105249202426
0.831738761424779
0.815284732996706
0.636377180357243
0.625655871770048
0.672926105337136
0.802399443009857
0.647632427897587
0.738285818705177
0.715898609108073
0.661736179133096
0.530142002110014
0.591732015420924
0.639988130782065
0.564184398840022
0.794521657121772
0.575258602024909
0.630305308300961
0.502558658902047
0.609532854340475
0.65795681305813
0.514340497417145
0.679683385778438
0.652459481196287
0.74087944485198
0.608568650651062
0.739767771211117
0.662435279461854
0.537317469118233
0.618901065280648
0.741676397164533
0.803601300641134
0.831399983308893
0.728929309359704
0.744326371226442
0.77398252506875
0.638408150491117
0.601692245247339
0.757175589596763
0.739282928909094
0.745131658687473
0.743347182867136
0.808622517066265
0.68962968680729
0.795431229946371
0.802480044409217
0.674483109789577
0.681446179887591
0.675644988064647
0.717309846441952
0.834882907560989
0.842433793635875
0.583317451648225
0.690471609844165
0.871947929200925
0.79670564167727
0.808680953691133
0.664517001227727
0.873080709356778
0.773405147068739
0.8164593109863
0.754887296801598
0.782257017007379
0.903803843149182
0.650283147054458
0.840575770442667
0.815678726705803
0.775771779936054
0.753017269452884
0.768387664711441
0.860651023199712
0.78551753566838
0.800868070258555
0.809823784929455
0.767466515014554
0.739100141796391
0.796646388454426
0.856014238876031
0.704415271556078
0.590723024020847
0.976256745180771
0.696101145080604
0.883330822225149
0.872064457224436
0.852711211273047
0.69984096713551
0.846873858062948
0.892610573213613
0.732995612856917
0.801009705013569
0.818833413505785
0.899801526286615
1.022531697069
0.839195620367493
0.661614482346493
0.775201136822754
0.797090434220754
0.884846489267984
0.79638755421332
0.834034125690336
0.858947984477412
0.837751839801477
0.719058894669871
0.90167366878562
0.824507856088131
0.963372909479112
0.905011729235439
0.734024360515247
0.959526001114213
0.846925820406154
0.79864551906901
0.73516043448914
0.86618215840649
0.786867843318246
0.87870355880345
0.953499083775268
0.877145644337657
1.03413053104177
0.873552578546428
0.870943092935496
0.683015017521292
0.976296930276732
0.964927295729775
0.933430187039111
0.8273093916633
0.934333185694005
0.879524445303689
0.806226654706484
0.82200839640533
1.02651006730429
0.938003116074837
0.873141749502615
0.918003235922342
0.868180256285608
0.915062469224191
0.95089711804846
0.940542299912749
1.01631541704005
1.02339948551273
0.903080084810687
0.80918752851677
0.833624116853419
0.895136019163572
1.01409082450778
0.928807501620412
1.02845162507957
1.02328903984909
1.0145569702985
0.89727648514706
0.817879834564353
0.876788336112597
1.01458864701385
0.862123813110906
0.927930121858325
0.951919844638033
0.909007851392889
0.8456518260841
1.06393714005942
0.908051918200238
0.752355317522954
0.898861166151805
0.872522104744618
1.02797810476872
1.01571184659017
1.05463050811342
0.956807949099737
1.05328990940536
1.1105814221384
0.96107021798975
1.06300047227267
0.980323332876867
1.09200501285836
0.985769741829862
1.02741569010729
1.01525416652546
0.919331732049064
0.946144107045447
1.11885232698685
