"x"
-0.951579889450442
-1.01790978291514
-1.14121108340114
-1.09280870282381
-1.05888161279135
-1.02152620707487
-0.930709615581314
-0.890303359000602
-1.03761515557003
-0.954613512792596
-0.930063795789249
-1.10186775305663
-0.942904279402982
-0.847724079942644
-0.80627805360456
-1.0486994965844
-1.07964754553962
-0.909378341100232
-0.995884305277715
-0.805326816387922
-0.829817141879745
-0.867390281947313
-0.952800517544008
-0.952925002683186
-0.837751149073421
-1.09224249912883
-0.961876163565055
-1.09510152674336
-0.934622391774784
-1.04605079644389
-0.929686465910295
-0.867485973415304
-0.940744447322904
-0.999629164082127
-0.879998073767706
-0.99299112547406
-0.87509395728055
-1.0874749672691
-0.857113865612598
-0.943512500641175
-0.961347151260783
-1.04453853037963
-0.948031259364805
-0.978828553343834
-0.888230828484165
-0.944589633376425
-0.905193567980522
-0.695585563811556
-0.886833058628791
-0.950740788323729
-1.00056118735659
-0.896631976717883
-0.828050347014637
-0.818075561975257
-0.921000692891487
-0.913391913055268
-0.833598172453808
-0.877946596544471
-0.891463563762684
-0.811100170835104
-0.874010690632959
-1.02857363616484
-0.891532203068013
-0.822931338130506
-0.882576642491266
-0.853854861229104
-0.817063911738037
-0.889119381566607
-0.860546696198569
-0.977047906842691
-0.697980639985538
-0.738138770761399
-0.990289173361446
-0.902862079372645
-0.77902959776608
-0.866138557658583
-0.954835562445262
-0.733741803914972
-0.883080707594663
-0.769874118798299
-0.824543025687482
-0.763924511960604
-0.988040158472051
-0.759239711356424
-1.02385928319017
-0.81905381613543
-0.997271628780173
-0.845276095328183
-0.744992520616288
-0.745312732523944
-0.780312233218112
-0.80655580719083
-0.825562036411685
-0.816494854834135
-0.775787257542584
-0.789176558749125
-0.76369371264922
-0.67686166575809
-0.91649230474676
-0.731483399080839
-0.753721852903506
-0.821304188580721
-0.603403958657406
-0.701554185523035
-0.7684590046608
-0.805969212587077
-0.735056260184686
-0.661831705143848
-0.824493513761827
-0.728329591712438
-0.599131745819708
-0.849451052884692
-0.836190890819321
-0.781559572589753
-0.856112450627301
-0.84395798902505
-0.768741028333901
-0.746671352723222
-0.603798280105746
-0.76383291496439
-0.642808134296407
-0.896126486237473
-0.807431209350747
-0.85653924736275
-0.863775980501779
-0.714877845950802
-0.866655539749721
-0.739674280286886
-0.795878665216836
-0.684851373877387
-0.690507051876911
-0.738566573080705
-0.669371386975901
-0.834504498326752
-0.729669353199662
-0.756703167962799
-0.670793980172599
-0.798905807389446
-0.648917483208638
-0.659847496872475
-0.616079768459154
-0.585848077836959
-0.890946629655385
-0.55573483197166
-0.674917445244417
-0.765925911942598
-0.770631107370094
-0.69255684992946
-0.673330964642613
-0.637246064307228
-0.554746521265362
-0.581581239557799
-0.656375408522774
-0.768416448967293
-0.747739285351145
-0.639954911737977
-0.681630010304918
-0.599386801136549
-0.680801612459596
-0.667026913523877
-0.774960280185022
-0.627206446094625
-0.670894407544762
-0.552001283421449
-0.580762729379874
-0.743704024091962
-0.756036302560638
-0.623787377402559
-0.723231160916878
-0.730181400541463
-0.583630117712089
-0.634627950999645
-0.523288613005884
-0.683936345230281
-0.710952259148961
-0.630205651824548
-0.731815283808609
-0.635883819461018
-0.821935805955738
-0.647621892549485
-0.739078229326619
-0.630626609940841
-0.650127705938201
-0.695459055740672
-0.673437550375633
-0.605401192002287
-0.614902790679571
-0.597454816882818
-0.628089248566821
-0.757631993466217
-0.645330863612327
-0.742553889015871
-0.512671822432241
-0.631449122173996
-0.656915974648361
-0.591016665760133
-0.655483897941412
-0.558493585912257
-0.645585650215169
-0.709712558832246
-0.698163206948659
-0.515814994373491
-0.55433531652967
-0.52973856396104
-0.663349367216522
-0.639087344247535
-0.397507019130905
-0.589321041463959
-0.471933075648803
-0.302330789706779
-0.501614108732618
-0.523960893120123
-0.653022297878079
-0.529317566981764
-0.638283440514002
-0.524099161872549
-0.345523243928004
-0.522038146710466
-0.718715776254919
-0.725554114589002
-0.621421448858853
-0.597299218784408
-0.387307306656048
-0.78941360497152
-0.694774690415969
-0.619209309428353
-0.474067604650975
-0.521204617968037
-0.384311517609521
-0.562902663958577
-0.655812337622246
-0.669755342227194
-0.598858314744145
-0.587484144904447
-0.537447162629542
-0.457604564465592
-0.71087565771489
-0.443308032294876
-0.540845343781306
-0.474495981075425
-0.539489636216651
-0.546731012591494
-0.513690131308109
-0.572229778081593
-0.601600488426535
-0.388151994022825
-0.520459175788349
-0.424397987709344
-0.430478888121583
-0.655653787036217
-0.399539612125798
-0.480763995936119
-0.435448967449599
-0.393491456779544
-0.627066939254864
-0.47318281530343
-0.48208717369194
-0.494979456172005
-0.457005797474709
-0.38945490085776
-0.593714551775333
-0.540443121141062
-0.248175994940293
-0.522254951283094
-0.634143672366948
-0.584155023577115
-0.42133981142433
-0.538671241534386
-0.558506219807433
-0.479534300030274
-0.472763100151552
-0.353295170528791
-0.396459073276392
-0.408399473684169
-0.445945626243268
-0.652841452781272
-0.463443516476665
-0.485724326028029
-0.429273971185893
-0.449802674220817
-0.424834127270189
-0.45837760926848
-0.496127912119694
-0.395320839963022
-0.470475163468446
-0.479066181642551
-0.384909004596984
-0.424303496436838
-0.340949008124586
-0.655732903455025
-0.485272612481094
-0.396762433477477
-0.595226054737907
-0.453336645793386
-0.37666438377686
-0.451942553271101
-0.450222065077319
-0.461891279270198
-0.339114143386142
-0.558908149527502
-0.462844348391912
-0.457130288676715
-0.332601534898963
-0.401854974229788
-0.253512107901798
-0.398693865952694
-0.552081838266928
-0.17931787828486
-0.334489917708599
-0.321376192604107
-0.363404198422846
-0.331568387620473
-0.382121963967724
-0.24830788038583
-0.416929605057628
-0.352259293459705
-0.333345274351236
-0.192333060209702
-0.465427728567637
-0.416785714778091
-0.290954095369698
-0.374394051405115
-0.290688937277485
-0.423155535747148
-0.411714499311847
-0.408765169830319
-0.186192622759301
-0.280802286740552
-0.385818996992184
-0.481586016620995
-0.179791667656237
-0.208500610589519
-0.284293589032161
-0.305552528369713
-0.301876139333648
-0.353053059768669
-0.29063292719739
-0.255494804551487
-0.331366973939623
-0.226440053846136
-0.300894697266341
-0.263491406601611
-0.337970053881598
-0.221606591052939
-0.365205340193322
-0.341851037813216
-0.265337035954495
-0.377954578702578
-0.273467736908583
-0.410981584936662
-0.212556103003471
-0.300660799380632
-0.299553823793761
-0.164559710607914
-0.424511132159333
-0.281290425017596
-0.267110612672356
-0.322296287760401
-0.243014350774431
-0.262120318653128
-0.262530789056824
-0.338487468519976
-0.280884430929654
-0.127042478573894
-0.176213361346517
-0.289324278958851
-0.317833193327681
-0.226263053191612
-0.194823429124165
-0.284055756941215
-0.224154237896208
-0.271600880493565
-0.153408552486517
-0.15589780941651
-0.283356330924151
-0.290144687535033
-0.16733297826432
-0.349603148451671
-0.172726801981478
-0.231106409709817
-0.242983728552731
-0.305811555474278
-0.172779061554848
-0.193152982855305
-0.1889654903398
-0.2642252284227
-0.294058245199758
-0.238972835541953
-0.264389575582376
-0.158065100658828
-0.28902626844051
-0.143524795847919
-0.2273337838994
-0.256218699751257
-0.27466824339587
-0.222708086833221
-0.0434476385677534
-0.319361935571153
-0.253916399012969
-0.042159820857111
-0.150952218913435
-0.326728200821132
-0.0639923577841232
-0.175276703225563
-0.287827141971666
-0.261254992606283
-0.00143934255169893
-0.331970575107526
-0.207261974308992
-0.0762474552948049
-0.177302372457424
-0.102346299077243
-0.179910515534226
-0.176984287879801
-0.119674328627947
-0.133419257073879
0.112686931806664
-0.0424113371358677
-0.0827930170401917
-0.171892991069763
-0.138545874007008
-0.123926187374848
-0.151951755691627
-0.131822632072732
-0.131059206286904
-0.210151569687206
0.00432844068984587
-0.0292263403441016
-0.0549794377799941
-0.180965376139776
-0.234142196425774
-0.176753548802718
-0.0982490974317567
-0.0850975950857082
-0.122835973318791
-0.122457262796524
0.0405860251250799
-0.0598809947400676
-0.111278046263237
-0.101386800337844
-0.091486115007402
-0.207528449353452
-0.249219207751908
-0.207308089474458
-0.175517202893492
-0.193644584018594
-0.144837939719664
-0.300701839403539
-0.205698407953434
-0.121275464869714
0.0856221594880971
-0.0652517803541266
-0.0255190354704478
-0.126145225861128
-0.0126045228902683
-0.135575481857032
0.0141999902640132
-0.11084109004413
-0.138854989023796
-0.154031917248164
-0.093676354288159
-0.0219787949093326
-0.0780808419326993
-0.0518602512263329
-0.174989715138551
-0.18134711825426
-0.144457373536696
-0.0193545617521194
-0.0329556353686716
0.0188986038113496
-0.0862873404466169
-0.120922900713026
-0.0270500582503761
0.00709129070172269
-0.314777122042724
-0.123763529360144
-0.26014386050701
0.0149843816467818
-0.0614736290772116
-0.0469416340254243
0.00395911295409858
-0.0877834391396576
0.0687348984572162
0.0148318804081548
-0.0376451666342128
-0.00115175756473485
-0.161425119191343
-0.032882122799357
-0.0863392610784338
-0.171802911828001
0.00795328986240222
0.108321494565373
-0.0214036618455464
-0.134351737036691
0.0677953004520299
-0.146733218782293
-0.168311150133258
0.036774879876074
0.020541362460135
0.0293831561225087
-0.0443701624576692
-0.0245187167545296
0.0204601615916155
-0.0226079390344436
-0.0625873859629794
0.208614321414977
-0.14191009279001
-0.0400575017971439
-0.0568131682231576
0.0559622057314349
0.0328978808804183
-0.060001742447534
0.0219673445865667
-0.129197544008492
-0.00669530633301389
-0.0248786344195884
0.0600487073201276
-0.0121707413279958
-0.0158229514599625
0.18668145797573
-0.084147708959954
-0.0219730597920014
0.0200831181661647
-0.0864378688997496
0.00223050357203693
-0.0488282375154383
0.184442551596299
0.0925699179012921
0.0695378469937662
0.199475573633897
0.053886479706427
0.0249022108933847
0.15954434172026
0.155687157006941
0.104351367182348
0.180631000140164
0.100333528034105
0.0507464967448887
0.173965284002076
0.130251934680805
-0.0645319001163364
0.106842294231603
0.0927262208039054
0.0504302085613918
-0.00834830215003547
0.0980108122251204
0.0946710807641636
0.14214642608986
-0.0351227446335837
0.0703689004545965
-0.0141387974811989
0.197715680127358
0.114489865605938
0.123510781322486
0.19667508105696
0.0381750058051164
0.119184869508659
0.156417078020223
0.120061256081823
0.204838744474137
-0.030847938362354
0.0246458671272564
0.0421067699768399
0.0707720733938763
0.348378955669669
0.24683304922667
0.220973954968685
0.0303896785114866
0.184096151732764
0.0257454841443256
0.137390225177306
0.262499001558522
-0.0170732652721536
-0.003355273243681
0.108393237617569
0.178446476961529
0.139269175775904
0.13383888204039
0.191330649397673
0.258839483682413
0.179982000992684
0.228281281554143
0.0773453482002921
0.186567118277041
0.0936540390217478
-0.0147894792251894
0.140453137183913
0.0696426566394577
0.174464838819156
0.271557625331772
0.214391580792173
0.197037901774747
0.264549916719682
0.169414567349439
0.173658901548296
0.207021442406435
0.218107740469801
0.213229924703024
0.153026213330326
0.0915212287028852
0.207809797750127
0.230056979916947
0.210693710759734
0.347536318722484
0.244457244713717
0.0267150478667306
0.219458280724766
0.214068656891626
0.385339136070175
0.152202558468029
0.239771850729668
0.254146357453824
0.146624246179807
0.38746350848545
0.293460887264419
0.220831307386408
0.246600316658624
0.13212718525137
0.3013423109405
0.444894485837564
0.346673762353968
0.159129271733665
0.280758800063375
0.226681728825481
0.310405274729083
0.292507253207674
0.381755476719808
0.166129778911562
0.309592152444238
0.335011764789619
0.200320118519612
0.202408244987364
0.271347600592907
0.319237717600945
0.253371169247346
0.418922584472721
0.299648574748527
0.453422942432094
0.261689708724632
0.28945064971586
0.296321402834983
0.268476325361489
0.205944711296633
0.245626574529892
0.19841360898174
0.37755440635321
0.389927502640887
0.364546144762007
0.235393072727645
0.468120064291657
0.522402582525807
0.39818263841519
0.366455682925613
0.348138639813345
0.0697871019525378
0.365378833582989
0.377271131016217
0.187499280187565
0.424999823693938
0.321827489668159
0.340323256299871
0.371967192922692
0.310530524979663
0.414561108691251
0.296475564065038
0.342987690706958
0.292497108873215
0.306870483773634
0.410068506822922
0.314613440200057
0.389737620800448
0.367822962716704
0.28871321185178
0.442404663505286
0.308194377443657
0.267582354503966
0.329502264516397
0.366491849746439
0.378328413391773
0.467284436859008
0.324916484691922
0.362311885983293
0.366690363950025
0.491349782408427
0.423606226651272
0.400969170473845
0.365102434526094
0.420939083313073
0.367049983084202
0.379417108675819
0.489062829384626
0.27303318361306
0.481373517320869
0.385017161728937
0.37524384079351
0.372535585613621
0.368830766340113
0.471942004429867
0.407213524999232
0.492633301280661
0.346013004306937
0.267473136682974
0.366751206439132
0.608482563833981
0.382546240803798
0.557175440802452
0.350636114436844
0.297017095332722
0.337095416637961
0.439710114063411
0.421125818899013
0.38146239624622
0.348418539290887
0.442442196193791
0.458239183036996
0.63595468547258
0.480825476369006
0.493115276544548
0.465145733017059
0.404503556851384
0.505808970515165
0.437863223654707
0.359691063615699
0.541004905081241
0.610273988558448
0.265681139965968
0.515693776719275
0.444350335035904
0.600301623943213
0.321731163816814
0.423253700589719
0.558852904304542
0.439862613498468
0.515333675238874
0.482514590295034
0.391248906939455
0.539523125003913
0.535452254488028
0.541684898507559
0.264032708632795
0.422581066808562
0.434963099373235
0.337524235530206
0.570855866921115
0.414839337277642
0.496606027728551
0.557411598830758
0.401447194192281
0.338019160920543
0.590153627237338
0.460977920290476
0.389010901582942
0.535770563579153
0.485545850243747
0.486103549835493
0.331158313269143
0.477225251779312
0.569914230980735
0.488849726670388
0.54153603933241
0.519531131914722
0.440783969202385
0.439699903048877
0.575554088439063
0.431922634004467
0.545487957134359
0.534263128005065
0.574838320871644
0.492715046063486
0.484049482898834
0.484771067890034
0.391196882026521
0.536281446509721
0.538293982623138
0.656411201547349
0.651845567018743
0.583636459617152
0.383022158197917
0.563663464310543
0.504824012002028
0.605009184912118
0.487953326137551
0.485745394153445
0.60194804012207
0.58655045344249
0.440147705952206
0.586973518577143
0.513233698074181
0.641426872269033
0.550494904849154
0.453092617004533
0.732543928000595
0.622814963347672
0.626599995291486
0.578865319902498
0.633672711826494
0.520358867436516
0.599545927116806
0.442151817107401
0.674831903725527
0.563867128245492
0.566881862381382
0.628918436713592
0.766391133513346
0.620823130075942
0.726699983883515
0.555680880112049
0.566027995482514
0.668024692110434
0.669695403746859
0.7542751114449
0.707844450099793
0.591342486720994
0.646340142801977
0.687803343063649
0.520170327828473
0.63812178547999
0.556503349480612
0.608268283372029
0.525757612424697
0.5314949255993
0.637262099204378
0.527043345038255
0.637994525475432
0.779468378174998
0.576899906501706
0.731711631945249
0.744160592086938
0.692131298737877
0.660465940584994
0.603300351535089
0.602901125436754
0.657542643392182
0.810899109457243
0.64681884472495
0.555012764589444
0.716377524956736
0.584168720286777
0.531578594855513
0.638372057077597
0.590402767670686
0.772140482537896
0.697549770268009
0.621875507635513
0.55016544403505
0.618825392465593
0.728110007039717
0.676965169115735
0.747669246978305
0.686313872599188
0.729819435889577
0.861403254027586
0.842617221862035
0.583120196091912
0.781541005168059
0.731487108167277
0.781145322960635
0.661235903917193
0.721720865013137
0.796131693760256
0.714812368363864
0.772292245175155
0.750051766511757
0.690855099931494
0.715455314963655
0.777958813732318
0.706516788897382
0.692881802710183
0.734775857437359
0.631688260942427
0.717059604701273
0.754384450952111
0.703263020695031
0.69485276291757
0.65766773801142
0.841133820511664
0.685678588634696
0.648270617655271
0.734592372778988
0.6009988769363
0.660997615895729
0.759629600750604
0.716271632616069
0.760591331520467
0.622045146617252
0.661743849965123
0.622600233101276
0.788292810504347
0.733778095453112
0.863007384955251
0.783584470686153
0.733790405230451
0.892870857409409
0.668019248887814
0.748411888937707
0.786126323028713
0.79754235547614
0.784847291346538
0.865135743942384
0.756483313999256
0.81355970919482
0.749161060061763
0.80748454067804
0.986789169551081
0.927032301467665
0.843975696677971
0.807613319826935
0.916654508999888
0.783029225554666
0.810299999297529
0.807806044076359
0.822313015885469
0.945343348068976
0.800057869284044
0.799796221210787
0.836284117775718
1.02620354915158
0.642055818815177
0.829147518357525
0.780726871599674
0.869355914188837
0.824181892973652
0.822119979362735
0.801755364033382
0.927899351862956
0.621387744088991
0.927004437218294
0.852676518725532
0.654886726248184
0.891197151970081
0.930768225754704
0.946700191539996
0.885249748020462
0.942557801852302
0.767459885504419
0.804947895376444
0.887312772555437
0.987787263284263
0.90465897841978
0.877427908662467
1.01656411935534
0.835174377431503
0.775522651546353
0.964919012609897
0.930736321971489
0.81514201010508
0.837939366323949
0.907382373043028
0.959316375835988
0.918304143434859
1.00687759034595
0.996547147310722
1.03314035321019
0.927934442545086
0.817829266838244
0.909188577079479
0.953170861642507
1.05689849032376
0.922490001309483
0.928388012959197
0.974838241393423
0.942651045718926
0.987305980034331
1.0892455333462
0.914795989399466
0.908758545678564
0.840239425845414
1.01660392410656
0.942183328247003
0.936403661822035
0.899789620863241
1.09543934032616
0.966695674422357
0.965708496079486
0.909614608284363
0.928096809349205
0.898977986995911
0.920086701613194
1.0602904249718
1.02993139123337
0.836616239269156
1.07192948480453
0.980629672934377
0.811315893054834
0.920467548819137
0.926066550581169
1.11543559971588
0.960274579602577
1.07853483078733
1.01660496603101
0.916892695172121
0.794716231811153
0.996939312326123
1.11741210483311
1.10994646164636
1.07761817084284
0.954739399559875
1.08197463833398
1.00884687360436
1.00703757027585
