"x"
-0.94922072746969
-1.0219881431256
-1.15035868462415
-1.10980182428551
-1.04931334257192
-1.01462462208787
-0.925808744064503
-0.886182166146405
-1.06485460827314
-0.946982050772025
-0.938692038072521
-1.11107103337689
-0.950504072022796
-0.854802129178929
-0.83533654041573
-1.04291211024782
-1.07986934824325
-0.910256250269352
-1.01081577140901
-0.80824292635429
-0.829169070957468
-0.880925345016448
-0.958064350113358
-0.983744927284544
-0.870623923723313
-1.10334188759332
-0.984562747677635
-1.1333463572323
-0.94834536987458
-1.00730981097023
-0.915320808705346
-0.879947148018983
-0.958255945693095
-1.00317895700618
-0.877672340888737
-0.992506759858992
-0.89415448110668
-1.07009169210289
-0.846426988058543
-0.931346710440778
-0.96577910197159
-1.04988552379053
-0.98019725250086
-0.982911130927637
-0.903626739455474
-0.923117668366399
-0.901758819993509
-0.668142954504842
-0.872387913487671
-0.963395372468472
-0.994121445776734
-0.901398691279906
-0.832927427809073
-0.812002055611647
-0.910722440987798
-0.927827357946524
-0.838367568474619
-0.893779188854537
-0.883926392541595
-0.765869370679842
-0.858260129700291
-1.03307276479854
-0.901913767252104
-0.839781379728611
-0.905869727788644
-0.860204134709006
-0.790402662352663
-0.869069322674984
-0.837733314728442
-0.973198578041164
-0.725560254937178
-0.737396266677757
-0.992059763999408
-0.901963713588713
-0.781280331457386
-0.870231357360845
-0.950888227103416
-0.734894828840808
-0.918346707242164
-0.800910334613718
-0.829808845445671
-0.762808172917312
-0.974055163327247
-0.747977886798641
-1.03411917985738
-0.822563233444293
-0.996255110159623
-0.826071595337971
-0.746584812014612
-0.715238212227407
-0.767306600781663
-0.81156798327924
-0.827918209498288
-0.794286254995752
-0.776946278443016
-0.783460134106667
-0.760828406732224
-0.673036927035425
-0.903772697033115
-0.707235282909455
-0.754829772608709
-0.831594512378291
-0.611240225654509
-0.687611328285402
-0.760777411287382
-0.806129737656494
-0.711187784039929
-0.685037136717104
-0.849378877491175
-0.721542013098795
-0.599167525045009
-0.842571355490689
-0.844798697630996
-0.784963698011067
-0.845181240509107
-0.868186261838537
-0.760926477485302
-0.753181892262031
-0.591254878521869
-0.767648056794812
-0.650735868245914
-0.896550546429002
-0.817766671008923
-0.851742754482485
-0.837758705486034
-0.669987432353015
-0.870359698860436
-0.747666648808724
-0.810613518973519
-0.665402400485221
-0.714150257053648
-0.737950773667081
-0.662145779419817
-0.835738179868405
-0.74139768977086
-0.756848141319605
-0.659496071890577
-0.794528857141997
-0.658000347089288
-0.624613213977984
-0.643247733942714
-0.559507623316654
-0.873441609227322
-0.550520215111774
-0.665493742138881
-0.77835240822439
-0.753483592110584
-0.698037426309646
-0.666055960568847
-0.642729951361883
-0.567895046686832
-0.570623863270384
-0.644331329356164
-0.760519714529194
-0.752405822638221
-0.647131174354502
-0.68941359770171
-0.605024689108034
-0.681514121180461
-0.653499788192577
-0.786101740804681
-0.649994893426065
-0.666406490203629
-0.561340666063285
-0.576902618063749
-0.74334412482083
-0.739865479654654
-0.617221354119163
-0.727453041593268
-0.740905094904199
-0.588549665880205
-0.633036955579398
-0.551091617480844
-0.68085547278879
-0.713719965262222
-0.628784190795942
-0.712367322737311
-0.621299926224941
-0.81172139992287
-0.633529280039552
-0.725154894999001
-0.617468338118985
-0.633715107407575
-0.690457282096579
-0.667028199570792
-0.604690370304269
-0.616654003943176
-0.582811567018141
-0.606481760087846
-0.751632854815033
-0.622202355026392
-0.739773341542053
-0.527453757733194
-0.622489085719687
-0.668124191503129
-0.589986436067186
-0.655664497535831
-0.584573710808289
-0.616507669492262
-0.701725318944974
-0.712339441314471
-0.516728129229934
-0.557365685677508
-0.54270812596
-0.675535745824237
-0.642825580945028
-0.393940988175017
-0.606101302046236
-0.477230521470989
-0.315037421874817
-0.526964487838815
-0.529930924821877
-0.642854144135709
-0.508848653626686
-0.636211693453299
-0.547268824330234
-0.353463302180531
-0.53957720383756
-0.705923284601165
-0.719097187321632
-0.615640322203134
-0.581298513133858
-0.398214223952307
-0.805554365006382
-0.699672034868577
-0.612210780070327
-0.426677913494067
-0.498589077358308
-0.38801096070309
-0.558503076529355
-0.666795617204509
-0.657317269656232
-0.592382523680685
-0.589642657988297
-0.536288477837719
-0.458557968071738
-0.707373620292632
-0.456965988841053
-0.549531902070221
-0.476788307913262
-0.532208595328907
-0.568678061402347
-0.514016281893292
-0.59701204147831
-0.581859690371758
-0.372369445497042
-0.520973356256862
-0.431976655531729
-0.431408295349818
-0.643691527195578
-0.384736987358544
-0.475563359413815
-0.428152723259053
-0.380345692245441
-0.618367923728365
-0.49565115422203
-0.479921406062532
-0.489460054088014
-0.444618738091622
-0.379774982199057
-0.585325324949173
-0.532676675853151
-0.272691574538009
-0.529560227072789
-0.613832225197337
-0.572756130740282
-0.417524716598231
-0.529187132664885
-0.540295205499051
-0.461710340984816
-0.48741383123371
-0.339281398225443
-0.430102982385201
-0.410564264364195
-0.439428489681667
-0.677138564735318
-0.447853224888324
-0.479834931836107
-0.432319508132305
-0.454352952162138
-0.422212222473769
-0.446830755556996
-0.494515844831179
-0.405805161496869
-0.488662638160156
-0.487732742608901
-0.364941480309915
-0.412931666453981
-0.33897503967425
-0.641571909980786
-0.484626413487233
-0.400903948027474
-0.590694920225099
-0.453734608196468
-0.363928705065688
-0.457810587307953
-0.459945388377092
-0.451157033920748
-0.338058374978037
-0.550744718842299
-0.472464946333318
-0.440142931204231
-0.329171998811356
-0.4074695088768
-0.257431337512142
-0.392129105232207
-0.52573749627126
-0.189831490405792
-0.34395139398634
-0.312049961221023
-0.336929812122019
-0.31292920200709
-0.406250711819349
-0.220455364620651
-0.397713274296691
-0.342730374248872
-0.339265638823942
-0.158990266034384
-0.464639614335046
-0.392714043079802
-0.298855030665364
-0.354254799762293
-0.308820792192865
-0.426688949384039
-0.406102525215548
-0.420455929490686
-0.187496224732557
-0.292857449973846
-0.38857595907517
-0.466065229115248
-0.172497193843969
-0.215723668500898
-0.288945332752526
-0.294332629842914
-0.295958461971402
-0.365569178828014
-0.284107024414437
-0.269939418270202
-0.336959130299491
-0.226514496550334
-0.300381387060054
-0.239194574744585
-0.366719916157341
-0.212209582595455
-0.359427896883786
-0.367512313869707
-0.276877759018951
-0.361572575552863
-0.271960309717647
-0.429067143417753
-0.20925241554089
-0.294348187451485
-0.289433257816485
-0.158815373802205
-0.411426989005038
-0.303404393588698
-0.23465026685348
-0.327333712623843
-0.257986829604626
-0.259994360921959
-0.257659953246379
-0.373489913093697
-0.274530127119504
-0.137313556701303
-0.200666200796204
-0.296481161147516
-0.299747213054087
-0.234101755574174
-0.206223236910479
-0.286392838975524
-0.226657746408708
-0.281089582845689
-0.149276150598259
-0.155316082017638
-0.277239793729423
-0.27104618870741
-0.170070712198705
-0.319511811267074
-0.173845373613896
-0.25249561868185
-0.247075650268033
-0.319540470748847
-0.152515721782774
-0.188817971466621
-0.183930495102272
-0.268009780773979
-0.295024946049171
-0.237085715063011
-0.268295132312695
-0.166561197315219
-0.282507292439728
-0.153622462371153
-0.218952373223865
-0.273876260452226
-0.265624555960745
-0.252858630474549
-0.0405999634589533
-0.321680024530921
-0.249052935825287
-0.0376686664589233
-0.152992657889101
-0.329200316245939
-0.0634831963104162
-0.177018452143452
-0.285265754933435
-0.264164257974329
0.00787306737625039
-0.310523806257935
-0.221822340187935
-0.084691766965514
-0.214603666482006
-0.106788659402125
-0.178839061360632
-0.192577826381739
-0.124436390369239
-0.125287493152939
0.115802216402239
-0.0404479806151335
-0.0725040583980494
-0.19328680301499
-0.126772901400567
-0.15551394459396
-0.14976113851334
-0.134301157744643
-0.130052762294779
-0.202671565555515
-0.010340196892179
-0.0493626217157048
-0.0640532530122426
-0.195457129117735
-0.224706319015329
-0.179412941925813
-0.0992964361476653
-0.0844653656286378
-0.114316890927496
-0.123775979349473
0.0411416959488128
-0.0668443362328362
-0.116651377300868
-0.107832816513337
-0.0985058332926268
-0.209171900112605
-0.254082404400054
-0.205811834462219
-0.167262761508528
-0.198357887209573
-0.164320332415788
-0.281233145890105
-0.190630377127373
-0.141164930117591
0.0668943365777289
-0.0667122851929561
-0.0409455425063835
-0.148595091438488
-0.0197981919481954
-0.142030463399876
0.00607346142492228
-0.12607015888325
-0.164317963736419
-0.175496735142565
-0.0860517374436979
0.00590207649712415
-0.0827264463808759
-0.0498992032510503
-0.143926037012246
-0.155420166778047
-0.127900945947233
-0.0176185442699885
-0.0369142605244286
0.015367381541992
-0.0886577712762386
-0.110516573783002
-0.0190390854338552
-0.010291767135123
-0.338858086151239
-0.116100963967481
-0.245281554830845
0.0270566359314586
-0.0708864719202587
-0.0372983366718376
-0.00376979908200583
-0.0974245178486058
0.043423933818174
0.0209306241004912
-0.0379421879746742
-0.00145263139840811
-0.15965110463172
-0.0354606308736875
-0.0750088917322779
-0.193927688511436
0.00591576884208842
0.106240309744138
-0.0091625681706073
-0.135464092792237
0.0486512116711437
-0.147457387840792
-0.181910269723442
0.0454220315059187
0.0103097483098409
0.0126663659355811
-0.0452605869884196
-0.0233836460874092
0.0320545410411982
-0.0327834924270153
-0.0686904867678623
0.237483208972338
-0.156960312347142
-0.0495670289978366
-0.0504536153638224
0.0565270148280621
0.0432770119570587
-0.0684523702937327
-0.00287901260530893
-0.107833569529555
-0.0332603160964648
-0.0395715774867209
0.0672718110061509
-0.0443716727633424
-0.01110474626068
0.181204210734869
-0.0934489617671478
-0.0433961086441757
0.033043340018726
-0.0923341885839905
-0.000453145307884925
-0.0595786494396403
0.181349260498027
0.0927610804969287
0.0742630513244558
0.202856951857249
0.0398900579668106
0.0145069594539152
0.159424921900159
0.132619886844558
0.0861693802069342
0.218747851778665
0.115414627095811
0.0797152192712958
0.175504916979723
0.122207847506346
-0.0750886688988828
0.11226906654594
0.087249578796027
0.0434069377820932
0.0124741578885997
0.0943205582143965
0.0855580781902105
0.117160434286665
0.0151952134347787
0.0866907993076764
-0.0239545289617396
0.191955187751033
0.0818343090925957
0.118098057920155
0.186811567248383
0.0585822167554756
0.142906708737937
0.135283603399382
0.127304020891115
0.207929528575608
0.00326974858221549
0.0123280788981525
0.0415596190309667
0.0508932581625724
0.383524902636159
0.244713670835877
0.230788662679598
0.0311183746018392
0.160896533839175
-0.00234598966926949
0.132976502546833
0.249161928689136
-0.0127672387143837
0.000963303428184311
0.107700099876472
0.194688106293198
0.151095206871017
0.121629689823048
0.213732270544044
0.222476937906071
0.1824346857624
0.218756233491636
0.0728494839845837
0.201234057231163
0.0772061029446969
-0.00627539414822662
0.121061608369425
0.0904494701762509
0.193329045386224
0.256018189438186
0.210914730224709
0.203558095058592
0.264737551936836
0.185274008427901
0.168030810060743
0.179820466927264
0.230075844267569
0.205291940527242
0.148771393566821
0.113776635203359
0.234978652488866
0.228589385560521
0.200326575796911
0.366112910805064
0.244949224041092
0.0263081486433369
0.231694348398795
0.219631023120123
0.369219139659654
0.139367196799058
0.23204831417614
0.272545737189715
0.138656981226983
0.389993924868384
0.288888983344172
0.216757733411381
0.254399866683049
0.148120408591596
0.298551587149667
0.451088071910461
0.358015258273595
0.166176681876303
0.280905099596542
0.239992154335068
0.312511315934868
0.314674689320801
0.378748461459878
0.171764626061834
0.316283418579261
0.337388297897959
0.184153679971348
0.194995208429118
0.267790744644013
0.353666575414515
0.25932663453709
0.41814832804813
0.29490241275425
0.442209071067154
0.251581843354953
0.279944592402886
0.278974265293987
0.270698804255583
0.222290519108758
0.229303947841869
0.196425936797064
0.366182969376379
0.39801170923151
0.33733182970317
0.233909317179397
0.461623948625547
0.530923091065396
0.421776106983332
0.362587889834397
0.356035621162143
0.0640396907791618
0.345695422752257
0.372918337826868
0.18579106590316
0.446849925087543
0.325452755437497
0.370439121043794
0.380828224884331
0.317744500716936
0.426490504966238
0.277926608772683
0.349956142210284
0.295189587220759
0.308259268325048
0.391816405502624
0.315367520805635
0.380027216313445
0.343284736588952
0.253037495901339
0.428991041097271
0.325131015400456
0.281051093491209
0.312964970572541
0.353349649318018
0.371881562170128
0.472052808841976
0.319176627484779
0.360480304159499
0.386981523300163
0.497010793960238
0.429377595269412
0.377179545748154
0.364089715845372
0.422505393127203
0.34410966737063
0.381116426492906
0.491879869703481
0.289508842080362
0.470315306365996
0.387014192049494
0.364995149513482
0.358990510482286
0.376961794325112
0.462024430959612
0.423067951493881
0.505750453445346
0.333009508495542
0.275169101543948
0.366118245229771
0.61116148976088
0.377489528426632
0.567399769766846
0.334797298776148
0.283980631627461
0.352482971179832
0.454349956298124
0.413705225753731
0.398579129353562
0.351529297874854
0.463664144227325
0.448152368928538
0.636423149833359
0.465067257836535
0.484976813963976
0.4695285159998
0.379064378208213
0.490440056208439
0.425308397364484
0.367021567090052
0.531675129329413
0.613736687462846
0.243570078003423
0.515356008226225
0.451943927561895
0.602329253961328
0.322740100108389
0.432075522179976
0.526544004723474
0.432937655480818
0.518346591226721
0.49670266938453
0.399442565179977
0.548493264004545
0.516698096612951
0.543131593686546
0.237503157245961
0.430043761083496
0.425355141997404
0.373906142112088
0.567975961092594
0.410235532661381
0.495018617601951
0.535434041315338
0.416464355392527
0.350158569908413
0.56844313694348
0.45648026614874
0.388831749827302
0.550553407496872
0.469437125869736
0.47569355467775
0.324816535889412
0.472366300486657
0.552565691499709
0.483351629269403
0.528027701437018
0.532505651233753
0.467297937215435
0.452486081773957
0.554856585244118
0.428265446421643
0.523225032951518
0.566478454524886
0.574559084430183
0.500342105347468
0.48822920641221
0.498404979257476
0.406536362883856
0.547879662540216
0.550683168377914
0.652159958839356
0.650688026980005
0.607430871064579
0.353702295489982
0.563642761923021
0.505376796634991
0.615429858654178
0.489665832485276
0.500583095591415
0.6080675604161
0.581958055788703
0.441166020968755
0.574560970258442
0.500965853191251
0.630366693918255
0.53550189139895
0.455946838922986
0.737465658285556
0.614936747570796
0.604200189915882
0.582708865620382
0.630871859864432
0.532746385288194
0.58309106044567
0.453189703294741
0.670187658972206
0.56355424526883
0.567472850780135
0.653556473690872
0.776236353958224
0.639274698640966
0.721179428627996
0.564295233930426
0.569830541557428
0.650976202170022
0.675456009418792
0.756262544374767
0.716350647682095
0.572551740071757
0.660526902470755
0.685461187332691
0.519207571154571
0.659639108058756
0.559863863060199
0.574858637480373
0.539726864405529
0.531621391662925
0.631189400034385
0.512331810801285
0.642675892777699
0.798810992831926
0.571826791880381
0.733431797871033
0.754577220347036
0.684182918362938
0.666283251356139
0.621914839990308
0.611464833721182
0.669226385669506
0.817983286445887
0.636210856329669
0.553290828271589
0.707238726423705
0.580415752264715
0.524317021631437
0.640469167099797
0.606602533349506
0.751445497360422
0.70486505079813
0.618743659563731
0.555437333782218
0.615767926520974
0.695522731148113
0.66531600562992
0.738088360814696
0.683626430943343
0.721167559562791
0.868969439252251
0.823098464465269
0.562075553661797
0.799769116992329
0.727158803489167
0.78111569488564
0.651922444820121
0.694644432713884
0.757586136413075
0.719429718899129
0.763347588362761
0.748110594012984
0.695003968547234
0.721600398809418
0.783663650191788
0.715889542989108
0.688676353074429
0.721857462799271
0.637225826507651
0.722267508267561
0.750371272313675
0.671512466922007
0.695335658495052
0.657037565167481
0.827041024835266
0.693614463419141
0.641995200774831
0.739210623133453
0.604267741693943
0.665011696195268
0.758860157523338
0.714685946935816
0.770877910436847
0.627650455483779
0.641783084638335
0.610867031560163
0.783998118245153
0.740528825137362
0.877777958127748
0.786878055779258
0.768840586434695
0.87267881000711
0.679401632784607
0.735816277279065
0.793751365364403
0.797586694849151
0.78299621973954
0.878192946480192
0.773774877825441
0.817664770875459
0.749488951004139
0.810054651294601
1.00243473338184
0.92441535143578
0.853218227721225
0.833353093191347
0.91990231808141
0.772622325609311
0.811118558044092
0.794344532160962
0.819047544765735
0.963799237107056
0.786879684888668
0.787910037638926
0.828447079150049
1.00689302215349
0.642526434272547
0.819611053829788
0.788059250549368
0.871648758266331
0.826470561288249
0.851775051034059
0.78178735650754
0.925919051615317
0.624352217585554
0.928801830420989
0.865423514919719
0.667789598541756
0.916152976154067
0.931140432541242
0.935638143085254
0.859008245294365
0.974800967678348
0.769731127751182
0.804278183653286
0.896380364865009
0.988121253661775
0.908306374747711
0.879449629948071
0.999117853813137
0.838567546974584
0.79703432160258
0.979734791952156
0.946555047755083
0.814018049526659
0.831545862624982
0.89011591232572
0.969798416079202
0.934440922270386
1.00210534679626
1.00009114070416
0.998558621161197
0.923424432269724
0.834877403477968
0.913805237124254
0.976980673831709
1.04944799210175
0.938631754724016
0.934470102571984
0.978926074773902
0.963049096340369
0.998971076144044
1.07189086411126
0.931191512972989
0.898707210260481
0.841947619421227
1.00881783061628
0.935183259863976
0.913839845634918
0.907224945003215
1.07650210495392
0.960300281821144
0.96485840626882
0.921612649298967
0.952005901215696
0.8742194335641
0.921860859720568
1.03802561610605
1.03118328001265
0.842977385499108
1.06706377905052
0.999325384958034
0.833970087146207
0.929084088107704
0.923807918331844
1.09403546908752
0.962712960848576
1.09503564380222
1.01154659249078
0.918556063042892
0.789324648293774
0.985092642544546
1.09158870618938
1.13951003185329
1.08591424922581
0.936812700704851
1.08991272786131
1.02732915840427
1.00711782367537
