"x"
-0.964475488921781
-1.02030872011427
-1.1270132422449
-1.10909112793277
-1.06990062392369
-1.01120363670581
-0.931900696933943
-0.908088218832492
-1.03279130828351
-0.961186924952985
-0.933260307632272
-1.10067459793221
-0.936074440954774
-0.852821668301617
-0.825064148051633
-1.05377875393907
-1.08683695317813
-0.912895271647978
-0.987990900750542
-0.799715314718476
-0.853516466911027
-0.899291236907594
-0.96927033780635
-0.986624283800868
-0.841373518152533
-1.09211068458043
-0.975916380040865
-1.12505706954642
-0.945240542209499
-1.02502621233971
-0.92749655425242
-0.874461404143671
-0.967130222737165
-1.00045539930973
-0.873496668401812
-1.01430584655589
-0.881278808720789
-1.07732804033009
-0.85565045633307
-0.92892156615916
-0.964022859619294
-1.06406923744686
-0.972365523018437
-0.975359360504499
-0.901340203670137
-0.938517772417484
-0.90312810266075
-0.676817006791125
-0.886454393331264
-0.952870622632314
-1.00501694776261
-0.904787125999114
-0.822236613013702
-0.83695053632067
-0.891210924550946
-0.920406173797108
-0.822328328608882
-0.888121657305862
-0.883898102493771
-0.795473564675057
-0.876627637426098
-1.02830621452129
-0.894232226315646
-0.829352465779669
-0.88604276875331
-0.860390081645069
-0.799249710959226
-0.869608476376315
-0.849653438770244
-0.975517767655064
-0.715940421356393
-0.725907112197528
-1.01139594455689
-0.900331580040686
-0.781955962968904
-0.854483303022743
-0.950794356012134
-0.737297340410273
-0.878825027655851
-0.783980454400433
-0.826103338440566
-0.767188648883914
-0.959803792783782
-0.751737651841741
-1.0346794767742
-0.80937708652676
-1.00815267980473
-0.842171333358577
-0.740008994148374
-0.743829133314582
-0.760734869301871
-0.818199810607835
-0.823726316165717
-0.812077646558974
-0.803932390298565
-0.793570209092059
-0.770156539360413
-0.686855934698978
-0.890646160309278
-0.741161703857748
-0.740708649060738
-0.807287506093232
-0.616475881376624
-0.691236777630279
-0.765495166953494
-0.783493870077003
-0.715535792634333
-0.706191751626109
-0.826137037629005
-0.74343859498708
-0.576798322535819
-0.836180320751881
-0.837550233663387
-0.772219623145353
-0.844948470032301
-0.841948541943781
-0.756698517893526
-0.77839936412026
-0.595106718819067
-0.783275251280912
-0.632364340790732
-0.877261531684032
-0.818777995038387
-0.837824465980627
-0.855910457381898
-0.69140602929276
-0.860654206787572
-0.731900303806429
-0.809184880222258
-0.680025610831105
-0.707392274069907
-0.729845360551488
-0.658031888316232
-0.852927368369677
-0.746105050824013
-0.746224147267293
-0.67246612922029
-0.793701812963325
-0.654067937042862
-0.660607602106874
-0.61181997232375
-0.553337455474547
-0.881356335328321
-0.552513861655775
-0.644079507020533
-0.780443350716851
-0.77044314737055
-0.693728718916179
-0.671808350635021
-0.649121320200052
-0.578083149034792
-0.566293736204107
-0.643838581571434
-0.771998511932357
-0.740565123154263
-0.633887988794427
-0.705916568349656
-0.626298663539749
-0.682085477096865
-0.666502738238715
-0.780672829666959
-0.61876955346081
-0.687694112994346
-0.572425489132784
-0.596376000966992
-0.732311102730758
-0.745448735529792
-0.626254102220504
-0.742707558263715
-0.717246733984521
-0.588767766045659
-0.626999384398419
-0.533013006097894
-0.686879885437199
-0.693334080128556
-0.651144064956918
-0.732905420145379
-0.636808614736306
-0.807634902615078
-0.651149956737641
-0.730495133038231
-0.604782913456107
-0.645648305576489
-0.687123686733841
-0.674834661535553
-0.58561256483423
-0.631975872363629
-0.583460342715035
-0.620911946615393
-0.74279355754789
-0.633809193301399
-0.772837895721599
-0.497696431254827
-0.628064071911882
-0.65611475928021
-0.616594698424307
-0.672573590730638
-0.558520472902033
-0.621285902746803
-0.68381144485481
-0.718294051738513
-0.507976717692083
-0.57138726194452
-0.528549436367062
-0.677847221831871
-0.637327149283406
-0.386836539604158
-0.600188594441984
-0.46513991524913
-0.315867132114601
-0.497070073769119
-0.507841469297026
-0.631022789570026
-0.507058817667003
-0.628019528421175
-0.529847469309685
-0.340587671392091
-0.525602757192498
-0.720027642716215
-0.727484768489666
-0.613705079236235
-0.606887483314513
-0.407366168491824
-0.804789343419408
-0.686753666047286
-0.633557424966257
-0.452673252792766
-0.512305906906557
-0.400227115852134
-0.566740647550307
-0.637107943635117
-0.657839944033548
-0.565141347288214
-0.592169029520078
-0.539251791603277
-0.445063846933429
-0.709440287439591
-0.455062593491946
-0.540495375055532
-0.476695641465581
-0.520939593836734
-0.582028123677484
-0.50106561552758
-0.56853929021453
-0.588515522590075
-0.367848106904846
-0.521996174639185
-0.416591785369699
-0.439097143039155
-0.654308589856004
-0.37889677072371
-0.483049464069291
-0.412082528320531
-0.411895627086458
-0.635573352086843
-0.452437136667876
-0.498319288050919
-0.497045798948242
-0.457695146874538
-0.389977351697473
-0.594720952484816
-0.528595939275946
-0.25424917890237
-0.533963448839455
-0.622824259213454
-0.553755069326941
-0.415174446833752
-0.532351005301878
-0.559868500171768
-0.44326499203227
-0.471562236527724
-0.34840695211169
-0.413440537952144
-0.401153399625086
-0.442133630311887
-0.67069526890889
-0.441599745086597
-0.475921455406663
-0.437138875314588
-0.450513974234608
-0.419503621090006
-0.43325332041077
-0.504352515625424
-0.406746324503247
-0.472113416841928
-0.492588548334225
-0.374425133183109
-0.420394088959109
-0.375207974269279
-0.624996463968949
-0.455980048556594
-0.377388225252836
-0.60247874130264
-0.457318958757894
-0.397886286897359
-0.446413670710803
-0.434325261634561
-0.449654317817753
-0.338569125658517
-0.544941789960593
-0.46603006603782
-0.448624022293483
-0.339173640935817
-0.40714561987911
-0.241510528690978
-0.372089956896408
-0.538525903886391
-0.187253487639016
-0.335936286726358
-0.319661479781356
-0.348701144774675
-0.337350321593153
-0.39632447838415
-0.245568550236972
-0.399000968695583
-0.365033501329764
-0.320430343451042
-0.164202679738608
-0.454949549509204
-0.400668161333263
-0.297321165387059
-0.371105279655509
-0.323599987022339
-0.416836277418272
-0.414184670427886
-0.415413542164164
-0.194166407612679
-0.295719104989629
-0.394239449026122
-0.494963498978377
-0.188878466320267
-0.223574406064501
-0.291042034257397
-0.276460648468783
-0.294842133833151
-0.365349485940225
-0.284750096869732
-0.27052175943893
-0.322102735027509
-0.237725275595271
-0.288968697037935
-0.24101060001235
-0.348867854500396
-0.211181960424829
-0.348015841116548
-0.356546875741907
-0.289807462920359
-0.373470008571824
-0.275195620949993
-0.406091593867893
-0.186222572792667
-0.299557696374908
-0.299721825052686
-0.149564951734826
-0.429030587010462
-0.299194488478181
-0.258509744807138
-0.315608122942322
-0.258977601165525
-0.262775957558503
-0.271348050700125
-0.353473182679066
-0.285964051298294
-0.108350670921411
-0.199348559349318
-0.261143642247962
-0.31091246248371
-0.243511633074047
-0.215953073000378
-0.282618251560465
-0.218106342973335
-0.257846975437544
-0.13440729626246
-0.131657388572745
-0.264021824481145
-0.301910532397716
-0.183700190003414
-0.330591851480082
-0.160729000094819
-0.220958113161977
-0.240684133891721
-0.322412869401478
-0.18373895737324
-0.194068354105115
-0.17057690131727
-0.265345070207056
-0.274829648827741
-0.235794753095283
-0.250777709526727
-0.174059436837402
-0.285965285868896
-0.151952120219502
-0.218609139784538
-0.248732641296422
-0.263157356274166
-0.236880798053087
-0.0367871905580431
-0.320196299834052
-0.240515284328406
-0.0426849109347679
-0.142571052590959
-0.320258577534678
-0.063711252299666
-0.171808511412775
-0.273536816391819
-0.261463891400517
0.013083855912899
-0.314298043992848
-0.213785092610632
-0.110039934407581
-0.208231653993354
-0.124190021604731
-0.213081819237601
-0.164931545457105
-0.130875348527571
-0.133681309133844
0.10588282253194
-0.0474921002752768
-0.0878484949999455
-0.18692777723231
-0.153856729392628
-0.145730964342738
-0.150234237883482
-0.145863592968133
-0.132553663565326
-0.186554754708759
0.00447104427800691
-0.0455152516605833
-0.049566564446483
-0.19078244090936
-0.245087702148063
-0.182678095408239
-0.0997577236189472
-0.0810049892062242
-0.109849923925751
-0.118331671485178
0.0590751756916609
-0.0627037943203045
-0.112736040238301
-0.12373894743092
-0.100505638513498
-0.202962214792237
-0.254877033956999
-0.192654039316528
-0.186366200507228
-0.214461132298469
-0.17179681496542
-0.270959937541126
-0.19674506916668
-0.121573755024839
0.077074491187022
-0.0666841118785431
-0.0333916955418292
-0.113955755146061
-0.0168225859664574
-0.136190778887436
0.0107985678226004
-0.119790657131929
-0.141991921946584
-0.160291208053935
-0.0748552051681777
-0.0332033984941183
-0.0932001827798374
-0.0602166405910659
-0.172310993975038
-0.196929264075808
-0.133524594264197
-0.00254541409326631
-0.0357735363182271
-0.00883124883321082
-0.0947140085489077
-0.113518879058359
0.00461074580897241
0.0003909341011299
-0.308500091296651
-0.121107703262859
-0.250513354808835
0.00895927361558103
-0.0545729186951149
-0.0500006541794554
-0.00906372044482433
-0.100319141457567
0.0552264415247777
0.023193475648949
-0.0428179942660601
0.00730659397815522
-0.181683250692793
-0.0138572474697691
-0.0787183170768951
-0.180289089274161
0.0162537123536739
0.111316159502223
-0.0151058209334623
-0.145783795683587
0.0612514834798125
-0.119562146305085
-0.177397849838806
0.0133183505462087
0.0154569386237096
0.0173480069157098
-0.0303120004822099
-0.0133077916712503
0.031887265887024
-0.0582426276521105
-0.0896221778573927
0.212900601703441
-0.16870888137936
-0.0456982980502073
-0.0402162997360801
0.060410949036375
0.0433648737213351
-0.0650011102169265
0.0184280621347094
-0.127555692222645
-0.0174136868471825
-0.0190091772612906
0.0459498754716553
-0.0241852862793243
-0.0283523067528611
0.161946757727761
-0.0994824041434037
-0.0441254913363247
0.0271492147242573
-0.0738717435719732
0.00758862748477404
-0.0177632006671525
0.187862127289627
0.0878900128764652
0.0665757326976855
0.208654318590299
0.0427993971713765
0.032593399958793
0.127541377080889
0.15116270626702
0.104632828279186
0.218733154657978
0.0937559271262794
0.0498167059603634
0.167392054572641
0.11594093407431
-0.0517175046239123
0.111319149170753
0.0818577371171505
0.0384990135030121
0.00821059835801069
0.114404854469229
0.0866292814936258
0.115843199679975
-0.014948968842315
0.0837133494755463
-0.022413625136012
0.191601769566743
0.108620802009381
0.137668348820371
0.196374776043678
0.0467308488106523
0.122782225548264
0.155069704645147
0.132679091929147
0.2103304186625
-0.0148909296622185
0.01329249813419
0.0680455611900534
0.0487097402525927
0.370590821143182
0.26204866787014
0.243142832580134
0.0258914810139188
0.191744774002834
0.019764118038608
0.12896004168853
0.242152030855335
-0.0221983979631767
0.0188304284427607
0.101481980824155
0.191518884438157
0.149568586155576
0.118777044903356
0.195057438993195
0.237679561621155
0.177751215601071
0.231742868377571
0.0618392122400253
0.160214326427685
0.0821563801711651
-0.0226044815045221
0.121901482343089
0.0824084674133775
0.2044536785929
0.259914777185829
0.214404158096127
0.202585201471527
0.267731665323732
0.194011829276024
0.15595384472101
0.208276891497589
0.207419013737143
0.191705259755609
0.129539217486573
0.12627702251561
0.225327435441601
0.234749547048938
0.212909511494664
0.375904825381555
0.237042374437649
0.0276340019191982
0.24240854541231
0.227779833754537
0.377718123582057
0.143660483413374
0.24269590046171
0.278392747120737
0.139507699695564
0.398225783321764
0.27331601144757
0.216517115426538
0.262851978687815
0.137934029026643
0.303298348185443
0.449934532701617
0.345504283866847
0.157908003068154
0.266232273431975
0.247157174814592
0.345373805164371
0.278583205480743
0.37885158961509
0.164707648430496
0.314868768234835
0.349160370746543
0.200874412486768
0.213480720145429
0.262684120561552
0.350691579608059
0.240595292128695
0.417867907215204
0.304009902099172
0.443859957763572
0.248489802717452
0.279292176668676
0.295917322600146
0.278224134668205
0.211878068943834
0.234274744249157
0.196037810406133
0.3626415238209
0.406117380255391
0.344803267472157
0.22579098733026
0.457934991776747
0.524046227023703
0.422268595900604
0.355167327544037
0.345520124924856
0.0749949101184045
0.357384005614915
0.380472311548031
0.17874939148729
0.438710145289823
0.344950617025373
0.352005198123514
0.363767037737145
0.343011791867235
0.428957222368233
0.292921335029335
0.351409187389796
0.320933357860235
0.29294272406393
0.395881120200719
0.310690365210071
0.373009334223888
0.374042410338307
0.252971824824397
0.431714405450552
0.330901735304576
0.261601323912987
0.315225553052595
0.347062592497434
0.388874225489686
0.469532938850986
0.32301820447954
0.362912229843428
0.404575320681384
0.48427439267058
0.430968354173577
0.380321073180525
0.39066663814184
0.424451509117508
0.364254625778677
0.371152655180469
0.486057349966938
0.285760490970448
0.485494625929043
0.396027083926567
0.381710641781954
0.367590438728248
0.393630400967455
0.467098130135653
0.436606079153872
0.490248167690671
0.338070060976983
0.262046017916324
0.373390635514647
0.616071778643444
0.368410206961288
0.56029173968761
0.339606872200838
0.304238721712737
0.335784953203609
0.430134816723761
0.409794980222052
0.385018173130699
0.356869802974511
0.467818800739815
0.450416282501776
0.656427115509706
0.453089224301733
0.494342265821522
0.473805051824592
0.372610773953828
0.510523805687435
0.435687594095342
0.354559721346217
0.555289215006852
0.611448734835065
0.278762163075301
0.514932866778505
0.455547022843486
0.612189076408914
0.332075868225964
0.427177836372271
0.551100449425269
0.436554933812343
0.512653085253947
0.512722648309588
0.398576244745704
0.557697938928456
0.535502409860219
0.546218636111394
0.267297589358656
0.432171626414751
0.431175134157073
0.330224618332682
0.581507685149609
0.405264269572554
0.490631537174333
0.549595110918709
0.415156387932789
0.337035477241961
0.574939798508169
0.470246421467397
0.40085895207736
0.550759854862941
0.492152734956388
0.493217582220952
0.347193400573806
0.48266638338113
0.546284538440555
0.479175986750487
0.536419807092026
0.518928512352508
0.459178279509618
0.439534831879584
0.567321750313276
0.425969115013208
0.540103087946311
0.552192352082762
0.587336312653429
0.493656269380641
0.484533932037695
0.485655876272844
0.408031198641824
0.532116540440228
0.547299132363293
0.649117910524925
0.649297679605697
0.601109021921064
0.368188908556528
0.577893742720652
0.523209752394419
0.588926098681835
0.482679726786958
0.473791473657656
0.592406529856598
0.553910276261072
0.437230974061274
0.565243372437051
0.514942879274915
0.635982487863289
0.559900489586287
0.448824332934301
0.710251052078157
0.614454903202907
0.624562910660969
0.565444151699417
0.623626463451492
0.518844335524529
0.604126495425777
0.463558292619898
0.652298181006646
0.525770876415254
0.543655925349832
0.634724707643107
0.788923369330058
0.621089708725207
0.721489930833794
0.566253525391166
0.552191792064976
0.678108676057721
0.655938303646459
0.75420679249507
0.704703934562685
0.60923589297949
0.637422917061739
0.704144353720403
0.526625278633518
0.659984854117128
0.553179748510877
0.596275790176043
0.556939040451302
0.553190551792479
0.621955218195749
0.5112626161859
0.65564467862504
0.774506416018307
0.570293478630111
0.738867683159736
0.739085514782704
0.684590172983273
0.651573418858805
0.623132036316641
0.617470523334535
0.674182898279782
0.80892452449109
0.653992554376453
0.564896260549637
0.695256301008244
0.571671555632677
0.52556801232525
0.628121083728925
0.596693126030602
0.743555074180478
0.700019334375117
0.609485125079849
0.543271347629908
0.602405503895669
0.700490214180134
0.661357376972749
0.745819404999975
0.69643217021826
0.720913808221017
0.853633746712467
0.833998851524532
0.549082957740845
0.787109850481943
0.705770918524348
0.809811379554549
0.655241977768908
0.699888837613055
0.780487752533639
0.727851716566322
0.74882039729739
0.749298174847105
0.67715029234022
0.712468738127638
0.770760239873359
0.698358557106059
0.693048803259067
0.730845500611297
0.636903335558031
0.710250000410663
0.730224954226379
0.68091905971635
0.6744929342841
0.676608942485585
0.82050757329512
0.681695857510357
0.640779089970765
0.723935272965574
0.605354038241232
0.662111479639948
0.755801300406575
0.735679434247372
0.772699894350197
0.609578370633764
0.658384606917666
0.648122238632948
0.791821621849868
0.725871866407668
0.884634395741901
0.784003113416019
0.750055230389167
0.862056652779046
0.693517303719644
0.744982228385705
0.800950762474628
0.780587129347783
0.781257288135722
0.884632371455401
0.785509853290992
0.812631432932926
0.7647430909891
0.821914702825439
1.01197374430576
0.929984776224531
0.856194767849122
0.833362367534246
0.916596927106572
0.769596786572889
0.796593546306463
0.806053018912613
0.806844298544505
0.948881200631192
0.772733598537627
0.805934462541632
0.825149882776333
1.00739411535348
0.639917698214251
0.841869077222048
0.770448069882014
0.853396674325343
0.847782690632653
0.83080893257862
0.775550360943022
0.926463897940634
0.633145306191326
0.91384419584574
0.860901277154269
0.654580786382192
0.909842216216004
0.914708261475521
0.941992386844508
0.867535805380571
0.920019370107465
0.768253779236118
0.799098240007628
0.875136638184165
0.995166257872919
0.904948957980323
0.853356016785201
1.00654027350653
0.818679701588756
0.784604268348836
0.970106513591461
0.957424638481178
0.819822998447068
0.850582452547384
0.890298230642287
0.990488991525694
0.933964311011872
1.01089974055205
1.01668877821698
1.0059073450513
0.919366552371059
0.822765447238268
0.91877688211034
0.952822195243067
1.05619390084327
0.935852512306253
0.933321137732521
0.98622729246773
0.928867972375348
0.990622890062085
1.08014432855412
0.921334045931394
0.91902206458873
0.83877013933421
0.989819205484751
0.9680304708053
0.937257933616923
0.895328336289491
1.07961699413507
0.956182377000651
0.968376036342438
0.911324700474063
0.938961055166383
0.8704173054794
0.940926022852044
1.03949866615162
1.02405955532408
0.833708243395925
1.06311137887774
0.988675440128085
0.816516614955264
0.926632415173578
0.920681850374653
1.12416994180783
0.969761358865102
1.0848362552509
1.0185621855446
0.924691636386841
0.801041783262237
1.00130885117815
1.10821233798615
1.12232055278465
1.08205161999265
0.922449639953626
1.07070132576183
1.03493919050516
0.982533093223935
