"x"
-1.05966172284714
-1.1293460891362
-1.04088768724793
-0.934410497068599
-1.05231055427075
-0.983921817223148
-1.06894968453224
-0.951277159633941
-1.14419364511866
-1.03352458379644
-0.982459183976033
-1.0270216646386
-1.005283416742
-1.11492731472916
-1.12920519756577
-1.01046767974973
-1.05443940848558
-1.10873368426946
-0.839997781555707
-1.02999793867087
-1.00017553625836
-0.890137695716495
-0.928800170776977
-0.967117429994938
-0.898856699520472
-0.866796929129749
-0.999772219521492
-0.870659065425917
-0.933541618263367
-0.875812180453365
-0.943998941108158
-0.914779036655522
-0.994948830609422
-0.852592252768268
-0.873213593978971
-1.05951075462059
-1.03025108555512
-0.94344778660331
-0.899647559952903
-0.962750385898191
-1.05238335193883
-0.78326803822684
-0.990570879739845
-0.974454338052881
-0.96077511554039
-0.929338562726734
-0.970163810326134
-0.924953836636527
-0.851670947719165
-0.983997917508193
-0.899182701700628
-0.962365414029995
-0.880858686325067
-1.05872449167801
-0.868978561084192
-1.02958008235831
-0.927555582356045
-0.737082490318904
-0.79889039566523
-0.886084270034382
-0.884270965699459
-0.886220357457575
-0.728787158523025
-0.871001248937499
-0.944010596386434
-0.858297331183486
-0.927882110188878
-0.980437627080728
-0.972116402508882
-0.842533362091128
-0.798739400593788
-0.874534243657226
-0.823361704137827
-0.833105768228799
-0.958628098466312
-0.849167320151772
-0.899727817883548
-0.639622321103049
-0.835007458664448
-0.726490352726407
-0.709325920333856
-0.748882179425926
-0.863397302925494
-0.897791861753245
-0.993239746151397
-0.802696616416537
-0.790488170518788
-0.89003077006569
-0.810614387922844
-0.860096577056824
-0.7876879157754
-0.862227716056553
-0.92878191974095
-0.795681785720087
-0.796714906078704
-0.708417271582323
-0.714595642651725
-0.744410700616964
-0.705939133513857
-0.700101113532416
-0.859836264850905
-0.749730415483134
-0.623552560702053
-0.870698879159569
-0.831247654520038
-0.798394161214861
-0.867207573214471
-0.813427895821855
-0.754394723025807
-0.698273160682125
-0.699287630480802
-0.796650247720837
-0.703190377502775
-0.868800160508431
-0.697236615051237
-0.909223101658205
-0.704090412270857
-0.905843966689313
-0.659367638538984
-0.891596838310409
-0.747609024303104
-0.819365330684483
-0.816764780489732
-0.966240718400112
-0.748410084085683
-0.828039362184649
-0.731813424405569
-0.64032978798135
-0.69777857526457
-0.692131346372338
-0.714797584417278
-0.779899511367605
-0.804930215066298
-0.900607995517323
-0.920732203514116
-0.805503648222774
-0.62906415249549
-0.618688587181562
-0.753336757769056
-0.701423392790708
-0.797562813119104
-0.471371262670717
-0.669876989503935
-0.741715719825396
-0.6528487219975
-0.509327076610717
-0.883297710109539
-0.548086254710986
-0.68733659325322
-0.623856112843255
-0.801252628125397
-0.685284275279341
-0.802819103952549
-0.72594350787699
-0.602884520280018
-0.65254059680141
-0.584125587003395
-0.634711770040154
-0.611328808643793
-0.679762004075605
-0.627945401805197
-0.719459510522203
-0.63160450701036
-0.531596989357543
-0.652641414147137
-0.620833397960423
-0.725603780586059
-0.602142061820112
-0.557942122298412
-0.705261130173978
-0.759592754369466
-0.620402849069379
-0.637240024569934
-0.647670115453016
-0.581082274894462
-0.500783930271195
-0.568252426887006
-0.584318008102656
-0.643041131353107
-0.688242708969441
-0.735650265734742
-0.701756376107
-0.436910722182143
-0.595155949119291
-0.613834035841403
-0.67865935716349
-0.583678148040973
-0.584735608391408
-0.735990538685374
-0.601513336169115
-0.71942081044813
-0.610403943027368
-0.729240419416391
-0.676074743432646
-0.501962505647317
-0.655877843104903
-0.663635366792298
-0.668314990693631
-0.726020645708302
-0.515529974180288
-0.668869599269014
-0.630220990844705
-0.656163265006153
-0.605948604497353
-0.607565936298929
-0.524393935862898
-0.63811465060011
-0.60064176014967
-0.627695646179351
-0.495612580447469
-0.49467480339283
-0.490449044190174
-0.574711477931672
-0.494785086580746
-0.50742072068122
-0.517379082121121
-0.468832819628732
-0.493578354292447
-0.601334933973537
-0.563279167047525
-0.549181113618891
-0.596855042007633
-0.628838316137189
-0.527157836888851
-0.414269072468616
-0.590564042556108
-0.46920931797253
-0.57862859239095
-0.535047285352029
-0.476658770385832
-0.408022777966426
-0.614433429493977
-0.49178755871921
-0.522057602757233
-0.551579340325916
-0.463567691642857
-0.539090435631015
-0.536833216713176
-0.56837557232079
-0.50263801851072
-0.589856683408484
-0.573210963856756
-0.484294343147443
-0.645772024696007
-0.528530593903106
-0.535645131768115
-0.531754242358189
-0.548810052845323
-0.462210248959758
-0.550134585304482
-0.528435549478092
-0.599528962358605
-0.400986098568375
-0.649760490050897
-0.48313426590319
-0.589742351270449
-0.507876705973744
-0.530749460899908
-0.467645631883757
-0.501929956180212
-0.601273568403033
-0.62493954197391
-0.366310841531384
-0.555883161669932
-0.397310395030895
-0.502935294930783
-0.411909039036868
-0.49987320233647
-0.409199718598191
-0.393738215325138
-0.314300964321653
-0.425076994457645
-0.574147279263365
-0.454643933468788
-0.445130310207549
-0.328314888693773
-0.473590786853927
-0.485808178975847
-0.535076995644847
-0.44171800606006
-0.452353548680511
-0.533490972224864
-0.331304242273243
-0.415989914435667
-0.447881803862803
-0.366239724530756
-0.381128163637921
-0.342095474926931
-0.325655123570998
-0.343880739113001
-0.433563943374558
-0.274301764752276
-0.310927956290515
-0.530160429840978
-0.344089151552151
-0.425345843560945
-0.460508048583951
-0.252182848618316
-0.442270967797721
-0.444754455448397
-0.428863358365814
-0.36949590180949
-0.381158953207178
-0.473730912274304
-0.323970023585771
-0.389407928445289
-0.395564063110226
-0.448459343165017
-0.467615208208882
-0.334811784727604
-0.424601740476566
-0.317770321441184
-0.311382695517409
-0.418065077685891
-0.323224707746951
-0.303758339217717
-0.421728836141279
-0.168547406668761
-0.43672410049628
-0.242986283467891
-0.366844057126637
-0.421096298371837
-0.403369621692417
-0.408774162253647
-0.381162273859573
-0.449542704329741
-0.14990498518668
-0.329007265376034
-0.358526078272039
-0.179495364411759
-0.335842744347604
-0.265286403266663
-0.363173076118754
-0.325308273861485
-0.350608889793758
-0.424237208029336
-0.316527618147795
-0.409437112127327
-0.404115370185117
-0.244137618931158
-0.340599193454045
-0.373826628840385
-0.239773743892218
-0.439384928313683
-0.362075690727919
-0.229764767463411
-0.386201983105672
-0.471038288652388
-0.409940612782579
-0.206002032180538
-0.314027877646383
-0.306776151450833
-0.207213757116718
-0.281172709796605
-0.200779079569638
-0.230722794735996
-0.318211176230374
-0.287846939498047
-0.42014189060018
-0.217035935469071
-0.403859873653261
-0.376970018069736
-0.302048422110087
-0.271913216176375
-0.170913456491866
-0.396964908550422
-0.315038932170645
-0.332461280212175
-0.176643666625666
-0.197202799156102
-0.233939919752437
-0.296552319305047
-0.282266541088366
-0.396985685222653
-0.240581729653788
-0.201875892939701
-0.327613521607858
-0.264698322270293
-0.322192042875766
-0.378824592955622
-0.279373223874864
-0.225680665642103
-0.37681651653705
-0.241214676246677
-0.360076371563025
-0.31683668358025
-0.405497944318203
-0.198431493802687
-0.212806868012588
-0.236093162207382
-0.194774674360474
-0.161461946572935
-0.27926390442664
-0.0522271349724721
-0.352157144491266
-0.210072088774142
-0.222972624395904
-0.127331125761151
-0.281963082277974
-0.288029827111088
-0.237969604964249
-0.110852509631795
-0.20111556576076
-0.284787011444666
-0.327343076304066
-0.033461950851486
-0.0683459220215105
-0.355889028152819
-0.219910454103846
-0.221066076732871
-0.27677726247885
-0.045274573996095
-0.168116558861215
-0.244511312106187
-0.216265256101495
-0.149498681590173
-0.229379512309485
-0.186335437588518
-0.0856474838238285
-0.167163662181702
-0.100831736842545
-0.189022964671611
-0.152034168182378
-0.207707129819989
-0.216202288739991
-0.0524705941640088
-0.089587858388331
-0.183498701607255
-0.0710798512866782
-0.0156670519835505
-0.0863490650221051
-0.10045387344005
-0.25819688907643
-0.152318505211191
-0.080968687254334
-0.0453004954255964
-0.0862115867804671
-0.05282107477246
0.0690890323288667
0.0113713692198101
-0.225640500504105
-0.142620268063111
-0.064178608134493
0.0859328978229843
-0.123991963364447
-0.0802020399460702
-0.151069200724113
-0.0344483725914168
-0.0721836953656302
-0.28561927919491
-0.13773206799678
-0.110621358906629
-0.137223888224929
-0.198790667366326
-0.0293903391846514
-0.109076876164701
-0.0337953067906829
-0.0473584258886666
-0.0263660160513142
-0.103314350634095
-0.0766439567231263
-0.0424907400396252
-0.0268387182027002
-0.0447120399248982
-0.176210655628028
-0.116910318200644
-0.0442473502039774
-0.159069271706117
-0.13883463582775
-0.124778488489933
-0.0823605359749249
0.159221821815238
0.0772452573482098
-0.115396716823812
0.00929851827146442
-0.0418545028469698
0.0434699701213496
0.101834900230693
-0.00215888592825365
-0.0613617367942317
0.0445820039854604
0.0900586218761529
-0.00500815222872913
-0.0267010516812079
-0.0503418324471483
0.017737868006412
0.0410741106407065
-0.0868578815523876
-0.0633754074119898
-0.0230542735526582
-0.00993544581169858
0.0197993642308356
-0.135486068905372
0.106896911104826
-0.0310477913264554
0.0629149528898933
0.00297478852531628
0.0328995530674659
-0.0849622426186137
-0.0427819798539797
-0.00459480903383642
0.125875881659821
0.0335166329839455
-0.0421576213392245
-0.120128488269112
0.195716464236108
-0.0239780006910747
-0.0428943309097922
0.0924321109059523
0.145539182506777
-0.0153914838343451
-0.0259381959638879
-0.0947837995522231
-0.0167284297776027
0.136228715761303
0.058925923436444
0.152258934170824
0.0624985562759946
-0.0298531012194937
0.212979463181133
0.113228435711896
-0.0596697895091107
-0.0992980141476438
-0.0288872578225049
-0.0831732701678065
0.0404999274897295
0.084159930003293
0.186348654236231
0.131975755585162
0.037529587495772
0.0530181504767869
0.062726057953676
0.0380531539853724
0.136188256779818
0.347893442470596
0.102861181838098
0.0668905873640645
-0.0365633044930789
0.0861269634810863
0.102488202626161
0.128988210111982
0.16695033119311
-0.0265685568120341
0.0587210379211915
0.20116301028785
0.0800211046587934
-0.0084704504306432
0.117691335144622
0.0181088154399845
0.110684141476229
0.093265315724102
0.111939220033861
0.185527091268019
0.0841537979245937
0.0652674262990287
0.115891330433337
0.0541124314904011
0.125348877499074
0.12694125214641
0.134086794388506
0.203198634639702
-0.0728356920019575
0.0813882406453144
0.186584780315138
0.243564984096633
0.0387475634348181
0.0541203078875763
0.175604480937198
-0.0060741238555469
0.196703347787035
0.00569170609672136
0.24888773566726
0.189291427443478
0.137290846724989
0.117947813109692
0.0917229001570589
0.257987396335345
0.0588288415871958
0.235056402829685
0.0451890245574008
0.248618649170181
0.221931922362014
0.111006167474799
0.0938047247440376
0.349853765053093
0.220986156697836
0.235295325098145
0.189050908101657
0.093457091884708
0.0591611683055186
0.0986181227270377
0.0116772406322212
0.249444015352524
0.270958682520004
-0.0292229100959614
0.242841009228689
0.302599527463683
0.231212695423412
0.23318546047753
0.210650109948501
0.161411303701466
0.174555338907816
0.28861409067346
0.0908276233145799
0.330601546025088
0.293899029316378
0.15826882380974
0.245133373906386
0.22666237369429
0.260032421391779
0.303477773829702
0.0965565835822082
0.214737856060301
0.260140336818502
0.267279487154324
0.390303620166005
0.267708922948754
0.218512863148771
0.27024357803661
0.233027301279195
0.156292322260277
0.252039877595097
0.308404003774274
0.0528740071729863
0.192135733928016
0.230580903978137
0.377353054851837
0.134376552573407
0.362477628167523
0.370478202715425
0.279545225009178
0.156439605639246
0.257118006275269
0.258870481715793
0.338181181688702
0.186663161370579
0.373695120431576
0.418378739304289
0.273325454388599
0.266414035695346
0.263005212306678
0.229770860275211
0.393812974000645
0.446146167873723
0.333388561006794
0.208776690912385
0.136362453328374
0.435426581366341
0.283268915226265
0.219686456261432
0.320131380190536
0.238614499166806
0.399466692464691
0.268486193592411
0.269198066619905
0.245960687935432
0.246521752959194
0.411481089141393
0.267907417362821
0.48744726992721
0.277277631779009
0.367165739869577
0.363252368090285
0.381372470177657
0.300690533463805
0.265077880315793
0.418042937437628
0.319239273077069
0.441860509712665
0.319900053867138
0.45962394059215
0.336593874652547
0.291382227808441
0.36889742468191
0.479908581931326
0.456143240666348
0.41009179088294
0.367847598181112
0.357201857249042
0.322391427102123
0.170145115087219
0.424493553724198
0.196088826056834
0.221107618315973
0.414767813058378
0.435727827437861
0.417465287560578
0.337774274248497
0.334877655895124
0.361689099849701
0.377900805377519
0.371199685094967
0.33546743441734
0.336259737582252
0.381796330811729
0.323308580778291
0.279019575962719
0.353322627812445
0.445300886175133
0.372633288014075
0.417015189948204
0.303565673582669
0.357941664096884
0.306867629594094
0.233060468042379
0.553088963147064
0.481112497357475
0.350106926575591
0.425384347575172
0.528576910120729
0.43620853587673
0.477183192037519
0.332905282910912
0.343521398136413
0.396271689035136
0.364961472589128
0.312005500628681
0.398772207575728
0.298223088551047
0.429395440687562
0.502588293348136
0.474594242618048
0.47657820652339
0.477011684651253
0.540983459702129
0.450402228836079
0.518612112915598
0.41771066178041
0.626253539818381
0.361372013622761
0.52277416987249
0.416644856707273
0.423998492367121
0.51478979639959
0.420061297829294
0.552406305042834
0.528443745297482
0.332991159688744
0.376011774115018
0.403559150642469
0.393801251765152
0.582494808642279
0.638373198097329
0.675030130736397
0.452746129255538
0.485756883304995
0.593510527460243
0.512560249638909
0.428869328807774
0.473915150157363
0.453063938612718
0.541634875635542
0.499228079159023
0.652098905403676
0.341287893927992
0.61837894962657
0.579468916364079
0.43986853968768
0.630279319527273
0.553709425021835
0.589198239381044
0.653522721202084
0.518814839244583
0.453780800322097
0.45255563879856
0.606284775233971
0.483915650117863
0.482582133128524
0.588209462281521
0.582560426359022
0.507274440405283
0.582306212954243
0.496782196564791
0.725650035891932
0.703513285819506
0.391007096120616
0.446906909894291
0.562817766864627
0.568114975944539
0.47603210558128
0.367520559994832
0.468698728831509
0.524525679662667
0.583435918582387
0.5947861937285
0.442690376430897
0.708456655556545
0.655598581722165
0.578317601224628
0.581227862924157
0.714318197153723
0.429997604747496
0.347438134119453
0.558156349642848
0.535464998301641
0.524339631939972
0.470342346796041
0.427605678643562
0.566960463129318
0.550339395517664
0.865488683277098
0.66766216360427
0.578228064482956
0.606987873662818
0.679780878029778
0.640977558206446
0.676827117636719
0.663639468953471
0.589771545377607
0.570880961316967
0.581352413965111
0.669299089317291
0.532940125182436
0.681920294712704
0.697640951295141
0.676105498350594
0.734838914568259
0.573871203533061
0.692466420081244
0.631247476973331
0.669327078283143
0.599160329447394
0.74199307015248
0.833650446494758
0.817333937027045
0.639936613941407
0.617213253513492
0.683286878112511
0.798139911726951
0.639254474488244
0.726706465913308
0.692039497769972
0.678744896407559
0.555810552755816
0.586382246349589
0.63625161833671
0.579040614271837
0.770257935989613
0.589655956543271
0.615213389718731
0.48599123159412
0.621788034536533
0.645805782604329
0.528031332130259
0.660810838817304
0.638478382884055
0.72417558462143
0.621408322001251
0.732920784141608
0.670270293825082
0.533618651725081
0.614430256354318
0.747806432274739
0.796309033415406
0.817982327667749
0.730334754945213
0.71277431540257
0.77547584136729
0.634281345119027
0.595807452116319
0.791869275060861
0.737256962211569
0.736877640615326
0.761045803273931
0.820327650981983
0.672416805505561
0.807684882322839
0.810196662542412
0.657538558104976
0.651470304643762
0.671277118562339
0.715974710369199
0.849888621566427
0.848673874124143
0.577398777710526
0.710845213277524
0.883323117933709
0.778635165613972
0.817294918137003
0.63049904526921
0.867728711172903
0.790878509936218
0.807719769228581
0.768407676429565
0.788669720468461
0.907505743977648
0.659798251297549
0.851312829495588
0.810536155231364
0.786984130526364
0.726402240168816
0.786890507957632
0.889095866381866
0.793163089253704
0.806124471668764
0.794304324993854
0.771445620180977
0.754182724454007
0.771468573918131
0.84424672336128
0.699304188289363
0.57593186534844
0.965099165001497
0.679393514632824
0.890833480739425
0.855207209488998
0.85706146561799
0.692117789004621
0.858502830624362
0.891101309724986
0.733303455624641
0.804473793901498
0.82639863947094
0.886391965473763
1.01843257575849
0.846653497515496
0.65722900682822
0.76719129150462
0.816975775418607
0.897658698779468
0.779646753115092
0.831098987864201
0.856053957098565
0.830997316918568
0.699259640343219
0.877225532695383
0.837476787310518
0.961646086165031
0.902092818929378
0.73184534482261
0.955594822320889
0.832392873221754
0.820771124804098
0.724664491528381
0.855784761890763
0.790827798513344
0.84910092099822
0.934126211768853
0.849417400187869
1.03817837969744
0.858101265209952
0.876629897476347
0.673287877384252
0.975804563475337
0.972276201832176
0.936700990170363
0.875352511281624
0.951851503209562
0.857847097361767
0.807056316030058
0.830651461466905
1.01302470585686
0.947886106626548
0.8432277640771
0.91069801179212
0.881311406303987
0.899649976178759
0.936867862030105
0.936978620672923
1.02541716999111
0.997386532034739
0.909165613735517
0.807796297315766
0.839188222698973
0.908932771598272
1.01706757487492
0.91230122766034
1.02312020070405
1.01152733165887
1.01101093941151
0.896374426905745
0.833646483091897
0.893156395198951
0.998147857054809
0.851099782067918
0.915768355137942
0.959237425095197
0.90980673386635
0.847860871477028
1.08469901712264
0.918001748203294
0.778711169148773
0.868426869342395
0.871601427902929
1.0090799120244
1.02672804305211
1.04451189776779
0.942395403487051
1.05404505857476
1.08559381101556
0.97148561134604
1.04132334990118
0.967648003067051
1.07880206215298
0.980674308868601
1.032015875446
1.0059010623279
0.935720013314434
0.951904587574378
1.13991304225241
