"x"
-1.19737560127743
-1.09950338410866
-1.1036955168236
-0.892742521523384
-0.94078812311103
-0.947958758202169
-1.00771471070317
-0.914615942135047
-1.14773132495985
-1.02156175577595
-0.989088630140915
-0.980559353752902
-0.916639419142395
-0.852704499925277
-0.917375369166524
-0.970775398394835
-0.982267363215861
-0.980733719291495
-0.935980158577551
-0.89264818397034
-0.936638921563045
-0.987009091628928
-0.834565116700336
-0.895200691149593
-0.9562804916118
-0.828487709016948
-0.930326645605046
-0.857567469560395
-0.913643658527178
-0.961055240189803
-0.966555800446754
-1.02943536034867
-0.90429044247583
-0.90982489525586
-1.0400285433159
-0.939345549329413
-0.924435985407256
-0.919991158575696
-0.823243645963338
-0.838324873688609
-0.893058726498759
-0.780479244026295
-0.804205588656215
-0.823683471883949
-1.00220196468364
-0.899728367774731
-0.884313679661669
-0.951905824028277
-0.895053682145216
-0.867012528317503
-0.793071637818305
-0.983677694486918
-0.859309456942958
-0.876034801102833
-0.916747050482377
-1.04341132046411
-0.905489667897201
-0.924812554551639
-0.957584489025028
-0.924197997296117
-0.722587836458394
-0.950733478136079
-0.901008477730817
-0.77281003578142
-0.818344537409828
-0.721358079030215
-0.907275362216255
-0.843663670348757
-0.825999923554859
-0.826910977160428
-0.856412741508015
-0.83708209072132
-1.06517539917139
-0.936374976972981
-0.93503754068333
-0.924505986125794
-0.848558931061476
-0.721328215728434
-0.758688403128354
-0.83141598526952
-0.836850225004637
-0.839663010193143
-0.860389968245567
-0.835679943189252
-0.790973035407529
-0.740083281553084
-0.813587595221445
-0.887681761162659
-0.874786674173879
-0.79192208020324
-0.727892377865836
-0.724745066694738
-0.761687001214137
-0.638412790870857
-0.794420918888469
-0.92302466111166
-0.853371647471384
-0.737625382370591
-0.774250935334267
-0.72247627704058
-0.859046392752988
-0.791571441866755
-0.825917362683858
-0.879797125694723
-0.801560261762673
-0.883605653338898
-0.7695909006781
-0.786917214139817
-0.819554287890038
-0.794210964384789
-0.812378592716544
-0.796659173528635
-0.769710320408909
-0.61167166577427
-0.765431440758876
-0.907026020138175
-0.666922144936905
-0.697743758561559
-0.627462535272184
-0.663644804587765
-0.662569792976551
-0.777606300336538
-0.710905892412613
-0.796244492442416
-0.714118446848266
-0.682819222133129
-0.712172771702236
-0.59100366283334
-0.683975771803102
-0.785515066116024
-0.693443775938042
-0.866733553520293
-0.625740219355013
-0.636321377773093
-0.726497072705138
-0.805735560043338
-0.753334837418808
-0.704195620938094
-0.657367723827573
-0.770432015199601
-0.687912986039325
-0.756544469745845
-0.805790350614752
-0.864632593886087
-0.613546425088741
-0.754235962926483
-0.617790413538573
-0.765131293599534
-0.764174853791655
-0.744867033822427
-0.537622054581021
-0.6562669657844
-0.774786391506105
-0.577905943692459
-0.784169458726274
-0.730997726556257
-0.593533221797893
-0.725074403048274
-0.770269263490441
-0.757037999582261
-0.692610020595343
-0.780272683340435
-0.599507126555372
-0.617601300910606
-0.683262050493943
-0.572544886475664
-0.561723705205314
-0.708929290546449
-0.530343731116302
-0.755304414945418
-0.713180969134292
-0.657185050626696
-0.737096111486871
-0.566809874046312
-0.720900271044088
-0.670804753599951
-0.687017287748996
-0.630913333454685
-0.668101942257457
-0.654267910793732
-0.70604541899585
-0.624637640395272
-0.572520236259479
-0.590040141287584
-0.672441275668755
-0.628216484583136
-0.580166025013343
-0.663635914166255
-0.654018179534063
-0.835341383770514
-0.523941062873503
-0.677752636437154
-0.639324090783662
-0.641996194488494
-0.634600395437882
-0.678701336991358
-0.571159927168508
-0.734991702378069
-0.558326445172375
-0.562932922900238
-0.594687378758919
-0.686091317608598
-0.623065689695255
-0.632295203439351
-0.618427662987605
-0.650722140133129
-0.42416584130429
-0.509671816982779
-0.759077360077003
-0.65283557570037
-0.543000056829622
-0.465144147638295
-0.530728579295009
-0.535520742870758
-0.695918374389358
-0.438541489334248
-0.41858040066724
-0.741420915672482
-0.604221127733037
-0.560642027707717
-0.520665606238313
-0.508486728290923
-0.630159893964329
-0.404873727407902
-0.482854418867737
-0.623453689617882
-0.676609226498643
-0.463258482861607
-0.382768780906582
-0.44438315408828
-0.611316388628824
-0.559762738552553
-0.368482834705657
-0.583625961203832
-0.506038626131853
-0.567631829607573
-0.596560908402493
-0.423582724095277
-0.576013016446714
-0.529585427603042
-0.572535318528315
-0.41421460407325
-0.588333981020696
-0.482865498526217
-0.390010447713149
-0.514297644924348
-0.586376724866019
-0.570546628647723
-0.432807864276185
-0.497551641543385
-0.565475059586856
-0.535592605608023
-0.533944657649309
-0.537287144680343
-0.676356363653765
-0.479744330371209
-0.417566718874531
-0.355935192094183
-0.46746035374589
-0.534586967287336
-0.486898196247891
-0.42312171527064
-0.5256760219505
-0.399459574841539
-0.513620740474639
-0.451432953267169
-0.477079127731469
-0.487276091061262
-0.355346286024676
-0.342807810549461
-0.49034350545312
-0.518227379854466
-0.51200060161008
-0.314903194935653
-0.452165355259767
-0.419002505585732
-0.356745992508763
-0.50424984553587
-0.550207546165695
-0.47048263173226
-0.322943510218257
-0.381161711402566
-0.524453998117323
-0.420341082259949
-0.3977990444841
-0.370369989333687
-0.473162404682366
-0.463250344685218
-0.3131295829958
-0.358736812645791
-0.412013041477977
-0.579565247681741
-0.386102720707935
-0.406846152673212
-0.422849951958993
-0.31372831379781
-0.55737473449505
-0.350850610698029
-0.484523629408931
-0.474342220196756
-0.346695615491818
-0.412529947305805
-0.369593094036404
-0.369753231324181
-0.212514159423958
-0.246301849338315
-0.365009280743133
-0.443168978596411
-0.290069563678688
-0.47195459540655
-0.31757740527882
-0.5728552543563
-0.497552336780678
-0.263361085124113
-0.39220896255836
-0.291139406134015
-0.400869316227979
-0.542003895914039
-0.270524521907385
-0.308012424194139
-0.301502040698023
-0.351247861523825
-0.235761511402284
-0.223770472745856
-0.342793876914566
-0.335593355051106
-0.364337367646197
-0.316785972892611
-0.46647813485991
-0.347969726704192
-0.349670404496473
-0.317523412459052
-0.149811419476931
-0.414639038421019
-0.427989221100097
-0.431905566645569
-0.325012407899926
-0.393647034940034
-0.295656495499379
-0.404913305082518
-0.295894014473506
-0.420939157954788
-0.338853859881005
-0.245524636184002
-0.335076429338477
-0.273246303800109
-0.431239904886853
-0.2957220279347
-0.277046629100316
-0.289860419154335
-0.469583150399083
-0.357566566708708
-0.247374565569605
-0.205397428794917
-0.284491938746665
-0.330739537181453
-0.299448756687943
-0.349024056478012
-0.179354934385071
-0.298085971847054
-0.248446442012679
-0.378398866435566
-0.353692210064484
-0.33162797142643
-0.298081298496491
-0.383922612178134
-0.29213409297491
-0.237438330492946
-0.143102617502088
-0.132897053549747
-0.165173452862646
-0.299302346528357
-0.305135931730762
-0.215681632939995
-0.295689153743073
-0.1711940017667
-0.278401177848486
-0.0489897483803753
-0.280049747162741
-0.444626204774533
-0.337401079650793
-0.233756835694296
-0.17966167327622
-0.406497732240309
-0.369862440695787
-0.274578848891358
-0.143572783692833
-0.147699747510768
-0.229623515878352
-0.186888845883239
-0.294099827160866
-0.144879427050407
-0.11666573865593
-0.365793136614636
-0.179548628346247
-0.299428596363862
-0.193720580085481
-0.158806276554581
-0.17104396115949
-0.23415366590238
-0.127612424658849
-0.175430900304921
-0.350088921992104
-0.213903395432536
-0.0927489866514339
-0.324438450711717
-0.177966749625449
-0.217018727652039
0.00851465495107043
-0.203913214765367
-0.152466983725425
-0.0855955301322101
-0.248817673475715
-0.197441565730047
-0.165058809260882
-0.366796017513286
-0.0836011415125769
-0.2808602770656
-0.161939740430479
-0.083414296271756
-0.243308250827069
-0.149446379598026
-0.213982484550273
-0.247369310071343
-0.263764315690019
-0.0954184424093343
-0.126282475140213
-0.0246333861094198
-0.151454058038914
-0.0307704390454744
-0.233421139823208
-0.284099360967605
-0.228024317862477
-0.181673411943623
-0.26125519183197
-0.0642738601679403
-0.174931465874621
-0.00154022352716523
-0.0692800434360784
0.0331016874870433
-0.0165266841222827
-0.116131301954843
0.0219702206139676
-0.189586960790085
-0.176123781987276
-0.125651170309131
-0.113861845369594
-0.0203915490740915
-0.187538300245138
-0.0728385023959246
-0.111577604962785
-0.0219861285004008
-0.18972370239702
-0.191255367739963
-0.158250471630941
-0.0544571528708076
-0.0751143064936314
-0.00913263754062645
-0.189959870875751
-0.190815438293885
-0.11060164540578
-0.0411245213778134
-0.185453144872137
-0.184841629580824
-0.161189451189606
0.0515088539671376
-0.0762795647576596
-0.0558956233940098
-0.151554550157997
-0.167006139572651
-0.137385683144979
-0.155325657785967
-0.212017877915745
-0.119522131200895
-0.0864164810487607
-0.129831745415902
0.0887086151448811
0.00695754980364643
-0.156782855760532
-0.105631099826671
-0.145473912560862
-0.0148105031102794
-0.12627950372004
-0.176388724629226
0.0883258710362714
0.115515175164328
0.0486724604344194
0.0424338645158589
-0.175742790872916
-0.0577341039248949
-0.0413177787085803
-0.0358844844523044
-0.0475298781706878
0.0503118060753285
0.0517710823209557
-0.139879558458519
-0.177592888782901
0.124852756683094
-0.0908832526855908
-0.0065927841430521
0.0459758797903968
-0.0964173556784736
0.0627293203715349
0.0670824393413142
0.0322439113647537
0.0316185950249438
-0.094370459692577
-0.190846837409518
0.0888493692016247
-0.105982704271299
-0.0263098843227661
-0.0207232739526799
0.0649753069324142
-0.105961408075108
0.0331907277413866
0.179467878839434
-0.0588719155316761
0.0579903708063637
0.108909852799439
0.0822109402499922
-0.0214250336476937
0.111747305974457
-0.00447829409368356
0.0416678651757913
-0.0136245058269513
0.202302104575539
0.146102204968603
0.137781749272438
0.0507581767388035
0.0848510301406068
0.0969627141882661
0.0500520861834141
0.0554256656266996
0.106235695359699
0.0400469750390462
0.113264115311787
0.0370233979024
0.043067453466769
0.107843090931432
-0.00223075464010472
-0.0328345864142776
0.151781829890215
0.0847963936993446
0.0190971289108617
-0.0700776650561578
-0.0109931073901958
0.200971233511651
-0.00384818053356204
0.131217910210197
0.0153559827130498
0.0360727383267907
0.0911403625439633
0.0343326776792485
0.197717804071086
0.0955041300376924
0.238726735477686
0.0381372422802668
0.195031272293038
0.0155146158883403
0.170110846891838
0.0353594382872395
-0.0939563487313759
0.106280697210941
0.0915245701404116
0.201328271840021
0.26509820496304
0.22450947397821
0.0132497467986563
0.121475101516706
0.220646514507654
0.134760903690666
0.12856630348293
0.120556373702497
0.111284892489384
0.157380790761128
0.130768789234295
0.0201815731979257
0.129527284625186
0.202162310297805
0.0881475131164833
0.329415108806221
0.035512176237577
0.195339812619088
0.210873536018697
0.174974309809781
0.110264763198383
0.236647195355083
0.109372733831589
0.162491042203669
0.325285273882451
0.317321721778494
0.256154902999742
0.11409500432217
0.0833305034133538
0.132065262281084
0.180761508872525
0.120648019281962
0.204962632608967
0.137230223644087
0.304090934047148
0.100992606726064
0.0683379433206328
0.192221589670463
0.168280590052058
0.365733162010227
0.328575334406467
0.193423823018632
0.352135994252493
0.222485868450578
0.214393784408017
0.243449938061775
0.22937460828437
0.208095290275159
0.12906585514628
0.266138783756751
0.316544770947937
0.282908869392081
0.231286863089787
0.333972360135616
0.252770852905271
0.375590179786966
0.21916724262447
0.157496579533543
0.23479292627252
0.269587299884491
0.306840133753646
0.163812154990287
0.334110625763357
0.230712447412271
0.288786163666568
0.27472001716648
0.130227750788057
0.101264829292819
0.18947831228162
0.396734400416253
0.276846564180682
0.268070085250631
0.315650827310743
0.354369093736822
0.234179071646857
0.0772767708528388
0.379882236355413
0.308877099672742
0.228853585766774
0.364551035196006
0.0771529053320448
0.328189971483577
0.194508565926774
0.234271838956765
0.284166380589857
0.268471956618859
0.262555647801384
0.384160969620112
0.33058556360416
0.40976997612992
0.374334329679864
0.450874689793601
0.207586160089284
0.368270101628526
0.284644319512944
0.346125246758675
0.214367113786126
0.377295657408951
0.22423323951371
0.523591919949371
0.462946437442038
0.286972936170803
0.341625925713589
0.372884935466582
0.364385249690222
0.234765916212411
0.273149407240805
0.313537620098814
0.341983440191614
0.401375717544618
0.386624338074242
0.232372527514537
0.477155884883905
0.457334023350336
0.411463457144559
0.485017679967544
0.493308367257185
0.351931913735411
0.402563215280882
0.533508073123274
0.169205544488215
0.365942284470392
0.427975694382413
0.250360018906565
0.283852078602378
0.242734214072868
0.548825197367024
0.395315834060898
0.316961798001224
0.502466201114868
0.395051149567478
0.417398795242615
0.378990302434845
0.420185484071265
0.346124289725594
0.490222668009038
0.419730415909444
0.447735068580711
0.391972874186626
0.441323981300076
0.357548998808765
0.376814930039716
0.441301510658004
0.375280304811971
0.397694430676315
0.422119116915167
0.283504481669296
0.392176468378749
0.395212111619613
0.488504188243872
0.391207248497349
0.463464929813641
0.387731411887749
0.444398123335773
0.41999978557659
0.271563350202589
0.413393266286547
0.557703955852425
0.477065147040071
0.555961309456762
0.599762357861376
0.456564546299619
0.452709725730223
0.334035864903532
0.554951714323804
0.461219166767947
0.374353947486222
0.567553952200132
0.501326331644731
0.471369840440789
0.586514063589361
0.441844528802521
0.538516884892003
0.519989192337982
0.567798356600792
0.430718249386986
0.553485667750656
0.414374864478032
0.536961664799612
0.401246012516003
0.381401343843605
0.431896348193345
0.722962720046279
0.521969402755073
0.514055459772643
0.428575392663558
0.519802072605449
0.579028285143279
0.549931548544746
0.395024604434201
0.57393246652962
0.690636979944977
0.449829992630383
0.445440085662769
0.402921467168716
0.387978499686673
0.526697209221153
0.548464255297152
0.485456848772454
0.517023598209604
0.511368399493409
0.439420685502783
0.450657696733033
0.514929032552314
0.542529570148306
0.594266201818052
0.645500447333285
0.634316677650091
0.368909306886163
0.491055918848285
0.594679699692456
0.58443292143654
0.577171200679966
0.420815753737368
0.553214964013914
0.616535544368556
0.615117955172499
0.554906458793736
0.644186556460241
0.564891498879367
0.520121884637734
0.620014479095202
0.554838782874998
0.653727981747039
0.563042465872582
0.592733745084182
0.380628077536406
0.461734566433142
0.587163938384673
0.564078606129683
0.608160286125849
0.536369610222961
0.564893594663261
0.536557812425758
0.559231214653643
0.6102599845722
0.569335184418363
0.441990085317317
0.836350215573853
0.652796286137959
0.564116428219375
0.594594191030995
0.702526185737957
0.502285604289244
0.685264439948191
0.60917089188662
0.608249047645934
0.584683959468355
0.616012725244819
0.611818025431482
0.619259005615878
0.728441459792727
0.568038628411262
0.730664872910932
0.54542041228949
0.582953484926592
0.700060202791282
0.591164095760356
0.585943749859283
0.783657887078375
0.742258522942246
0.61797682458681
0.655142263652764
0.66933655652867
0.702305754320802
0.712129821204079
0.666661014354065
0.755471126377891
0.776607672881634
0.717049282153835
0.58510547368615
0.60519668072522
0.703755038057697
0.741415818772142
0.727648458146845
0.648035337897238
0.522930274269279
0.625329520046332
0.766790831010351
0.630111896777754
0.709632593835106
0.711882393783366
0.811267878079832
0.64430476885644
0.629216009806334
0.580621834262664
0.775557840662207
0.733763903856335
0.60370588300529
0.675447631210364
0.705270612593126
0.685377678952911
0.720862140155927
0.671916145372235
0.716501092300344
0.577448885984047
0.880741613600218
0.61907558491578
0.536467279430095
0.782747682055572
0.73909163700457
0.783719154129036
0.683518455574741
0.852552283008066
0.712434654646811
0.74039719258768
0.687614593748412
0.739866723751848
0.703210271668499
0.820520245180203
0.884162147875056
0.864404583113426
0.751287950672436
0.67249923097728
0.563961161735577
0.719405172646772
0.750100698464812
0.823221534437031
0.774747346407667
0.701100019990102
0.877530371912885
0.693711092821241
0.857659925614601
0.779781399863976
0.668013868065697
0.82904519684416
0.711969475192627
0.9482103330797
0.736480768957412
0.645202600138531
0.83151482468073
0.833868261846902
0.700742162048629
0.760176600444608
0.741065868123013
0.863766988667089
0.779110007105233
0.824679075843115
0.680849024534948
0.641103935444629
0.852952897022335
0.845362557667696
0.799308274755324
0.833297638793523
0.846228020630234
0.923639855870128
0.830275198385252
0.782421365614285
0.89844778930918
0.937251108706102
0.755809200567366
0.886440487409392
0.682308057330204
0.749171584490933
0.834799722664118
1.02349108080867
0.739505422170369
0.896144904211047
0.817166233156206
0.669238847728771
0.85746869321208
0.918637333195227
0.778267162962406
0.771456526424628
0.897821821530565
0.886901677172703
1.03101646580972
0.889729039637834
0.905621042277269
0.893268447421389
0.99652751067965
0.819076534803355
0.854737828719365
0.960321496782874
0.767070551661772
0.954413928372585
0.943026074872548
0.684765230609333
0.889464973434933
1.0439323424058
0.926656593040037
0.731194364592071
0.946664276856629
0.797556750190873
0.905059113155382
0.89907459227783
0.765034959940352
0.887050951779454
1.06768362484946
0.822323910164339
0.831448576597084
0.989227551428459
0.934556093268854
0.87651410985296
0.946962742310958
0.883761929805731
0.876224156130894
0.90714446188245
1.02721977113483
1.04057686732596
0.843719940576398
0.93070204623997
1.07751380150438
1.05087128860946
1.01237930065833
0.98391755010903
0.954563603984681
0.842828441661839
1.03225244851209
0.98894521385289
0.926008284117831
0.792848208525127
1.03175497744944
0.992152009085173
0.78933844192149
0.750655058811155
0.864282490485048
0.966800391528339
0.841784943661632
0.975738897426517
0.827214508643664
0.96181207520768
1.02144812260777
1.07227823373374
0.998551544346031
0.993456440326993
1.00595703246991
0.977365007259679
1.02538139701213
1.02623593137395
0.974629644723118
1.0331489576539
1.2715744162179
1.1448727577625
1.03569858657126
