"x"
-0.934791136898575
-0.859737179677048
-1.08165594461437
-0.84231637759913
-0.894062150416935
-1.0281804096487
-1.09614957032488
-0.9367352777898
-0.936068141063417
-0.900616625015448
-0.983416575613615
-0.98085761014257
-0.946317797515263
-1.1774527732937
-1.00561755823531
-0.999822853380349
-0.997034419942728
-1.01655672968926
-1.0440468305926
-1.04359819251312
-0.967057501423947
-0.854519554169405
-0.981170227935584
-0.850150659336807
-1.00091184146408
-0.938668057385624
-1.07473537026072
-1.00652716924277
-0.997190033391818
-0.905942904436938
-0.953355168196127
-0.823823366387032
-0.854375763106518
-0.907084440232758
-0.790907697019298
-0.859162027610312
-0.735316092146127
-0.991569522528629
-0.869833896655979
-0.903249686310324
-0.896862607277335
-0.882997219211194
-0.899072326500377
-0.88555174603699
-0.846615675858266
-0.819897161371681
-0.916467230026812
-0.953589023175641
-1.01991051962456
-0.778886216826565
-0.864289611995224
-0.879573041818226
-0.732111408997424
-0.858375593914452
-0.830335523932341
-0.994409241990006
-0.878976207017144
-1.0006179418028
-0.837445733049495
-0.887285965242607
-0.780699710848852
-0.911558381692086
-0.807849480581338
-0.936989957482603
-0.941105836101929
-0.91580322363653
-0.82363650463099
-0.898727860910178
-0.902535003413742
-0.878356901313607
-0.7886645587414
-0.828463360496687
-0.96068777766369
-0.818857909715985
-0.753859939026043
-0.842814128052142
-0.808237259956604
-0.757247540497515
-0.70958173216903
-0.885848935244448
-0.809913680994613
-0.702752488613395
-0.913609294400458
-0.796881390240816
-0.830997087690085
-0.876341007170291
-0.853971698388766
-0.852904217265461
-0.83091323996751
-0.832434124571971
-0.715739674553081
-0.881230967188419
-0.891103010128338
-0.71682773319483
-0.864057017207671
-0.752621413588911
-0.743382342762076
-0.666217674999004
-0.733783757248688
-0.862045684998119
-0.817611612562401
-1.04831288064205
-0.738355306856629
-0.772745438346569
-0.550189895422743
-0.752200181085703
-0.832032601324626
-0.819255173069556
-0.737090129499331
-0.811599033663207
-0.736583914317858
-0.782580675789237
-0.796374402225717
-0.690670111313002
-0.807346374683636
-0.810835953156778
-0.741963341529486
-0.76336293461872
-0.644823748888691
-0.830605456167105
-0.614556507049516
-0.846609333630013
-0.8856688431709
-0.688858300690165
-0.889677506961278
-0.759231517792924
-0.80382412866089
-0.593489612090125
-0.86151351494718
-0.657922550386301
-0.701163050414356
-0.690020120779895
-0.684460258912079
-0.667155798752034
-0.713896805483886
-0.683309991431558
-0.722769220697187
-0.80777435587093
-0.685862824742889
-0.853916858569023
-0.783969288670262
-0.756204123662815
-0.689216337505785
-0.814235162959632
-0.688254031198431
-0.411862912242253
-0.663517797150649
-0.751883755686673
-0.77167675606837
-0.677425224153831
-0.748040125308323
-0.619374396777507
-0.764607825239225
-0.702397492882118
-0.73937423093768
-0.672729641660031
-0.765192463693435
-0.688049053203998
-0.796116952397719
-0.770252147982927
-0.766040159830598
-0.71885457870841
-0.613355074056838
-0.639055927590171
-0.540303912835836
-0.768646944963701
-0.600402371508987
-0.667338817430729
-0.653940282615398
-0.661901378203764
-0.64088144080941
-0.70528984860849
-0.686050947560016
-0.724244446965372
-0.736247043266216
-0.637112694491072
-0.663799035050415
-0.591691690621436
-0.733187067562497
-0.677179692320277
-0.793210562706094
-0.657910990967209
-0.708669780692091
-0.547698317048338
-0.689391376215378
-0.685911450239733
-0.600612495808517
-0.537739013877304
-0.642960191203028
-0.550380525290575
-0.573746016813398
-0.490441933641006
-0.617009081095961
-0.462005361663325
-0.693382320767375
-0.542106053040813
-0.620327412739115
-0.699062779583993
-0.52199923063826
-0.530217255007984
-0.580491497990825
-0.55287214031179
-0.654652453111697
-0.602502613712411
-0.615657126613153
-0.678152167840008
-0.520795616390557
-0.697500438205713
-0.708675954685173
-0.54107353277814
-0.546669304698749
-0.574929750392679
-0.441498202891881
-0.51940999347644
-0.573169160820953
-0.429784777151567
-0.623577315541083
-0.530838111783233
-0.590506530717036
-0.465472099329407
-0.685597384822345
-0.559348970002094
-0.664922220376226
-0.473742401715015
-0.521207877227199
-0.583999953393022
-0.593503490140067
-0.492097262151149
-0.604423714924999
-0.557405566044364
-0.573617982334666
-0.496826180310051
-0.397924410691297
-0.530795409084048
-0.526627740073249
-0.523445456410816
-0.412838202242645
-0.495093552454306
-0.501552227857872
-0.445436419306021
-0.487469542972911
-0.555263212124921
-0.521295137635001
-0.641388376700352
-0.536918095627564
-0.482247397408931
-0.559784598908909
-0.469347999819202
-0.555349820537347
-0.454255632378972
-0.548647206479768
-0.454628238141795
-0.40478157860086
-0.336300908688718
-0.576390487516897
-0.381460872938227
-0.51687304345082
-0.556364777450775
-0.472298473016346
-0.442462824849761
-0.497066139008222
-0.485992145062261
-0.331581392470365
-0.65392513063113
-0.573478806557179
-0.476338387805674
-0.564020777606126
-0.408156286831313
-0.499949036389968
-0.391304287989341
-0.395541249698783
-0.539208162229947
-0.551299955817431
-0.35910985540434
-0.399840626907039
-0.524756253170982
-0.447234698111062
-0.406897820682895
-0.337058458628412
-0.499522490107553
-0.434706126625656
-0.287571787785125
-0.408981425481357
-0.417350680154038
-0.434110216698241
-0.425240885333916
-0.491635294692128
-0.483131640068689
-0.502766694378852
-0.401571048392489
-0.553449291187694
-0.424058971293914
-0.273606238505573
-0.500622808521205
-0.450672655366503
-0.405143367039009
-0.510977017370888
-0.293674729329808
-0.482075283421365
-0.409518832662402
-0.412274440507579
-0.478184657563917
-0.480814343821697
-0.338908997357444
-0.438417009455912
-0.412801941206653
-0.490978549527668
-0.426100688949296
-0.364532406531103
-0.519299957331284
-0.4216338692369
-0.373643051887659
-0.476788713355849
-0.397911625956831
-0.602329631435289
-0.334981734579416
-0.279043056141192
-0.302478820134897
-0.352869711730394
-0.474405967336928
-0.33564944793007
-0.325424636871497
-0.440618998675459
-0.265940817206592
-0.430915403859542
-0.373429490226009
-0.441525663822495
-0.354662031016609
-0.203549453762449
-0.293711092835117
-0.336102780657397
-0.36341011194498
-0.342838342778933
-0.426068664874207
-0.260298351350263
-0.394650599806258
-0.305146389763044
-0.279615559208074
-0.351908421903152
-0.313775967075256
-0.301122894228419
-0.361190733379696
-0.239466097955416
-0.197957418987409
-0.282577736340953
-0.356692203062008
-0.19203383195022
-0.271017261803575
-0.414022775551623
-0.317553876731624
-0.269342553455159
-0.348540113465589
-0.368332988713019
-0.31880426584596
-0.174343919874635
-0.202530157273504
-0.168828851973657
-0.144705644841992
-0.218938144824914
-0.486526547108346
-0.339949660870092
-0.193565019351555
-0.289040893913315
-0.301526127918684
-0.283738959572661
-0.278995242675928
-0.28945497369543
-0.123520661726964
-0.167702148814504
-0.235787924518725
-0.409354456242707
-0.265807966104615
-0.12960001343228
-0.250005422808872
-0.357976001443298
-0.25172461531839
-0.425703830285759
-0.171227001406744
-0.234641603673833
-0.0893530921255266
-0.11437583360365
-0.164923473144665
-0.232154343752726
-0.218687979977785
-0.241554495339288
-0.328575611328829
-0.209140151511997
-0.162296439014993
-0.117475262637849
-0.248311989586486
-0.158577058069126
-0.196094875224923
0.000961475492625943
-0.309196521511805
-0.115157988250824
-0.255200889721513
-0.0722553494548821
-0.0977791622707152
-0.195616944260689
-0.0769943190950842
-0.228805687663942
-0.294212470706023
-0.277328830339532
-0.103090494636388
-0.156544103539635
-0.130922442170608
-0.114690139055853
-0.114449444094846
-0.331765374120946
-0.209491351840453
-0.233771903951262
-0.233546010732864
-0.0569626952396315
-0.120104238289199
-0.222178833485114
-0.0654793405382261
-0.131747856421946
-0.112122540928489
-0.184200120709593
-0.167773928780386
-0.20333195930608
-0.308013096670246
-0.219895882837441
-0.200166910561791
-0.309814625887537
-0.108232277271249
-0.0983366077549258
-0.133239950456712
-0.0576336802769039
-0.118599549475269
-0.193820482883547
-0.0884536961373687
-0.150887702059122
-0.067034858683052
-0.170602007351315
-0.0992778455959616
-0.0296116429422426
-0.209134398671818
-0.137163838819183
-0.0629367291807721
-0.155774649409081
-0.114951772338929
-0.115985799258069
-0.0390239613513985
-0.0533301367546626
-0.081618677124611
-0.20078843221488
-0.0493250087556116
-0.0561370888524378
0.000640570973333179
-0.114232263554413
-0.0622678155239084
-0.102978003013327
-0.0897647264345102
-0.135739405019702
-0.136925640888336
-0.202181863015624
0.0674621189006854
-0.0382426965450358
-0.00961351110461927
-0.128865216001352
0.00258957650978269
0.0980586757046202
-0.0154709438568347
-0.0634690421727728
0.0198915613286061
0.0573958283063684
-0.11772200579451
-0.165872208447148
-0.0527515506870391
-0.194350567456244
-0.0114947428823133
-0.117885002889589
-0.0483404908892135
-0.0148367719786877
-0.0376905660555745
-0.034253021037387
0.124031827045148
0.0456910634959414
-0.0883163971070526
-0.0536384033059895
-0.0334720469013665
-0.117038806178598
-0.00830447622135534
-0.0796296678749477
-0.0941855431825678
-0.0219127452967751
-0.117061700595097
-0.0871009364451583
-0.175708507005878
0.0205102242163174
-0.0519362899953082
-0.0250899744400659
-0.00386720355303508
0.0727597630982268
-0.0478630402971253
0.0283011137096538
0.0145072602834444
-0.0208908892650267
0.0578791470457407
-0.0928873741645161
-0.0704260077460629
0.027421202226133
0.00753713761408205
0.0170367384292104
0.0131483993961283
-0.0520877177515064
0.0239670404069941
0.216979353806391
0.0515300666304239
0.00912857292075364
0.063355867715821
0.0373088181640435
0.0479482327357488
-0.0758189522712604
0.114195005158503
-0.0334625249442808
0.0613069422909682
-0.0533570078757715
-0.0633582535454094
-0.0272696693924493
0.101023138391559
0.291910903341503
0.0155393247724561
0.110973502615912
0.0129016156632152
0.0404209121081151
0.165772137837952
0.095528044170019
0.045527855747895
-0.0149185924424089
0.176771189907142
-0.00323847509927661
0.188454720258727
0.0736301060475905
0.208999840406047
0.208483381459962
0.0668510881835874
0.0450313855852187
0.0863917144309632
0.0893517563841573
0.0248032408558494
0.145056453508316
0.17332921037931
0.153026933975627
0.0508788347491965
0.104486552800668
0.0125503908800567
-0.0578789924512655
0.0958428810570917
0.143621283652171
0.0724344307413541
0.0950364412588266
0.199748475506374
0.148821428687548
0.100603285367901
0.0992051816858138
0.0898059214649051
-0.0143743885772698
0.163968450883053
0.138697088690223
0.192230960563856
0.0081827148836907
0.15336771409817
0.338439669821843
0.0729446292892863
0.136145781724958
-0.0151467797540985
0.0979227384389203
0.150809437730786
0.141656704094098
0.128274169041353
0.267135386908116
0.0642597517051104
0.149539242330787
0.179070587883818
0.203091157802695
0.148463713233232
0.111584890128237
0.304226991847169
0.0506222630414127
0.243495468428023
0.196987682521721
0.115440285295943
0.164306599183969
0.297028258214852
0.245685480467067
0.20017649825518
0.117526952312584
0.154516597246297
0.0937173206813345
0.141803583630799
0.131790725699819
0.195027300719238
0.234943205108678
0.221417948889165
0.146965226787139
0.274341487479413
0.246044804076409
0.228501573543171
0.263366822502713
0.177579905630547
0.177665480796641
0.159697531930995
0.218166027356785
0.178007458329735
0.235046109613525
0.282417856039148
0.187282847879827
0.114856828245354
0.22516648821636
0.163470980787851
0.20574276950307
0.215301650603866
0.271296125589809
0.169621345691615
0.206769876073087
0.147231143805997
0.164620469717279
0.25335096142704
0.18206149131715
0.213138339514979
0.268261876068597
0.389563455351087
0.482954193458552
0.262826145161072
0.212724522366743
0.207873891141028
0.211032373719594
0.214374637452538
0.197419338464261
0.167660912168012
0.314619031602054
0.124681151824796
0.367339089377693
0.423989498779334
0.182716895654673
0.25538256221321
0.149930100729489
0.400171124366216
0.250782037540392
0.179574753956405
0.301685434700143
0.296838496655603
0.131309123783143
0.281594180480395
0.316883946294317
0.402762749498991
0.175536930811767
0.323475030238383
0.427035681654769
0.260154077234703
0.249774461477256
0.354664862260502
0.147238688932449
0.402961898623896
0.388242107269392
0.353475812005813
0.495519616192443
0.434662370449141
0.295279065895344
0.301495473470744
0.336430471361294
0.197494466276536
0.385760434416184
0.233786849346885
0.259030584196451
0.385775807909991
0.323233012030947
0.246967487832921
0.416674426109561
0.548139981872395
0.497770717290558
0.273023690217436
0.234373024484636
0.446472215986331
0.377085960096447
0.356876379767984
0.312023741963521
0.408256272461164
0.396225008494943
0.411935798176405
0.360528809775865
0.25917595330352
0.381539846692348
0.383530297033504
0.338408222782379
0.32492312007272
0.435704523916834
0.366482505551804
0.418405641869493
0.370822578836541
0.447153531680941
0.27239066837213
0.338894491836178
0.272658163408993
0.204132437107718
0.453067150186753
0.431575938118923
0.407600726311763
0.339934237762655
0.43223357578411
0.464069392078673
0.503311456679939
0.412003974613307
0.364704570413521
0.435481264296749
0.412169230397122
0.475518461903019
0.440931513466244
0.362709214158521
0.579752071930032
0.423681259638885
0.567827988760287
0.517993564479522
0.508080170227105
0.520709825860353
0.430199801354044
0.443799491773228
0.532386542931471
0.490995682063339
0.412169585283581
0.544317513631606
0.471856501051539
0.485437891491292
0.411411312338511
0.409556244912396
0.299821499251703
0.306800759190579
0.396552022979011
0.422186707073221
0.444974337694232
0.425573979111535
0.516605287707634
0.432432608503111
0.470475804620765
0.462719136761641
0.492477051353154
0.509634841835287
0.530299929174092
0.358867437320176
0.572641724441365
0.527917537725368
0.375532819383696
0.40026427124315
0.407620677476332
0.508945898426334
0.32571928367242
0.589206086285669
0.576902131229165
0.407302331330584
0.509917773810853
0.626354134148027
0.548837197863497
0.559167644540158
0.583741676674319
0.426947019779694
0.425977898467328
0.52542205913584
0.554076057972197
0.440805712827065
0.387570774582075
0.633271185978476
0.550157322780216
0.519125745469935
0.589975433821541
0.573728601716961
0.527336580216509
0.516163202068663
0.581597802110587
0.454519688227436
0.589521036009561
0.557141343616687
0.424140626694783
0.647015425668823
0.574221406005199
0.633246196226164
0.451785810759126
0.496715056722394
0.499156362134293
0.677370648042034
0.507115943157972
0.5870400479261
0.610573507686169
0.530826486344953
0.639516281121902
0.601763275568654
0.607490196524517
0.684344405486986
0.609806796194977
0.703390296133129
0.521642727371759
0.577341491365099
0.350623163344436
0.533479426840761
0.517588568144975
0.545501581646124
0.638402946963786
0.601210720988075
0.670208420800637
0.499925419324927
0.47997473346334
0.618607741655336
0.754772605939854
0.672460672186042
0.654130039383709
0.46807270187275
0.597710446194966
0.631859744629159
0.580773877734869
0.689604921594452
0.64581904251322
0.482623873181862
0.620656695831742
0.637031675936986
0.564485185246004
0.720678240672803
0.772647230955859
0.451664448282951
0.76802578467801
0.554700159181036
0.746320954446323
0.451783802975598
0.57828657757332
0.724072715664607
0.640288216048928
0.503566502047197
0.664073804536764
0.553416638380542
0.712165867795155
0.719420765317351
0.693303433817216
0.585004044999135
0.792441870832267
0.73610439730356
0.508414378800713
0.669704652290173
0.808887848802051
0.786857348474706
0.636558959381863
0.819031970510602
0.559199544889093
0.640180767099756
0.754386542283749
0.606199686750851
0.653536404135693
0.741405170916207
0.693473586896732
0.745141643270623
0.667812329075557
0.66820622366245
0.761016191274052
0.605281030068979
0.736019210794151
0.646465924786646
0.80329211515403
0.672837481155825
0.771362039088391
0.523654065649423
0.826542242801701
0.753286722520739
0.745045793827508
0.716937927083278
0.726742341085475
0.631927239928746
0.708742435799289
0.815324368343618
0.793071842817054
0.774809431967657
0.682100754787836
0.585028156403904
0.576682224323253
0.797343283252008
0.785247102861816
0.695560287447094
0.784270462064587
0.724924737619487
0.687089235384826
0.840090699689831
0.909754571402555
0.703816156705083
0.756057711402977
0.781999156734066
0.704178491716355
0.794174287974051
0.822932050973523
0.832485485783253
0.871088728205346
0.783479271358819
0.736565851054746
0.597616238923404
0.819672685402133
0.520554980834618
0.855015909661939
0.81381078586948
0.882718148022438
0.806907673576362
0.698978714057044
0.788967924065007
0.785643335713125
0.746804353811741
0.777781581870852
0.853385515848009
0.780237416875874
0.755109247536862
0.647178039244109
0.983170222985906
0.737843534401617
0.825374764669788
0.723114953944972
0.820865758267371
0.833920317211378
0.97348733366577
0.855051662971838
0.745959426989601
0.889818467005673
0.748829259947034
0.754197875797843
0.825678885651385
0.827733290451913
0.780707763252821
0.87154162664264
0.798213053115179
0.937732547165339
0.778511683155546
0.941470017483597
0.91029876587811
0.715839829980441
1.02011719600201
0.781495104831026
0.879948610001783
0.765943343372584
0.838827916741249
0.932001512801494
0.803076012301261
0.831526998459443
0.890169414289781
0.86354096004687
0.927686320194834
0.91535322227723
0.920952414484551
0.926584351792866
0.86282739230205
0.847791914802667
0.861426251992861
0.905790273165113
0.831316878111053
0.748614992486459
0.886237080971329
0.895670702211768
0.974785727621429
0.728015587235739
0.859603361788088
0.918975878662355
0.82079076198498
0.735763072246698
0.764448855718955
0.802652016537788
0.867526484129074
0.811166521181232
0.8665399128341
0.89031236082789
0.978926214049838
1.00551522344432
1.00507981471818
0.78162622345674
1.02695312623655
1.02924760418746
0.970686411719975
0.925038846075917
1.06437230705581
0.962258487831319
0.881821732190677
0.989655094870041
0.916064906576771
1.11810645516036
1.03723796604686
1.0192574410719
0.81076804429659
0.924055716843504
0.99146662279449
1.08183879577654
0.969992064657001
0.971830214066123
0.901019834870969
0.933665805585825
1.06368117224207
1.06904177679609
0.965314576061398
0.994186729110393
1.03322664409326
1.12095012010003
1.05391764837052
1.0597280451318
0.94612026568643
1.03013859073938
1.02995753931628
1.00828928971731
0.900034919332305
0.997125349724961
