"x"
-0.940760432631145
-0.86027571319161
-1.0919218443102
-0.86136826652337
-0.881343610375602
-1.03958702672186
-1.09981090621775
-0.937783692245834
-0.94782010450142
-0.914651859455335
-0.975629748281665
-0.993833930182901
-0.965856884154916
-1.18719586221731
-1.01427708551573
-0.99621090843059
-0.984026584370488
-1.02135877594854
-1.03243676593251
-1.03797185408742
-0.964257888778088
-0.854197898645316
-0.96664845550841
-0.850608990651763
-1.01908049028643
-0.934754252269014
-1.05696748056187
-1.02494124581206
-0.986655103433368
-0.904797618333559
-0.982703927381459
-0.839051019479199
-0.840829485780407
-0.910535964488354
-0.786438714085382
-0.878274007216218
-0.714071479518853
-1.00912892249327
-0.878720827632989
-0.884750236471683
-0.896283495965288
-0.862090193997528
-0.876520353621941
-0.881564410053803
-0.852616342189577
-0.824343159047037
-0.916648265557123
-0.93480466149531
-0.99718910027332
-0.796419199756969
-0.877148676728738
-0.874918345992418
-0.723281809751456
-0.871998110477753
-0.839074125042541
-0.998208383594276
-0.879441697126996
-0.981262544765092
-0.839358361092724
-0.904452448316986
-0.798889046315215
-0.926253166467158
-0.815833671776044
-0.925031848219103
-0.943142059688149
-0.928484857545315
-0.835154196849373
-0.912012326509044
-0.890687365672327
-0.883023102489786
-0.792024973089904
-0.810313169868948
-0.964215865291548
-0.816140376554305
-0.722048969070113
-0.844333904997362
-0.808640868365496
-0.756014782057617
-0.711171043138563
-0.872281711873578
-0.836227360378003
-0.713504534493604
-0.909922042305613
-0.777892998930905
-0.809237132057651
-0.880005574959021
-0.84958648144413
-0.848103020476217
-0.817563471871381
-0.823192729492096
-0.709387968328806
-0.883922624936595
-0.906343383735294
-0.740830126781035
-0.882183223367604
-0.736067693914625
-0.761663193841342
-0.67370566792821
-0.764875986352342
-0.882973760290353
-0.815942816715161
-1.06525650639236
-0.731886825763137
-0.807627381266973
-0.544154333714236
-0.758968807634922
-0.833942914497757
-0.835677839107476
-0.746698142024002
-0.802289774550678
-0.730710768535273
-0.786006350627353
-0.790798688538792
-0.697656523978003
-0.81827875317603
-0.813964940519441
-0.738108604938474
-0.773596436987877
-0.63947187939105
-0.84608399767706
-0.625215213126147
-0.852763350201088
-0.872046284718915
-0.677011227702839
-0.876296037843104
-0.749279333573286
-0.806586560500921
-0.607766394091382
-0.869674329476516
-0.644155713757798
-0.696756513857381
-0.686140675965327
-0.706584893148372
-0.674598997382911
-0.702625854230916
-0.701531247257963
-0.716525031132139
-0.795175343522207
-0.703318736481448
-0.863012455430937
-0.775721106979047
-0.763820868990181
-0.689251441802369
-0.805896710405686
-0.702373989456933
-0.437288436440663
-0.659116052875353
-0.743037416229041
-0.792964662617609
-0.68790742251914
-0.754256540413557
-0.62246406825391
-0.774410750294421
-0.694696206024313
-0.739266957486722
-0.686252969787968
-0.730096888272713
-0.71951049613463
-0.794703959041486
-0.751161130012492
-0.771276885009391
-0.740661740081969
-0.597058953978984
-0.641724683385394
-0.569827497015294
-0.775070851355555
-0.588600234124735
-0.677095037563983
-0.645340997205778
-0.664996942683196
-0.652185302405771
-0.686922328106535
-0.663125618204568
-0.720053948366939
-0.742304105769456
-0.638197256957214
-0.677690944456126
-0.595014621436354
-0.738189852373845
-0.687926329794119
-0.788354321603369
-0.653507911941017
-0.696226976266827
-0.553762891842377
-0.706031907435205
-0.664841986766745
-0.599413699685855
-0.52481426551865
-0.653088589858949
-0.565353777684965
-0.574969981606359
-0.504094204260064
-0.611091069031852
-0.450296388217434
-0.699915147320628
-0.562658128672987
-0.604098969335983
-0.700846137911804
-0.497561692168636
-0.546218895416504
-0.56040178242237
-0.543738959381424
-0.672618080951218
-0.604077883585106
-0.606857834556593
-0.647315139726043
-0.517573949719477
-0.669310406711471
-0.69561219526157
-0.570382299606491
-0.553108527400817
-0.579118718105549
-0.426168982620005
-0.513992856611439
-0.584782103341107
-0.451469722008513
-0.621840330264593
-0.52481828525526
-0.601413529388823
-0.472598723090424
-0.677827288159264
-0.553752816418025
-0.658083707026023
-0.465500121261954
-0.516034334567108
-0.585028584994058
-0.596531083000737
-0.513519424032212
-0.600025220698523
-0.546430289552607
-0.580245810937604
-0.471163047151589
-0.381324229582764
-0.531370316719069
-0.529219008541437
-0.517485832359266
-0.42949625930313
-0.497231407100822
-0.502294822828605
-0.443660974462652
-0.507588544227416
-0.548796070224064
-0.499565105741894
-0.632312491603001
-0.535292624413517
-0.467026625359086
-0.564039197122221
-0.479122966483545
-0.557219069358418
-0.432166829596069
-0.551129495724798
-0.440766260314823
-0.397226791434715
-0.343328415572545
-0.579053816792521
-0.385120285661831
-0.520028988693258
-0.567528319412662
-0.45620204406334
-0.418883492724206
-0.51711272439932
-0.502974114604687
-0.324806332107857
-0.647637214621221
-0.543747064789005
-0.476613866336924
-0.549177276661919
-0.412676636845282
-0.487362260781972
-0.377327104619204
-0.396621154718113
-0.527203595527534
-0.565008319352028
-0.35056912782656
-0.398513093969702
-0.515342213119457
-0.457219974419738
-0.420237353024912
-0.327840418236426
-0.492827113066223
-0.408053489935207
-0.29414669426521
-0.409322728155728
-0.419460592935991
-0.435698416508032
-0.407676548117414
-0.492557263645342
-0.512650651677879
-0.503820933984624
-0.387890717777386
-0.555060304125537
-0.424052704614078
-0.272208354210034
-0.526254122692112
-0.456296360172324
-0.410788661801865
-0.510722459454599
-0.307466145148274
-0.483083918805131
-0.417753066784215
-0.426648366447153
-0.447625324034689
-0.474187191741218
-0.337968998481766
-0.442107615894537
-0.399671498318908
-0.496062122289749
-0.43739347977025
-0.404580725675979
-0.533738208687232
-0.431244597085062
-0.370884795659976
-0.492722141593457
-0.403444767908972
-0.599930637136408
-0.327336354882111
-0.263995556975379
-0.30527844478096
-0.355989000142825
-0.468106483363361
-0.339176871450126
-0.337299064995672
-0.441074488739821
-0.266955888514195
-0.446039855855716
-0.364418625008508
-0.458237254953627
-0.335571691619594
-0.22221997847818
-0.260500627252894
-0.35789552518664
-0.350834690783393
-0.341201222630456
-0.42570160799002
-0.259379949650853
-0.38454293789433
-0.327418555383084
-0.273812748792463
-0.339724401487676
-0.319739436741358
-0.309764873076132
-0.357520818717961
-0.245371464125331
-0.203540359291037
-0.287365715228068
-0.391936552312692
-0.185385613898812
-0.245831597378181
-0.429272415318995
-0.329695022494958
-0.265415720405891
-0.341628281226474
-0.376544397324129
-0.328515511519929
-0.162390197967773
-0.213183645006347
-0.157655350054654
-0.144674441674023
-0.211271379242646
-0.470392194170242
-0.328138451064383
-0.182503770370354
-0.262649594965374
-0.289800276349425
-0.311664630630315
-0.279159124125775
-0.268376498430299
-0.0999402411337812
-0.169936094529112
-0.229242320654178
-0.410459979820584
-0.259649332958099
-0.113743283988905
-0.232507033388311
-0.366588596962045
-0.263272663305728
-0.423067472858574
-0.181649018231665
-0.235941324413122
-0.0923128127807536
-0.126414952280667
-0.197077746005369
-0.229710203492932
-0.21102918535107
-0.269646250745617
-0.328155196912736
-0.202425239114443
-0.15469196381829
-0.0902651503491675
-0.264803991529794
-0.166748165171455
-0.21733852722849
-0.00548426986634958
-0.311750973893851
-0.124412279855803
-0.242688921670793
-0.0693783114159749
-0.10161572394912
-0.200459951013689
-0.0567074455288281
-0.235552761003334
-0.29659726577586
-0.281834316546892
-0.104037321868523
-0.147994226991986
-0.101947308210392
-0.103286831995619
-0.113396304421551
-0.336254646566203
-0.222549829189462
-0.250865901725958
-0.263671043417332
-0.0332650387709878
-0.106324995445734
-0.231358777994352
-0.0742860112484563
-0.120961725718548
-0.085959790387205
-0.214790610119686
-0.16516326307992
-0.196354230450797
-0.30111001775245
-0.234817534176163
-0.185440131948412
-0.299573610035708
-0.117230241561327
-0.0818842350167332
-0.111343127219673
-0.0472801575039255
-0.129084520556629
-0.189107610638001
-0.0908808206503542
-0.151443683558043
-0.0740161854355241
-0.190403796987305
-0.110834991256631
-0.0315052560142466
-0.197845466083237
-0.156306647570581
-0.0728506699230388
-0.134872170252977
-0.103726328277681
-0.10664167105296
-0.0275635372392991
-0.0428003636198844
-0.0962822656012159
-0.224897961368845
-0.0413867268808318
-0.0568031948706618
-0.00124721029648103
-0.124503502002003
-0.0469336684984127
-0.0880173219147117
-0.0762968027662492
-0.111275402400356
-0.130966471512552
-0.19240629694311
0.0611293965627256
-0.0390164849413683
-0.0308357855886369
-0.136919640011929
0.0182196155070683
0.063330738289438
-0.0102451804601373
-0.0756169127404201
-0.0020967759255397
0.0532820779692875
-0.108938210310373
-0.143338260079538
-0.052283662186011
-0.181367363053732
-0.0225487735821799
-0.112893017859163
-0.0322858830367522
-0.00648395735042563
-0.0535981837074121
-0.00340428182230736
0.117491384294566
0.0424260341669216
-0.0844567666704958
-0.0430778982546874
-0.0170673238218792
-0.122844977406482
-0.0098237568962613
-0.0860107954734572
-0.0982267408663053
-0.010033006337935
-0.144488398634236
-0.0577956055991782
-0.173359428334679
0.00729174276403221
-0.0613429769987984
-0.0250186244819247
-0.0163584329171264
0.0888168657905399
-0.049913972184978
-0.00975743751609152
0.0144967291162255
-0.045256668434383
0.0488994285169394
-0.101411886899997
-0.0588390423206837
0.0283211476748889
-0.00515180980878351
0.0157444172026789
0.00685386748183664
-0.0292290352272968
0.0374501509825996
0.23486170139333
0.0380831594074351
-0.00209592852974995
0.0697564831217622
0.0401454184847554
0.0472590764341536
-0.0749949319994628
0.095250568145397
-0.0406110945972962
0.0664567574416098
-0.0591117292826469
-0.0795542722954885
-0.0315055324625322
0.10913442170681
0.270414584306594
0.0131521260935575
0.0968076853215405
0.0339851119601962
0.0304934255462081
0.152023024474049
0.106023711970245
0.0467683556323116
-0.0118814496484769
0.185717398443646
0.0106614704510455
0.183272772044522
0.0752963524303543
0.204888324091477
0.204603135686241
0.0640793285058837
0.0595733594800027
0.0856824222944847
0.0662764835116486
0.0300613726117915
0.130446736926483
0.172854733620562
0.157695073512045
0.0564208101682764
0.115006715169689
0.0134406935583483
-0.0894888842993843
0.103911971883682
0.163827590125737
0.0698553808764792
0.121673028971068
0.214785358190434
0.136990976493217
0.0870733797350627
0.121241852046168
0.105221283028952
-0.00954476407376488
0.179411802244353
0.135400468128122
0.180336209970712
0.037805646897362
0.163204903351
0.333953392848087
0.0579786903676977
0.136147131255377
0.00367380338385861
0.0919744459326076
0.150958491908126
0.134818611762897
0.138661461327735
0.26772508428133
0.0910990885663152
0.149955847675663
0.193561622143283
0.218899234683771
0.14948157046522
0.0941236287977034
0.289802025772986
0.0635871580818801
0.240500068302842
0.203781024749417
0.109935279903127
0.18080351461025
0.30214716774203
0.237145994821003
0.191801243308111
0.146567559251592
0.135883855767907
0.04348598440096
0.131699586295819
0.0993707747182436
0.219259699448554
0.239616889835205
0.230372865882676
0.144943661372892
0.258393059343969
0.237734828505729
0.22462304304752
0.25493333201232
0.194806849310976
0.187069849553951
0.143070690675874
0.21934015273544
0.180475238132865
0.231898096867571
0.283533460070122
0.177428970316573
0.128120857216357
0.221793064412609
0.156553620459687
0.207029508433007
0.208150393015001
0.271535794070295
0.180614666110288
0.227768327076962
0.143788752858304
0.163300511133316
0.26172494116556
0.196876651637478
0.245106988808351
0.284488022836872
0.386458955386743
0.458866346947786
0.254264325493008
0.196495356906018
0.183676173552088
0.220103666152367
0.223656237816168
0.230735052892071
0.158755020583156
0.314806217023755
0.118723524358206
0.354784612496795
0.401389780860018
0.200721836569941
0.252979380314975
0.17068459323359
0.389400518195829
0.261697970531872
0.186919466543513
0.313694800007793
0.297442326866706
0.140411691683534
0.294347792757742
0.336627183607475
0.379522995974734
0.184575219939828
0.324324555590627
0.42211733495061
0.260202529193898
0.232055448944583
0.354565415464135
0.146367444051455
0.432666033425388
0.3793668521003
0.360948785663513
0.492122884838628
0.436012889204741
0.290038093333102
0.310924260853136
0.344212157474647
0.19888303432379
0.376900964571362
0.210710790299958
0.252392791782141
0.379628981723118
0.326265811027468
0.2607956427946
0.409676847392453
0.535231690277166
0.459492252354387
0.290368830614608
0.225808551413174
0.446201192130633
0.365457960909048
0.356992764421909
0.323637290287969
0.396139167158533
0.377432030744668
0.418832841730919
0.332808178978505
0.244917856242391
0.367604045971252
0.379154909130172
0.345526236864369
0.307410798795945
0.436322324812885
0.371409883414245
0.430977902697269
0.351850475290951
0.468965602131551
0.263610014574898
0.343680356479935
0.281567835819853
0.218712051618771
0.461421730565834
0.421652943298737
0.417896366126405
0.320493900684926
0.411956984441296
0.458455846975865
0.517691134821893
0.406541194742882
0.348411511861473
0.431029385077056
0.409059846599753
0.47523414477401
0.446845807596066
0.351816639021385
0.591695985966521
0.437254998504816
0.560440249956205
0.519623418541335
0.494846982555314
0.507787305622265
0.430227159838334
0.454966835087147
0.539380196273744
0.505058205569194
0.437715630571612
0.520405277758501
0.456694203215067
0.487131187330236
0.43782301470719
0.389329575053744
0.313969351893455
0.313283617652583
0.423298353088271
0.405917700255622
0.418818041663993
0.417591914278846
0.499885823555096
0.434951147781529
0.468642241437868
0.459649201261567
0.471421677726285
0.51525661570457
0.543868471055851
0.370517848001615
0.590262365217562
0.518993506622007
0.395150774335142
0.39892637873998
0.39087242827703
0.51773370767062
0.340478204119355
0.601204702803074
0.552790768410864
0.407560136142713
0.519706752234065
0.61088331918931
0.54777812106371
0.55987078433308
0.581747666157572
0.418405471238796
0.407957655446531
0.539047757324029
0.561866517711641
0.435398281612429
0.395735897081486
0.646310870978395
0.558177533272791
0.525250062298728
0.569398343486838
0.558681612801719
0.530175194456241
0.499903072205678
0.589155407865267
0.459592090884496
0.584546157727827
0.559847166343111
0.434191247496214
0.641718950057143
0.603003343848205
0.659053442531907
0.47564975593592
0.487367955567294
0.494003190941988
0.646686301901999
0.497605622771966
0.604437621814009
0.600491247454578
0.513671963792361
0.642049372572556
0.620575528712677
0.595334642105741
0.690184319338592
0.593160536820468
0.697590037287602
0.546091893143136
0.576094942617556
0.367097904903601
0.547457381939865
0.527374008749528
0.52940256296281
0.660668101672113
0.596460499269341
0.698655012523921
0.513462405095801
0.481406142868096
0.61374575281248
0.759962332448308
0.669029930041768
0.634357414306813
0.468806837090648
0.591626350446776
0.638056820273282
0.581612401938282
0.683981406677661
0.618467863021551
0.478108378530765
0.607933769140666
0.679970420283541
0.571242806794478
0.703033628302382
0.784032950304637
0.458678224515732
0.779496297133886
0.550745360785152
0.756673420038037
0.455959690406221
0.591293346521928
0.709692570483257
0.647054492261237
0.500873193560053
0.637827039766489
0.563419319263589
0.72674469955324
0.712153654214461
0.689589123119221
0.580219612060673
0.791822123143767
0.733522723912932
0.523432303801506
0.657130004747629
0.795872024291683
0.796371077281164
0.640243615842125
0.812685290321287
0.570231966734571
0.652361558942249
0.749392317858599
0.60957063773152
0.680667357197142
0.754460339485137
0.702603922328648
0.754134928930954
0.663317307896962
0.643018338596158
0.760216588706264
0.600972018141262
0.738539786307708
0.650319448755365
0.772320439488536
0.681233750628118
0.76959852814786
0.532671972190807
0.847953658538049
0.757828314669789
0.740548334875485
0.705607445884014
0.728577817707302
0.644611901508946
0.701891957005939
0.793139978795219
0.811516937069904
0.751540867054418
0.679943129116616
0.561984354886319
0.575251811009761
0.795281815903002
0.781991084520289
0.682185855223003
0.787511471088673
0.719856787431812
0.683086911122994
0.830530388703473
0.890514539057863
0.690959129498571
0.776944472700812
0.779914297927685
0.685911961493023
0.773188845024066
0.806586056897195
0.861084010533867
0.856280674861943
0.812000502157916
0.755596883934513
0.608463116554472
0.828990461240337
0.545429602336517
0.878092950987954
0.817568712728544
0.869428070591966
0.793699874436995
0.680417633526548
0.781835481773607
0.770575240813158
0.733331704353822
0.778876352689413
0.843245327766247
0.770055092307426
0.742963211751921
0.641496773902515
0.977585343696937
0.743679141280688
0.843157241241945
0.71320354592375
0.824176099022111
0.840923931898718
0.970430458630428
0.851163734334836
0.742932475279579
0.897279224424304
0.72844516551814
0.739193096116652
0.829572480602334
0.824284591955316
0.772036966618094
0.861609312672676
0.818484659895417
0.942156660522646
0.792152188457608
0.947475111018069
0.899251548378314
0.71718681912473
1.00775675110777
0.813604133063913
0.882164314488144
0.785446086770298
0.82288185756691
0.927022925229091
0.811417656890898
0.833357213192352
0.901020754961612
0.840270111746005
0.900533459380786
0.92513335079808
0.901586522344169
0.924829474052471
0.86575353224947
0.874119531102627
0.8705010195002
0.883499037879974
0.827738453914713
0.73090110371055
0.90583694528518
0.922348031188915
0.970587684124795
0.724481367654228
0.861328633336673
0.93032228303225
0.812358336410399
0.751565399078181
0.763056817190242
0.801096296297275
0.865967978457558
0.802630664265399
0.857424733339371
0.919314884218784
0.98799991909537
1.01661747512226
0.973746010590249
0.772475410809876
1.02315212566587
1.03231373239512
0.975878401806378
0.917690716802524
1.05931953096561
0.933394665008027
0.890281441625334
0.992117648044228
0.937386895843728
1.1182676364285
1.0123726421913
1.01585159232546
0.795991341719891
0.929666037218806
1.00427008890619
1.07718115186137
0.964423977093486
0.977382513439304
0.920366537860287
0.932312994924586
1.07383934524748
1.07158337543852
0.971780451979971
0.998459029507023
1.02861211640602
1.14000467785444
1.05389029278058
1.05053056102186
0.938410283414902
1.02565342864604
1.02433709197055
0.999185788180351
0.889594394098926
1.01884398708401
