x
0.0104347587187296
0.0105453337503977
0.00910013744686084
0.0102354932708648
0.00949450428261761
0.0086465637808401
0.0106088843187721
0.00962162084176566
0.00980669255758271
0.0103372931573715
0.00996529930729608
0.010371529198882
0.00965532096509107
0.00898636639744716
0.00974402005713704
0.0100233700578142
0.0104888067960974
0.00954953066415676
0.00977231251335004
0.0095902736821256
0.00953569832217388
0.00982902787471815
0.0102999305636257
0.00883786199711099
0.0104945892314165
0.00996234356386357
0.00992026420108418
0.0104402797049634
0.0103952612378831
0.0105152518365197
0.0100354026845874
0.0105848976684444
0.00965409720010033
0.010147046014458
0.00943490675693947
0.0103663817581404
0.0110883959619808
0.00942662946292905
0.0107316929614787
0.0100856199463973
0.00960953422000257
0.00954290066118987
0.0105721390410036
0.00955724641691825
0.00941536124214651
0.00973860344642758
0.010477393082423
0.00963977880297179
0.00997439212453959
0.0110106393522261
0.0101897506834164
0.00912172379999757
0.00971487440266607
0.0100309285916833
0.00982414365593847
0.00977919472346583
0.0102586169347342
0.00959012871689718
0.0105022660469064
0.0107128303119816
0.0104130130272608
0.010450394751112
0.010357008779272
0.0089403047702681
0.0102575983050859
0.010277344907544
0.0108150953383261
0.00997268440869443
0.010051942148466
0.00971241010576747
0.0104100216824083
0.00928834384722428
0.00948120162025797
0.00960068052611751
0.00983073503313093
0.00973546242280874
0.00926853294415793
0.00999494457754367
0.0102336906983604
0.00964277572241129
0.00931327004515921
0.0102286276568542
0.0100922534849386
0.00972705903977697
0.0103496321945557
0.0104786815521403
0.0103338131123542
0.0103658992992207
0.00949262032523479
0.0105814314495681
0.00999320953080234
0.009525174947721
0.0102972451392767
0.00991676892900298
0.0095620965942566
0.00998785643933971
0.00924685520128314
0.01021892264108
0.00989691370730224
0.0104324219725831
0.00940801291125225
0.00954913952406622
0.0100978593207687
0.010468653754107
0.0098650485700893
0.0105378751656848
0.0101955499661775
0.01062820692584
0.0103882202554412
0.0107490921282437
0.0101214941799858
0.0104812832084672
0.010372668393485
0.0102929840776982
0.00980674888025839
0.00942260769241781
0.0100287881718127
0.0102634780556812
0.00966780310606711
0.00970318366173233
0.00938724208261785
0.00969942280500066
0.00981639833200199
0.00956969377240311
0.00921316896433678
0.0101565039879903
0.0101938246084257
0.0104712165109627
0.00970112488159923
0.00992333886427567
0.00958886634589968
0.00976799926860486
0.00936728165202837
0.0104673207761717
0.0104231667889353
0.0108545979236939
0.010593611869362
0.0105934519281099
0.00904299190021747
0.00982056297330902
0.010605578713506
0.00915237122615524
0.0094886022935178
0.00895550653943602
0.0101594892063291
0.0101259287004571
0.0100068435099894
0.00979700332730621
0.0101340138492966
0.0105203659196004
0.00986659626870159
0.0101854092938126
0.00986472635985113
0.010704989283503
0.00989767902215509
0.00993729234233694
0.00981743501388248
0.00889853258856402
0.00919944249399447
0.0107528878939483
0.00981628398209241
0.00957309292739589
0.01054529170492
0.0106052430205111
0.0111996595475693
0.00938139091058033
0.0102308690209326
0.00982642137061859
0.0101342496443835
0.00998748306379893
0.00984530800182538
0.00974531698794671
0.00997553877883398
0.00994349071998649
0.00902020769535439
0.0101568745746808
0.0101336815959617
0.0098870788499264
0.00992757277334467
0.0110114674508896
0.00965294848409442
0.00943768961089753
0.0105580487396959
0.00983486719405745
0.0094141117185649
0.0100944846498258
0.00947790869962368
0.00994237995934941
0.00978523383320921
0.0103761504053372
0.0099060845771607
0.00979009319265779
0.0103952307063832
0.00948638485746025
0.00873608321659416
0.0100006187506338
0.0101930731074586
0.0093958874820861
0.0100641608601798
0.00971769629172991
0.00898314867825045
0.00965374667448624
0.00937970771999045
0.010074976553068
0.00985168149455807
0.00981230029465933
0.0100100811440333
0.00998479234038986
0.00945138700343965
0.0091279659253162
0.00983444514988069
0.0102047495199893
0.0101950344006848
0.00944933130912636
0.00959100686706352
0.0104644059625714
0.0104870837574519
0.00986305854594275
0.00991048855828485
0.00984741767667971
0.00961008945774635
0.00943137376837028
0.00990987807834644
0.00967503485657809
0.0102929758898779
0.00957602340101683
0.0107429331285373
0.00987071937900256
0.0100156724598808
0.0101912554440609
0.00987120907986776
0.00983502852143734
0.00962889311050453
0.00999425769667545
0.00953816219017887
0.00988930540738081
0.00921232237604591
0.0101714999632355
0.0102534386605691
0.00970204414895152
0.00959635647954277
0.00987555547359054
0.00975436524968824
0.0104582752915321
0.0101805548587997
0.00936991655545547
0.0102418527696056
0.0102942296800749
0.0100035508631988
0.00957787546398429
0.00941384457254824
0.0098574768638385
0.0109311211351575
0.0109096636113558
0.0100705223315655
0.0105438655550572
0.0101353699515167
0.00957591940178729
0.0100450165868931
0.00950199737244341
0.0096304309255154
0.0101917782005322
0.0103030306445305
0.0103642707532687
0.0096627521274679
0.00874740268331069
0.0102379651527481
0.0100259751708619
0.0102871615727031
0.00932581431393595
0.0104588611261613
0.009585279007242
0.00923467881818602
0.00948707361319817
0.00955775084214164
0.0108964566454488
0.0106880271029114
0.0106487551346919
0.0100945691699774
0.00987320591583746
0.00987149182448317
0.00970667535253397
0.00991735138047077
0.00986044560024041
0.00937170855565304
0.00963933999571079
0.00988050612570506
0.0102551992765476
0.00974322029275723
0.0108610724733976
0.0101081626005571
0.00936818837505925
0.0101059001437383
0.0100805215858669
0.00973962215267519
0.00954500154203702
0.0098021176712927
0.00947587894095559
0.010663296343652
0.00994682912363689
0.00965027508687549
0.00989604656216061
0.00958984053001336
0.00975236910585488
0.00888121574527682
0.0111534418592709
0.0100872484188198
0.00975639886611616
0.00982694635441475
0.0107000256348411
0.00954728558793224
0.00955312788485405
0.0100942931317503
0.0106638261554634
0.00971537229837069
0.00939972989933968
0.00968889874715576
0.0104650048441733
0.00973501402341162
0.0102250603529484
0.00984632610540072
0.0102475893283049
0.00974016704895028
0.00963881654864761
0.00979597436355884
0.00939705967161353
0.0103666664322087
0.00968277945405387
0.00948243250458825
0.0102373248704533
0.0102439219500227
0.00912701845165967
0.0108039303701557
0.00958379628850617
0.00986846876522653
0.00936009586232554
0.010131886585736
0.00900046870567195
0.00981280489450613
0.00934599384061995
0.0107886924361741
0.00981289063678399
0.0100775901253276
0.0103921360617293
0.0104633776699975
0.0101187235618284
0.0102738388498086
0.0100792981193236
0.0102737502547776
0.00990962490054317
0.00960756009320398
0.00993067417339756
0.00979611697274801
0.0090625451689281
0.0106119455429672
0.00942277000198974
0.00997766379196378
0.0093418771266352
0.0101345253354482
0.0102005080862128
0.0107379085981377
0.0102741701832118
0.010593892007152
0.0108362952117296
0.0103965313829316
0.0104126480894195
0.0109824305393905
0.00967056869813403
0.00921036937325293
0.00977135450308018
0.00977456564856084
0.0100511317804347
0.0100653936557671
0.0101324245375877
0.0103316585711222
0.010208941769882
0.0101004419178269
0.00926598131873332
0.0101917478112081
0.0105844040885842
0.00943786569693765
0.00999729428839155
0.00973929494809409
0.00868688233653978
0.00998744637961517
0.0101574072623696
0.00987530936767881
0.010851979454688
0.0109422505233477
0.0100957641066907
0.0111491419292038
0.00966616452160387
0.0100942975425293
0.0102260147076883
0.00984679679186817
0.0105057495374802
0.0104105671787021
0.0107238542057921
0.0105189277849602
0.0107457692262903
0.00986754153739955
0.00940497078897494
0.0102085924720661
0.00973763291705959
0.0102393187038865
0.00947004780327733
0.010040129097818
0.00928831166560919
0.00984105277272664
0.0100541463233332
0.0094258236974639
0.00970351831711144
0.0101663920205803
0.0100861462928277
0.00987144429938979
0.00970128857004797
0.00964022640023536
0.0101082317016562
0.0106723930670057
0.00969462969089802
0.00972601227064928
0.00916244275339404
0.0103527977150601
0.00995782513014395
0.00942322706417863
0.010145335341546
0.0109136141524412
0.00987986445080589
0.010993078871214
0.0103003936512817
0.0104655047517478
0.0107934764746368
0.010239392048533
0.0106719448194897
0.0100366191597684
0.00908348132495064
0.00926764746895743
0.0101834044941988
0.0101413279298612
0.00983867249271497
0.0100432734087604
0.00946933615483265
0.0101631122202285
0.00979410871841582
0.0103043383945175
0.0102488281600818
0.0103737925125341
0.0095998841039301
0.00962746975816874
0.00984301700852188
0.0101635778739402
0.0093079017836845
0.0100888669591844
0.00948364711787503
0.00974199227886632
0.00984365529556942
0.00976655148844008
0.00951520978478692
0.0100590813784654
0.00968760468849531
0.00956315401020566
0.00951372766337695
0.00960853001017719
0.0103393177278649
0.0102827071074091
0.0110424795092903
0.00918728930596845
0.0106171024939468
0.00968129466625439
0.00979104815022439
0.0101567724364304
0.0102376229533523
0.00988505904405496
0.0105265286830007
0.0100690843484685
0.00997823324769855
0.00958758375116032
0.00986686210056192
0.00944844746296766
0.00948630289327695
0.0106264159548028
0.0086108298814864
0.00903602557886321
0.00964245141205151
0.0100215988561525
0.00933399435101563
0.00891116425064103
0.0105838776602317
0.010295295320624
0.0101055923128906
0.00955196466290894
0.00996974107877411
0.0100961451170095
0.0098975232814084
0.010605753115207
0.00942611684545484
0.00893194443866576
0.0107260623962409
0.00996521637161694
0.0103332015456235
0.00963448271208725
0.0099321152670132
0.00968607929390375
0.00978415584423445
0.00955109975770302
0.0113397171119232
0.0097547988066925
0.00990821971444308
0.0103025946419414
0.0101279696490163
0.0105435900474577
0.0105438091785217
0.00997018784467107
0.00980138410592184
0.00963649696612751
0.00947921053884567
0.0102904187797047
0.00924382915194681
0.0100355699679467
0.00993832138736261
0.0102036347111711
0.00919962409005664
0.00968315386840436
0.00947593063363237
0.0103331532390418
0.00895646276924082
0.00971600115355463
0.00938043517789706
0.00955735195426724
0.00946565034545777
0.010109868326003
0.00976924210675292
0.0103824331248702
0.0101286228781287
0.00956621048823799
0.00965897662541161
0.00969698789207813
0.00974518462954977
0.00914916232581068
0.00972063566682701
0.0100661719811121
0.00986970115394788
0.00982401481767051
0.0100769232553393
0.00921823140544857
0.0102464365738069
0.0107307292470858
0.00988376150385232
0.0103451056528655
0.00965755573872182
0.0092369257134805
0.0102065160259675
0.0103510822213898
0.0103813042301662
0.00953993633253392
0.00934284425467954
0.00979707602120699
0.0100135050740674
0.00979439981440729
0.0100503443494421
0.00996539498235565
0.010190755763604
0.0103421162722767
0.0106468551062752
0.00921109634183664
0.0103625237322975
0.00942139524923098
0.00952624198682778
0.0099744260349546
0.00908464491890321
0.00972438764414218
0.00946060557751573
0.0099269332687652
0.00971991915950528
0.0105469312580989
0.00937344058882961
0.00987873734007733
0.00985160514442414
0.00989135199061141
0.0100413333506603
0.00984980357300499
0.010265093162537
0.00948500014945653
0.0101039669228233
0.0106387186280715
0.0092589048539685
0.010381586615413
0.00963730454503859
0.00988771637467801
0.0105098148041543
0.010613889421218
0.0100185401119477
0.0101027290231324
0.0104892339229473
0.00994170446824502
0.00954589622835949
0.0101095950241107
0.00944816878288849
0.0100795595700472
0.0110533422483814
0.0102869185331839
0.00964855236171602
0.00950406456207678
0.00992715561014897
0.00913965134045385
0.00999452430600032
0.00975898266898434
0.00959966895416121
0.00970221994107316
0.010387282702851
0.00978581509032599
0.00961203573235203
0.00905732459119707
0.0104082746668375
0.0105134217939095
0.00939907433250148
0.0100641901604195
0.00959409649041158
0.0102699117846843
0.00945098878619319
0.00979611804243487
0.00917224007580505
0.00936109118188107
0.0104597841717433
0.00929006474974387
0.0105685423765657
0.00969873845632767
0.0106168810995122
0.00985860707762566
0.00966945840008085
0.00998729749109373
0.00931524185714617
0.0105393340142875
0.00947876153970587
0.00921520768251088
0.00938310869121247
0.00988151763450049
0.00960754138252098
0.00988962495622825
0.0100182431570086
0.0100818297596928
0.0101620396461147
0.00977992983797964
0.0102472883564855
0.00954201768377668
0.00895717236939781
0.0101534688403943
0.00957094592706398
0.00959085503897907
0.00936473614639187
0.00929826203506288
0.0114194868205191
0.00969581662276347
0.0101316862083936
0.0100247288050731
0.010302485228142
0.00909342750484455
0.00958993093874888
0.00994351419312553
0.0101240596117571
0.0100038737505744
0.0101049673045645
0.00964402465609782
0.00957856542302446
0.00977096371297235
0.00953653489279722
0.0105480449675853
0.00998969336941332
0.00904671724271319
0.0101331485098594
0.0102153157259862
0.00984859630331983
0.0101461644333552
0.00995180336696034
0.0098122082637005
0.010770368027651
0.0102713656080635
0.00925299048970234
0.00999615750131176
0.00986339652667911
0.00920576040270974
0.0104598750061756
0.0106027741813471
0.0102998146605356
0.00942030012814865
0.0100958024461569
0.0104832060083677
0.0103069199638334
0.0101400584645966
0.00964786793687001
0.0102214552443457
0.0106531624594928
0.00951063821348319
0.0101357044293553
0.0110291354572046
0.0100315012435669
0.0103419708297864
0.0106450423476933
0.010097465002366
0.00969740925842558
0.00990423283010807
0.00996946850379529
0.00966111823663338
0.0106433405692169
0.00999072942496586
0.00966963329636489
0.00968158062487901
0.00985825911214835
0.0103729188036183
0.010132430469688
0.00985556630550532
0.00969630036560779
0.0104909381404232
0.010780557467728
0.00953295718994008
0.0100352674697539
0.0104183366348841
0.00921858942571499
0.0100118928825192
0.0101193340527141
0.010166229907362
0.0101302069766161
0.0109411769199418
0.00948173761464751
0.0102541882514737
0.0105834987399946
0.00969677181154327
0.00950333037813611
0.00995460761521364
0.00987057830445184
0.00963910074542636
0.0105750563432635
0.0104702091007404
0.0104030451793278
0.00988792066809858
0.0101397254055629
0.0107307142777319
0.00945457933880965
0.0100525548565982
0.00981139712845462
0.0102335939397791
0.0101164313875415
0.0104807831039621
0.0100682900937566
0.00967628306696943
0.0112525526689977
0.00992942745623462
0.00985368275464978
0.00995938346570675
0.0103695111642398
0.00993093524332868
0.00988172906657248
0.0101894635801137
0.0103142938414963
0.0101808501477095
0.00953812224945528
0.00994511776938845
0.0101506440999174
0.0104977591047506
0.0104732037879924
0.010260865266183
0.00923920226358918
0.00982018106308671
0.0102202346547892
0.0105620446029482
0.00923986408894961
0.00880676620262715
0.00978707023516327
0.00991014563610838
0.0101447813006387
0.00968975805722736
0.0095822516939769
0.0103586359757524
0.010187118843692
0.0105044339945179
0.00924230600968328
0.00963680834408331
0.0103013458595673
0.00920611772220513
0.00979873203504078
0.00884512416408092
0.00991924652183696
0.010003724343496
0.00906741211361223
0.0101016697142949
0.00941279143560365
0.0102445301999235
0.0102024636525161
0.00967106461557642
0.0106402042838268
0.00931905616275216
0.00989963631180005
0.00958598387477151
0.0107754240675824
0.00987025014709355
0.0101012444459684
0.0104372296329187
0.00964937339840064
0.00981478075471121
0.0104752468531454
0.0103938155818823
0.0104183547209262
0.0100078804644187
0.0103269393472434
0.00994028280502317
0.00959851901717074
0.0101746465389061
0.00920456162399943
0.010074023289863
0.0106207602247158
0.00952362411805747
0.010211193899863
0.00969874796314217
0.0105577270321708
0.0103092786793509
0.010022932162258
0.0101738230798528
0.0107953765336288
0.0094086255369027
0.0108549870996672
0.00983661240942113
0.0105696349443202
0.0103558365100887
0.00979877008482077
0.0105877435399172
0.0100119556216811
0.00892093389724127
0.0106982577390034
0.0101211903165284
0.0100112467437792
0.00980642243984639
0.00995290061837059
0.0108922572902079
0.0103356555929288
0.00975709471015019
0.0105421310173137
0.00954844511331549
0.00996087339628762
0.00965919294005465
0.00972027317612877
0.0100436906078077
0.0101919001317431
0.0097693701486496
0.00932858268265902
0.0108047302256429
0.00995037241394299
0.00933477963164772
0.00990187669543738
0.00965350369707116
0.00980679976382262
0.0104440518629009
0.0095636754304884
0.0103223444080116
0.00986898186676223
0.0092198157935376
0.00950546972242907
0.00998886325029519
0.0095018581517424
0.0101855872650452
0.00952759184395575
0.0104335880615933
0.00962994260119779
0.00912077276574727
0.00928941725121748
0.0104441892990311
0.00928956202886667
0.00962884295972541
0.00965357055585051
0.0102363824224961
0.00964437630500858
0.00955850038449765
0.0101327769356448
0.00995042906572075
0.0097245009073135
0.00984290827634344
0.00986559758131763
0.00945341799279161
0.00981597229341892
0.0100301487205313
0.0100234486217814
0.00950060977958972
0.00972445832667359
0.0103862466744364
0.00943453016862006
0.00980161126960284
0.00931766496959943
0.0101030604104016
0.0102659824401469
0.0101864736414854
0.0101241451299595
0.0101945314451034
0.00962792484318973
0.0102665638710121
0.0105795622692429
0.0103550294627069
0.0105664403876238
0.010395981500466
0.00928753439388399
0.00931564574895874
0.0106701403740527
0.0101811992203987
0.0109988742113854
0.00958910152715593
0.0095298127940957
0.00978635154349995
0.00981638867367665
0.0099780857211558
0.0100841154659904
0.0104788187245043
0.0115598956424532
0.00991389264436257
0.0091030688272004
0.00984952111955059
0.00992004756611494
0.00996972268727181
0.0107613131322178
0.0106419109577861
0.00952600963108336
0.0100232499123957
0.0102024758080193
0.0107134211451817
0.0105560872955764
0.0103323116329864
0.00966856842396339
0.0102112506792699
0.00948321973924002
0.0101079322269766
0.0097425218048964
0.00952803208099799
0.0098665334629492
0.00969232517208496
0.010249350566187
0.0106825966242862
0.0100699004257833
0.0103967924352484
0.0104042512281516
0.00952132799780083
0.0105673754925782
0.0098322826856813
0.0111864513667385
0.0102664669957792
0.00996699515940892
0.0102450056056058
0.00995760423518799
0.00979752225547089
0.00980468005642561
0.0103443080193329
0.00945561040696463
0.0101690951088776
0.00970947895743384
0.00999631676408253
0.0094132388845283
0.00993314061383936
0.00971695435060035
0.0100546859163351
0.00967274646220078
0.00986743986206437
0.00860950565180959
0.00986376183110118
0.0102153409908633
0.00995386159353817
0.00988228304281931
0.0101286364988468
0.00998405413558535
0.00967733041292341
0.0109987133967465
0.0100139854675158
0.0103997245694404
0.00981447701622709
0.00945474310052396
0.010207662156598
0.0104816723804766
0.00968221248350145
0.00953761246250394
0.00964259644346351
0.0105216058707201
0.00974574985192595
0.00960303972374608
0.00997829452868974
0.00964155028335636
0.00990457271536233
0.0103559988941166
0.0097166283808961
0.00968301642704002
0.0100020337948016
0.00952476150765863
0.00986616829418416
0.0101451923162565
0.00941309450528354
0.00984162173443937
0.00949541601962884
0.00957141756875633
0.0100190051703705
0.0106270654876755
0.0101998678097584
0.00973471505612371
0.0100645006850651
0.0101697354096865
0.0102837082425491
0.00995142386311665
